    NO  S V  AOA    FREQ    B  FMOP  AMP      TOA      PMOP  PW         dTOA  
------ -- - ------ -------- - ----- ----- ------------ --- ------ ------------
     0  0 1  95.62  9998.50 2   0.0 -70.0            0   0   1400  42949673000
     1  0 1  94.22 10009.00 2   0.0 -69.4      1039650   0   1350      1039650
     2  0 1  94.22 10019.50 2   0.0 -68.8      2069250   0   1050      1029600
     3  0 1  95.62 10028.50 2   0.0 -68.1      3089400   0    950      1020150
     4  0 1  95.27 10036.00 2   0.0 -67.5      4099850   0    950      1010450
     5  0 1  94.57 10042.00 2   0.0 -66.9      5099650   0   1400       999800
     6  0 1  94.92 10051.00 2   0.0 -66.3      6089900   0   1100       990250
     7  0 1  95.27 10061.50 2   0.0 -65.0      8040450   0    950      1950550
     8  0 1  95.62 10064.50 2   0.0 -64.4      9080400   0   1150      1039950
     9  0 1  94.22 10066.00 2   0.0 -63.8     10110450   0   1200      1030050
    10  0 1  94.22 10069.00 2   0.0 -63.1     11130300   0   1250      1019850
    11  0 1  94.57 10069.00 2   0.0 -62.5     12140700   0    950      1010400
    12  0 1  95.62 10066.00 2   0.0 -61.9     13140250   0   1150       999550
    13  0 1  95.27 10064.50 2   0.0 -61.3     14130250   0   1050       990000
    14  0 1  94.57 10061.50 2   0.0 -60.6     15110550   0   1350       980300
    15  0 1  95.62 10057.00 2   0.0 -60.0     16080750   0   1350       970200
    16  0 1  95.27 10043.50 2   0.0 -58.8     18150000   0   1250      2069250
    17  0 1  94.92 10037.50 2   0.0 -58.1     19169900   0   1150      1019900
    18  0 1  95.62 10030.00 2   0.0 -57.5     20179700   0   1350      1009800
    19  0 1  95.27 10021.00 2   0.0 -57.2     21179650   0   1400       999950
    20  0 1  94.22 10012.00 2   0.0 -56.6     22169900   0   1000       990250
    21  0 1  94.22 10001.50 2   0.0 -55.9     23150000   0   1100       980100
    22  0 1  94.57  9992.50 2   0.0 -55.3     24119750   0   1400       969750
    23  0 1  94.92  9982.00 2   0.0 -54.7     25159600   0   1000      1039850
    24  0 1  95.62  9974.50 2   0.0 -54.1     26189650   0   1400      1030050
    25  0 1  94.92  9958.00 2   0.0 -53.1     28219800   0   1050      2030150
    26  0 1  94.57  9949.00 2   0.0 -52.5     29219850   0   1200      1000050
    27  0 1  94.92  9943.00 2   0.0 -51.9     30209900   0   1350       990050
    28  0 1  94.57  9940.00 2   0.0 -51.3     31189600   0   1200       979700
    29  0 1  94.22  9934.00 2   0.0 -50.6     32159900   0   1000       970300
    30  0 1  95.27  9931.00 2   0.0 -50.3     33200050   0   1150      1040150
    31  0 1  94.92  9928.00 2   0.0 -49.7     34229700   0   1000      1029650
    32  0 1  94.92  9929.50 2   0.0 -49.1     35250050   0   1100      1020350
    33  0 1  94.22  9928.00 2   0.0 -48.4     36259900   0   1300      1009850
    34  0 1  95.27  9934.00 2   0.0 -47.5     38250600   0    950      1990700
    35  0 1  95.62  9938.50 2   0.0 -46.9     39230800   0   1300       980200
    36  0 1  94.22  9943.00 2   0.0 -46.6     40200300   0   1100       969500
    37  0 1  94.92  9949.00 2   0.0 -45.9     41240600   0    950      1040300
    38  0 1  95.27  9958.00 2   0.0 -45.6     42270750   0   1150      1030150
    39  0 1  94.22  9967.00 2   0.0 -45.0     43290250   0   1150      1019500
    40  0 1  94.57  9974.50 2   0.0 -44.4     44300150   0   1050      1009900
    41  0 1  95.62  9985.00 2   0.0 -44.1     45300150   0   1100      1000000
    42  0 1  95.62  9994.00 2   0.0 -43.4     46289650   0   1300       989500
    43  0 1  94.57 10012.00 2   0.0 -42.5     48239050   0   1250      1949400
    44  0 1  95.62 10021.00 2   0.0 -42.2     49279150   0   1350      1040100
    45  0 1  94.57 10030.00 2   0.0 -41.6     50309300   0   1250      1030150
    46  0 1  94.57 10036.00 2   0.0 -41.3     51329550   0   1050      1020250
    47  0 1  95.62 10045.00 2   0.0 -40.9     52339700   0   1050      1010150
    48  0 1  95.62 10052.50 2   0.0 -40.3     53339600   0   1150       999900
    49  0 1  95.27 10058.50 2   0.0 -40.0     54329850   0   1150       990250
    50  0 1  95.27 10060.00 2   0.0 -39.7     55310000   0    950       980150
    51  0 1  94.22 10064.50 2   0.0 -39.1     56279500   0   1150       969500
    52  0 1  94.22 10067.50 2   0.0 -38.4     58349300   0    950      2069800
    53  0 1  95.27 10069.00 2   0.0 -38.1     59369650   0   1350      1020350
    54  0 1  94.92 10067.50 2   0.0 -37.5     60379850   0   1000      1010200
    55  0 1  95.62 10064.50 2   0.0 -37.2     61379900   0   1350      1000050
    56  0 1  94.57 10060.00 2   0.0 -36.9     62369600   0    950       989700
    57  0 1  94.57 10057.00 2   0.0 -36.6     63349400   0   1350       979800
    58  0 1  94.57 10051.00 2   0.0 -36.3     64319500   0   1150       970100
    59  0 1  95.27 10045.00 2   0.0 -35.9     65359600   0   1150      1040100
    60  0 1  94.22 10036.00 2   0.0 -35.6     66389500   0   1050      1029900
    61  0 1  94.57 10018.00 2   0.0 -35.0     68419600   0   1000      2030100
    62  0 1  95.27 10009.00 2   0.0 -34.7     69419650   0   1100      1000050
    63  0 1  95.62  9998.50 2   0.0 -34.4     70409900   0   1400       990250
    64  0 1  95.62  9991.00 2   0.0 -34.1     71389500   0   1400       979600
    65  0 1  95.27  9982.00 2   0.0 -33.8     72359450   0   1000       969950
    66  0 1  94.22  9971.50 2   0.0 -33.4     73399750   0   1150      1040300
    67  0 1  95.27  9962.50 2   0.0 -33.4     74429250   0   1300      1029500
    68  0 1  95.62  9955.00 2   0.0 -33.1     75449300   0   1350      1020050
    69  0 1  94.92  9949.00 2   0.0 -32.8     76459500   0    950      1010200
    70  0 1  94.92  9937.00 2   0.0 -32.5     78449550   0   1100      1990050
    71  0 1  95.27  9932.50 2   0.0 -32.2     79429700   0   1000       980150
    72  0 1  94.92  9932.50 2   0.0 -31.9     80399300   0   1100       969600
    73  0 1  94.22  9928.00 2   0.0 -31.9     81439050   0   1100      1039750
    74  0 1  95.62  9931.00 2   0.0 -31.6     82468600   0    950      1029550
    75  0 1  94.22  9931.00 2   0.0 -31.6     83488400   0   1150      1019800
    76  0 1  94.57  9931.00 2   0.0 -31.3     84498300   0   1250      1009900
    77  0 1  94.57  9934.00 2   0.0 -31.3     85498200   0   1300       999900
    78  0 1  94.57  9940.00 2   0.0 -30.9     86487700   0   1050       989500
    79  0 1  95.62  9950.50 2   0.0 -30.6     88437300   0    950      1949600
    80  0 1  94.92  9958.00 2   0.0 -30.6     89477750   0   1400      1040450
    81  0 1  94.92  9968.50 2   0.0 -30.6     90507700   0   1150      1029950
    82  0 1  94.57  9976.00 2   0.0 -30.3     91527300   0   1250      1019600
    83  0 1  95.27  9985.00 2   0.0 -30.3     92537350   0   1250      1010050
    84  0 1  95.62  9994.00 2   0.0 -30.3     93537450   0   1400      1000100
    85  0 1  95.62 10003.00 2   0.0 -30.3     94527450   0   1250       990000
    86  0 1  95.62 10015.00 2   0.0 -30.0     95507600   0   1200       980150
    87  0 1  95.27 10021.00 2   0.0 -30.0     96477600   0   1000       970000
    88  0 1  94.57 10037.50 2   0.0 -30.0     98547300   0   1100      2069700
    89  0 1  94.57 10046.50 2   0.0 -30.0     99567200   0   1100      1019900
    90  0 1  94.22 10051.00 2   0.0 -30.0    100577000   0   1150      1009800
    91  0 1  95.27 10057.00 2   0.0 -30.0    101577200   0   1000      1000200
    92  0 1  94.22 10063.00 2   0.0 -30.0    102567400   0    950       990200
    93  0 1  95.27 10066.00 2   0.0 -30.0    103547050   0   1050       979650
    94  0 1  95.27 10069.00 2   0.0 -30.0    104516950   0   1100       969900
    95  0 1  95.62 10067.50 2   0.0 -30.0    105557100   0   1000      1040150
    96  0 1  94.57 10067.50 2   0.0 -30.3    106586950   0   1100      1029850
    97  0 1  95.62 10064.50 2   0.0 -30.3    108616700   0   1150      2029750
    98  0 1  94.22 10060.00 2   0.0 -30.3    109616450   0    950       999750
    99  0 1  94.22 10055.50 2   0.0 -30.6    110606350   0   1000       989900
   100  0 1  94.57 10048.00 2   0.0 -30.6    111586800   0   1400       980450
   101  0 1  94.57 10042.00 2   0.0 -30.6    112556800   0    950       970000
   102  0 1  94.22 10033.00 2   0.0 -30.9    113597250   0   1350      1040450
   103  0 1  95.27 10027.00 2   0.0 -30.9    114627450   0   1250      1030200
   104  0 1  94.92 10018.00 2   0.0 -31.3    115647500   0   1050      1020050
   105  0 1  94.57 10006.00 2   0.0 -31.3    116657250   0   1300      1009750
   106  0 1  95.62  9988.00 2   0.0 -31.6    118647150   0   1300      1989900
   107  0 1  95.27  9980.50 2   0.0 -31.9    119626800   0   1400       979650
   108  0 1  95.62  9971.50 2   0.0 -31.9    120597150   0   1400       970350
   109  0 1  95.62  9964.00 2   0.0 -32.2    121637400   0   1300      1040250
   110  0 1  95.62  9953.50 2   0.0 -32.5    122667050   0   1250      1029650
   111  0 1  95.27  9946.00 2   0.0 -32.5    123686900   0   1200      1019850
   112  0 1  95.62  9941.50 2   0.0 -32.8    124697200   0   1200      1010300
   113  0 1  94.92  9937.00 2   0.0 -33.1    125697000   0   1050       999800
   114  0 1  94.92  9932.50 2   0.0 -33.4    126687350   0   1200       990350
   115  0 1  95.62  9929.50 2   0.0 -33.8    128636450   0   1000      1949100
   116  0 1  95.27  9928.00 2   0.0 -34.1    129676150   0   1200      1039700
   117  0 1  94.22  9931.00 2   0.0 -34.4    130706200   0   1050      1030050
   118  0 1  94.92  9932.50 2   0.0 -34.7    131726050   0   1100      1019850
   119  0 1  94.22  9937.00 2   0.0 -35.0    132736400   0   1100      1010350
   120  0 1  95.27  9943.00 2   0.0 -35.3    133736550   0   1250      1000150
   121  0 1  95.27  9946.00 2   0.0 -35.6    134726350   0   1300       989800
   122  0 1  95.62  9955.00 2   0.0 -35.9    135706450   0   1250       980100
   123  0 1  94.22  9959.50 2   0.0 -36.3    136676100   0    950       969650
   124  0 1  95.27  9977.50 2   0.0 -36.9    138745450   0   1050      2069350
   125  0 1  95.62  9986.50 2   0.0 -37.2    139765250   0   1400      1019800
   126  0 1  94.92  9997.00 2   0.0 -37.5    140775000   0   1050      1009750
   127  0 1  95.27 10007.50 2   0.0 -38.1    141774750   0   1400       999750
   128  0 1  94.57 10016.50 2   0.0 -38.4    142764950   0   1350       990200
   129  0 1  94.57 10025.50 2   0.0 -38.8    143744750   0   1150       979800
   130  0 1  94.57 10033.00 2   0.0 -39.1    144714600   0   1350       969850
   131  0 1  95.62 10039.00 2   0.0 -39.7    145754200   0   1300      1039600
   132  0 1  95.27 10046.50 2   0.0 -40.0    146784500   0   1000      1030300
   133  0 1  95.27 10060.00 2   0.0 -40.9    148815050   0   1300      2030550
   134  0 1  95.27 10063.00 2   0.0 -41.3    149814900   0    950       999850
   135  0 1  94.57 10066.00 2   0.0 -41.6    150804600   0   1350       989700
   136  0 1  94.57 10069.00 2   0.0 -42.2    151784450   0    950       979850
   137  0 1  94.92 10069.00 2   0.0 -42.5    152754300   0   1050       969850
   138  0 1  94.92 10069.00 2   0.0 -43.1    153794750   0    950      1040450
   139  0 1  95.27 10066.00 2   0.0 -43.4    154825000   0    950      1030250
   140  0 1  95.62 10064.50 2   0.0 -44.1    155844600   0   1150      1019600
   141  0 1  94.92 10058.50 2   0.0 -44.4    156854650   0   1300      1010050
   142  0 1  94.92 10048.00 2   0.0 -45.6    158844150   0   1400      1989500
   143  0 1  95.62 10039.00 2   0.0 -45.9    159824200   0   1250       980050
   144  0 1  95.27 10033.00 2   0.0 -46.6    160794650   0   1200       970450
   145  0 1  94.22 10024.00 2   0.0 -46.9    161834250   0   1400      1039600
   146  0 1  95.27 10013.50 2   0.0 -47.5    162864500   0   1350      1030250
   147  0 1  95.62 10006.00 2   0.0 -48.1    163884950   0   1100      1020450
   148  0 1  94.57  9995.50 2   0.0 -48.4    164894500   0   1000      1009550
   149  0 1  94.92  9985.00 2   0.0 -49.1    165894700   0   1100      1000200
   150  0 1  95.62  9976.00 2   0.0 -49.7    166885150   0   1100       990450
   151  0 1  94.57  9961.00 2   0.0 -50.6    168835100   0   1350      1949950
   152  0 1  94.57  9952.00 2   0.0 -51.3    169874700   0   1400      1039600
   153  0 1  95.27  9946.00 2   0.0 -51.9    170904300   0   1050      1029600
   154  0 1  95.62  9940.00 2   0.0 -52.5    171924350   0   1350      1020050
   155  0 1  94.22  9937.00 2   0.0 -53.1    172933950   0   1150      1009600
   156  0 1  94.92  9932.50 2   0.0 -53.4    173933800   0   1350       999850
   157  0 1  95.62  9931.00 2   0.0 -54.1    174923750   0   1200       989950
   158  0 1  94.57  9931.00 2   0.0 -54.7    175903350   0    950       979600
   159  0 1  94.92  9928.00 2   0.0 -55.3    176873100   0   1050       969750
   160  0 1  94.92  9934.00 2   0.0 -56.6    178943200   0    950      2070100
   161  0 1  94.92  9938.50 2   0.0 -57.2    179963250   0    950      1020050
   162  0 1  95.27  9943.00 2   0.0 -57.5    180972750   0   1400      1009500
   163  0 1  94.92  9949.00 2   0.0 -58.1    181973150   0   1000      1000400
   164  0 1  94.22  9956.50 2   0.0 -58.8    182962850   0   1100       989700
   165  0 1  95.27  9962.50 2   0.0 -59.4    183942550   0   1000       979700
   166  0 1  94.92  9970.00 2   0.0 -60.0    184912350   0   1050       969800
   167  0 1  94.22  9982.00 2   0.0 -60.6    185952700   0   1200      1040350
   168  0 1  95.62  9991.00 2   0.0 -61.3    186983150   0    950      1030450
   169  0 1  95.62 10009.00 2   0.0 -62.5    189012400   0   1000      2029250
   170  0 1  95.62 10018.00 2   0.0 -63.1    190012000   0   1300       999600
   171  0 1  94.92 10027.00 2   0.0 -63.8    191001600   0   1350       989600
   172  0 1  95.62 10036.00 2   0.0 -64.4    191982000   0   1100       980400
   173  0 1  94.57 10043.50 2   0.0 -65.0    192951500   0   1400       969500
   174  0 1  95.62 10051.00 2   0.0 -65.6    193991650   0   1000      1040150
   175  0 1  94.92 10055.50 2   0.0 -66.3    195022000   0   1050      1030350
   176  0 1  94.22 10060.00 2   0.0 -66.9    196041500   0   1300      1019500
   177  0 1  94.57 10066.00 2   0.0 -67.5    197051500   0   1050      1010000
   178  0 1  95.62 10069.00 2   0.0 -68.8    199041150   0   1150      1989650
   179  0 1  95.62 10069.00 2   0.0 -69.4    200021600   0    950       980450
