    NO  S V  AOA    FREQ    B  FMOP  AMP      TOA      PMOP  PW         dTOA  
------ -- - ------ -------- - ----- ----- ------------ --- ------ ------------
     0  0 1  94.22 10007.50 2   0.0 -69.4      1039850   0   1200  42950712850
     1  0 1  95.62 10018.00 2   0.0 -68.8      2070150   0   1250      1030300
     2  0 1  95.27 10028.50 2   0.0 -68.1      3089900   0   1300      1019750
     3  0 1  95.62 10036.00 2   0.0 -67.5      4100150   0   1350      1010250
     4  0 1  94.57 10045.00 2   0.0 -66.9      5100400   0   1050      1000250
     5  0 1  94.57 10051.00 2   0.0 -66.3      6090300   0   1100       989900
     6  0 1  95.62 10054.00 2   0.0 -65.6      7070700   0   1200       980400
     7  0 1  95.62 10060.00 2   0.0 -65.0      8041100   0   1100       970400
     8  0 1  94.22 10066.00 2   0.0 -64.4      9080850   0   1350      1039750
     9  0 1  94.92 10067.50 2   0.0 -63.1     11130350   0    950      2049500
    10  0 1  94.92 10069.00 2   0.0 -62.5     12140050   0   1000      1009700
    11  0 1  94.92 10067.50 2   0.0 -61.9     13140200   0   1200      1000150
    12  0 1  95.62 10066.00 2   0.0 -61.3     14129800   0   1100       989600
    13  0 1  95.62 10063.00 2   0.0 -60.6     15109850   0    950       980050
    14  0 1  95.27 10057.00 2   0.0 -60.0     16079350   0   1300       969500
    15  0 1  94.57 10051.00 2   0.0 -59.4     17119300   0   1250      1039950
    16  0 1  94.22 10045.00 2   0.0 -58.8     18148800   0   1050      1029500
    17  0 1  95.27 10037.50 2   0.0 -58.1     19168900   0   1000      1020100
    18  0 1  94.57 10019.50 2   0.0 -57.2     21178850   0   1100      2009950
    19  0 1  94.57 10010.50 2   0.0 -56.6     22169250   0   1000       990400
    20  0 1  95.27 10003.00 2   0.0 -55.9     23148900   0   1000       979650
    21  0 1  95.27  9992.50 2   0.0 -55.3     24119150   0    950       970250
    22  0 1  95.27  9985.00 2   0.0 -54.7     25159600   0   1250      1040450
    23  0 1  95.62  9974.50 2   0.0 -54.1     26189300   0   1050      1029700
    24  0 1  95.62  9964.00 2   0.0 -53.4     27209650   0   1250      1020350
    25  0 1  94.22  9956.50 2   0.0 -53.1     28220000   0   1200      1010350
    26  0 1  94.57  9949.00 2   0.0 -52.5     29220100   0   1150      1000100
    27  0 1  94.22  9940.00 2   0.0 -51.3     31190050   0   1200      1969950
    28  0 1  95.62  9935.50 2   0.0 -50.6     32159750   0   1100       969700
    29  0 1  94.22  9932.50 2   0.0 -50.3     33199450   0   1150      1039700
    30  0 1  94.22  9928.00 2   0.0 -49.7     34229050   0   1200      1029600
    31  0 1  94.22  9929.50 2   0.0 -49.1     35249400   0   1100      1020350
    32  0 1  94.22  9929.50 2   0.0 -48.4     36259400   0    950      1010000
    33  0 1  94.92  9931.00 2   0.0 -48.1     37259700   0   1300      1000300
    34  0 1  94.92  9934.00 2   0.0 -47.5     38249650   0   1400       989950
    35  0 1  94.57  9937.00 2   0.0 -46.9     39229850   0   1300       980200
    36  0 1  94.22  9952.00 2   0.0 -45.9     41240500   0   1350      2010650
    37  0 1  94.57  9956.50 2   0.0 -45.6     42270200   0   1000      1029700
    38  0 1  94.57  9965.50 2   0.0 -45.0     43289800   0   1300      1019600
    39  0 1  95.62  9976.00 2   0.0 -44.4     44300250   0   1300      1010450
    40  0 1  95.62  9982.00 2   0.0 -44.1     45300350   0   1400      1000100
    41  0 1  95.27  9991.00 2   0.0 -43.4     46290600   0   1100       990250
    42  0 1  94.57 10001.50 2   0.0 -43.1     47270700   0   1150       980100
    43  0 1  95.62 10012.00 2   0.0 -42.5     48241100   0   1050       970400
    44  0 1  95.27 10021.00 2   0.0 -42.2     49280600   0   1000      1039500
    45  0 1  94.57 10036.00 2   0.0 -41.3     51330800   0   1350      2050200
    46  0 1  94.92 10045.00 2   0.0 -40.9     52341050   0   1300      1010250
    47  0 1  95.27 10051.00 2   0.0 -40.3     53340800   0   1250       999750
    48  0 1  94.22 10057.00 2   0.0 -40.0     54330550   0   1000       989750
    49  0 1  94.57 10060.00 2   0.0 -39.7     55310750   0   1400       980200
    50  0 1  94.92 10064.50 2   0.0 -39.1     56280800   0   1350       970050
    51  0 1  94.22 10066.00 2   0.0 -38.8     57320850   0   1300      1040050
    52  0 1  94.92 10069.00 2   0.0 -38.4     58350400   0   1050      1029550
    53  0 1  94.22 10069.00 2   0.0 -38.1     59369900   0    950      1019500
    54  0 1  95.27 10063.00 2   0.0 -37.2     61380300   0    950      2010400
    55  0 1  94.57 10060.00 2   0.0 -36.9     62370700   0   1050       990400
    56  0 1  94.22 10057.00 2   0.0 -36.6     63350250   0   1200       979550
    57  0 1  95.27 10051.00 2   0.0 -36.3     64320200   0   1050       969950
    58  0 1  95.27 10042.00 2   0.0 -35.9     65360350   0   1250      1040150
    59  0 1  95.27 10036.00 2   0.0 -35.6     66390700   0   1300      1030350
    60  0 1  94.57 10027.00 2   0.0 -35.3     67410500   0   1100      1019800
    61  0 1  94.22 10018.00 2   0.0 -35.0     68420650   0   1150      1010150
    62  0 1  94.57 10009.00 2   0.0 -34.7     69420900   0   1300      1000250
    63  0 1  94.22  9991.00 2   0.0 -34.1     71390850   0   1000      1969950
    64  0 1  95.62  9980.50 2   0.0 -33.8     72360550   0   1400       969700
    65  0 1  95.62  9973.00 2   0.0 -33.4     73400100   0   1350      1039550
    66  0 1  95.27  9964.00 2   0.0 -33.4     74429800   0   1400      1029700
    67  0 1  94.92  9955.00 2   0.0 -33.1     75449300   0   1050      1019500
    68  0 1  94.57  9947.50 2   0.0 -32.8     76459400   0   1350      1010100
    69  0 1  95.62  9941.50 2   0.0 -32.5     77459650   0   1000      1000250
    70  0 1  94.57  9937.00 2   0.0 -32.5     78450050   0   1400       990400
    71  0 1  95.62  9934.00 2   0.0 -32.2     79430100   0   1350       980050
    72  0 1  95.62  9929.50 2   0.0 -31.9     81439350   0    950      2009250
    73  0 1  95.62  9931.00 2   0.0 -31.6     82469550   0   1400      1030200
    74  0 1  94.22  9928.00 2   0.0 -31.6     83489350   0   1100      1019800
    75  0 1  95.62  9931.00 2   0.0 -31.3     84498850   0   1200      1009500
    76  0 1  94.57  9935.50 2   0.0 -31.3     85498650   0   1250       999800
    77  0 1  95.62  9940.00 2   0.0 -30.9     86488800   0   1300       990150
    78  0 1  95.27  9946.00 2   0.0 -30.9     87469200   0   1350       980400
    79  0 1  95.27  9952.00 2   0.0 -30.6     88438850   0   1050       969650
    80  0 1  94.92  9958.00 2   0.0 -30.6     89479000   0   1000      1040150
    81  0 1  95.27  9977.50 2   0.0 -30.3     91528850   0   1250      2049850
    82  0 1  94.57  9986.50 2   0.0 -30.3     92539050   0   1000      1010200
    83  0 1  95.62  9994.00 2   0.0 -30.3     93539050   0   1350      1000000
    84  0 1  95.27 10003.00 2   0.0 -30.3     94528550   0   1200       989500
    85  0 1  94.92 10012.00 2   0.0 -30.0     95508150   0   1150       979600
    86  0 1  95.27 10021.00 2   0.0 -30.0     96477750   0   1400       969600
    87  0 1  94.22 10030.00 2   0.0 -30.0     97517850   0   1250      1040100
    88  0 1  94.57 10039.00 2   0.0 -30.0     98547800   0   1300      1029950
    89  0 1  94.92 10048.00 2   0.0 -30.0     99567500   0   1250      1019700
    90  0 1  94.57 10057.00 2   0.0 -30.0    101577650   0   1150      2010150
    91  0 1  94.57 10061.50 2   0.0 -30.0    102567400   0   1050       989750
    92  0 1  94.92 10066.00 2   0.0 -30.0    103547400   0   1200       980000
    93  0 1  94.57 10067.50 2   0.0 -30.0    104517850   0   1300       970450
    94  0 1  95.27 10069.00 2   0.0 -30.0    105557800   0   1050      1039950
    95  0 1  95.62 10069.00 2   0.0 -30.3    106587750   0   1000      1029950
    96  0 1  94.22 10066.00 2   0.0 -30.3    107608000   0   1200      1020250
    97  0 1  95.62 10064.50 2   0.0 -30.3    108617750   0   1150      1009750
    98  0 1  95.27 10060.00 2   0.0 -30.3    109618200   0   1150      1000450
    99  0 1  94.92 10048.00 2   0.0 -30.6    111588250   0   1350      1970050
   100  0 1  94.57 10042.00 2   0.0 -30.6    112558200   0   1150       969950
   101  0 1  94.22 10033.00 2   0.0 -30.9    113598350   0   1000      1040150
   102  0 1  94.22 10024.00 2   0.0 -30.9    114628700   0   1200      1030350
   103  0 1  94.57 10015.00 2   0.0 -31.3    115648500   0   1350      1019800
   104  0 1  94.22 10006.00 2   0.0 -31.3    116658950   0   1250      1010450
   105  0 1  95.62  9997.00 2   0.0 -31.6    117659000   0   1250      1000050
   106  0 1  94.22  9989.50 2   0.0 -31.6    118649000   0   1050       990000
   107  0 1  95.62  9979.00 2   0.0 -31.9    119628650   0    950       979650
   108  0 1  94.57  9962.50 2   0.0 -32.2    121638400   0   1250      2009750
   109  0 1  94.92  9955.00 2   0.0 -32.5    122667900   0   1100      1029500
   110  0 1  94.92  9947.50 2   0.0 -32.5    123687900   0   1350      1020000
   111  0 1  94.22  9943.00 2   0.0 -32.8    124698300   0   1050      1010400
   112  0 1  95.27  9935.50 2   0.0 -33.1    125698650   0    950      1000350
   113  0 1  94.57  9934.00 2   0.0 -33.4    126688650   0    950       990000
   114  0 1  95.27  9931.00 2   0.0 -33.4    127668350   0   1100       979700
   115  0 1  94.92  9928.00 2   0.0 -33.8    128638700   0   1000       970350
   116  0 1  94.22  9928.00 2   0.0 -34.1    129678950   0   1200      1040250
   117  0 1  95.62  9934.00 2   0.0 -34.7    131729150   0   1100      2050200
   118  0 1  94.92  9937.00 2   0.0 -35.0    132738950   0   1250      1009800
   119  0 1  95.27  9941.50 2   0.0 -35.3    133738550   0   1100       999600
   120  0 1  95.27  9947.50 2   0.0 -35.6    134728100   0   1200       989550
   121  0 1  94.57  9952.00 2   0.0 -35.9    135708500   0   1000       980400
   122  0 1  95.62  9961.00 2   0.0 -36.3    136678150   0   1000       969650
   123  0 1  95.62  9968.50 2   0.0 -36.6    137718550   0   1050      1040400
   124  0 1  95.62  9979.00 2   0.0 -36.9    138748200   0    950      1029650
   125  0 1  95.62  9986.50 2   0.0 -37.2    139768450   0   1100      1020250
   126  0 1  94.92 10007.50 2   0.0 -38.1    141778500   0   1050      2010050
   127  0 1  95.62 10015.00 2   0.0 -38.4    142768950   0   1300       990450
   128  0 1  95.62 10024.00 2   0.0 -38.8    143748800   0   1300       979850
   129  0 1  95.27 10031.50 2   0.0 -39.1    144719000   0   1050       970200
   130  0 1  95.27 10040.50 2   0.0 -39.7    145759250   0   1400      1040250
   131  0 1  94.92 10048.00 2   0.0 -40.0    146788750   0   1000      1029500
   132  0 1  94.92 10054.00 2   0.0 -40.3    147809050   0   1350      1020300
   133  0 1  94.22 10060.00 2   0.0 -40.9    148818700   0   1000      1009650
   134  0 1  94.92 10064.50 2   0.0 -41.3    149818500   0   1000       999800
   135  0 1  95.62 10069.00 2   0.0 -42.2    151787750   0    950      1969250
   136  0 1  95.62 10069.00 2   0.0 -42.5    152757600   0   1200       969850
   137  0 1  94.92 10069.00 2   0.0 -43.1    153798000   0   1250      1040400
   138  0 1  94.22 10066.00 2   0.0 -43.4    154827700   0   1150      1029700
   139  0 1  95.62 10063.00 2   0.0 -44.1    155847850   0   1250      1020150
   140  0 1  94.92 10057.00 2   0.0 -44.4    156858100   0   1350      1010250
   141  0 1  95.62 10052.50 2   0.0 -45.0    157857650   0   1300       999550
   142  0 1  95.62 10048.00 2   0.0 -45.6    158847400   0   1150       989750
   143  0 1  94.57 10040.50 2   0.0 -45.9    159826900   0   1250       979500
   144  0 1  94.22 10024.00 2   0.0 -46.9    161837150   0   1050      2010250
   145  0 1  95.62 10013.50 2   0.0 -47.5    162867250   0   1350      1030100
   146  0 1  95.27 10006.00 2   0.0 -48.1    163887050   0    950      1019800
   147  0 1  94.57  9997.00 2   0.0 -48.4    164896600   0   1000      1009550
   148  0 1  94.22  9985.00 2   0.0 -49.1    165896650   0   1200      1000050
   149  0 1  95.62  9979.00 2   0.0 -49.7    166886400   0   1250       989750
   150  0 1  94.57  9968.50 2   0.0 -50.3    167866400   0   1150       980000
   151  0 1  94.92  9961.00 2   0.0 -50.6    168836100   0    950       969700
   152  0 1  95.27  9953.50 2   0.0 -51.3    169875600   0   1150      1039500
   153  0 1  95.62  9940.00 2   0.0 -52.5    171925550   0   1400      2049950
   154  0 1  94.22  9935.50 2   0.0 -53.1    172936000   0   1100      1010450
   155  0 1  94.22  9932.50 2   0.0 -53.4    173935850   0   1000       999850
   156  0 1  94.57  9929.50 2   0.0 -54.1    174925600   0   1000       989750
   157  0 1  94.22  9931.00 2   0.0 -54.7    175905950   0   1050       980350
   158  0 1  94.92  9931.00 2   0.0 -55.3    176875450   0   1050       969500
   159  0 1  94.22  9929.50 2   0.0 -55.9    177915450   0   1400      1040000
   160  0 1  95.62  9934.00 2   0.0 -56.6    178945200   0   1300      1029750
   161  0 1  94.92  9937.00 2   0.0 -57.2    179964800   0    950      1019600
   162  0 1  95.62  9949.00 2   0.0 -58.1    181975250   0   1050      2010450
   163  0 1  94.22  9956.50 2   0.0 -58.8    182965100   0   1050       989850
   164  0 1  95.27  9962.50 2   0.0 -59.4    183945000   0   1250       979900
   165  0 1  95.62  9970.00 2   0.0 -60.0    184915000   0   1150       970000
   166  0 1  95.27  9982.00 2   0.0 -60.6    185955050   0   1000      1040050
   167  0 1  94.57  9991.00 2   0.0 -61.3    186985250   0   1200      1030200
   168  0 1  95.27 10000.00 2   0.0 -61.9    188005350   0   1400      1020100
   169  0 1  95.62 10007.50 2   0.0 -62.5    189015700   0   1100      1010350
   170  0 1  95.62 10016.50 2   0.0 -63.1    190015500   0   1150       999800
   171  0 1  95.62 10034.50 2   0.0 -64.4    191984750   0   1200      1969250
   172  0 1  95.27 10042.00 2   0.0 -65.0    192954900   0   1350       970150
   173  0 1  94.57 10051.00 2   0.0 -65.6    193994450   0   1100      1039550
   174  0 1  94.92 10054.00 2   0.0 -66.3    195024300   0   1050      1029850
   175  0 1  95.27 10060.00 2   0.0 -66.9    196044750   0   1200      1020450
   176  0 1  94.57 10066.00 2   0.0 -67.5    197054450   0   1200      1009700
   177  0 1  95.27 10066.00 2   0.0 -68.1    198054600   0   1400      1000150
   178  0 1  95.62 10069.00 2   0.0 -68.8    199044450   0   1200       989850
   179  0 1  95.62 10069.00 2   0.0 -69.4    200024550   0   1250       980100
