    NO  S V  AOA    FREQ    B  FMOP  AMP      TOA      PMOP  PW         dTOA  
------ -- - ------ -------- - ----- ----- ------------ --- ------ ------------
     0  0 1  94.57 10000.00 2   0.0 -70.0            0   0    900  42949673000
     1  0 1  95.62 10006.00 2   0.0 -69.4       999650   0    950       999650
     2  0 1  94.57 10015.00 2   0.0 -68.8      1999450   0    950       999800
     3  0 1  95.62 10024.00 2   0.0 -68.1      2999350   0    950       999900
     4  0 1  94.92 10028.50 2   0.0 -67.5      3999250   0   1200       999900
     5  0 1  95.27 10036.00 2   0.0 -66.9      4999500   0   1150      1000250
     6  0 1  95.62 10042.00 2   0.0 -66.3      5999600   0   1000      1000100
     7  0 1  95.27 10048.00 2   0.0 -65.6      6999550   0   1000       999950
     8  0 1  95.27 10051.00 2   0.0 -65.0      7999350   0    900       999800
     9  0 1  94.22 10057.00 2   0.0 -63.8      9999550   0   1200      2000200
    10  0 1  95.62 10058.50 2   0.0 -63.1     10999850   0   1000      1000300
    11  0 1  94.57 10060.00 2   0.0 -62.5     11999950   0   1200      1000100
    12  0 1  95.62 10057.00 2   0.0 -61.9     13000200   0   1200      1000250
    13  0 1  94.92 10055.50 2   0.0 -61.3     14000550   0   1250      1000350
    14  0 1  94.92 10054.00 2   0.0 -60.6     15000200   0   1000       999650
    15  0 1  94.22 10049.50 2   0.0 -60.0     16000150   0   1000       999950
    16  0 1  94.22 10043.50 2   0.0 -59.4     17000600   0   1150      1000450
    17  0 1  94.57 10039.00 2   0.0 -58.8     18000450   0   1300       999850
    18  0 1  94.57 10025.50 2   0.0 -57.5     20000500   0   1050      2000050
    19  0 1  95.27 10018.00 2   0.0 -57.2     21000250   0   1200       999750
    20  0 1  95.62 10009.00 2   0.0 -56.6     22000100   0    950       999850
    21  0 1  94.22 10003.00 2   0.0 -55.9     23000300   0   1150      1000200
    22  0 1  95.27  9997.00 2   0.0 -55.3     23999900   0    850       999600
    23  0 1  94.92  9988.00 2   0.0 -54.7     24999600   0   1250       999700
    24  0 1  94.22  9979.00 2   0.0 -54.1     25999500   0   1150       999900
    25  0 1  94.22  9971.50 2   0.0 -53.4     26999650   0   1300      1000150
    26  0 1  94.57  9965.50 2   0.0 -53.1     27999400   0   1300       999750
    27  0 1  94.57  9952.00 2   0.0 -51.9     30000200   0    950      2000800
    28  0 1  94.57  9949.00 2   0.0 -51.3     31000650   0   1100      1000450
    29  0 1  95.27  9943.00 2   0.0 -50.6     32000400   0    950       999750
    30  0 1  94.92  9943.00 2   0.0 -50.3     33000350   0    950       999950
    31  0 1  94.22  9940.00 2   0.0 -49.7     34000700   0   1150      1000350
    32  0 1  94.92  9940.00 2   0.0 -49.1     35001100   0   1050      1000400
    33  0 1  94.22  9938.50 2   0.0 -48.4     36001250   0   1150      1000150
    34  0 1  95.27  9940.00 2   0.0 -48.1     37000950   0    950       999700
    35  0 1  95.27  9944.50 2   0.0 -47.5     38000450   0   1050       999500
    36  0 1  94.92  9952.00 2   0.0 -46.6     40000650   0   1150      2000200
    37  0 1  95.62  9955.00 2   0.0 -45.9     41000750   0   1150      1000100
    38  0 1  94.92  9961.00 2   0.0 -45.6     42000400   0   1250       999650
    39  0 1  94.22  9967.00 2   0.0 -45.0     43000450   0   1200      1000050
    40  0 1  94.22  9976.00 2   0.0 -44.4     44000900   0    850      1000450
    41  0 1  94.22  9983.50 2   0.0 -44.1     45000800   0   1300       999900
    42  0 1  95.27  9991.00 2   0.0 -43.4     46001250   0   1000      1000450
    43  0 1  95.27 10000.00 2   0.0 -43.1     47001400   0   1000      1000150
    44  0 1  94.57 10009.00 2   0.0 -42.5     48001050   0   1300       999650
    45  0 1  94.57 10022.50 2   0.0 -41.6     50000850   0   1000      1999800
    46  0 1  94.22 10028.50 2   0.0 -41.3     51000650   0   1200       999800
    47  0 1  95.62 10036.00 2   0.0 -40.9     52000500   0   1300       999850
    48  0 1  95.62 10042.00 2   0.0 -40.3     53000400   0   1250       999900
    49  0 1  94.22 10048.00 2   0.0 -40.0     54000400   0   1200      1000000
    50  0 1  94.92 10051.00 2   0.0 -39.7     55000550   0    950      1000150
    51  0 1  95.62 10054.00 2   0.0 -39.1     56000750   0    900      1000200
    52  0 1  95.62 10058.50 2   0.0 -38.8     57000750   0   1200      1000000
    53  0 1  95.62 10060.00 2   0.0 -38.4     58001000   0   1000      1000250
    54  0 1  95.27 10060.00 2   0.0 -37.5     60001650   0    950      2000650
    55  0 1  95.62 10057.00 2   0.0 -37.2     61001900   0    950      1000250
    56  0 1  95.27 10054.00 2   0.0 -36.9     62001450   0   1100       999550
    57  0 1  95.27 10048.00 2   0.0 -36.6     63001350   0   1200       999900
    58  0 1  95.27 10045.00 2   0.0 -36.3     64001400   0   1050      1000050
    59  0 1  94.57 10039.00 2   0.0 -35.9     65001250   0   1100       999850
    60  0 1  94.57 10033.00 2   0.0 -35.6     66000850   0   1100       999600
    61  0 1  95.62 10027.00 2   0.0 -35.3     67000400   0   1250       999550
    62  0 1  94.92 10018.00 2   0.0 -35.0     68000600   0    850      1000200
    63  0 1  95.27 10003.00 2   0.0 -34.4     70000500   0   1150      1999900
    64  0 1  94.22  9994.00 2   0.0 -34.1     71000950   0    900      1000450
    65  0 1  94.22  9988.00 2   0.0 -33.8     72000550   0    850       999600
    66  0 1  94.92  9979.00 2   0.0 -33.4     73000850   0   1250      1000300
    67  0 1  94.92  9970.00 2   0.0 -33.4     74001000   0   1100      1000150
    68  0 1  94.57  9967.00 2   0.0 -33.1     75000700   0    900       999700
    69  0 1  94.22  9959.50 2   0.0 -32.8     76000900   0   1000      1000200
    70  0 1  95.27  9953.50 2   0.0 -32.5     77000550   0   1200       999650
    71  0 1  95.27  9949.00 2   0.0 -32.5     78000700   0   1000      1000150
    72  0 1  95.27  9943.00 2   0.0 -31.9     80000450   0   1200      1999750
    73  0 1  94.92  9940.00 2   0.0 -31.9     81000200   0    850       999750
    74  0 1  94.92  9938.50 2   0.0 -31.6     82000100   0    900       999900
    75  0 1  95.27  9938.50 2   0.0 -31.6     83000400   0   1150      1000300
    76  0 1  94.57  9940.00 2   0.0 -31.3     84000050   0    850       999650
    77  0 1  95.27  9944.50 2   0.0 -31.3     84999550   0   1250       999500
    78  0 1  94.57  9947.50 2   0.0 -30.9     85999350   0    950       999800
    79  0 1  94.57  9952.00 2   0.0 -30.9     86999150   0   1300       999800
    80  0 1  94.22  9955.00 2   0.0 -30.6     87999600   0    900      1000450
    81  0 1  94.92  9970.00 2   0.0 -30.6     89999950   0    950      2000350
    82  0 1  94.22  9976.00 2   0.0 -30.3     90999750   0    950       999800
    83  0 1  94.22  9983.50 2   0.0 -30.3     91999400   0    850       999650
    84  0 1  95.62  9989.50 2   0.0 -30.3     92999700   0   1000      1000300
    85  0 1  95.62  9997.00 2   0.0 -30.3     93999500   0   1300       999800
    86  0 1  94.92 10007.50 2   0.0 -30.0     94999650   0   1050      1000150
    87  0 1  95.27 10015.00 2   0.0 -30.0     96000000   0   1100      1000350
    88  0 1  94.92 10021.00 2   0.0 -30.0     97000250   0   1100      1000250
    89  0 1  95.27 10030.00 2   0.0 -30.0     98000300   0   1000      1000050
    90  0 1  95.27 10042.00 2   0.0 -30.0    100000400   0   1200      2000100
    91  0 1  94.22 10048.00 2   0.0 -30.0    101000450   0   1100      1000050
    92  0 1  94.57 10051.00 2   0.0 -30.0    102000700   0    850      1000250
    93  0 1  95.27 10054.00 2   0.0 -30.0    103000300   0    900       999600
    94  0 1  94.57 10057.00 2   0.0 -30.0    104000450   0    900      1000150
    95  0 1  95.27 10060.00 2   0.0 -30.0    105000600   0   1300      1000150
    96  0 1  94.57 10058.50 2   0.0 -30.3    106000450   0   1100       999850
    97  0 1  94.22 10058.50 2   0.0 -30.3    107000400   0    900       999950
    98  0 1  94.92 10057.00 2   0.0 -30.3    108000600   0    900      1000200
    99  0 1  94.22 10049.50 2   0.0 -30.6    110000550   0   1050      1999950
   100  0 1  95.27 10045.00 2   0.0 -30.6    111000600   0   1050      1000050
   101  0 1  94.22 10040.50 2   0.0 -30.6    112000300   0   1200       999700
   102  0 1  95.62 10033.00 2   0.0 -30.9    113000550   0    950      1000250
   103  0 1  95.27 10027.00 2   0.0 -30.9    114000650   0   1050      1000100
   104  0 1  94.22 10018.00 2   0.0 -31.3    115000850   0   1100      1000200
   105  0 1  94.57 10009.00 2   0.0 -31.3    116000400   0   1150       999550
   106  0 1  95.27 10003.00 2   0.0 -31.6    116999900   0    950       999500
   107  0 1  94.57  9995.50 2   0.0 -31.6    117999700   0   1300       999800
   108  0 1  94.57  9980.50 2   0.0 -31.9    119998900   0   1250      1999200
   109  0 1  94.92  9970.00 2   0.0 -32.2    120998600   0   1300       999700
   110  0 1  95.27  9967.00 2   0.0 -32.5    121998750   0   1250      1000150
   111  0 1  95.62  9959.50 2   0.0 -32.5    122998700   0    900       999950
   112  0 1  95.62  9952.00 2   0.0 -32.8    123998900   0    950      1000200
   113  0 1  95.62  9949.00 2   0.0 -33.1    124998900   0   1300      1000000
   114  0 1  95.62  9946.00 2   0.0 -33.4    125998800   0   1150       999900
   115  0 1  94.57  9943.00 2   0.0 -33.4    126999250   0   1200      1000450
   116  0 1  94.22  9938.50 2   0.0 -33.8    127999150   0   1000       999900
   117  0 1  94.92  9938.50 2   0.0 -34.4    129998850   0   1300      1999700
   118  0 1  95.27  9940.00 2   0.0 -34.7    130998850   0   1000      1000000
   119  0 1  95.27  9943.00 2   0.0 -35.0    131999000   0   1150      1000150
   120  0 1  94.57  9947.50 2   0.0 -35.3    132999250   0   1300      1000250
   121  0 1  94.57  9949.00 2   0.0 -35.6    133998900   0    950       999650
   122  0 1  95.27  9956.50 2   0.0 -35.9    134999250   0    900      1000350
   123  0 1  95.62  9962.50 2   0.0 -36.3    135998850   0   1150       999600
   124  0 1  94.57  9967.00 2   0.0 -36.6    136998700   0    850       999850
   125  0 1  94.57  9974.50 2   0.0 -36.9    137999150   0    850      1000450
   126  0 1  94.57  9991.00 2   0.0 -37.5    139999050   0   1150      1999900
   127  0 1  94.57 10000.00 2   0.0 -38.1    140998900   0   1100       999850
   128  0 1  95.27 10006.00 2   0.0 -38.4    141999250   0   1200      1000350
   129  0 1  95.62 10013.50 2   0.0 -38.8    142999550   0   1100      1000300
   130  0 1  95.62 10022.50 2   0.0 -39.1    143999150   0   1200       999600
   131  0 1  94.92 10028.50 2   0.0 -39.7    144998750   0    900       999600
   132  0 1  94.92 10037.50 2   0.0 -40.0    145998300   0    900       999550
   133  0 1  95.62 10042.00 2   0.0 -40.3    146998500   0   1200      1000200
   134  0 1  95.27 10046.50 2   0.0 -40.9    147998350   0   1150       999850
   135  0 1  94.92 10054.00 2   0.0 -41.6    149998850   0    950      2000500
   136  0 1  95.27 10058.50 2   0.0 -42.2    150998800   0    900       999950
   137  0 1  94.92 10057.00 2   0.0 -42.5    151998700   0   1250       999900
   138  0 1  94.22 10060.00 2   0.0 -43.1    152998600   0    900       999900
   139  0 1  94.57 10060.00 2   0.0 -43.4    153999050   0   1000      1000450
   140  0 1  94.57 10057.00 2   0.0 -44.1    154999450   0    950      1000400
   141  0 1  95.27 10054.00 2   0.0 -44.4    155999600   0   1200      1000150
   142  0 1  94.57 10051.00 2   0.0 -45.0    156999750   0   1150      1000150
   143  0 1  95.27 10045.00 2   0.0 -45.6    158000200   0   1050      1000450
   144  0 1  94.92 10033.00 2   0.0 -46.6    160000550   0    900      2000350
   145  0 1  94.57 10027.00 2   0.0 -46.9    161000900   0   1000      1000350
   146  0 1  94.92 10018.00 2   0.0 -47.5    162000850   0    950       999950
   147  0 1  95.27 10010.50 2   0.0 -48.1    163001150   0   1150      1000300
   148  0 1  95.62 10003.00 2   0.0 -48.4    164001150   0   1100      1000000
   149  0 1  95.62  9994.00 2   0.0 -49.1    165001000   0    850       999850
   150  0 1  95.62  9986.50 2   0.0 -49.7    166000850   0    850       999850
   151  0 1  94.57  9979.00 2   0.0 -50.3    167000650   0    900       999800
   152  0 1  95.27  9973.00 2   0.0 -50.6    168000700   0    950      1000050
   153  0 1  95.62  9958.00 2   0.0 -51.9    170000800   0   1100      2000100
   154  0 1  95.27  9953.50 2   0.0 -52.5    171000400   0   1150       999600
   155  0 1  95.27  9949.00 2   0.0 -53.1    171999950   0    900       999550
   156  0 1  94.92  9946.00 2   0.0 -53.4    172999450   0   1150       999500
   157  0 1  94.22  9940.00 2   0.0 -54.1    173999100   0    850       999650
   158  0 1  95.62  9940.00 2   0.0 -54.7    174999500   0   1200      1000400
   159  0 1  95.27  9940.00 2   0.0 -55.3    175999250   0   1150       999750
   160  0 1  94.22  9940.00 2   0.0 -55.9    176998850   0    900       999600
   161  0 1  94.22  9941.50 2   0.0 -56.6    177998500   0   1250       999650
   162  0 1  94.22  9947.50 2   0.0 -57.5    179998500   0   1250      2000000
   163  0 1  94.57  9952.00 2   0.0 -58.1    180998850   0   1250      1000350
   164  0 1  95.62  9956.50 2   0.0 -58.8    181999300   0    900      1000450
   165  0 1  94.22  9961.00 2   0.0 -59.4    182999400   0   1150      1000100
   166  0 1  94.22  9967.00 2   0.0 -60.0    183999500   0   1200      1000100
   167  0 1  95.27  9976.00 2   0.0 -60.6    184999900   0   1000      1000400
   168  0 1  94.22  9982.00 2   0.0 -61.3    185999900   0    900      1000000
   169  0 1  94.22  9991.00 2   0.0 -61.9    186999600   0    850       999700
   170  0 1  94.22  9997.00 2   0.0 -62.5    187999600   0    900      1000000
   171  0 1  94.92 10013.50 2   0.0 -63.8    190000200   0    950      2000600
   172  0 1  94.57 10021.00 2   0.0 -64.4    190999850   0   1150       999650
   173  0 1  94.22 10028.50 2   0.0 -65.0    192000050   0    950      1000200
   174  0 1  94.92 10036.00 2   0.0 -65.6    193000350   0    900      1000300
   175  0 1  95.27 10043.50 2   0.0 -66.3    194000150   0    850       999800
   176  0 1  95.62 10048.00 2   0.0 -66.9    195000000   0   1200       999850
   177  0 1  95.27 10051.00 2   0.0 -67.5    195999900   0    950       999900
   178  0 1  94.92 10055.50 2   0.0 -68.1    196999600   0    900       999700
   179  0 1  94.57 10058.50 2   0.0 -68.8    197999100   0   1150       999500
