    NO  S V  AOA    FREQ    B  FMOP  AMP      TOA      PMOP  PW         dTOA  
------ -- - ------ -------- - ----- ----- ------------ --- ------ ------------
     0  0 1 199.69  5300.00 1   0.0 -70.0            0   0   3950  42949673000
     1  0 1 199.69  5298.75 1   0.0 -67.5       531700   0   3950       531700
     2  0 1 199.69  5300.00 1   0.0 -65.0      1063450   0   3950       531750
     3  0 1 199.69  5298.75 1   0.0 -62.5      1602750   0   4000       539300
     4  0 1 199.69  5400.00 1   0.0 -60.0      2142700   0   3950       539950
     5  0 1 199.69  5398.75 1   0.0 -55.3      3224500   0   3950      1081800
     6  0 1 199.69  5400.00 1   0.0 -53.1      3762850   0   4000       538350
     7  0 1 199.69  5500.00 1   0.0 -50.6      4224150   0   4000       461300
     8  0 1 199.69  5498.75 1   0.0 -48.4      4683850   0   4000       459700
     9  0 1 199.69  5500.00 1   0.0 -46.6      5141350   0   4000       457500
    10  0 1 199.69  5498.75 1   0.0 -44.4      5600550   0   4000       459200
    11  0 1 199.69  5598.75 1   0.0 -42.5      6060050   0   4000       459500
    12  0 1 199.69  5600.00 1   0.0 -40.9      6539600   0   3950       479550
    13  0 1 199.69  5598.75 1   0.0 -39.1      7019050   0   4000       479450
    14  0 1 199.69  5700.00 1   0.0 -36.3      7980300   0   4000       961250
    15  0 1 199.69  5700.00 1   0.0 -35.0      8461950   0   3950       481650
    16  0 1 199.69  5700.00 1   0.0 -33.8      8990650   0   3950       528700
    17  0 1 199.69  5700.00 1   0.0 -32.8      9521650   0   4000       531000
    18  0 1 199.69  5800.00 1   0.0 -31.9     10053750   0   4000       532100
    19  0 1 199.69  5798.75 1   0.0 -31.3     10584900   0   3950       531150
    20  0 1 199.69  5800.00 1   0.0 -30.6     11115800   0   4000       530900
    21  0 1 199.69  5800.00 1   0.0 -30.3     11654800   0   4000       539000
    22  0 1 199.69  5198.75 1   0.0 -30.0     12193000   0   4000       538200
    23  0 1 199.69  5198.75 1   0.0 -30.0     13271450   0   4000      1078450
    24  0 1 199.69  5200.00 1   0.0 -30.3     13810350   0   3950       538900
    25  0 1 199.69  5300.00 1   0.0 -30.6     14271850   0   3950       461500
    26  0 1 199.69  5300.00 1   0.0 -31.3     14729950   0   3950       458100
    27  0 1 199.69  5300.00 1   0.0 -31.9     15191200   0   4000       461250
    28  0 1 199.69  5300.00 1   0.0 -32.8     15649250   0   3950       458050
    29  0 1 199.69  5400.00 1   0.0 -33.8     16108950   0   4000       459700
    30  0 1 199.69  5400.00 1   0.0 -35.0     16589750   0   3950       480800
    31  0 1 199.69  5400.00 1   0.0 -36.3     17069150   0   3950       479400
    32  0 1 199.69  5500.00 1   0.0 -39.1     18029100   0   3950       959950
    33  0 1 199.69  5500.00 1   0.0 -40.9     18507100   0   3950       478000
    34  0 1 199.69  5500.00 1   0.0 -42.5     19037100   0   4000       530000
    35  0 1 199.69  5498.75 1   0.0 -44.4     19565850   0   3950       528750
    36  0 1 199.69  5598.75 1   0.0 -46.6     20097050   0   4000       531200
    37  0 1 199.69  5598.75 1   0.0 -48.4     20626350   0   4000       529300
    38  0 1 199.69  5600.00 1   0.0 -50.6     21156750   0   3950       530400
    39  0 1 199.69  5600.00 1   0.0 -53.1     21697300   0   4000       540550
    40  0 1 199.69  5700.00 1   0.0 -55.3     22238500   0   3950       541200
    41  0 1 199.69  5700.00 1   0.0 -60.0     23321350   0   3950      1082850
    42  0 1 199.69  5698.75 1   0.0 -62.5     23858850   0   3950       537500
    43  0 1 199.69  5798.75 1   0.0 -65.0     24318200   0   3950       459350
    44  0 1 199.69  5800.00 1   0.0 -67.5     24777150   0   4000       458950
