    NO  S V  AOA    FREQ    B  FMOP  AMP      TOA      PMOP  PW         dTOA  
------ -- - ------ -------- - ----- ----- ------------ --- ------ ------------
     0  0 1 199.69  5300.00 1   0.0 -70.0            0   0   3950  42949673000
     1  0 1 199.69  5300.00 1   0.0 -67.5       480050   0   3950       480050
     2  0 1 199.69  5300.00 1   0.0 -62.5      1489700   0   3950      1009650
     3  0 1 199.69  5398.75 1   0.0 -60.0      2018700   0   4000       529000
     4  0 1 199.69  5400.00 1   0.0 -57.5      2549100   0   3950       530400
     5  0 1 199.69  5398.75 1   0.0 -55.3      3077950   0   3950       528850
     6  0 1 199.69  5400.00 1   0.0 -53.1      3607800   0   3950       529850
     7  0 1 199.69  5500.00 1   0.0 -50.6      4146000   0   3950       538200
     8  0 1 199.69  5500.00 1   0.0 -48.4      4683800   0   4000       537800
     9  0 1 199.69  5498.75 1   0.0 -46.6      5223050   0   4000       539250
    10  0 1 199.69  5500.00 1   0.0 -44.4      5762250   0   4000       539200
    11  0 1 199.69  5600.00 1   0.0 -40.9      6762350   0   3950      1000100
    12  0 1 199.69  5600.00 1   0.0 -39.1      7221300   0   4000       458950
    13  0 1 199.69  5600.00 1   0.0 -37.5      7680050   0   4000       458750
    14  0 1 199.69  5700.00 1   0.0 -36.3      8141300   0   3950       461250
    15  0 1 199.69  5698.75 1   0.0 -35.0      8599450   0   4000       458150
    16  0 1 199.69  5698.75 1   0.0 -33.8      9081550   0   4000       482100
    17  0 1 199.69  5700.00 1   0.0 -32.8      9559400   0   3950       477850
    18  0 1 199.69  5800.00 1   0.0 -31.9     10039250   0   4000       479850
    19  0 1 199.69  5798.75 1   0.0 -31.3     10520950   0   4000       481700
    20  0 1 199.69  5800.00 1   0.0 -30.3     11530600   0   4000      1009650
    21  0 1 199.69  5198.75 1   0.0 -30.0     12062000   0   3950       531400
    22  0 1 199.69  5200.00 1   0.0 -30.0     12591800   0   3950       529800
    23  0 1 199.69  5200.00 1   0.0 -30.0     13123900   0   3950       532100
    24  0 1 199.69  5200.00 1   0.0 -30.3     13654000   0   4000       530100
    25  0 1 199.69  5300.00 1   0.0 -30.6     14195300   0   4000       541300
    26  0 1 199.69  5298.75 1   0.0 -31.3     14733200   0   3950       537900
    27  0 1 199.69  5300.00 1   0.0 -31.9     15272300   0   3950       539100
    28  0 1 199.69  5298.75 1   0.0 -32.8     15811350   0   4000       539050
    29  0 1 199.69  5400.00 1   0.0 -35.0     16808650   0   4000       997300
    30  0 1 199.69  5400.00 1   0.0 -36.3     17268150   0   3950       459500
    31  0 1 199.69  5398.75 1   0.0 -37.5     17729600   0   3950       461450
    32  0 1 199.69  5500.00 1   0.0 -39.1     18189000   0   3950       459400
    33  0 1 199.69  5500.00 1   0.0 -40.9     18651100   0   3950       462100
    34  0 1 199.69  5500.00 1   0.0 -42.5     19133250   0   3950       482150
    35  0 1 199.69  5498.75 1   0.0 -44.4     19612200   0   4000       478950
    36  0 1 199.69  5600.00 1   0.0 -46.6     20090500   0   3950       478300
    37  0 1 199.69  5598.75 1   0.0 -48.4     20572400   0   4000       481900
    38  0 1 199.69  5600.00 1   0.0 -53.1     21581750   0   3950      1009350
    39  0 1 199.69  5700.00 1   0.0 -55.3     22109700   0   4000       527950
    40  0 1 199.69  5700.00 1   0.0 -57.5     22640150   0   3950       530450
    41  0 1 199.69  5700.00 1   0.0 -60.0     23169050   0   3950       528900
    42  0 1 199.69  5700.00 1   0.0 -62.5     23699850   0   4000       530800
    43  0 1 199.69  5800.00 1   0.0 -65.0     24240500   0   4000       540650
    44  0 1 199.69  5798.75 1   0.0 -67.5     24782300   0   4000       541800
