    NO  S V  AOA    FREQ    B  FMOP  AMP      TOA      PMOP  PW         dTOA  
------ -- - ------ -------- - ----- ----- ------------ --- ------ ------------
     0  0 1  94.22 10016.50 2   0.0 -70.0            0   0   1650  42949673000
     1  0 1  95.62 10016.50 2   0.0 -68.8      1000150   0   1650      1000150
     2  0 1  94.92 10016.50 2   0.0 -67.5      2091700   0   1800      1091550
     3  0 1  95.27 10016.50 2   0.0 -66.3      3274350   0   1500      1182650
     4  0 1  95.27 10018.00 2   0.0 -63.8      5826250   0   1400      2551900
     5  0 1  95.62 10018.00 2   0.0 -62.5      7115200   0   1400      1288950
     6  0 1  94.57 10016.50 2   0.0 -61.3      8351150   0   1600      1235950
     7  0 1  94.92 10018.00 2   0.0 -60.0      9498950   0   1750      1147800
     8  0 1  95.62 10018.00 2   0.0 -58.8     10545450   0   1500      1046500
     9  0 1  95.27 10018.00 2   0.0 -57.5     11493800   0   1650       948350
    10  0 1  94.92 10016.50 2   0.0 -56.6     12358150   0   1800       864350
    11  0 1  95.27 10018.00 2   0.0 -55.3     13154850   0   1350       796700
    12  0 1  94.22 10018.00 2   0.0 -54.1     13904200   0   1600       749350
    13  0 1  94.22 10018.00 2   0.0 -51.9     15323850   0   1800      1419650
    14  0 1  94.92 10018.00 2   0.0 -50.6     16025200   0   1400       701350
    15  0 1  95.27 10018.00 2   0.0 -49.7     16740550   0   1450       715350
    16  0 1  94.92 10018.00 2   0.0 -48.4     17483850   0   1400       743300
    17  0 1  95.62 10018.00 2   0.0 -47.5     18269500   0   1350       785650
    18  0 1  94.22 10018.00 2   0.0 -46.6     19113650   0   1450       844150
    19  0 1  94.92 10016.50 2   0.0 -45.6     20030200   0   1400       916550
    20  0 1  95.62 10018.00 2   0.0 -44.4     21031750   0   1750      1001550
    21  0 1  94.92 10018.00 2   0.0 -43.4     22127050   0   1450      1095300
    22  0 1  95.62 10018.00 2   0.0 -41.6     24570000   0   1750      2442950
    23  0 1  95.27 10018.00 2   0.0 -40.9     25867250   0   1800      1297250
    24  0 1  94.57 10018.00 2   0.0 -40.0     27155650   0   1700      1288400
    25  0 1  94.22 10018.00 2   0.0 -39.1     28388900   0   1750      1233250
    26  0 1  95.62 10016.50 2   0.0 -38.4     29533600   0   1550      1144700
    27  0 1  94.57 10018.00 2   0.0 -37.5     30577050   0   1550      1043450
    28  0 1  94.22 10016.50 2   0.0 -36.9     31522300   0   1550       945250
    29  0 1  94.22 10016.50 2   0.0 -36.3     32383550   0   1650       861250
    30  0 1  94.92 10018.00 2   0.0 -35.6     33178300   0   1350       794750
    31  0 1  94.92 10018.00 2   0.0 -34.4     34641700   0   1750      1463400
    32  0 1  94.92 10018.00 2   0.0 -33.8     35343150   0   1750       701450
    33  0 1  95.27 10016.50 2   0.0 -33.4     36043700   0   1700       700550
    34  0 1  94.92 10018.00 2   0.0 -32.8     36758250   0   1600       714550
    35  0 1  94.57 10018.00 2   0.0 -32.5     37502450   0   1600       744200
    36  0 1  95.27 10018.00 2   0.0 -31.9     38290500   0   1750       788050
    37  0 1  94.92 10016.50 2   0.0 -31.6     39136500   0   1700       846000
    38  0 1  95.62 10018.00 2   0.0 -31.3     40055450   0   1750       918950
    39  0 1  95.62 10018.00 2   0.0 -30.9     41060700   0   1800      1005250
    40  0 1  94.22 10018.00 2   0.0 -30.6     43347000   0   1650      2286300
    41  0 1  95.27 10018.00 2   0.0 -30.3     44607250   0   1350      1260250
    42  0 1  95.27 10016.50 2   0.0 -30.3     45904450   0   1550      1297200
    43  0 1  94.22 10016.50 2   0.0 -30.0     47191200   0   1450      1286750
    44  0 1  95.62 10016.50 2   0.0 -30.0     48421850   0   1700      1230650
    45  0 1  95.27 10018.00 2   0.0 -30.0     49563350   0   1550      1141500
    46  0 1  94.22 10018.00 2   0.0 -30.0     50604100   0   1450      1040750
    47  0 1  95.62 10016.50 2   0.0 -30.0     51546650   0   1400       942550
    48  0 1  94.57 10018.00 2   0.0 -30.3     52405150   0   1350       858500
    49  0 1  94.22 10016.50 2   0.0 -30.6     53945500   0   1550      1540350
    50  0 1  95.27 10018.00 2   0.0 -30.6     54661850   0   1350       716350
    51  0 1  95.62 10018.00 2   0.0 -30.9     55363250   0   1350       701400
    52  0 1  94.22 10018.00 2   0.0 -31.3     56064250   0   1350       701000
    53  0 1  94.92 10016.50 2   0.0 -31.6     56780500   0   1600       716250
    54  0 1  94.22 10018.00 2   0.0 -31.9     57525150   0   1450       744650
    55  0 1  95.62 10018.00 2   0.0 -32.5     58314150   0   1700       789000
    56  0 1  95.62 10018.00 2   0.0 -32.8     59162350   0   1750       848200
    57  0 1  94.92 10018.00 2   0.0 -33.4     60083700   0   1700       921350
    58  0 1  94.22 10016.50 2   0.0 -34.4     62190850   0   1750      2107150
    59  0 1  94.57 10018.00 2   0.0 -35.0     63381150   0   1800      1190300
    60  0 1  94.57 10018.00 2   0.0 -35.6     64643550   0   1750      1262400
    61  0 1  94.57 10018.00 2   0.0 -36.3     65941950   0   1600      1298400
    62  0 1  94.57 10016.50 2   0.0 -36.9     67228400   0   1400      1286450
    63  0 1  94.57 10018.00 2   0.0 -37.5     68457250   0   1500      1228850
    64  0 1  94.22 10018.00 2   0.0 -38.4     69595950   0   1650      1138700
    65  0 1  94.57 10018.00 2   0.0 -39.1     70632550   0   1400      1036600
    66  0 1  94.22 10018.00 2   0.0 -40.0     71572550   0   1700       940000
    67  0 1  95.27 10018.00 2   0.0 -41.6     73220950   0   1450      1648400
    68  0 1  94.57 10016.50 2   0.0 -42.5     73965800   0   1800       744850
    69  0 1  94.22 10018.00 2   0.0 -43.4     74680800   0   1350       715000
    70  0 1  95.27 10018.00 2   0.0 -44.4     75381900   0   1600       701100
    71  0 1  95.62 10018.00 2   0.0 -45.6     76084150   0   1550       702250
    72  0 1  94.57 10016.50 2   0.0 -46.6     76801000   0   1400       716850
    73  0 1  95.27 10016.50 2   0.0 -47.5     77546800   0   1800       745800
    74  0 1  95.27 10018.00 2   0.0 -48.4     78337300   0   1750       790500
    75  0 1  94.92 10016.50 2   0.0 -49.7     79186950   0   1700       849650
    76  0 1  95.27 10018.00 2   0.0 -51.9     81120700   0   1350      1933750
    77  0 1  94.22 10018.00 2   0.0 -53.1     82223600   0   1400      1102900
    78  0 1  94.57 10018.00 2   0.0 -54.1     83416050   0   1350      1192450
    79  0 1  95.62 10016.50 2   0.0 -55.3     84679050   0   1350      1263000
    80  0 1  94.57 10018.00 2   0.0 -56.6     85976950   0   1500      1297900
    81  0 1  94.57 10016.50 2   0.0 -57.5     87261750   0   1400      1284800
    82  0 1  94.92 10016.50 2   0.0 -58.8     88488700   0   1350      1226950
    83  0 1  95.27 10018.00 2   0.0 -60.0     89625350   0   1650      1136650
    84  0 1  94.92 10018.00 2   0.0 -61.3     90660550   0   1800      1035200
    85  0 1  94.57 10018.00 2   0.0 -63.8     92453650   0   1600      1793100
    86  0 1  94.57 10016.50 2   0.0 -65.0     93243300   0   1400       789650
    87  0 1  95.62 10018.00 2   0.0 -66.3     93987300   0   1500       744000
    88  0 1  94.57 10018.00 2   0.0 -67.5     94702550   0   1550       715250
    89  0 1  94.92 10018.00 2   0.0 -68.8     95403200   0   1650       700650
