    NO  S V  AOA    FREQ    B  FMOP  AMP      TOA      PMOP  PW         dTOA  
------ -- - ------ -------- - ----- ----- ------------ --- ------ ------------
     0  0 1  95.62 10016.50 2   0.0 -70.0            0   0   1600  42949673000
     1  0 1  95.62 10016.50 2   0.0 -68.8      1000400   0   1500      1000400
     2  0 1  94.22 10018.00 2   0.0 -67.5      2092150   0   1750      1091750
     3  0 1  95.27 10018.00 2   0.0 -66.3      3275100   0   1550      1182950
     4  0 1  94.92 10016.50 2   0.0 -65.0      4531650   0   1350      1256550
     5  0 1  94.92 10018.00 2   0.0 -63.8      5827350   0   1400      1295700
     6  0 1  94.92 10018.00 2   0.0 -62.5      7116500   0   1600      1289150
     7  0 1  95.62 10018.00 2   0.0 -60.0      9500150   0   1350      2383650
     8  0 1  95.27 10018.00 2   0.0 -58.8     10545650   0   1700      1045500
     9  0 1  94.57 10018.00 2   0.0 -57.5     11493600   0   1650       947950
    10  0 1  94.22 10018.00 2   0.0 -56.6     12357100   0   1450       863500
    11  0 1  95.27 10018.00 2   0.0 -55.3     13154200   0   1400       797100
    12  0 1  95.27 10016.50 2   0.0 -54.1     13903600   0   1800       749400
    13  0 1  94.57 10016.50 2   0.0 -53.1     14620150   0   1500       716550
    14  0 1  94.57 10016.50 2   0.0 -51.9     15322550   0   1400       702400
    15  0 1  95.27 10018.00 2   0.0 -50.6     16023200   0   1400       700650
    16  0 1  95.27 10018.00 2   0.0 -48.4     17481900   0   1650      1458700
    17  0 1  95.62 10018.00 2   0.0 -47.5     18267600   0   1450       785700
    18  0 1  95.62 10016.50 2   0.0 -46.6     19111950   0   1650       844350
    19  0 1  94.22 10016.50 2   0.0 -45.6     20029300   0   1600       917350
    20  0 1  94.57 10016.50 2   0.0 -44.4     21031400   0   1550      1002100
    21  0 1  95.27 10016.50 2   0.0 -43.4     22126200   0   1350      1094800
    22  0 1  94.22 10018.00 2   0.0 -42.5     23311350   0   1600      1185150
    23  0 1  95.62 10018.00 2   0.0 -41.6     24569050   0   1500      1257700
    24  0 1  94.22 10018.00 2   0.0 -40.9     25865750   0   1550      1296700
    25  0 1  94.22 10018.00 2   0.0 -39.1     28386700   0   1500      2520950
    26  0 1  94.22 10018.00 2   0.0 -38.4     29531700   0   1350      1145000
    27  0 1  94.92 10016.50 2   0.0 -37.5     30575000   0   1700      1043300
    28  0 1  94.92 10016.50 2   0.0 -36.9     31520950   0   1800       945950
    29  0 1  94.57 10016.50 2   0.0 -36.3     32383150   0   1700       862200
    30  0 1  94.92 10018.00 2   0.0 -35.6     33178350   0   1450       795200
    31  0 1  94.22 10018.00 2   0.0 -35.0     33925800   0   1750       747450
    32  0 1  94.57 10016.50 2   0.0 -34.4     34641500   0   1400       715700
    33  0 1  94.57 10018.00 2   0.0 -33.8     35342100   0   1700       700600
    34  0 1  95.62 10016.50 2   0.0 -32.8     36758650   0   1800      1416550
    35  0 1  95.27 10016.50 2   0.0 -32.5     37502900   0   1500       744250
    36  0 1  94.57 10018.00 2   0.0 -31.9     38291000   0   1550       788100
    37  0 1  95.62 10018.00 2   0.0 -31.6     39137400   0   1450       846400
    38  0 1  95.27 10018.00 2   0.0 -31.3     40055900   0   1400       918500
    39  0 1  94.22 10016.50 2   0.0 -30.9     41060850   0   1800      1004950
    40  0 1  94.57 10016.50 2   0.0 -30.6     42159100   0   1750      1098250
    41  0 1  94.92 10018.00 2   0.0 -30.6     43347350   0   1700      1188250
    42  0 1  95.27 10016.50 2   0.0 -30.3     44607100   0   1650      1259750
    43  0 1  94.57 10016.50 2   0.0 -30.0     47191050   0   1800      2583950
    44  0 1  94.92 10016.50 2   0.0 -30.0     48422100   0   1750      1231050
    45  0 1  94.22 10016.50 2   0.0 -30.0     49564150   0   1700      1142050
    46  0 1  94.92 10018.00 2   0.0 -30.0     50603700   0   1450      1039550
    47  0 1  94.22 10018.00 2   0.0 -30.0     51546200   0   1350       942500
    48  0 1  94.92 10016.50 2   0.0 -30.3     52405250   0   1700       859050
    49  0 1  95.27 10016.50 2   0.0 -30.3     53199600   0   1350       794350
    50  0 1  94.57 10018.00 2   0.0 -30.6     53946000   0   1450       746400
    51  0 1  94.22 10018.00 2   0.0 -30.6     54661550   0   1600       715550
    52  0 1  95.27 10016.50 2   0.0 -31.3     56063650   0   1650      1402100
    53  0 1  95.27 10018.00 2   0.0 -31.6     56780000   0   1700       716350
    54  0 1  94.57 10018.00 2   0.0 -31.9     57524800   0   1500       744800
    55  0 1  94.22 10018.00 2   0.0 -32.5     58313950   0   1550       789150
    56  0 1  94.57 10018.00 2   0.0 -32.8     59162200   0   1700       848250
    57  0 1  94.22 10018.00 2   0.0 -33.4     60083250   0   1350       921050
    58  0 1  94.22 10018.00 2   0.0 -33.8     61090150   0   1400      1006900
    59  0 1  95.62 10016.50 2   0.0 -34.4     62189850   0   1800      1099700
    60  0 1  95.62 10018.00 2   0.0 -35.0     63379400   0   1750      1189550
    61  0 1  94.92 10018.00 2   0.0 -36.3     65937600   0   1450      2558200
    62  0 1  94.57 10016.50 2   0.0 -36.9     67224700   0   1750      1287100
    63  0 1  95.62 10016.50 2   0.0 -37.5     68453950   0   1400      1229250
    64  0 1  94.57 10016.50 2   0.0 -38.4     69594350   0   1800      1140400
    65  0 1  95.62 10018.00 2   0.0 -39.1     70632400   0   1750      1038050
    66  0 1  95.27 10018.00 2   0.0 -40.0     71571950   0   1500       939550
    67  0 1  95.62 10018.00 2   0.0 -40.9     72428650   0   1350       856700
    68  0 1  95.62 10018.00 2   0.0 -41.6     73220850   0   1800       792200
    69  0 1  94.22 10016.50 2   0.0 -42.5     73965650   0   1500       744800
    70  0 1  94.57 10018.00 2   0.0 -44.4     75380950   0   1650      1415300
    71  0 1  95.62 10018.00 2   0.0 -45.6     76083100   0   1700       702150
    72  0 1  95.27 10018.00 2   0.0 -46.6     76800500   0   1750       717400
    73  0 1  95.27 10018.00 2   0.0 -47.5     77546150   0   1450       745650
    74  0 1  94.92 10016.50 2   0.0 -48.4     78336300   0   1400       790150
    75  0 1  94.22 10016.50 2   0.0 -49.7     79186000   0   1600       849700
    76  0 1  95.27 10018.00 2   0.0 -50.6     80110150   0   1650       924150
    77  0 1  94.57 10018.00 2   0.0 -51.9     81120350   0   1400      1010200
    78  0 1  95.62 10016.50 2   0.0 -53.1     82223350   0   1750      1103000
    79  0 1  94.92 10016.50 2   0.0 -55.3     84677450   0   1550      2454100
    80  0 1  95.27 10018.00 2   0.0 -56.6     85975050   0   1800      1297600
    81  0 1  94.22 10018.00 2   0.0 -57.5     87261150   0   1650      1286100
    82  0 1  94.57 10018.00 2   0.0 -58.8     88488100   0   1700      1226950
    83  0 1  94.92 10018.00 2   0.0 -60.0     89624800   0   1650      1136700
    84  0 1  95.62 10018.00 2   0.0 -61.3     90660150   0   1800      1035350
    85  0 1  94.57 10016.50 2   0.0 -62.5     91597950   0   1550       937800
    86  0 1  94.57 10016.50 2   0.0 -63.8     92452700   0   1450       854750
    87  0 1  94.92 10018.00 2   0.0 -65.0     93243700   0   1600       791000
    88  0 1  95.27 10018.00 2   0.0 -67.5     94703100   0   1450      1459400
    89  0 1  95.62 10018.00 2   0.0 -68.8     95404050   0   1400       700950
