    NO  S V  AOA    FREQ    B  FMOP  AMP      TOA      PMOP  PW         dTOA  
------ -- - ------ -------- - ----- ----- ------------ --- ------ ------------
     0  0 1  94.22 10016.50 2   0.0 -70.0            0   0   1750  42949673000
     1  0 1  94.22 10018.00 2   0.0 -68.8      1000150   0   1700      1000150
     2  0 1  95.27 10018.00 2   0.0 -67.5      2092450   0   1350      1092300
     3  0 1  94.57 10016.50 2   0.0 -66.3      3275400   0   1550      1182950
     4  0 1  95.27 10018.00 2   0.0 -65.0      4532350   0   1350      1256950
     5  0 1  95.27 10018.00 2   0.0 -63.8      5828100   0   1600      1295750
     6  0 1  94.22 10018.00 2   0.0 -61.3      8353900   0   1350      2525800
     7  0 1  94.57 10018.00 2   0.0 -60.0      9501450   0   1350      1147550
     8  0 1  95.27 10018.00 2   0.0 -58.8     10547400   0   1600      1045950
     9  0 1  94.22 10018.00 2   0.0 -57.5     11495400   0   1400       948000
    10  0 1  94.92 10018.00 2   0.0 -56.6     12358950   0   1450       863550
    11  0 1  94.92 10018.00 2   0.0 -55.3     13156200   0   1700       797250
    12  0 1  94.22 10018.00 2   0.0 -54.1     13903900   0   1550       747700
    13  0 1  95.27 10016.50 2   0.0 -53.1     14620600   0   1450       716700
    14  0 1  94.92 10018.00 2   0.0 -51.9     15322800   0   1600       702200
    15  0 1  95.27 10018.00 2   0.0 -49.7     16737900   0   1500      1415100
    16  0 1  95.62 10018.00 2   0.0 -48.4     17480500   0   1400       742600
    17  0 1  95.27 10016.50 2   0.0 -47.5     18266500   0   1750       786000
    18  0 1  94.22 10018.00 2   0.0 -46.6     19110400   0   1600       843900
    19  0 1  94.92 10018.00 2   0.0 -45.6     20027450   0   1750       917050
    20  0 1  94.92 10016.50 2   0.0 -44.4     21029500   0   1550      1002050
    21  0 1  94.57 10018.00 2   0.0 -43.4     22124350   0   1450      1094850
    22  0 1  94.57 10018.00 2   0.0 -42.5     23308900   0   1400      1184550
    23  0 1  94.57 10018.00 2   0.0 -41.6     24566700   0   1450      1257800
    24  0 1  95.62 10018.00 2   0.0 -40.0     27152900   0   1750      2586200
    25  0 1  95.62 10016.50 2   0.0 -39.1     28385550   0   1550      1232650
    26  0 1  95.62 10016.50 2   0.0 -38.4     29530950   0   1600      1145400
    27  0 1  95.62 10016.50 2   0.0 -37.5     30575200   0   1700      1044250
    28  0 1  95.27 10016.50 2   0.0 -36.9     31521450   0   1500       946250
    29  0 1  95.27 10018.00 2   0.0 -36.3     32383000   0   1650       861550
    30  0 1  94.22 10018.00 2   0.0 -35.6     33177600   0   1450       794600
    31  0 1  94.57 10018.00 2   0.0 -35.0     33924850   0   1350       747250
    32  0 1  94.22 10018.00 2   0.0 -34.4     34640700   0   1400       715850
    33  0 1  94.22 10018.00 2   0.0 -33.4     36043250   0   1800      1402550
    34  0 1  95.62 10016.50 2   0.0 -32.8     36758500   0   1400       715250
    35  0 1  95.62 10016.50 2   0.0 -32.5     37502600   0   1550       744100
    36  0 1  95.27 10018.00 2   0.0 -31.9     38290500   0   1750       787900
    37  0 1  94.92 10018.00 2   0.0 -31.6     39136450   0   1500       845950
    38  0 1  95.27 10018.00 2   0.0 -31.3     40055200   0   1350       918750
    39  0 1  94.57 10018.00 2   0.0 -30.9     41059800   0   1400      1004600
    40  0 1  95.62 10018.00 2   0.0 -30.6     42157650   0   1450      1097850
    41  0 1  94.92 10018.00 2   0.0 -30.6     43345550   0   1750      1187900
    42  0 1  95.27 10018.00 2   0.0 -30.3     45902050   0   1500      2556500
    43  0 1  94.57 10016.50 2   0.0 -30.0     47190400   0   1750      1288350
    44  0 1  95.27 10016.50 2   0.0 -30.0     48421550   0   1350      1231150
    45  0 1  95.27 10018.00 2   0.0 -30.0     49563600   0   1800      1142050
    46  0 1  95.27 10016.50 2   0.0 -30.0     50604650   0   1800      1041050
    47  0 1  94.92 10018.00 2   0.0 -30.0     51547900   0   1400       943250
    48  0 1  94.57 10018.00 2   0.0 -30.3     52406700   0   1350       858800
    49  0 1  94.57 10018.00 2   0.0 -30.3     53200300   0   1350       793600
    50  0 1  94.57 10016.50 2   0.0 -30.6     53946550   0   1450       746250
    51  0 1  94.22 10016.50 2   0.0 -30.9     55363450   0   1650      1416900
    52  0 1  94.57 10018.00 2   0.0 -31.3     56064700   0   1750       701250
    53  0 1  95.27 10018.00 2   0.0 -31.6     56780850   0   1650       716150
    54  0 1  95.27 10018.00 2   0.0 -31.9     57525650   0   1350       744800
    55  0 1  94.92 10018.00 2   0.0 -32.5     58314200   0   1450       788550
    56  0 1  95.62 10018.00 2   0.0 -32.8     59161950   0   1350       847750
    57  0 1  95.62 10016.50 2   0.0 -33.4     60082750   0   1700       920800
    58  0 1  95.27 10018.00 2   0.0 -33.8     61089500   0   1500      1006750
    59  0 1  95.62 10018.00 2   0.0 -34.4     62189000   0   1400      1099500
    60  0 1  95.62 10018.00 2   0.0 -35.6     64640450   0   1350      2451450
    61  0 1  94.92 10018.00 2   0.0 -36.3     65938150   0   1400      1297700
    62  0 1  95.27 10018.00 2   0.0 -36.9     67225600   0   1550      1287450
    63  0 1  94.57 10018.00 2   0.0 -37.5     68454350   0   1600      1228750
    64  0 1  94.92 10018.00 2   0.0 -38.4     69593950   0   1800      1139600
    65  0 1  95.62 10018.00 2   0.0 -39.1     70632400   0   1600      1038450
    66  0 1  95.27 10016.50 2   0.0 -40.0     71572850   0   1700       940450
    67  0 1  95.27 10018.00 2   0.0 -40.9     72429550   0   1700       856700
    68  0 1  94.57 10018.00 2   0.0 -41.6     73221650   0   1500       792100
    69  0 1  94.57 10018.00 2   0.0 -43.4     74681500   0   1450      1459850
    70  0 1  94.57 10016.50 2   0.0 -44.4     75382450   0   1400       700950
    71  0 1  95.27 10018.00 2   0.0 -45.6     76083950   0   1600       701500
    72  0 1  95.27 10018.00 2   0.0 -46.6     76800450   0   1400       716500
    73  0 1  95.27 10016.50 2   0.0 -47.5     77546200   0   1500       745750
    74  0 1  94.22 10018.00 2   0.0 -48.4     78335800   0   1550       789600
    75  0 1  94.57 10016.50 2   0.0 -49.7     79185300   0   1500       849500
    76  0 1  95.27 10018.00 2   0.0 -50.6     80108800   0   1450       923500
    77  0 1  95.27 10018.00 2   0.0 -51.9     81118400   0   1800      1009600
    78  0 1  94.92 10016.50 2   0.0 -54.1     83413300   0   1600      2294900
    79  0 1  94.22 10016.50 2   0.0 -55.3     84676200   0   1650      1262900
    80  0 1  95.62 10016.50 2   0.0 -56.6     85973900   0   1450      1297700
    81  0 1  94.22 10018.00 2   0.0 -57.5     87260000   0   1800      1286100
    82  0 1  94.22 10018.00 2   0.0 -58.8     88487200   0   1650      1227200
    83  0 1  95.62 10018.00 2   0.0 -60.0     89624200   0   1550      1137000
    84  0 1  94.22 10016.50 2   0.0 -61.3     90659500   0   1500      1035300
    85  0 1  95.62 10018.00 2   0.0 -62.5     91597850   0   1450       938350
    86  0 1  95.27 10018.00 2   0.0 -63.8     92453050   0   1550       855200
    87  0 1  95.27 10018.00 2   0.0 -66.3     93988450   0   1450      1535400
    88  0 1  95.62 10018.00 2   0.0 -67.5     94703750   0   1800       715300
    89  0 1  94.57 10018.00 2   0.0 -68.8     95404900   0   1550       701150
