    NO  S V  AOA    FREQ    B  FMOP  AMP      TOA      PMOP  PW         dTOA  
------ -- - ------ -------- - ----- ----- ------------ --- ------ ------------
     0  0 1  94.22 10016.50 2   0.0 -70.0            0   0   1750  42949673000
     1  0 1  95.62 10018.00 2   0.0 -68.8      1000250   0   1450      1000250
     2  0 1  95.27 10018.00 2   0.0 -67.5      2092150   0   1600      1091900
     3  0 1  94.92 10018.00 2   0.0 -66.3      3274700   0   1800      1182550
     4  0 1  95.27 10018.00 2   0.0 -65.0      4531700   0   1800      1257000
     5  0 1  95.27 10018.00 2   0.0 -63.8      5827350   0   1400      1295650
     6  0 1  94.22 10018.00 2   0.0 -62.5      7116400   0   1350      1289050
     7  0 1  95.62 10018.00 2   0.0 -61.3      8351950   0   1700      1235550
     8  0 1  94.92 10018.00 2   0.0 -60.0      9499550   0   1450      1147600
     9  0 1  95.27 10018.00 2   0.0 -57.5     11494000   0   1550      1994450
    10  0 1  94.92 10018.00 2   0.0 -56.6     12357850   0   1500       863850
    11  0 1  94.92 10018.00 2   0.0 -55.3     13154900   0   1400       797050
    12  0 1  94.92 10016.50 2   0.0 -54.1     13904150   0   1550       749250
    13  0 1  95.27 10018.00 2   0.0 -53.1     14620850   0   1650       716700
    14  0 1  94.92 10018.00 2   0.0 -51.9     15322950   0   1650       702100
    15  0 1  95.27 10016.50 2   0.0 -50.6     16024250   0   1350       701300
    16  0 1  94.22 10016.50 2   0.0 -49.7     16739200   0   1800       714950
    17  0 1  95.27 10016.50 2   0.0 -48.4     17482300   0   1350       743100
    18  0 1  94.92 10018.00 2   0.0 -46.6     19112250   0   1400      1629950
    19  0 1  95.27 10016.50 2   0.0 -45.6     20029300   0   1350       917050
    20  0 1  95.27 10016.50 2   0.0 -44.4     21030900   0   1700      1001600
    21  0 1  94.92 10018.00 2   0.0 -43.4     22126000   0   1400      1095100
    22  0 1  95.27 10018.00 2   0.0 -42.5     23311150   0   1500      1185150
    23  0 1  94.92 10016.50 2   0.0 -41.6     24569200   0   1350      1258050
    24  0 1  94.92 10018.00 2   0.0 -40.9     25866300   0   1600      1297100
    25  0 1  94.57 10018.00 2   0.0 -40.0     27154150   0   1650      1287850
    26  0 1  94.22 10018.00 2   0.0 -39.1     28386800   0   1700      1232650
    27  0 1  94.92 10018.00 2   0.0 -37.5     30574700   0   1550      2187900
    28  0 1  95.27 10016.50 2   0.0 -36.9     31520950   0   1350       946250
    29  0 1  95.27 10018.00 2   0.0 -36.3     32383300   0   1800       862350
    30  0 1  94.22 10018.00 2   0.0 -35.6     33178650   0   1400       795350
    31  0 1  94.22 10018.00 2   0.0 -35.0     33925250   0   1550       746600
    32  0 1  95.62 10018.00 2   0.0 -34.4     34641350   0   1500       716100
    33  0 1  95.27 10018.00 2   0.0 -33.8     35342550   0   1350       701200
    34  0 1  94.57 10018.00 2   0.0 -33.4     36043300   0   1350       700750
    35  0 1  95.62 10018.00 2   0.0 -32.8     36758150   0   1350       714850
    36  0 1  94.22 10016.50 2   0.0 -31.9     38289250   0   1800      1531100
    37  0 1  94.57 10018.00 2   0.0 -31.6     39135700   0   1600       846450
    38  0 1  95.62 10018.00 2   0.0 -31.3     40054800   0   1400       919100
    39  0 1  95.27 10016.50 2   0.0 -30.9     41060250   0   1550      1005450
    40  0 1  94.92 10018.00 2   0.0 -30.6     42157950   0   1450      1097700
    41  0 1  94.22 10016.50 2   0.0 -30.6     43345750   0   1650      1187800
    42  0 1  95.27 10018.00 2   0.0 -30.3     44605950   0   1800      1260200
    43  0 1  95.27 10018.00 2   0.0 -30.3     45902450   0   1700      1296500
    44  0 1  95.27 10018.00 2   0.0 -30.0     47190750   0   1350      1288300
    45  0 1  95.62 10018.00 2   0.0 -30.0     49563000   0   1550      2372250
    46  0 1  95.62 10018.00 2   0.0 -30.0     50604350   0   1350      1041350
    47  0 1  94.92 10016.50 2   0.0 -30.0     51546900   0   1750       942550
    48  0 1  95.62 10018.00 2   0.0 -30.3     52405800   0   1400       858900
    49  0 1  94.22 10018.00 2   0.0 -30.3     53199550   0   1650       793750
    50  0 1  95.62 10018.00 2   0.0 -30.6     53945750   0   1350       746200
    51  0 1  95.62 10018.00 2   0.0 -30.6     54661350   0   1450       715600
    52  0 1  95.62 10018.00 2   0.0 -30.9     55362250   0   1750       700900
    53  0 1  94.22 10018.00 2   0.0 -31.3     56063450   0   1750       701200
    54  0 1  95.62 10016.50 2   0.0 -31.9     57524000   0   1400      1460550
    55  0 1  94.22 10018.00 2   0.0 -32.5     58313000   0   1500       789000
    56  0 1  95.62 10018.00 2   0.0 -32.8     59161400   0   1650       848400
    57  0 1  94.22 10018.00 2   0.0 -33.4     60082800   0   1600       921400
    58  0 1  94.22 10016.50 2   0.0 -33.8     61089450   0   1700      1006650
    59  0 1  94.22 10018.00 2   0.0 -34.4     62189500   0   1700      1100050
    60  0 1  94.22 10018.00 2   0.0 -35.0     63379400   0   1550      1189900
    61  0 1  94.22 10018.00 2   0.0 -35.6     64640050   0   1800      1260650
    62  0 1  94.22 10018.00 2   0.0 -36.3     65938250   0   1400      1298200
    63  0 1  95.62 10018.00 2   0.0 -37.5     68454450   0   1750      2516200
    64  0 1  94.57 10016.50 2   0.0 -38.4     69594400   0   1650      1139950
    65  0 1  95.62 10016.50 2   0.0 -39.1     70632100   0   1450      1037700
    66  0 1  94.57 10016.50 2   0.0 -40.0     71572500   0   1400       940400
    67  0 1  94.92 10016.50 2   0.0 -40.9     72429200   0   1600       856700
    68  0 1  95.27 10018.00 2   0.0 -41.6     73221500   0   1500       792300
    69  0 1  94.92 10018.00 2   0.0 -42.5     73966500   0   1450       745000
    70  0 1  95.27 10018.00 2   0.0 -43.4     74681700   0   1400       715200
    71  0 1  95.27 10018.00 2   0.0 -44.4     75382200   0   1400       700500
    72  0 1  94.92 10018.00 2   0.0 -46.6     76801100   0   1350      1418900
    73  0 1  94.57 10018.00 2   0.0 -47.5     77546700   0   1550       745600
    74  0 1  94.22 10016.50 2   0.0 -48.4     78337250   0   1750       790550
    75  0 1  95.62 10018.00 2   0.0 -49.7     79187500   0   1750       850250
    76  0 1  95.62 10018.00 2   0.0 -50.6     80111650   0   1350       924150
    77  0 1  95.62 10016.50 2   0.0 -51.9     81122000   0   1450      1010350
    78  0 1  95.27 10018.00 2   0.0 -53.1     82224750   0   1550      1102750
    79  0 1  94.57 10018.00 2   0.0 -54.1     83418100   0   1700      1193350
    80  0 1  94.22 10018.00 2   0.0 -55.3     84681000   0   1350      1262900
    81  0 1  94.57 10018.00 2   0.0 -57.5     87264100   0   1500      2583100
    82  0 1  94.22 10016.50 2   0.0 -58.8     88491400   0   1700      1227300
    83  0 1  94.92 10018.00 2   0.0 -60.0     89627050   0   1400      1135650
    84  0 1  94.57 10018.00 2   0.0 -61.3     90661750   0   1600      1034700
    85  0 1  94.92 10018.00 2   0.0 -62.5     91599600   0   1650       937850
    86  0 1  95.62 10018.00 2   0.0 -63.8     92454600   0   1750       855000
    87  0 1  95.62 10018.00 2   0.0 -65.0     93244650   0   1350       790050
    88  0 1  95.27 10018.00 2   0.0 -66.3     93988650   0   1450       744000
    89  0 1  95.27 10018.00 2   0.0 -67.5     94703350   0   1750       714700
