    NO  S V  AOA    FREQ    B  FMOP  AMP      TOA      PMOP  PW         dTOA  
------ -- - ------ -------- - ----- ----- ------------ --- ------ ------------
     0  0 1  95.62 10018.00 2   0.0 -70.0            0   0   1350  42949673000
     1  0 1  94.92 10018.00 2   0.0 -68.8       999700   0   1550       999700
     2  0 1  95.27 10018.00 2   0.0 -67.5      2091750   0   1700      1092050
     3  0 1  94.57 10018.00 2   0.0 -66.3      3274800   0   1350      1183050
     4  0 1  94.22 10018.00 2   0.0 -65.0      4531400   0   1550      1256600
     5  0 1  94.57 10018.00 2   0.0 -63.8      5827250   0   1450      1295850
     6  0 1  94.22 10016.50 2   0.0 -62.5      7116450   0   1600      1289200
     7  0 1  94.57 10016.50 2   0.0 -60.0      9500550   0   1350      2384100
     8  0 1  95.62 10018.00 2   0.0 -58.8     10546600   0   1600      1046050
     9  0 1  95.27 10016.50 2   0.0 -57.5     11494850   0   1750       948250
    10  0 1  95.62 10018.00 2   0.0 -56.6     12358350   0   1600       863500
    11  0 1  95.27 10018.00 2   0.0 -55.3     13155100   0   1450       796750
    12  0 1  95.27 10016.50 2   0.0 -54.1     13903000   0   1800       747900
    13  0 1  94.57 10016.50 2   0.0 -53.1     14619750   0   1800       716750
    14  0 1  95.27 10018.00 2   0.0 -51.9     15321500   0   1600       701750
    15  0 1  95.27 10018.00 2   0.0 -50.6     16022800   0   1700       701300
    16  0 1  94.57 10018.00 2   0.0 -48.4     17480450   0   1650      1457650
    17  0 1  94.22 10018.00 2   0.0 -47.5     18266200   0   1800       785750
    18  0 1  94.22 10016.50 2   0.0 -46.6     19110350   0   1450       844150
    19  0 1  94.57 10016.50 2   0.0 -45.6     20027150   0   1500       916800
    20  0 1  95.62 10016.50 2   0.0 -44.4     21029600   0   1350      1002450
    21  0 1  95.27 10016.50 2   0.0 -43.4     22124750   0   1750      1095150
    22  0 1  94.22 10018.00 2   0.0 -42.5     23310000   0   1450      1185250
    23  0 1  95.27 10016.50 2   0.0 -41.6     24567950   0   1450      1257950
    24  0 1  94.57 10018.00 2   0.0 -40.9     25864650   0   1550      1296700
    25  0 1  94.92 10018.00 2   0.0 -39.1     28385650   0   1650      2521000
    26  0 1  94.57 10018.00 2   0.0 -38.4     29530250   0   1400      1144600
    27  0 1  94.22 10016.50 2   0.0 -37.5     30574700   0   1450      1044450
    28  0 1  95.27 10018.00 2   0.0 -36.9     31521050   0   1750       946350
    29  0 1  95.27 10016.50 2   0.0 -36.3     32383150   0   1450       862100
    30  0 1  95.27 10018.00 2   0.0 -35.6     33178100   0   1600       794950
    31  0 1  95.62 10018.00 2   0.0 -35.0     33925050   0   1750       746950
    32  0 1  95.62 10018.00 2   0.0 -34.4     34640700   0   1600       715650
    33  0 1  95.62 10018.00 2   0.0 -33.8     35341600   0   1550       700900
    34  0 1  94.92 10018.00 2   0.0 -32.8     36757300   0   1500      1415700
    35  0 1  94.57 10018.00 2   0.0 -32.5     37501600   0   1750       744300
    36  0 1  95.62 10018.00 2   0.0 -31.9     38288150   0   1600       786550
    37  0 1  94.92 10018.00 2   0.0 -31.6     39133800   0   1500       845650
    38  0 1  95.62 10016.50 2   0.0 -31.3     40052500   0   1350       918700
    39  0 1  94.57 10016.50 2   0.0 -30.9     41056750   0   1450      1004250
    40  0 1  94.92 10018.00 2   0.0 -30.6     42153400   0   1350      1096650
    41  0 1  95.27 10018.00 2   0.0 -30.6     43340500   0   1400      1187100
    42  0 1  95.62 10018.00 2   0.0 -30.3     44600400   0   1600      1259900
    43  0 1  95.27 10018.00 2   0.0 -30.0     47185750   0   1500      2585350
    44  0 1  95.27 10016.50 2   0.0 -30.0     48417600   0   1450      1231850
    45  0 1  94.22 10018.00 2   0.0 -30.0     49560850   0   1600      1143250
    46  0 1  95.62 10016.50 2   0.0 -30.0     50601700   0   1600      1040850
    47  0 1  95.62 10016.50 2   0.0 -30.0     51544500   0   1500       942800
    48  0 1  95.62 10018.00 2   0.0 -30.3     52404650   0   1450       860150
    49  0 1  94.57 10018.00 2   0.0 -30.3     53198400   0   1550       793750
    50  0 1  94.57 10018.00 2   0.0 -30.6     53944250   0   1600       745850
    51  0 1  94.92 10018.00 2   0.0 -30.6     54660400   0   1700       716150
    52  0 1  95.62 10016.50 2   0.0 -31.3     56062600   0   1450      1402200
    53  0 1  94.22 10018.00 2   0.0 -31.6     56778700   0   1500       716100
    54  0 1  94.57 10018.00 2   0.0 -31.9     57523300   0   1600       744600
    55  0 1  95.62 10016.50 2   0.0 -32.5     58311850   0   1750       788550
    56  0 1  94.92 10018.00 2   0.0 -32.8     59159600   0   1500       847750
    57  0 1  94.57 10018.00 2   0.0 -33.4     60081000   0   1700       921400
    58  0 1  95.62 10018.00 2   0.0 -33.8     61087950   0   1450      1006950
    59  0 1  94.57 10018.00 2   0.0 -34.4     62187800   0   1800      1099850
    60  0 1  95.62 10016.50 2   0.0 -35.0     63377700   0   1700      1189900
    61  0 1  94.22 10016.50 2   0.0 -36.3     65936050   0   1400      2558350
    62  0 1  95.27 10018.00 2   0.0 -36.9     67223450   0   1700      1287400
    63  0 1  95.62 10018.00 2   0.0 -37.5     68452900   0   1650      1229450
    64  0 1  94.92 10018.00 2   0.0 -38.4     69593050   0   1450      1140150
    65  0 1  95.62 10018.00 2   0.0 -39.1     70631400   0   1600      1038350
    66  0 1  94.92 10018.00 2   0.0 -40.0     71571500   0   1750       940100
    67  0 1  94.22 10018.00 2   0.0 -40.9     72428350   0   1600       856850
    68  0 1  95.27 10016.50 2   0.0 -41.6     73220000   0   1400       791650
    69  0 1  94.92 10016.50 2   0.0 -42.5     73964750   0   1500       744750
    70  0 1  95.62 10016.50 2   0.0 -44.4     75380200   0   1450      1415450
    71  0 1  94.22 10018.00 2   0.0 -45.6     76082300   0   1400       702100
    72  0 1  94.57 10016.50 2   0.0 -46.6     76799350   0   1750       717050
    73  0 1  94.92 10018.00 2   0.0 -47.5     77545400   0   1400       746050
    74  0 1  94.57 10018.00 2   0.0 -48.4     78335350   0   1450       789950
    75  0 1  95.27 10018.00 2   0.0 -49.7     79185000   0   1750       849650
    76  0 1  94.57 10018.00 2   0.0 -50.6     80109050   0   1650       924050
    77  0 1  95.27 10018.00 2   0.0 -51.9     81118600   0   1550      1009550
    78  0 1  95.27 10018.00 2   0.0 -53.1     82221900   0   1650      1103300
    79  0 1  94.92 10016.50 2   0.0 -55.3     84676450   0   1650      2454550
    80  0 1  95.27 10018.00 2   0.0 -56.6     85974350   0   1800      1297900
    81  0 1  94.92 10016.50 2   0.0 -57.5     87260500   0   1400      1286150
    82  0 1  94.22 10018.00 2   0.0 -58.8     88487700   0   1700      1227200
    83  0 1  94.92 10016.50 2   0.0 -60.0     89624750   0   1400      1137050
    84  0 1  95.62 10018.00 2   0.0 -61.3     90659650   0   1750      1034900
    85  0 1  94.57 10016.50 2   0.0 -62.5     91598100   0   1550       938450
    86  0 1  95.27 10018.00 2   0.0 -63.8     92453400   0   1700       855300
    87  0 1  95.62 10016.50 2   0.0 -65.0     93243450   0   1400       790050
    88  0 1  94.22 10016.50 2   0.0 -67.5     94702550   0   1500      1459100
    89  0 1  95.62 10016.50 2   0.0 -68.8     95403500   0   1600       700950
