    NO  S V  AOA    FREQ    B  FMOP  AMP      TOA      PMOP  PW         dTOA  
------ -- - ------ -------- - ----- ----- ------------ --- ------ ------------
     0  0 1 199.69  5300.00 1   0.0 -65.9       532850   0   4000  42950205850
     1  0 1 199.69  5298.75 1   0.0 -61.6      1026600   0   3950       493750
     2  0 1 199.69  5300.00 1   0.0 -57.5      1555700   0   3950       529100
     3  0 1 199.69  5298.75 1   0.0 -53.8      2054700   0   4000       499000
     4  0 1 199.69  5300.00 1   0.0 -50.0      2575800   0   3950       521100
     5  0 1 199.69  5300.00 1   0.0 -46.6      3089850   0   4000       514050
     6  0 1 199.69  5300.00 1   0.0 -43.1      3547250   0   4000       457400
     7  0 1 199.69  5400.00 1   0.0 -40.3      4069050   0   4000       521800
     8  0 1 199.69  5400.00 1   0.0 -37.5      4541250   0   4000       472200
     9  0 1 199.69  5398.75 1   0.0 -33.4      5467200   0   4000       925950
    10  0 1 199.69  5400.00 1   0.0 -31.9      5983000   0   4000       515800
    11  0 1 199.69  5400.00 1   0.0 -30.9      6453000   0   3950       470000
    12  0 1 199.69  5400.00 1   0.0 -30.3      6991450   0   3950       538450
    13  0 1 199.69  5400.00 1   0.0 -30.0      7510600   0   4000       519150
    14  0 1 199.69  5500.00 1   0.0 -30.3      7980100   0   4000       469500
    15  0 1 199.69  5500.00 1   0.0 -30.9      8516800   0   3950       536700
    16  0 1 199.69  5500.00 1   0.0 -31.9      9025650   0   3950       508850
    17  0 1 199.69  5500.00 1   0.0 -33.4      9528700   0   4000       503050
    18  0 1 199.69  5498.75 1   0.0 -37.5     10587850   0   4000      1059150
    19  0 1 199.69  5500.00 1   0.0 -40.3     11048350   0   4000       460500
    20  0 1 199.69  5500.00 1   0.0 -43.1     11538250   0   3950       489900
    21  0 1 199.69  5598.75 1   0.0 -46.6     12036800   0   3950       498550
    22  0 1 199.69  5598.75 1   0.0 -50.0     12574350   0   3950       537550
    23  0 1 199.69  5600.00 1   0.0 -53.8     13026950   0   3950       452600
    24  0 1 199.69  5598.75 1   0.0 -57.5     13527650   0   4000       500700
    25  0 1 199.69  5600.00 1   0.0 -61.6     14001200   0   3950       473550
    26  0 1 199.69  5600.00 1   0.0 -65.9     14521000   0   3950       519800
    27  0 1 199.69  5600.00 1   0.0 -65.9   1014774650   0   4000   1000253650
    28  0 1 199.69  5698.75 1   0.0 -61.6   1015242100   0   4000       467450
    29  0 1 199.69  5700.00 1   0.0 -57.5   1015722250   0   4000       480150
    30  0 1 199.69  5700.00 1   0.0 -53.8   1016231400   0   4000       509150
    31  0 1 199.69  5698.75 1   0.0 -50.0   1016747600   0   3950       516200
    32  0 1 199.69  5700.00 1   0.0 -46.6   1017278900   0   4000       531300
    33  0 1 199.69  5698.75 1   0.0 -43.1   1017797800   0   4000       518900
    34  0 1 199.69  5698.75 1   0.0 -40.3   1018248900   0   3950       451100
    35  0 1 199.69  5700.00 1   0.0 -37.5   1018774500   0   4000       525600
    36  0 1 199.69  5800.00 1   0.0 -33.4   1019763300   0   4000       988800
    37  0 1 199.69  5800.00 1   0.0 -31.9   1020273450   0   3950       510150
    38  0 1 199.69  5798.75 1   0.0 -30.9   1020798600   0   3950       525150
    39  0 1 199.69  5800.00 1   0.0 -30.3   1021284700   0   4000       486100
    40  0 1 199.69  5800.00 1   0.0 -30.0   1021790500   0   4000       505800
    41  0 1 199.69  5800.00 1   0.0 -30.3   1022322400   0   3950       531900
    42  0 1 199.69  5800.00 1   0.0 -30.9   1022795350   0   3950       472950
    43  0 1 199.69  5200.00 1   0.0 -31.9   1023300950   0   4000       505600
    44  0 1 199.69  5200.00 1   0.0 -33.4   1023770550   0   4000       469600
    45  0 1 199.69  5198.75 1   0.0 -37.5   1024741450   0   4000       970900
    46  0 1 199.69  5200.00 1   0.0 -40.3   1025262700   0   4000       521250
    47  0 1 199.69  5200.00 1   0.0 -43.1   1025794150   0   3950       531450
    48  0 1 199.69  5200.00 1   0.0 -46.6   1026306700   0   4000       512550
    49  0 1 199.69  5200.00 1   0.0 -50.0   1026788650   0   3950       481950
    50  0 1 199.69  5300.00 1   0.0 -53.8   1027293300   0   3950       504650
    51  0 1 199.69  5300.00 1   0.0 -57.5   1027761000   0   4000       467700
    52  0 1 199.69  5300.00 1   0.0 -61.6   1028263700   0   4000       502700
    53  0 1 199.69  5300.00 1   0.0 -65.9   1028718550   0   4000       454850
    54  0 1 199.69  5300.00 1   0.0 -65.9   2028976850   0   3950   1000258300
    55  0 1 199.69  5298.75 1   0.0 -61.6   2029497600   0   4000       520750
    56  0 1 199.69  5300.00 1   0.0 -57.5   2030032550   0   3950       534950
    57  0 1 199.69  5400.00 1   0.0 -53.8   2030559350   0   3950       526800
    58  0 1 199.69  5398.75 1   0.0 -50.0   2031098650   0   4000       539300
    59  0 1 199.69  5398.75 1   0.0 -46.6   2031585100   0   3950       486450
    60  0 1 199.69  5400.00 1   0.0 -43.1   2032097850   0   3950       512750
    61  0 1 199.69  5400.00 1   0.0 -40.3   2032555700   0   4000       457850
    62  0 1 199.69  5400.00 1   0.0 -37.5   2033077050   0   3950       521350
