    NO  S V  AOA    FREQ    B  FMOP  AMP      TOA      PMOP  PW         dTOA  
------ -- - ------ -------- - ----- ----- ------------ --- ------ ------------
     0  0 1 199.69  5298.75 1   0.0 -70.0            0   0   4000  42949673000
     1  0 1 199.69  5300.00 1   0.0 -65.9       473700   0   3950       473700
     2  0 1 199.69  5300.00 1   0.0 -61.6       996000   0   3950       522300
     3  0 1 199.69  5300.00 1   0.0 -57.5      1446450   0   4000       450450
     4  0 1 199.69  5300.00 1   0.0 -53.8      1941100   0   4000       494650
     5  0 1 199.69  5298.75 1   0.0 -50.0      2424350   0   4000       483250
     6  0 1 199.69  5300.00 1   0.0 -46.6      2970950   0   4000       546600
     7  0 1 199.69  5300.00 1   0.0 -43.1      3422450   0   4000       451500
     8  0 1 199.69  5398.75 1   0.0 -40.3      3955350   0   3950       532900
     9  0 1 199.69  5400.00 1   0.0 -35.3      4887050   0   4000       931700
    10  0 1 199.69  5398.75 1   0.0 -33.4      5432150   0   3950       545100
    11  0 1 199.69  5400.00 1   0.0 -31.9      5911250   0   3950       479100
    12  0 1 199.69  5400.00 1   0.0 -30.9      6459350   0   3950       548100
    13  0 1 199.69  5400.00 1   0.0 -30.3      6960400   0   4000       501050
    14  0 1 199.69  5400.00 1   0.0 -30.0      7457300   0   3950       496900
    15  0 1 199.69  5500.00 1   0.0 -30.3      7963550   0   3950       506250
    16  0 1 199.69  5498.75 1   0.0 -30.9      8485700   0   3950       522150
    17  0 1 199.69  5498.75 1   0.0 -31.9      8984600   0   3950       498900
    18  0 1 199.69  5500.00 1   0.0 -35.3      9949050   0   3950       964450
    19  0 1 199.69  5500.00 1   0.0 -37.5     10477800   0   4000       528750
    20  0 1 199.69  5498.75 1   0.0 -40.3     11018700   0   4000       540900
    21  0 1 199.69  5500.00 1   0.0 -43.1     11497350   0   4000       478650
    22  0 1 199.69  5600.00 1   0.0 -46.6     11999100   0   3950       501750
    23  0 1 199.69  5600.00 1   0.0 -50.0     12521150   0   4000       522050
    24  0 1 199.69  5600.00 1   0.0 -53.8     13033450   0   4000       512300
    25  0 1 199.69  5600.00 1   0.0 -57.5     13575450   0   4000       542000
    26  0 1 199.69  5600.00 1   0.0 -61.6     14094400   0   3950       518950
    27  0 1 199.69  5600.00 1   0.0 -70.0   1014368000   0   4000   1000273600
    28  0 1 199.69  5600.00 1   0.0 -65.9   1014894850   0   3950       526850
    29  0 1 199.69  5700.00 1   0.0 -61.6   1015430200   0   3950       535350
    30  0 1 199.69  5700.00 1   0.0 -57.5   1015940700   0   3950       510500
    31  0 1 199.69  5698.75 1   0.0 -53.8   1016451500   0   3950       510800
    32  0 1 199.69  5700.00 1   0.0 -50.0   1016998800   0   4000       547300
    33  0 1 199.69  5700.00 1   0.0 -46.6   1017496000   0   4000       497200
    34  0 1 199.69  5700.00 1   0.0 -43.1   1017988000   0   4000       492000
    35  0 1 199.69  5698.75 1   0.0 -40.3   1018482350   0   4000       494350
    36  0 1 199.69  5798.75 1   0.0 -35.3   1019430350   0   4000       948000
    37  0 1 199.69  5800.00 1   0.0 -33.4   1019953100   0   4000       522750
    38  0 1 199.69  5800.00 1   0.0 -31.9   1020472200   0   4000       519100
    39  0 1 199.69  5800.00 1   0.0 -30.9   1020934850   0   4000       462650
    40  0 1 199.69  5800.00 1   0.0 -30.3   1021450400   0   3950       515550
    41  0 1 199.69  5800.00 1   0.0 -30.0   1021927600   0   4000       477200
    42  0 1 199.69  5798.75 1   0.0 -30.3   1022452300   0   3950       524700
    43  0 1 199.69  5800.00 1   0.0 -30.9   1022916950   0   4000       464650
    44  0 1 199.69  5200.00 1   0.0 -31.9   1023391950   0   4000       475000
    45  0 1 199.69  5198.75 1   0.0 -35.3   1024479750   0   3950      1087800
    46  0 1 199.69  5200.00 1   0.0 -37.5   1024973050   0   3950       493300
    47  0 1 199.69  5200.00 1   0.0 -40.3   1025480100   0   4000       507050
    48  0 1 199.69  5200.00 1   0.0 -43.1   1026004100   0   3950       524000
    49  0 1 199.69  5198.75 1   0.0 -46.6   1026460950   0   4000       456850
    50  0 1 199.69  5198.75 1   0.0 -50.0   1026932050   0   3950       471100
    51  0 1 199.69  5300.00 1   0.0 -53.8   1027471250   0   4000       539200
    52  0 1 199.69  5298.75 1   0.0 -57.5   1027997250   0   3950       526000
    53  0 1 199.69  5298.75 1   0.0 -61.6   1028493800   0   4000       496550
    54  0 1 199.69  5300.00 1   0.0 -70.0   2028710650   0   4000   1000216850
    55  0 1 199.69  5300.00 1   0.0 -65.9   2029182800   0   3950       472150
    56  0 1 199.69  5300.00 1   0.0 -61.6   2029701700   0   3950       518900
    57  0 1 199.69  5298.75 1   0.0 -57.5   2030227100   0   3950       525400
    58  0 1 199.69  5400.00 1   0.0 -53.8   2030736450   0   4000       509350
    59  0 1 199.69  5400.00 1   0.0 -50.0   2031240850   0   3950       504400
    60  0 1 199.69  5400.00 1   0.0 -46.6   2031748200   0   3950       507350
    61  0 1 199.69  5400.00 1   0.0 -43.1   2032204800   0   3950       456600
    62  0 1 199.69  5400.00 1   0.0 -40.3   2032664200   0   4000       459400
