    NO  S V  AOA    FREQ    B  FMOP  AMP      TOA      PMOP  PW         dTOA  
------ -- - ------ -------- - ----- ----- ------------ --- ------ ------------
     0  0 1  94.22 10003.00 2   0.0 -70.0            0   0   1550  42949673000
     1  0 1  95.62 10009.00 2   0.0 -68.8      2028900   0   1250      2028900
     2  0 1  94.57 10010.50 2   0.0 -68.1      2953450   0   1500       924550
     3  0 1  95.27 10013.50 2   0.0 -67.5      3938900   0   1500       985450
     4  0 1  95.62 10018.00 2   0.0 -66.9      4943250   0   1250      1004350
     5  0 1  95.27 10021.00 2   0.0 -66.3      5894900   0   1600       951650
     6  0 1  95.62 10024.00 2   0.0 -65.6      7041950   0   1150      1147050
     7  0 1  95.62 10027.00 2   0.0 -65.0      7988450   0   1250       946500
     8  0 1  94.22 10028.50 2   0.0 -64.4      8961500   0   1400       973050
     9  0 1  95.27 10033.00 2   0.0 -63.8      9955900   0   1400       994400
    10  0 1  94.57 10039.00 2   0.0 -62.5     11855650   0   1150      1899750
    11  0 1  94.57 10042.00 2   0.0 -61.9     12903250   0   1300      1047600
    12  0 1  94.22 10043.50 2   0.0 -61.3     13916950   0   1150      1013700
    13  0 1  95.62 10046.50 2   0.0 -60.6     15062150   0   1500      1145200
    14  0 1  94.92 10049.50 2   0.0 -60.0     15912100   0   1550       849950
    15  0 1  95.27 10052.50 2   0.0 -59.4     16807600   0   1250       895500
    16  0 1  95.62 10057.00 2   0.0 -58.8     17869400   0   1250      1061800
    17  0 1  94.57 10058.50 2   0.0 -58.1     18849400   0   1450       980000
    18  0 1  94.92 10061.50 2   0.0 -57.5     19773700   0   1150       924300
    19  0 1  94.92 10069.00 2   0.0 -56.6     21973350   0   1300      2199650
    20  0 1  94.22 10072.00 2   0.0 -55.9     22822900   0   1200       849550
    21  0 1  94.92 10075.00 2   0.0 -55.3     23822800   0   1500       999900
    22  0 1  94.92 10078.00 2   0.0 -54.7     24804800   0   1300       982000
    23  0 1  94.92 10079.50 2   0.0 -54.1     25939100   0   1450      1134300
    24  0 1  94.22 10084.00 2   0.0 -53.4     27006050   0   1500      1066950
    25  0 1  95.27 10087.00 2   0.0 -53.1     27899850   0   1500       893800
    26  0 1  94.92 10090.00 2   0.0 -52.5     28886450   0   1450       986600
    27  0 1  94.92  9911.50 2   0.0 -51.9     29999600   0   1500      1113150
    28  0 1  94.22  9919.00 2   0.0 -50.6     31974250   0   1500      1974650
    29  0 1  95.62  9920.50 2   0.0 -50.3     32849100   0   1150       874850
    30  0 1  95.62  9923.50 2   0.0 -49.7     33972300   0   1300      1123200
    31  0 1  94.57  9928.00 2   0.0 -49.1     34851450   0   1450       879150
    32  0 1  94.22  9931.00 2   0.0 -48.4     35760700   0   1450       909250
    33  0 1  95.27  9934.00 2   0.0 -48.1     36872800   0   1150      1112100
    34  0 1  94.57  9935.50 2   0.0 -47.5     38001700   0   1450      1128900
    35  0 1  94.22  9940.00 2   0.0 -46.9     39031250   0   1550      1029550
    36  0 1  95.27  9941.50 2   0.0 -46.6     40021800   0   1200       990550
    37  0 1  94.22  9947.50 2   0.0 -45.6     41935550   0   1150      1913750
    38  0 1  94.22  9950.50 2   0.0 -45.0     43021400   0   1500      1085850
    39  0 1  94.22  9955.00 2   0.0 -44.4     43992300   0   1350       970900
    40  0 1  95.62  9956.50 2   0.0 -44.1     45086300   0   1250      1094000
    41  0 1  94.57  9961.00 2   0.0 -43.4     46055200   0   1300       968900
    42  0 1  94.92  9962.50 2   0.0 -43.1     47183350   0   1150      1128150
    43  0 1  94.22  9965.50 2   0.0 -42.5     48109550   0   1550       926200
    44  0 1  95.27  9970.00 2   0.0 -42.2     49209850   0   1350      1100300
    45  0 1  94.92  9971.50 2   0.0 -41.6     50208400   0   1350       998550
    46  0 1  94.92  9979.00 2   0.0 -40.9     52134250   0   1450      1925850
    47  0 1  94.57  9980.50 2   0.0 -40.3     53263300   0   1150      1129050
    48  0 1  95.27  9985.00 2   0.0 -40.0     54405800   0   1450      1142500
    49  0 1  95.27  9988.00 2   0.0 -39.7     55445150   0   1150      1039350
    50  0 1  94.92  9991.00 2   0.0 -39.1     56398400   0   1600       953250
    51  0 1  95.27  9994.00 2   0.0 -38.8     57255950   0   1600       857550
    52  0 1  94.57  9995.50 2   0.0 -38.4     58198500   0   1150       942550
    53  0 1  94.92 10000.00 2   0.0 -38.1     59266400   0   1200      1067900
    54  0 1  94.22 10003.00 2   0.0 -37.5     60413550   0   1250      1147150
    55  0 1  95.62 10009.00 2   0.0 -36.9     62451500   0   1500      2037950
    56  0 1  95.62 10012.00 2   0.0 -36.6     63538600   0   1200      1087100
    57  0 1  94.92 10013.50 2   0.0 -36.3     64656850   0   1250      1118250
    58  0 1  95.27 10018.00 2   0.0 -35.9     65798200   0   1150      1141350
    59  0 1  94.22 10021.00 2   0.0 -35.6     66726350   0   1550       928150
    60  0 1  94.22 10024.00 2   0.0 -35.3     67599900   0   1400       873550
    61  0 1  94.92 10025.50 2   0.0 -35.0     68636150   0   1200      1036250
    62  0 1  94.22 10030.00 2   0.0 -34.7     69721000   0   1300      1084850
    63  0 1  94.22 10033.00 2   0.0 -34.4     70725000   0   1450      1004000
    64  0 1  95.62 10039.00 2   0.0 -33.8     72905300   0   1150      2180300
    65  0 1  94.22 10042.00 2   0.0 -33.4     74036300   0   1250      1131000
    66  0 1  94.22 10045.00 2   0.0 -33.4     74966750   0   1250       930450
    67  0 1  94.57 10046.50 2   0.0 -33.1     75961150   0   1150       994400
    68  0 1  95.62 10051.00 2   0.0 -32.8     76816950   0   1350       855800
    69  0 1  94.22 10054.00 2   0.0 -32.5     77881000   0   1600      1064050
    70  0 1  95.27 10055.50 2   0.0 -32.5     78932250   0   1200      1051250
    71  0 1  94.92 10060.00 2   0.0 -32.2     79793750   0   1400       861500
    72  0 1  94.22 10063.00 2   0.0 -31.9     80724950   0   1450       931200
    73  0 1  94.57 10067.50 2   0.0 -31.6     82569050   0   1250      1844100
    74  0 1  95.27 10072.00 2   0.0 -31.6     83593800   0   1450      1024750
    75  0 1  94.22 10075.00 2   0.0 -31.3     84529950   0   1300       936150
    76  0 1  94.57 10078.00 2   0.0 -31.3     85634800   0   1600      1104850
    77  0 1  94.92 10079.50 2   0.0 -30.9     86775850   0   1450      1141050
    78  0 1  94.57 10082.50 2   0.0 -30.9     87696950   0   1500       921100
    79  0 1  94.22 10087.00 2   0.0 -30.6     88633800   0   1450       936850
    80  0 1  95.62 10090.00 2   0.0 -30.6     89614150   0   1500       980350
    81  0 1  95.27  9911.50 2   0.0 -30.6     90485500   0   1150       871350
    82  0 1  95.62  9917.50 2   0.0 -30.3     92474400   0   1250      1988900
    83  0 1  95.62  9922.00 2   0.0 -30.3     93602850   0   1450      1128450
    84  0 1  95.27  9925.00 2   0.0 -30.3     94594200   0   1200       991350
    85  0 1  95.62  9926.50 2   0.0 -30.0     95730050   0   1300      1135850
    86  0 1  94.22  9931.00 2   0.0 -30.0     96743800   0   1200      1013750
    87  0 1  94.22  9934.00 2   0.0 -30.0     97639600   0   1150       895800
    88  0 1  94.22  9937.00 2   0.0 -30.0     98557500   0   1250       917900
    89  0 1  95.27  9940.00 2   0.0 -30.0     99611800   0   1550      1054300
    90  0 1  95.62  9943.00 2   0.0 -30.0    100605250   0   1600       993450
    91  0 1  94.57  9947.50 2   0.0 -30.0    102863400   0   1250      2258150
    92  0 1  95.27  9952.00 2   0.0 -30.0    103768150   0   1550       904750
    93  0 1  94.57  9955.00 2   0.0 -30.0    104905450   0   1200      1137300
    94  0 1  94.22  9958.00 2   0.0 -30.0    105959450   0   1300      1054000
    95  0 1  95.62  9961.00 2   0.0 -30.3    106826150   0   1350       866700
    96  0 1  94.92  9964.00 2   0.0 -30.3    107830300   0   1550      1004150
    97  0 1  94.22  9965.50 2   0.0 -30.3    108959550   0   1550      1129250
    98  0 1  94.92  9968.50 2   0.0 -30.3    109848400   0   1450       888850
    99  0 1  95.62  9973.00 2   0.0 -30.6    110888550   0   1400      1040150
   100  0 1  95.27  9979.00 2   0.0 -30.6    112998650   0   1250      2110100
   101  0 1  94.57  9980.50 2   0.0 -30.9    113870400   0   1400       871750
   102  0 1  95.27  9985.00 2   0.0 -30.9    114759550   0   1250       889150
   103  0 1  94.57  9988.00 2   0.0 -31.3    115843150   0   1200      1083600
   104  0 1  94.22  9991.00 2   0.0 -31.3    116747850   0   1300       904700
   105  0 1  94.22  9994.00 2   0.0 -31.6    117875700   0   1350      1127850
   106  0 1  95.27  9997.00 2   0.0 -31.6    118755300   0   1250       879600
   107  0 1  94.57  9998.50 2   0.0 -31.9    119717300   0   1400       962000
   108  0 1  95.62 10003.00 2   0.0 -31.9    120572850   0   1350       855550
   109  0 1  94.57 10007.50 2   0.0 -32.5    122421650   0   1300      1848800
   110  0 1  95.27 10012.00 2   0.0 -32.5    123516750   0   1450      1095100
   111  0 1  95.62 10015.00 2   0.0 -32.8    124404850   0   1600       888100
   112  0 1  94.22 10018.00 2   0.0 -33.1    125310550   0   1250       905700
   113  0 1  95.62 10021.00 2   0.0 -33.4    126414500   0   1350      1103950
   114  0 1  95.27 10024.00 2   0.0 -33.4    127559300   0   1550      1144800
   115  0 1  95.62 10027.00 2   0.0 -33.8    128613000   0   1200      1053700
   116  0 1  94.92 10028.50 2   0.0 -34.1    129661050   0   1300      1048050
   117  0 1  94.92 10031.50 2   0.0 -34.4    130552900   0   1300       891850
   118  0 1  94.92 10037.50 2   0.0 -35.0    132620850   0   1200      2067950
   119  0 1  94.57 10040.50 2   0.0 -35.3    133595850   0   1550       975000
   120  0 1  94.22 10043.50 2   0.0 -35.6    134707300   0   1400      1111450
   121  0 1  95.27 10046.50 2   0.0 -35.9    135727950   0   1550      1020650
   122  0 1  95.27 10051.00 2   0.0 -36.3    136843700   0   1550      1115750
   123  0 1  94.92 10054.00 2   0.0 -36.6    137978100   0   1350      1134400
   124  0 1  94.57 10057.00 2   0.0 -36.9    139123950   0   1250      1145850
   125  0 1  94.57 10060.00 2   0.0 -37.2    140193850   0   1450      1069900
   126  0 1  95.27 10063.00 2   0.0 -37.5    141280450   0   1150      1086600
   127  0 1  94.57 10069.00 2   0.0 -38.4    143309550   0   1550      2029100
   128  0 1  95.27 10072.00 2   0.0 -38.8    144363500   0   1450      1053950
   129  0 1  94.22 10073.50 2   0.0 -39.1    145370600   0   1600      1007100
   130  0 1  94.92 10078.00 2   0.0 -39.7    146495200   0   1250      1124600
   131  0 1  95.62 10081.00 2   0.0 -40.0    147605200   0   1150      1110000
   132  0 1  94.57 10084.00 2   0.0 -40.3    148461250   0   1200       856050
   133  0 1  94.57 10087.00 2   0.0 -40.9    149603150   0   1450      1141900
   134  0 1  95.27 10090.00 2   0.0 -41.3    150505650   0   1200       902500
   135  0 1  95.62  9913.00 2   0.0 -41.6    151649300   0   1450      1143650
   136  0 1  94.22  9919.00 2   0.0 -42.5    153781950   0   1300      2132650
   137  0 1  94.57  9922.00 2   0.0 -43.1    154666050   0   1550       884100
   138  0 1  94.92  9925.00 2   0.0 -43.4    155797000   0   1150      1130950
   139  0 1  95.27  9928.00 2   0.0 -44.1    156726150   0   1200       929150
   140  0 1  95.62  9929.50 2   0.0 -44.4    157657600   0   1150       931450
   141  0 1  95.62  9932.50 2   0.0 -45.0    158640100   0   1600       982500
   142  0 1  94.92  9937.00 2   0.0 -45.6    159616600   0   1200       976500
   143  0 1  94.57  9940.00 2   0.0 -45.9    160482200   0   1350       865600
   144  0 1  94.57  9941.50 2   0.0 -46.6    161422950   0   1150       940750
   145  0 1  95.62  9949.00 2   0.0 -47.5    163588300   0   1350      2165350
   146  0 1  94.92  9952.00 2   0.0 -48.1    164485450   0   1500       897150
   147  0 1  95.62  9955.00 2   0.0 -48.4    165389550   0   1600       904100
   148  0 1  94.92  9958.00 2   0.0 -49.1    166529100   0   1450      1139550
   149  0 1  94.92  9959.50 2   0.0 -49.7    167614350   0   1350      1085250
   150  0 1  94.92  9964.00 2   0.0 -50.3    168465000   0   1300       850650
   151  0 1  94.22  9967.00 2   0.0 -50.6    169602700   0   1150      1137700
   152  0 1  94.92  9970.00 2   0.0 -51.3    170703350   0   1250      1100650
   153  0 1  94.22  9973.00 2   0.0 -51.9    171738250   0   1150      1034900
   154  0 1  94.57  9979.00 2   0.0 -53.1    173832500   0   1400      2094250
   155  0 1  94.22  9982.00 2   0.0 -53.4    174753400   0   1400       920900
   156  0 1  95.62  9985.00 2   0.0 -54.1    175852150   0   1400      1098750
   157  0 1  94.22  9986.50 2   0.0 -54.7    176732350   0   1250       880200
   158  0 1  94.22  9991.00 2   0.0 -55.3    177741200   0   1200      1008850
   159  0 1  94.57  9992.50 2   0.0 -55.9    178774200   0   1250      1033000
   160  0 1  95.62  9997.00 2   0.0 -56.6    179664300   0   1550       890100
   161  0 1  94.22  9998.50 2   0.0 -57.2    180593150   0   1150       928850
   162  0 1  94.22 10003.00 2   0.0 -57.5    181553650   0   1500       960500
   163  0 1  94.92 10009.00 2   0.0 -58.8    183422050   0   1600      1868400
   164  0 1  94.92 10012.00 2   0.0 -59.4    184321950   0   1200       899900
   165  0 1  94.92 10015.00 2   0.0 -60.0    185211650   0   1450       889700
   166  0 1  94.22 10018.00 2   0.0 -60.6    186068300   0   1400       856650
   167  0 1  95.62 10021.00 2   0.0 -61.3    187036450   0   1250       968150
   168  0 1  94.92 10024.00 2   0.0 -61.9    187933250   0   1300       896800
   169  0 1  94.22 10027.00 2   0.0 -62.5    189044150   0   1600      1110900
   170  0 1  94.22 10030.00 2   0.0 -63.1    190142700   0   1200      1098550
   171  0 1  94.57 10033.00 2   0.0 -63.8    191198900   0   1450      1056200
   172  0 1  94.57 10039.00 2   0.0 -65.0    193178300   0   1200      1979400
   173  0 1  94.57 10042.00 2   0.0 -65.6    194322250   0   1300      1143950
   174  0 1  95.62 10045.00 2   0.0 -66.3    195233950   0   1200       911700
   175  0 1  94.92 10048.00 2   0.0 -66.9    196136850   0   1150       902900
   176  0 1  94.92 10051.00 2   0.0 -67.5    197165400   0   1450      1028550
   177  0 1  94.22 10052.50 2   0.0 -68.1    198067550   0   1400       902150
   178  0 1  94.57 10057.00 2   0.0 -68.8    198930250   0   1500       862700
   179  0 1  95.27 10060.00 2   0.0 -69.4    199793050   0   1150       862800
