    NO  S V  AOA    FREQ    B  FMOP  AMP      TOA      PMOP  PW         dTOA  
------ -- - ------ -------- - ----- ----- ------------ --- ------ ------------
     0  0 1  95.62 10003.00 2   0.0 -70.0            0   0   1400  42949673000
     1  0 1  94.92 10004.50 2   0.0 -69.4      1097850   0   1400      1097850
     2  0 1  94.57 10010.50 2   0.0 -68.1      3233850   0   1150      2136000
     3  0 1  94.22 10015.00 2   0.0 -67.5      4213100   0   1550       979250
     4  0 1  95.62 10018.00 2   0.0 -66.9      5146550   0   1150       933450
     5  0 1  94.57 10019.50 2   0.0 -66.3      6234100   0   1600      1087550
     6  0 1  95.62 10024.00 2   0.0 -65.6      7354050   0   1250      1119950
     7  0 1  95.62 10027.00 2   0.0 -65.0      8290750   0   1300       936700
     8  0 1  94.92 10030.00 2   0.0 -64.4      9314150   0   1250      1023400
     9  0 1  94.57 10033.00 2   0.0 -63.8     10348800   0   1450      1034650
    10  0 1  94.92 10036.00 2   0.0 -63.1     11481800   0   1300      1133000
    11  0 1  94.57 10042.00 2   0.0 -61.9     13514950   0   1250      2033150
    12  0 1  94.92 10045.00 2   0.0 -61.3     14429200   0   1250       914250
    13  0 1  94.22 10048.00 2   0.0 -60.6     15397600   0   1450       968400
    14  0 1  95.27 10049.50 2   0.0 -60.0     16292500   0   1200       894900
    15  0 1  95.27 10054.00 2   0.0 -59.4     17379000   0   1600      1086500
    16  0 1  94.57 10057.00 2   0.0 -58.8     18233850   0   1250       854850
    17  0 1  94.22 10060.00 2   0.0 -58.1     19093050   0   1300       859200
    18  0 1  94.22 10061.50 2   0.0 -57.5     20099950   0   1250      1006900
    19  0 1  95.27 10066.00 2   0.0 -57.2     21072100   0   1250       972150
    20  0 1  94.22 10072.00 2   0.0 -55.9     23149800   0   1600      2077700
    21  0 1  95.62 10073.50 2   0.0 -55.3     24009100   0   1150       859300
    22  0 1  95.62 10076.50 2   0.0 -54.7     24959950   0   1400       950850
    23  0 1  95.27 10081.00 2   0.0 -54.1     25837200   0   1200       877250
    24  0 1  95.27 10084.00 2   0.0 -53.4     26886850   0   1450      1049650
    25  0 1  95.27 10087.00 2   0.0 -53.1     27905550   0   1200      1018700
    26  0 1  95.62 10090.00 2   0.0 -52.5     28813000   0   1600       907450
    27  0 1  94.57  9913.00 2   0.0 -51.9     29709400   0   1500       896400
    28  0 1  94.92  9914.50 2   0.0 -51.3     30639850   0   1200       930450
    29  0 1  94.22  9920.50 2   0.0 -50.3     32487850   0   1550      1848000
    30  0 1  95.62  9925.00 2   0.0 -49.7     33558200   0   1250      1070350
    31  0 1  94.57  9928.00 2   0.0 -49.1     34552200   0   1250       994000
    32  0 1  94.57  9931.00 2   0.0 -48.4     35428750   0   1150       876550
    33  0 1  94.57  9934.00 2   0.0 -48.1     36462150   0   1150      1033400
    34  0 1  94.22  9935.50 2   0.0 -47.5     37366400   0   1250       904250
    35  0 1  94.22  9940.00 2   0.0 -46.9     38330500   0   1350       964100
    36  0 1  94.57  9941.50 2   0.0 -46.6     39312650   0   1450       982150
    37  0 1  94.57  9944.50 2   0.0 -45.9     40198000   0   1350       885350
    38  0 1  94.92  9950.50 2   0.0 -45.0     42291350   0   1150      2093350
    39  0 1  94.22  9955.00 2   0.0 -44.4     43318600   0   1200      1027250
    40  0 1  95.62  9958.00 2   0.0 -44.1     44223000   0   1300       904400
    41  0 1  94.92  9959.50 2   0.0 -43.4     45238200   0   1250      1015200
    42  0 1  94.92  9964.00 2   0.0 -43.1     46255150   0   1300      1016950
    43  0 1  94.22  9967.00 2   0.0 -42.5     47379500   0   1150      1124350
    44  0 1  95.27  9968.50 2   0.0 -42.2     48396050   0   1450      1016550
    45  0 1  95.62  9971.50 2   0.0 -41.6     49267300   0   1450       871250
    46  0 1  94.92  9974.50 2   0.0 -41.3     50154400   0   1400       887100
    47  0 1  95.62  9980.50 2   0.0 -40.3     52209400   0   1500      2055000
    48  0 1  94.92  9985.00 2   0.0 -40.0     53092050   0   1200       882650
    49  0 1  95.62  9988.00 2   0.0 -39.7     54001800   0   1550       909750
    50  0 1  95.27  9989.50 2   0.0 -39.1     55073600   0   1350      1071800
    51  0 1  95.27  9994.00 2   0.0 -38.8     55988400   0   1550       914800
    52  0 1  94.22  9997.00 2   0.0 -38.4     56857450   0   1150       869050
    53  0 1  94.92 10000.00 2   0.0 -38.1     57875000   0   1150      1017550
    54  0 1  94.22 10003.00 2   0.0 -37.5     58764450   0   1600       889450
    55  0 1  94.22 10004.50 2   0.0 -37.2     59695050   0   1150       930600
    56  0 1  95.62 10010.50 2   0.0 -36.6     61927750   0   1150      2232700
    57  0 1  94.22 10015.00 2   0.0 -36.3     62821450   0   1550       893700
    58  0 1  94.22 10018.00 2   0.0 -35.9     63889400   0   1450      1067950
    59  0 1  94.92 10019.50 2   0.0 -35.6     64887100   0   1600       997700
    60  0 1  95.27 10024.00 2   0.0 -35.3     65925100   0   1400      1038000
    61  0 1  94.92 10027.00 2   0.0 -35.0     66996850   0   1550      1071750
    62  0 1  94.22 10028.50 2   0.0 -34.7     67928700   0   1450       931850
    63  0 1  94.22 10033.00 2   0.0 -34.4     69074400   0   1450      1145700
    64  0 1  94.22 10036.00 2   0.0 -34.1     70006850   0   1500       932450
    65  0 1  95.27 10040.50 2   0.0 -33.4     72035950   0   1200      2029100
    66  0 1  94.92 10045.00 2   0.0 -33.4     72900350   0   1300       864400
    67  0 1  94.92 10048.00 2   0.0 -33.1     73958850   0   1250      1058500
    68  0 1  94.57 10049.50 2   0.0 -32.8     74861500   0   1200       902650
    69  0 1  94.22 10054.00 2   0.0 -32.5     75910050   0   1400      1048550
    70  0 1  95.27 10055.50 2   0.0 -32.5     77038200   0   1250      1128150
    71  0 1  94.92 10060.00 2   0.0 -32.2     78154050   0   1300      1115850
    72  0 1  94.92 10063.00 2   0.0 -31.9     79177950   0   1150      1023900
    73  0 1  95.62 10066.00 2   0.0 -31.9     80110750   0   1200       932800
    74  0 1  95.27 10072.00 2   0.0 -31.6     82099800   0   1500      1989050
    75  0 1  94.57 10075.00 2   0.0 -31.3     83154600   0   1200      1054800
    76  0 1  94.22 10076.50 2   0.0 -31.3     84066300   0   1200       911700
    77  0 1  95.27 10081.00 2   0.0 -30.9     85039250   0   1500       972950
    78  0 1  94.22 10082.50 2   0.0 -30.9     86061250   0   1350      1022000
    79  0 1  94.22 10087.00 2   0.0 -30.6     87140450   0   1200      1079200
    80  0 1  95.62 10088.50 2   0.0 -30.6     88038950   0   1300       898500
    81  0 1  95.27  9911.50 2   0.0 -30.6     88992050   0   1400       953100
    82  0 1  94.22  9914.50 2   0.0 -30.3     90055000   0   1250      1062950
    83  0 1  94.57  9920.50 2   0.0 -30.3     92127600   0   1500      2072600
    84  0 1  95.62  9925.00 2   0.0 -30.3     93000700   0   1550       873100
    85  0 1  94.57  9926.50 2   0.0 -30.0     93858200   0   1150       857500
    86  0 1  94.57  9931.00 2   0.0 -30.0     94856950   0   1300       998750
    87  0 1  95.62  9932.50 2   0.0 -30.0     95955050   0   1600      1098100
    88  0 1  94.57  9937.00 2   0.0 -30.0     97099050   0   1300      1144000
    89  0 1  94.22  9938.50 2   0.0 -30.0     98046800   0   1350       947750
    90  0 1  94.92  9943.00 2   0.0 -30.0     99029300   0   1450       982500
    91  0 1  95.62  9946.00 2   0.0 -30.0    100087850   0   1150      1058550
    92  0 1  94.92  9952.00 2   0.0 -30.0    102091150   0   1250      2003300
    93  0 1  95.62  9955.00 2   0.0 -30.0    103009000   0   1500       917850
    94  0 1  94.92  9956.50 2   0.0 -30.0    104000650   0   1400       991650
    95  0 1  95.27  9961.00 2   0.0 -30.3    105118550   0   1500      1117900
    96  0 1  95.27  9964.00 2   0.0 -30.3    106056250   0   1150       937700
    97  0 1  94.22  9965.50 2   0.0 -30.3    107109950   0   1450      1053700
    98  0 1  94.92  9968.50 2   0.0 -30.3    108182000   0   1600      1072050
    99  0 1  94.22  9973.00 2   0.0 -30.6    109157000   0   1350       975000
   100  0 1  94.92  9976.00 2   0.0 -30.6    110033500   0   1450       876500
   101  0 1  94.57  9982.00 2   0.0 -30.9    111985350   0   1500      1951850
   102  0 1  94.57  9985.00 2   0.0 -30.9    112915050   0   1300       929700
   103  0 1  95.62  9986.50 2   0.0 -31.3    113900200   0   1150       985150
   104  0 1  94.57  9991.00 2   0.0 -31.3    115042650   0   1250      1142450
   105  0 1  94.22  9994.00 2   0.0 -31.6    115899500   0   1600       856850
   106  0 1  95.27  9997.00 2   0.0 -31.6    116776850   0   1200       877350
   107  0 1  94.22 10000.00 2   0.0 -31.9    117763500   0   1150       986650
   108  0 1  95.62 10003.00 2   0.0 -31.9    118790900   0   1200      1027400
   109  0 1  95.27 10004.50 2   0.0 -32.2    119670050   0   1600       879150
   110  0 1  95.62 10012.00 2   0.0 -32.5    121681550   0   1200      2011500
   111  0 1  95.27 10013.50 2   0.0 -32.8    122805100   0   1400      1123550
   112  0 1  94.57 10018.00 2   0.0 -33.1    123902850   0   1350      1097750
   113  0 1  94.92 10021.00 2   0.0 -33.4    124857400   0   1200       954550
   114  0 1  94.22 10024.00 2   0.0 -33.4    125738250   0   1300       880850
   115  0 1  95.27 10025.50 2   0.0 -33.8    126790100   0   1500      1051850
   116  0 1  95.27 10030.00 2   0.0 -34.1    127837050   0   1450      1046950
   117  0 1  95.62 10033.00 2   0.0 -34.4    128705200   0   1250       868150
   118  0 1  94.22 10034.50 2   0.0 -34.7    129570100   0   1250       864900
   119  0 1  94.92 10042.00 2   0.0 -35.3    131454800   0   1450      1884700
   120  0 1  95.27 10045.00 2   0.0 -35.6    132571200   0   1550      1116400
   121  0 1  94.92 10046.50 2   0.0 -35.9    133696700   0   1550      1125500
   122  0 1  95.27 10051.00 2   0.0 -36.3    134801100   0   1350      1104400
   123  0 1  95.27 10052.50 2   0.0 -36.6    135824500   0   1150      1023400
   124  0 1  94.57 10055.50 2   0.0 -36.9    136919050   0   1550      1094550
   125  0 1  94.92 10060.00 2   0.0 -37.2    137907800   0   1200       988750
   126  0 1  94.92 10063.00 2   0.0 -37.5    138779100   0   1350       871300
   127  0 1  94.22 10066.00 2   0.0 -38.1    139867100   0   1300      1088000
   128  0 1  95.27 10070.50 2   0.0 -38.8    142020600   0   1300      2153500
   129  0 1  94.22 10073.50 2   0.0 -39.1    143032400   0   1250      1011800
   130  0 1  95.27 10078.00 2   0.0 -39.7    143953100   0   1300       920700
   131  0 1  94.92 10081.00 2   0.0 -40.0    144817300   0   1150       864200
   132  0 1  95.62 10084.00 2   0.0 -40.3    145894400   0   1250      1077100
   133  0 1  94.92 10087.00 2   0.0 -40.9    146915200   0   1150      1020800
   134  0 1  95.62 10090.00 2   0.0 -41.3    147889100   0   1150       973900
   135  0 1  94.57  9913.00 2   0.0 -41.6    148953400   0   1200      1064300
   136  0 1  94.92  9914.50 2   0.0 -42.2    150040150   0   1500      1086750
   137  0 1  95.62  9922.00 2   0.0 -43.1    152056650   0   1200      2016500
   138  0 1  94.57  9925.00 2   0.0 -43.4    152918150   0   1450       861500
   139  0 1  94.57  9928.00 2   0.0 -44.1    153992900   0   1450      1074750
   140  0 1  94.57  9929.50 2   0.0 -44.4    155099250   0   1400      1106350
   141  0 1  95.27  9932.50 2   0.0 -45.0    156245200   0   1550      1145950
   142  0 1  94.92  9937.00 2   0.0 -45.6    157238900   0   1150       993700
   143  0 1  94.57  9938.50 2   0.0 -45.9    158307800   0   1450      1068900
   144  0 1  95.27  9943.00 2   0.0 -46.6    159212600   0   1600       904800
   145  0 1  95.62  9946.00 2   0.0 -46.9    160143000   0   1250       930400
   146  0 1  94.92  9952.00 2   0.0 -48.1    162214900   0   1550      2071900
   147  0 1  94.92  9955.00 2   0.0 -48.4    163114600   0   1150       899700
   148  0 1  95.62  9956.50 2   0.0 -49.1    164132750   0   1450      1018150
   149  0 1  94.92  9961.00 2   0.0 -49.7    165108400   0   1200       975650
   150  0 1  94.92  9962.50 2   0.0 -50.3    165994150   0   1150       885750
   151  0 1  95.27  9967.00 2   0.0 -50.6    166989450   0   1200       995300
   152  0 1  94.57  9970.00 2   0.0 -51.3    167944800   0   1200       955350
   153  0 1  95.27  9973.00 2   0.0 -51.9    169044800   0   1400      1100000
   154  0 1  95.27  9974.50 2   0.0 -52.5    170154100   0   1450      1109300
   155  0 1  95.62  9982.00 2   0.0 -53.4    172201950   0   1600      2047850
   156  0 1  94.92  9983.50 2   0.0 -54.1    173292900   0   1250      1090950
   157  0 1  94.57  9988.00 2   0.0 -54.7    174284800   0   1600       991900
   158  0 1  94.57  9989.50 2   0.0 -55.3    175251750   0   1250       966950
   159  0 1  94.92  9992.50 2   0.0 -55.9    176207300   0   1600       955550
   160  0 1  95.27  9997.00 2   0.0 -56.6    177196050   0   1550       988750
   161  0 1  94.92  9998.50 2   0.0 -57.2    178047350   0   1450       851300
   162  0 1  94.22 10001.50 2   0.0 -57.5    179164800   0   1500      1117450
   163  0 1  94.22 10006.00 2   0.0 -58.1    180159250   0   1350       994450
   164  0 1  94.22 10012.00 2   0.0 -59.4    182068450   0   1400      1909200
   165  0 1  94.22 10015.00 2   0.0 -60.0    183200500   0   1250      1132050
   166  0 1  94.92 10018.00 2   0.0 -60.6    184141400   0   1600       940900
   167  0 1  94.57 10021.00 2   0.0 -61.3    185066900   0   1250       925500
   168  0 1  94.22 10024.00 2   0.0 -61.9    186064500   0   1300       997600
   169  0 1  95.27 10027.00 2   0.0 -62.5    186942250   0   1200       877750
   170  0 1  94.22 10030.00 2   0.0 -63.1    187865600   0   1400       923350
   171  0 1  95.62 10031.50 2   0.0 -63.8    188828700   0   1150       963100
   172  0 1  95.62 10036.00 2   0.0 -64.4    189799600   0   1600       970900
   173  0 1  95.62 10042.00 2   0.0 -65.6    191857100   0   1450      2057500
   174  0 1  94.57 10043.50 2   0.0 -66.3    192744300   0   1300       887200
   175  0 1  94.92 10048.00 2   0.0 -66.9    193736250   0   1150       991950
   176  0 1  94.57 10051.00 2   0.0 -67.5    194588800   0   1350       852550
   177  0 1  95.27 10054.00 2   0.0 -68.1    195475400   0   1250       886600
   178  0 1  95.27 10057.00 2   0.0 -68.8    196442850   0   1200       967450
   179  0 1  94.92 10058.50 2   0.0 -69.4    197475050   0   1250      1032200
