    NO  S V  AOA    FREQ    B  FMOP  AMP      TOA      PMOP  PW         dTOA  
------ -- - ------ -------- - ----- ----- ------------ --- ------ ------------
     0  0 1   9.84  5248.75 1   0.0 -70.0            0   0   1000  42949673000
     1  0 1   9.84  5250.00 1   0.0 -65.9       506400   0    950       506400
     2  0 1   9.84  5250.00 1   0.0 -61.6      1017650   0   1000       511250
     3  0 1   9.84  5248.75 1   0.0 -57.5      1502550   0   1000       484900
     4  0 1   9.84  5250.00 1   0.0 -53.8      2047550   0    950       545000
     5  0 1   9.84  5248.75 1   0.0 -50.0      2496300   0    950       448750
     6  0 1   9.84  5250.00 1   0.0 -46.6      3014500   0   1000       518200
     7  0 1   9.84  5250.00 1   0.0 -40.3      4049950   0    950      1035450
     8  0 1   9.84  5250.00 1   0.0 -37.5      4528650   0    950       478700
     9  0 1   9.84  5250.00 1   0.0 -35.3      5066350   0   1000       537700
    10  0 1   9.84  5250.00 1   0.0 -33.4      5615450   0   1000       549100
    11  0 1   9.84  5250.00 1   0.0 -31.9      6067100   0    950       451650
    12  0 1   9.84  5248.75 1   0.0 -30.9      6537850   0    950       470750
    13  0 1   9.84  5248.75 1   0.0 -30.3      7027450   0   1000       489600
    14  0 1   9.84  5250.00 1   0.0 -30.0      7492700   0    950       465250
    15  0 1   9.84  5248.75 1   0.0 -30.3      8023300   0    950       530600
    16  0 1   9.84  5248.75 1   0.0 -31.9      8989150   0    950       965850
    17  0 1   9.84  5250.00 1   0.0 -33.4      9441800   0   1000       452650
    18  0 1   9.84  5248.75 1   0.0 -35.3      9917350   0   1000       475550
    19  0 1   9.84  5248.75 1   0.0 -37.5     10392550   0    950       475200
    20  0 1   9.84  5248.75 1   0.0 -40.3     10929300   0   1000       536750
    21  0 1   9.84  5248.75 1   0.0 -43.1     11431250   0    950       501950
    22  0 1   9.84  5248.75 1   0.0 -46.6     11918600   0   1000       487350
    23  0 1   9.84  5248.75 1   0.0 -50.0     12390500   0    950       471900
    24  0 1   9.84  5248.75 1   0.0 -53.8     12861600   0    950       471100
    25  0 1   9.84  5250.00 1   0.0 -61.6     13881400   0    950      1019800
    26  0 1   9.84  5250.00 1   0.0 -65.9     14371500   0    950       490100
