    NO  S V  AOA    FREQ    B  FMOP  AMP      TOA      PMOP  PW         dTOA  
------ -- - ------ -------- - ----- ----- ------------ --- ------ ------------
     0  0 1   9.84  5248.75 1   0.0 -65.9       493350   0   1000  42950166350
     1  0 1   9.84  5248.75 1   0.0 -61.6       946050   0    950       452700
     2  0 1   9.84  5250.00 1   0.0 -57.5      1418400   0   1000       472350
     3  0 1   9.84  5248.75 1   0.0 -53.8      1964350   0    950       545950
     4  0 1   9.84  5248.75 1   0.0 -50.0      2425950   0   1000       461600
     5  0 1   9.84  5250.00 1   0.0 -46.6      2963950   0    950       538000
     6  0 1   9.84  5250.00 1   0.0 -43.1      3470100   0    950       506150
     7  0 1   9.84  5250.00 1   0.0 -40.3      4005700   0    950       535600
     8  0 1   9.84  5248.75 1   0.0 -37.5      4482900   0    950       477200
     9  0 1   9.84  5248.75 1   0.0 -33.4      5468100   0    950       985200
    10  0 1   9.84  5250.00 1   0.0 -31.9      6016500   0    950       548400
    11  0 1   9.84  5250.00 1   0.0 -30.9      6520350   0    950       503850
    12  0 1   9.84  5250.00 1   0.0 -30.3      7006100   0   1000       485750
    13  0 1   9.84  5250.00 1   0.0 -30.0      7541250   0    950       535150
    14  0 1   9.84  5250.00 1   0.0 -30.3      8038150   0   1000       496900
    15  0 1   9.84  5250.00 1   0.0 -30.9      8528950   0    950       490800
    16  0 1   9.84  5250.00 1   0.0 -31.9      9077300   0   1000       548350
    17  0 1   9.84  5250.00 1   0.0 -33.4      9555400   0    950       478100
    18  0 1   9.84  5248.75 1   0.0 -37.5     10578550   0    950      1023150
    19  0 1   9.84  5250.00 1   0.0 -40.3     11125200   0   1000       546650
    20  0 1   9.84  5248.75 1   0.0 -43.1     11618150   0    950       492950
    21  0 1   9.84  5248.75 1   0.0 -46.6     12114800   0    950       496650
    22  0 1   9.84  5248.75 1   0.0 -50.0     12599850   0   1000       485050
    23  0 1   9.84  5250.00 1   0.0 -53.8     13142200   0   1000       542350
    24  0 1   9.84  5250.00 1   0.0 -57.5     13669250   0   1000       527050
    25  0 1   9.84  5250.00 1   0.0 -61.6     14208700   0   1000       539450
    26  0 1   9.84  5250.00 1   0.0 -65.9     14698800   0    950       490100
