    NO  S V  AOA    FREQ    B  FMOP  AMP      TOA      PMOP  PW         dTOA  
------ -- - ------ -------- - ----- ----- ------------ --- ------ ------------
     0  0 1   9.84  5248.75 1   0.0 -70.0            0   0   1000  42949673000
     1  0 1   9.84  5248.75 1   0.0 -65.9       473450   0   1000       473450
     2  0 1   9.84  5250.00 1   0.0 -61.6      1007900   0    950       534450
     3  0 1   9.84  5248.75 1   0.0 -57.5      1550550   0   1000       542650
     4  0 1   9.84  5250.00 1   0.0 -53.8      2035750   0   1000       485200
     5  0 1   9.84  5250.00 1   0.0 -50.0      2506750   0    950       471000
     6  0 1   9.84  5248.75 1   0.0 -43.1      3495350   0    950       988600
     7  0 1   9.84  5250.00 1   0.0 -40.3      3970250   0    950       474900
     8  0 1   9.84  5248.75 1   0.0 -37.5      4514850   0    950       544600
     9  0 1   9.84  5248.75 1   0.0 -35.3      5059200   0    950       544350
    10  0 1   9.84  5248.75 1   0.0 -33.4      5592850   0   1000       533650
    11  0 1   9.84  5250.00 1   0.0 -31.9      6137950   0    950       545100
    12  0 1   9.84  5250.00 1   0.0 -30.9      6688950   0   1000       551000
    13  0 1   9.84  5250.00 1   0.0 -30.3      7189150   0    950       500200
    14  0 1   9.84  5248.75 1   0.0 -30.0      7706550   0    950       517400
    15  0 1   9.84  5250.00 1   0.0 -30.9      8650550   0   1000       944000
    16  0 1   9.84  5250.00 1   0.0 -31.9      9130050   0    950       479500
    17  0 1   9.84  5250.00 1   0.0 -33.4      9646600   0    950       516550
    18  0 1   9.84  5250.00 1   0.0 -35.3     10145200   0   1000       498600
    19  0 1   9.84  5250.00 1   0.0 -37.5     10616000   0   1000       470800
    20  0 1   9.84  5250.00 1   0.0 -40.3     11121750   0    950       505750
    21  0 1   9.84  5250.00 1   0.0 -43.1     11589750   0   1000       468000
    22  0 1   9.84  5250.00 1   0.0 -46.6     12128550   0    950       538800
    23  0 1   9.84  5250.00 1   0.0 -50.0     12631050   0   1000       502500
    24  0 1   9.84  5250.00 1   0.0 -57.5     13575000   0   1000       943950
    25  0 1   9.84  5250.00 1   0.0 -61.6     14046700   0   1000       471700
    26  0 1   9.84  5248.75 1   0.0 -65.9     14523950   0   1000       477250
