    NO  S V  AOA    FREQ    B  FMOP  AMP      TOA      PMOP  PW         dTOA  
------ -- - ------ -------- - ----- ----- ------------ --- ------ ------------
     0  0 1   9.84  5248.75 1   0.0 -70.0            0   0    950  42949673000
     1  0 1   9.84  5250.00 1   0.0 -65.9       514850   0    950       514850
     2  0 1   9.84  5250.00 1   0.0 -61.6       970850   0   1000       456000
     3  0 1   9.84  5250.00 1   0.0 -57.5      1443600   0    950       472750
     4  0 1   9.84  5250.00 1   0.0 -53.8      1938000   0   1000       494400
     5  0 1   9.84  5250.00 1   0.0 -50.0      2407700   0   1000       469700
     6  0 1   9.84  5248.75 1   0.0 -46.6      2912650   0   1000       504950
     7  0 1   9.84  5248.75 1   0.0 -43.1      3456550   0    950       543900
     8  0 1   9.84  5248.75 1   0.0 -37.5      4483750   0    950      1027200
     9  0 1   9.84  5248.75 1   0.0 -35.3      4940850   0    950       457100
    10  0 1   9.84  5248.75 1   0.0 -33.4      5477300   0   1000       536450
    11  0 1   9.84  5250.00 1   0.0 -31.9      5954500   0    950       477200
    12  0 1   9.84  5250.00 1   0.0 -30.9      6502100   0    950       547600
    13  0 1   9.84  5250.00 1   0.0 -30.3      6955900   0   1000       453800
    14  0 1   9.84  5250.00 1   0.0 -30.0      7436800   0   1000       480900
    15  0 1   9.84  5250.00 1   0.0 -30.3      7970500   0   1000       533700
    16  0 1   9.84  5248.75 1   0.0 -30.9      8463000   0   1000       492500
    17  0 1   9.84  5248.75 1   0.0 -33.4      9472450   0    950      1009450
    18  0 1   9.84  5250.00 1   0.0 -35.3      9979000   0   1000       506550
    19  0 1   9.84  5250.00 1   0.0 -37.5     10488050   0    950       509050
    20  0 1   9.84  5250.00 1   0.0 -40.3     10959900   0    950       471850
    21  0 1   9.84  5250.00 1   0.0 -43.1     11458450   0    950       498550
    22  0 1   9.84  5250.00 1   0.0 -46.6     11951450   0    950       493000
    23  0 1   9.84  5248.75 1   0.0 -50.0     12456950   0   1000       505500
    24  0 1   9.84  5250.00 1   0.0 -53.8     12910250   0    950       453300
    25  0 1   9.84  5248.75 1   0.0 -57.5     13426300   0    950       516050
    26  0 1   9.84  5248.75 1   0.0 -65.9     14385700   0   1000       959400
