    NO  S V  AOA    FREQ    B  FMOP  AMP      TOA      PMOP  PW         dTOA  
------ -- - ------ -------- - ----- ----- ------------ --- ------ ------------
     0  0 1   9.84  5250.00 1   0.0 -70.0            0   0    950  42949673000
     1  0 1   9.84  5248.75 1   0.0 -65.9       533400   0   1000       533400
     2  0 1   9.84  5248.75 1   0.0 -61.6      1065450   0    950       532050
     3  0 1   9.84  5250.00 1   0.0 -57.5      1517450   0    950       452000
     4  0 1   9.84  5250.00 1   0.0 -53.8      1970050   0   1000       452600
     5  0 1   9.84  5248.75 1   0.0 -50.0      2477600   0   1000       507550
     6  0 1   9.84  5250.00 1   0.0 -43.1      3514600   0    950      1037000
     7  0 1   9.84  5248.75 1   0.0 -40.3      4040450   0   1000       525850
     8  0 1   9.84  5250.00 1   0.0 -37.5      4555150   0    950       514700
     9  0 1   9.84  5250.00 1   0.0 -35.3      5093900   0    950       538750
    10  0 1   9.84  5250.00 1   0.0 -33.4      5613000   0   1000       519100
    11  0 1   9.84  5250.00 1   0.0 -31.9      6141400   0    950       528400
    12  0 1   9.84  5250.00 1   0.0 -30.9      6612850   0   1000       471450
    13  0 1   9.84  5250.00 1   0.0 -30.3      7147750   0    950       534900
    14  0 1   9.84  5248.75 1   0.0 -30.0      7655150   0   1000       507400
    15  0 1   9.84  5250.00 1   0.0 -30.9      8603950   0   1000       948800
    16  0 1   9.84  5250.00 1   0.0 -31.9      9134150   0    950       530200
    17  0 1   9.84  5250.00 1   0.0 -33.4      9662350   0   1000       528200
    18  0 1   9.84  5248.75 1   0.0 -35.3     10182800   0   1000       520450
    19  0 1   9.84  5250.00 1   0.0 -37.5     10675450   0   1000       492650
    20  0 1   9.84  5250.00 1   0.0 -40.3     11151800   0    950       476350
    21  0 1   9.84  5250.00 1   0.0 -43.1     11629750   0    950       477950
    22  0 1   9.84  5248.75 1   0.0 -46.6     12092000   0    950       462250
    23  0 1   9.84  5250.00 1   0.0 -50.0     12612400   0   1000       520400
    24  0 1   9.84  5248.75 1   0.0 -57.5     13650500   0   1000      1038100
    25  0 1   9.84  5250.00 1   0.0 -61.6     14173650   0    950       523150
    26  0 1   9.84  5250.00 1   0.0 -65.9     14680250   0   1000       506600
