    NO  S V  AOA    FREQ    B  FMOP  AMP      TOA      PMOP  PW         dTOA  
------ -- - ------ -------- - ----- ----- ------------ --- ------ ------------
     0  0 1   9.84  5250.00 1   0.0 -70.0            0   0   1000  42949673000
     1  0 1   9.84  5250.00 1   0.0 -65.9       498650   0   1000       498650
     2  0 1   9.84  5250.00 1   0.0 -61.6       999200   0    950       500550
     3  0 1   9.84  5250.00 1   0.0 -57.5      1499900   0    950       500700
     4  0 1   9.84  5250.00 1   0.0 -53.8      1998200   0   1000       498300
     5  0 1   9.84  5248.75 1   0.0 -50.0      2496250   0   1000       498050
     6  0 1   9.84  5250.00 1   0.0 -46.6      2996100   0   1000       499850
     7  0 1   9.84  5250.00 1   0.0 -43.1      3498100   0   1000       502000
     8  0 1   9.84  5248.75 1   0.0 -37.5      4499350   0   1000      1001250
     9  0 1   9.84  5250.00 1   0.0 -35.3      4997500   0    950       498150
    10  0 1   9.84  5250.00 1   0.0 -33.4      5498250   0    950       500750
    11  0 1   9.84  5250.00 1   0.0 -31.9      5995750   0   1000       497500
    12  0 1   9.84  5250.00 1   0.0 -30.9      6493400   0    950       497650
    13  0 1   9.84  5250.00 1   0.0 -30.3      6992100   0    950       498700
    14  0 1   9.84  5250.00 1   0.0 -30.0      7490250   0    950       498150
    15  0 1   9.84  5248.75 1   0.0 -30.3      7990250   0   1000       500000
    16  0 1   9.84  5250.00 1   0.0 -30.9      8492400   0   1000       502150
    17  0 1   9.84  5248.75 1   0.0 -33.4      9491150   0    950       998750
    18  0 1   9.84  5250.00 1   0.0 -35.3      9991150   0    950       500000
    19  0 1   9.84  5248.75 1   0.0 -37.5     10491450   0   1000       500300
    20  0 1   9.84  5250.00 1   0.0 -40.3     10991800   0    950       500350
    21  0 1   9.84  5250.00 1   0.0 -43.1     11491150   0    950       499350
    22  0 1   9.84  5250.00 1   0.0 -46.6     11991700   0   1000       500550
    23  0 1   9.84  5248.75 1   0.0 -50.0     12490050   0   1000       498350
    24  0 1   9.84  5250.00 1   0.0 -53.8     12992350   0   1000       502300
