    NO  S V  AOA    FREQ    B  FMOP  AMP      TOA      PMOP  PW         dTOA  
------ -- - ------ -------- - ----- ----- ------------ --- ------ ------------
     0  0 1   9.84  5248.75 1   0.0 -70.0            0   0    950  42949673000
     1  0 1   9.84  5250.00 1   0.0 -65.9       501200   0    950       501200
     2  0 1   9.84  5250.00 1   0.0 -61.6       999850   0    950       498650
     3  0 1   9.84  5248.75 1   0.0 -57.5      1501250   0   1000       501400
     4  0 1   9.84  5248.75 1   0.0 -53.8      1999700   0   1000       498450
     5  0 1   9.84  5250.00 1   0.0 -50.0      2499450   0    950       499750
     6  0 1   9.84  5250.00 1   0.0 -46.6      3001550   0   1000       502100
     7  0 1   9.84  5250.00 1   0.0 -43.1      3503950   0    950       502400
     8  0 1   9.84  5250.00 1   0.0 -37.5      4503900   0   1000       999950
     9  0 1   9.84  5250.00 1   0.0 -35.3      5004450   0    950       500550
    10  0 1   9.84  5250.00 1   0.0 -33.4      5502700   0    950       498250
    11  0 1   9.84  5248.75 1   0.0 -31.9      6003650   0    950       500950
    12  0 1   9.84  5248.75 1   0.0 -30.9      6504700   0   1000       501050
    13  0 1   9.84  5248.75 1   0.0 -30.3      7002950   0    950       498250
    14  0 1   9.84  5250.00 1   0.0 -30.0      7501950   0    950       499000
    15  0 1   9.84  5250.00 1   0.0 -30.3      8003850   0   1000       501900
    16  0 1   9.84  5250.00 1   0.0 -30.9      8505600   0   1000       501750
    17  0 1   9.84  5250.00 1   0.0 -33.4      9506850   0   1000      1001250
    18  0 1   9.84  5250.00 1   0.0 -35.3     10008300   0   1000       501450
    19  0 1   9.84  5250.00 1   0.0 -37.5     10509450   0   1000       501150
    20  0 1   9.84  5248.75 1   0.0 -40.3     11008550   0    950       499100
    21  0 1   9.84  5250.00 1   0.0 -43.1     11506700   0   1000       498150
    22  0 1   9.84  5248.75 1   0.0 -46.6     12008700   0   1000       502000
    23  0 1   9.84  5250.00 1   0.0 -50.0     12507600   0    950       498900
    24  0 1   9.84  5250.00 1   0.0 -53.8     13005100   0    950       497500
