    NO  S V  AOA    FREQ    B  FMOP  AMP      TOA      PMOP  PW         dTOA  
------ -- - ------ -------- - ----- ----- ------------ --- ------ ------------
     0  0 1   9.84  5250.00 1   0.0 -65.9       500700   0    950  42950173700
     1  0 1   9.84  5250.00 1   0.0 -61.6      1000000   0    950       499300
     2  0 1   9.84  5250.00 1   0.0 -57.5      1498950   0   1000       498950
     3  0 1   9.84  5250.00 1   0.0 -53.8      1997850   0   1000       498900
     4  0 1   9.84  5248.75 1   0.0 -50.0      2495850   0   1000       498000
     5  0 1   9.84  5250.00 1   0.0 -46.6      2998200   0    950       502350
     6  0 1   9.84  5250.00 1   0.0 -43.1      3496200   0   1000       498000
     7  0 1   9.84  5250.00 1   0.0 -40.3      3998200   0    950       502000
     8  0 1   9.84  5248.75 1   0.0 -37.5      4500650   0   1000       502450
     9  0 1   9.84  5250.00 1   0.0 -33.4      5499150   0    950       998500
    10  0 1   9.84  5248.75 1   0.0 -31.9      5999000   0    950       499850
    11  0 1   9.84  5250.00 1   0.0 -30.9      6500850   0    950       501850
    12  0 1   9.84  5248.75 1   0.0 -30.3      7001550   0   1000       500700
    13  0 1   9.84  5250.00 1   0.0 -30.0      7499800   0    950       498250
    14  0 1   9.84  5248.75 1   0.0 -30.3      7999650   0    950       499850
    15  0 1   9.84  5248.75 1   0.0 -30.9      8499900   0    950       500250
    16  0 1   9.84  5248.75 1   0.0 -31.9      8999250   0   1000       499350
    17  0 1   9.84  5250.00 1   0.0 -33.4      9499700   0   1000       500450
    18  0 1   9.84  5248.75 1   0.0 -37.5     10497550   0    950       997850
    19  0 1   9.84  5250.00 1   0.0 -40.3     10998300   0   1000       500750
    20  0 1   9.84  5250.00 1   0.0 -43.1     11499950   0   1000       501650
    21  0 1   9.84  5250.00 1   0.0 -46.6     11999400   0    950       499450
    22  0 1   9.84  5248.75 1   0.0 -50.0     12498950   0    950       499550
    23  0 1   9.84  5250.00 1   0.0 -53.8     12997450   0   1000       498500
