    NO  S V  AOA    FREQ    B  FMOP  AMP      TOA      PMOP  PW         dTOA  
------ -- - ------ -------- - ----- ----- ------------ --- ------ ------------
     0  0 1  95.62  9992.50 2   0.0 -70.0            0   0   1600  42949673000
     1  0 1  95.62  9985.00 2   0.0 -69.4       999700   0   1850       999700
     2  0 1  95.62  9979.00 2   0.0 -68.8      2046050   0   1900      1046350
     3  0 1  94.57  9973.00 2   0.0 -68.1      3134950   0   1600      1088900
     4  0 1  95.62  9964.00 2   0.0 -67.5      4258500   0   1500      1123550
     5  0 1  94.92  9958.00 2   0.0 -66.9      5403300   0   1600      1144800
     6  0 1  95.27  9952.00 2   0.0 -66.3      6551450   0   1750      1148150
     7  0 1  95.27  9935.50 2   0.0 -65.0      8783000   0   1750      2231550
     8  0 1  95.62  9929.50 2   0.0 -64.4      9838450   0   1750      1055450
     9  0 1  94.22  9923.50 2   0.0 -63.8     10845900   0   1700      1007450
    10  0 1  94.22  9916.00 2   0.0 -63.1     11806100   0   1900       960200
    11  0 1  94.92  9910.00 2   0.0 -62.5     12725050   0   1850       918950
    12  0 1  95.27  9901.00 2   0.0 -61.9     13610750   0   1700       885700
    13  0 1  95.27  9895.00 2   0.0 -61.3     14474650   0   1700       863900
    14  0 1  95.62  9889.00 2   0.0 -60.6     15326250   0   1450       851600
    15  0 1  94.92  9881.50 2   0.0 -60.0     16176600   0   1450       850350
    16  0 1  94.22  9866.50 2   0.0 -58.8     17915350   0   1500      1738750
    17  0 1  95.27  9860.50 2   0.0 -58.1     18823050   0   1750       907700
    18  0 1  95.62  9853.00 2   0.0 -57.5     19767850   0   1850       944800
    19  0 1  95.62 10145.50 2   0.0 -57.2     20756400   0   1450       988550
    20  0 1  94.22 10138.00 2   0.0 -56.6     21791400   0   1850      1035000
    21  0 1  95.27 10132.00 2   0.0 -55.9     22870950   0   1850      1079550
    22  0 1  94.92 10124.50 2   0.0 -55.3     23987450   0   1600      1116500
    23  0 1  94.92 10117.00 2   0.0 -54.7     25129050   0   1900      1141600
    24  0 1  95.62 10111.00 2   0.0 -54.1     26277600   0   1550      1148550
    25  0 1  95.62 10096.00 2   0.0 -53.1     28523600   0   1500      2246000
    26  0 1  95.62 10088.50 2   0.0 -52.5     29590300   0   1800      1066700
    27  0 1  94.92 10084.00 2   0.0 -51.9     30609350   0   1750      1019050
    28  0 1  94.22 10076.50 2   0.0 -51.3     31580300   0   1700       970950
    29  0 1  95.27 10069.00 2   0.0 -50.6     32508250   0   1650       927950
    30  0 1  95.62 10063.00 2   0.0 -50.3     33401300   0   1550       893050
    31  0 1  94.92 10054.00 2   0.0 -49.7     34269250   0   1550       867950
    32  0 1  94.92 10046.50 2   0.0 -49.1     35121850   0   1450       852600
    33  0 1  94.22 10039.00 2   0.0 -48.4     35972200   0   1550       850350
    34  0 1  95.27 10025.50 2   0.0 -47.5     37702050   0   1900      1729850
    35  0 1  94.57 10018.00 2   0.0 -46.9     38601800   0   1600       899750
    36  0 1  94.57 10013.50 2   0.0 -46.6     39537650   0   1500       935850
    37  0 1  94.92 10006.00 2   0.0 -45.9     40515300   0   1600       977650
    38  0 1  95.62  9998.50 2   0.0 -45.6     41539000   0   1700      1023700
    39  0 1  94.92  9991.00 2   0.0 -45.0     42608150   0   1650      1069150
    40  0 1  95.62  9985.00 2   0.0 -44.4     43717200   0   1900      1109050
    41  0 1  94.57  9979.00 2   0.0 -44.1     44854550   0   1500      1137350
    42  0 1  94.92  9971.50 2   0.0 -43.4     46003250   0   1850      1148700
    43  0 1  95.27  9955.00 2   0.0 -42.5     48262450   0   1500      2259200
    44  0 1  94.57  9949.00 2   0.0 -42.2     49339200   0   1850      1076750
    45  0 1  94.57  9943.00 2   0.0 -41.6     50368850   0   1500      1029650
    46  0 1  94.57  9934.00 2   0.0 -41.3     51351000   0   1650       982150
    47  0 1  95.27  9928.00 2   0.0 -40.9     52288950   0   1800       937950
    48  0 1  95.27  9922.00 2   0.0 -40.3     53190000   0   1600       901050
    49  0 1  95.27  9913.00 2   0.0 -40.0     54063450   0   1650       873450
    50  0 1  94.57  9907.00 2   0.0 -39.7     54919700   0   1750       856250
    51  0 1  95.27  9901.00 2   0.0 -39.1     55769900   0   1800       850200
    52  0 1  94.92  9886.00 2   0.0 -38.4     57492800   0   1700      1722900
    53  0 1  94.22  9880.00 2   0.0 -38.1     58386150   0   1450       893350
    54  0 1  95.27  9874.00 2   0.0 -37.5     59313300   0   1500       927150
    55  0 1  94.92  9866.50 2   0.0 -37.2     60280150   0   1450       966850
    56  0 1  95.27  9859.00 2   0.0 -36.9     61292750   0   1800      1012600
    57  0 1  94.57  9850.00 2   0.0 -36.6     62351450   0   1600      1058700
    58  0 1  95.27 10144.00 2   0.0 -36.3     63452750   0   1450      1101300
    59  0 1  94.57 10138.00 2   0.0 -35.9     64585200   0   1500      1132450
    60  0 1  94.22 10129.00 2   0.0 -35.6     65733200   0   1550      1148000
    61  0 1  95.62 10117.00 2   0.0 -35.0     68004000   0   1900      2270800
    62  0 1  94.92 10108.00 2   0.0 -34.7     69092400   0   1500      1088400
    63  0 1  94.57 10103.50 2   0.0 -34.4     70134050   0   1500      1041650
    64  0 1  94.57 10096.00 2   0.0 -34.1     71127400   0   1500       993350
    65  0 1  94.22 10087.00 2   0.0 -33.8     72074450   0   1750       947050
    66  0 1  95.62 10082.50 2   0.0 -33.4     72983350   0   1500       908900
    67  0 1  95.27 10075.00 2   0.0 -33.4     73862000   0   1450       878650
    68  0 1  94.22 10069.00 2   0.0 -33.1     74721350   0   1600       859350
    69  0 1  94.92 10060.00 2   0.0 -32.8     75570900   0   1500       849550
    70  0 1  95.27 10048.00 2   0.0 -32.5     77287050   0   1700      1716150
    71  0 1  94.22 10039.00 2   0.0 -32.2     78173900   0   1700       886850
    72  0 1  94.57 10031.50 2   0.0 -31.9     79091550   0   1750       917650
    73  0 1  95.62 10027.00 2   0.0 -31.9     80048600   0   1850       957050
    74  0 1  95.62 10019.50 2   0.0 -31.6     81050250   0   1600      1001650
    75  0 1  94.57 10010.50 2   0.0 -31.6     82098050   0   1900      1047800
    76  0 1  94.92 10006.00 2   0.0 -31.3     83189000   0   1450      1090950
    77  0 1  94.22  9997.00 2   0.0 -31.3     84315000   0   1800      1126000
    78  0 1  94.92  9991.00 2   0.0 -30.9     85460550   0   1500      1145550
    79  0 1  95.27  9976.00 2   0.0 -30.6     87739050   0   1700      2278500
    80  0 1  94.92  9970.00 2   0.0 -30.6     88835950   0   1700      1096900
    81  0 1  94.92  9962.50 2   0.0 -30.6     89888550   0   1500      1052600
    82  0 1  94.57  9955.00 2   0.0 -30.3     90893050   0   1900      1004500
    83  0 1  94.92  9947.50 2   0.0 -30.3     91851100   0   1450       958050
    84  0 1  94.57  9941.50 2   0.0 -30.3     92767750   0   1500       916650
    85  0 1  94.92  9935.50 2   0.0 -30.3     93652700   0   1500       884950
    86  0 1  95.62  9928.00 2   0.0 -30.0     94515750   0   1900       863050
    87  0 1  95.27  9920.50 2   0.0 -30.0     95366650   0   1600       850900
    88  0 1  95.62  9907.00 2   0.0 -30.0     97076650   0   1900      1710000
    89  0 1  95.27  9901.00 2   0.0 -30.0     97956400   0   1550       879750
    90  0 1  95.27  9893.50 2   0.0 -30.0     98866750   0   1850       910350
    91  0 1  94.57  9886.00 2   0.0 -30.0     99813400   0   1550       946650
    92  0 1  94.57  9877.00 2   0.0 -30.0    100803900   0   1800       990500
    93  0 1  95.62  9871.00 2   0.0 -30.0    101840900   0   1500      1037000
    94  0 1  94.22  9865.00 2   0.0 -30.0    102921400   0   1550      1080500
    95  0 1  95.27  9856.00 2   0.0 -30.0    104040400   0   1650      1119000
    96  0 1  94.22  9851.50 2   0.0 -30.3    105183800   0   1450      1143400
    97  0 1  95.27 10135.00 2   0.0 -30.3    107470200   0   1600      2286400
    98  0 1  95.27 10129.00 2   0.0 -30.3    108576950   0   1500      1106750
    99  0 1  94.22 10123.00 2   0.0 -30.6    109641200   0   1450      1064250
   100  0 1  95.27 10117.00 2   0.0 -30.6    110657550   0   1650      1016350
   101  0 1  94.57 10108.00 2   0.0 -30.6    111626900   0   1900       969350
   102  0 1  95.62 10100.50 2   0.0 -30.9    112552900   0   1550       926000
   103  0 1  94.92 10096.00 2   0.0 -30.9    113445350   0   1850       892450
   104  0 1  94.92 10088.50 2   0.0 -31.3    114312300   0   1600       866950
   105  0 1  95.27 10079.50 2   0.0 -31.3    115165100   0   1600       852800
   106  0 1  94.92 10066.00 2   0.0 -31.6    116871850   0   1500      1706750
   107  0 1  95.27 10058.50 2   0.0 -31.9    117746950   0   1700       875100
   108  0 1  94.92 10051.00 2   0.0 -31.9    118648650   0   1850       901700
   109  0 1  95.62 10045.00 2   0.0 -32.2    119586800   0   1500       938150
   110  0 1  95.62 10039.00 2   0.0 -32.5    120566700   0   1650       979900
   111  0 1  94.57 10033.00 2   0.0 -32.5    121592950   0   1750      1026250
   112  0 1  95.62 10024.00 2   0.0 -32.8    122663500   0   1450      1070550
   113  0 1  94.57 10018.00 2   0.0 -33.1    123774800   0   1800      1111300
   114  0 1  95.27 10012.00 2   0.0 -33.4    124913800   0   1600      1139000
   115  0 1  95.27  9997.00 2   0.0 -33.8    127203050   0   1800      2289250
   116  0 1  95.27  9991.00 2   0.0 -34.1    128317850   0   1450      1114800
   117  0 1  94.57  9982.00 2   0.0 -34.4    129393300   0   1650      1075450
   118  0 1  94.92  9976.00 2   0.0 -34.7    130421500   0   1800      1028200
   119  0 1  94.22  9970.00 2   0.0 -35.0    131401250   0   1750       979750
   120  0 1  94.92  9962.50 2   0.0 -35.3    132337400   0   1450       936150
   121  0 1  94.92  9953.50 2   0.0 -35.6    133236400   0   1500       899000
   122  0 1  94.22  9947.50 2   0.0 -35.9    134108100   0   1850       871700
   123  0 1  94.22  9940.00 2   0.0 -36.3    134963300   0   1900       855200
   124  0 1  94.22  9925.00 2   0.0 -36.9    136667500   0   1700      1704200
   125  0 1  94.57  9920.50 2   0.0 -37.2    137537250   0   1550       869750
   126  0 1  95.62  9913.00 2   0.0 -37.5    138432650   0   1900       895400
   127  0 1  95.27  9905.50 2   0.0 -38.1    139361200   0   1850       928550
   128  0 1  94.92  9898.00 2   0.0 -38.4    140331400   0   1500       970200
   129  0 1  94.92  9892.00 2   0.0 -38.8    141346500   0   1650      1015100
   130  0 1  94.22  9886.00 2   0.0 -39.1    142407650   0   1700      1061150
   131  0 1  94.92  9878.50 2   0.0 -39.7    143509450   0   1750      1101800
   132  0 1  95.27  9871.00 2   0.0 -40.0    144642200   0   1550      1132750
   133  0 1  94.57  9857.50 2   0.0 -40.9    146936250   0   1600      2294050
   134  0 1  94.22  9850.00 2   0.0 -41.3    148058850   0   1500      1122600
   135  0 1  94.92 10144.00 2   0.0 -41.6    149144000   0   1450      1085150
   136  0 1  94.22 10136.50 2   0.0 -42.2    150183300   0   1600      1039300
   137  0 1  95.27 10129.00 2   0.0 -42.5    151174650   0   1700       991350
   138  0 1  94.92 10120.00 2   0.0 -43.1    152120050   0   1500       945400
   139  0 1  94.22 10114.00 2   0.0 -43.4    153027500   0   1450       907450
   140  0 1  94.92 10108.00 2   0.0 -44.1    153904800   0   1450       877300
   141  0 1  94.92 10102.00 2   0.0 -44.4    154762500   0   1450       857700
   142  0 1  94.22 10085.50 2   0.0 -45.6    156464150   0   1500      1701650
   143  0 1  94.92 10078.00 2   0.0 -45.9    157329100   0   1550       864950
   144  0 1  94.57 10073.50 2   0.0 -46.6    158216900   0   1850       887800
   145  0 1  94.92 10066.00 2   0.0 -46.9    159136600   0   1550       919700
   146  0 1  94.22 10060.00 2   0.0 -47.5    160095700   0   1800       959100
   147  0 1  94.92 10051.00 2   0.0 -48.1    161099400   0   1700      1003700
   148  0 1  94.92 10045.00 2   0.0 -48.4    162149550   0   1850      1050150
   149  0 1  95.62 10037.50 2   0.0 -49.1    163242700   0   1550      1093150
   150  0 1  95.62 10031.50 2   0.0 -49.7    164369250   0   1500      1126550
   151  0 1  94.92 10015.00 2   0.0 -50.6    166665000   0   1500      2295750
   152  0 1  94.57 10009.00 2   0.0 -51.3    167794150   0   1750      1129150
   153  0 1  94.92 10001.50 2   0.0 -51.9    168888850   0   1700      1094700
   154  0 1  95.27  9995.50 2   0.0 -52.5    169939750   0   1750      1050900
   155  0 1  94.92  9988.00 2   0.0 -53.1    170942000   0   1850      1002250
   156  0 1  94.92  9980.50 2   0.0 -53.4    171897950   0   1650       955950
   157  0 1  94.22  9974.50 2   0.0 -54.1    172813350   0   1500       915400
   158  0 1  94.92  9967.00 2   0.0 -54.7    173697050   0   1500       883700
   159  0 1  95.27  9959.50 2   0.0 -55.3    174558600   0   1450       861550
   160  0 1  95.27  9946.00 2   0.0 -56.6    176260400   0   1700      1701800
   161  0 1  94.22  9940.00 2   0.0 -57.2    177121350   0   1800       860950
   162  0 1  95.27  9931.00 2   0.0 -57.5    178003200   0   1800       881850
   163  0 1  95.27  9925.00 2   0.0 -58.1    178914300   0   1700       911100
   164  0 1  94.22  9919.00 2   0.0 -58.8    179863100   0   1750       948800
   165  0 1  95.27  9913.00 2   0.0 -59.4    180855900   0   1450       992800
   166  0 1  95.62  9904.00 2   0.0 -60.0    181894550   0   1900      1038650
   167  0 1  94.22  9898.00 2   0.0 -60.6    182978300   0   1550      1083750
   168  0 1  95.27  9889.00 2   0.0 -61.3    184098350   0   1800      1120050
   169  0 1  94.22  9875.50 2   0.0 -62.5    186391450   0   1850      2293100
   170  0 1  95.27  9869.50 2   0.0 -63.1    187526850   0   1600      1135400
   171  0 1  94.57  9862.00 2   0.0 -63.8    188632050   0   1550      1105200
   172  0 1  95.27  9856.00 2   0.0 -64.4    189693550   0   1450      1061500
   173  0 1  94.57 10150.00 2   0.0 -65.0    190707500   0   1450      1013950
   174  0 1  95.62 10142.50 2   0.0 -65.6    191673000   0   1800       965500
   175  0 1  94.22 10133.50 2   0.0 -66.3    192596550   0   1600       923550
   176  0 1  94.22 10129.00 2   0.0 -66.9    193486200   0   1800       889650
   177  0 1  94.57 10120.00 2   0.0 -67.5    194352050   0   1450       865850
   178  0 1  95.62 10105.00 2   0.0 -68.8    196054750   0   1650      1702700
   179  0 1  95.27 10100.50 2   0.0 -69.4    196912550   0   1800       857800
