    NO  S V  AOA    FREQ    B  FMOP  AMP      TOA      PMOP  PW         dTOA  
------ -- - ------ -------- - ----- ----- ------------ --- ------ ------------
     0  0 1  94.22  9992.50 2   0.0 -70.0            0   0   1850  42949673000
     1  0 1  94.92  9985.00 2   0.0 -69.4      1000300   0   1450      1000300
     2  0 1  94.57  9977.50 2   0.0 -68.8      2046650   0   1750      1046350
     3  0 1  94.92  9973.00 2   0.0 -68.1      3135800   0   1850      1089150
     4  0 1  94.57  9958.00 2   0.0 -66.9      5405950   0   1600      2270150
     5  0 1  95.27  9950.50 2   0.0 -66.3      6554100   0   1500      1148150
     6  0 1  95.62  9944.50 2   0.0 -65.6      7685950   0   1750      1131850
     7  0 1  95.27  9937.00 2   0.0 -65.0      8785050   0   1700      1099100
     8  0 1  94.57  9929.50 2   0.0 -64.4      9839650   0   1800      1054600
     9  0 1  94.57  9922.00 2   0.0 -63.8     10846450   0   1500      1006800
    10  0 1  94.22  9916.00 2   0.0 -63.1     11806900   0   1800       960450
    11  0 1  94.57  9908.50 2   0.0 -62.5     12726300   0   1850       919400
    12  0 1  94.92  9901.00 2   0.0 -61.9     13612400   0   1650       886100
    13  0 1  95.62  9886.00 2   0.0 -60.6     15328300   0   1800      1715900
    14  0 1  94.57  9881.50 2   0.0 -60.0     16178700   0   1500       850400
    15  0 1  95.27  9874.00 2   0.0 -59.4     17038500   0   1800       859800
    16  0 1  95.27  9865.00 2   0.0 -58.8     17917650   0   1700       879150
    17  0 1  94.92  9859.00 2   0.0 -58.1     18825750   0   1700       908100
    18  0 1  95.62  9853.00 2   0.0 -57.5     19770400   0   1650       944650
    19  0 1  95.62 10147.00 2   0.0 -57.2     20758900   0   1750       988500
    20  0 1  94.22 10138.00 2   0.0 -56.6     21794050   0   1650      1035150
    21  0 1  95.27 10130.50 2   0.0 -55.9     22873750   0   1700      1079700
    22  0 1  95.62 10117.00 2   0.0 -54.7     25132300   0   1900      2258550
    23  0 1  95.62 10109.50 2   0.0 -54.1     26281750   0   1750      1149450
    24  0 1  94.22 10102.00 2   0.0 -53.4     27419700   0   1800      1137950
    25  0 1  95.27 10096.00 2   0.0 -53.1     28527200   0   1750      1107500
    26  0 1  94.57 10088.50 2   0.0 -52.5     29593150   0   1550      1065950
    27  0 1  95.62 10084.00 2   0.0 -51.9     30611800   0   1750      1018650
    28  0 1  94.22 10075.00 2   0.0 -51.3     31582400   0   1450       970600
    29  0 1  94.57 10069.00 2   0.0 -50.6     32510500   0   1550       928100
    30  0 1  94.57 10061.50 2   0.0 -50.3     33403750   0   1550       893250
    31  0 1  95.62 10048.00 2   0.0 -49.1     35125050   0   1650      1721300
    32  0 1  94.92 10042.00 2   0.0 -48.4     35974900   0   1850       849850
    33  0 1  94.22 10034.50 2   0.0 -48.1     36830650   0   1600       855750
    34  0 1  95.62 10027.00 2   0.0 -47.5     37704350   0   1500       873700
    35  0 1  94.92 10018.00 2   0.0 -46.9     38604050   0   1600       899700
    36  0 1  94.57 10012.00 2   0.0 -46.6     39539550   0   1650       935500
    37  0 1  95.27 10004.50 2   0.0 -45.9     40517850   0   1650       978300
    38  0 1  95.62 10000.00 2   0.0 -45.6     41541500   0   1750      1023650
    39  0 1  94.57  9992.50 2   0.0 -45.0     42610150   0   1850      1068650
    40  0 1  94.92  9976.00 2   0.0 -44.1     44857200   0   1500      2247050
    41  0 1  94.22  9970.00 2   0.0 -43.4     46006500   0   1500      1149300
    42  0 1  95.62  9964.00 2   0.0 -43.1     47148300   0   1650      1141800
    43  0 1  95.27  9958.00 2   0.0 -42.5     48264850   0   1800      1116550
    44  0 1  94.92  9949.00 2   0.0 -42.2     49341900   0   1800      1077050
    45  0 1  95.62  9943.00 2   0.0 -41.6     50371450   0   1800      1029550
    46  0 1  94.22  9937.00 2   0.0 -41.3     51353750   0   1750       982300
    47  0 1  95.62  9928.00 2   0.0 -40.9     52291600   0   1850       937850
    48  0 1  94.22  9922.00 2   0.0 -40.3     53192550   0   1850       900950
    49  0 1  94.92  9907.00 2   0.0 -39.7     54922250   0   1600      1729700
    50  0 1  95.62  9901.00 2   0.0 -39.1     55771850   0   1550       849600
    51  0 1  94.22  9893.50 2   0.0 -38.8     56626150   0   1800       854300
    52  0 1  95.27  9886.00 2   0.0 -38.4     57494950   0   1650       868800
    53  0 1  95.27  9880.00 2   0.0 -38.1     58388300   0   1800       893350
    54  0 1  95.62  9872.50 2   0.0 -37.5     59314800   0   1750       926500
    55  0 1  94.92  9866.50 2   0.0 -37.2     60281550   0   1550       966750
    56  0 1  95.62  9859.00 2   0.0 -36.9     61294650   0   1650      1013100
    57  0 1  94.92  9850.00 2   0.0 -36.6     62353800   0   1800      1059150
    58  0 1  94.57 10138.00 2   0.0 -35.9     64586350   0   1500      2232550
    59  0 1  95.27 10132.00 2   0.0 -35.6     65734550   0   1600      1148200
    60  0 1  95.62 10124.50 2   0.0 -35.3     66880900   0   1500      1146350
    61  0 1  94.92 10115.50 2   0.0 -35.0     68004900   0   1850      1124000
    62  0 1  94.57 10109.50 2   0.0 -34.7     69092200   0   1500      1087300
    63  0 1  94.57 10102.00 2   0.0 -34.4     70134150   0   1750      1041950
    64  0 1  95.62 10096.00 2   0.0 -34.1     71126950   0   1750       992800
    65  0 1  94.57 10090.00 2   0.0 -33.8     72073650   0   1900       946700
    66  0 1  94.57 10081.00 2   0.0 -33.4     72982900   0   1550       909250
    67  0 1  95.27 10067.50 2   0.0 -33.1     74720400   0   1600      1737500
    68  0 1  94.92 10061.50 2   0.0 -32.8     75570300   0   1850       849900
    69  0 1  94.22 10052.50 2   0.0 -32.5     76422600   0   1850       852300
    70  0 1  95.62 10048.00 2   0.0 -32.5     77286300   0   1550       863700
    71  0 1  94.92 10039.00 2   0.0 -32.2     78173750   0   1850       887450
    72  0 1  94.92 10031.50 2   0.0 -31.9     79091650   0   1450       917900
    73  0 1  94.57 10025.50 2   0.0 -31.9     80048800   0   1500       957150
    74  0 1  94.92 10018.00 2   0.0 -31.6     81051000   0   1450      1002200
    75  0 1  94.22 10012.00 2   0.0 -31.6     82099150   0   1500      1048150
    76  0 1  94.92  9997.00 2   0.0 -31.3     84316250   0   1700      2217100
    77  0 1  94.57  9991.00 2   0.0 -30.9     85462050   0   1650      1145800
    78  0 1  95.27  9983.50 2   0.0 -30.9     86610150   0   1800      1148100
    79  0 1  94.22  9977.50 2   0.0 -30.6     87741300   0   1800      1131150
    80  0 1  94.22  9970.00 2   0.0 -30.6     88838650   0   1700      1097350
    81  0 1  94.92  9961.00 2   0.0 -30.6     89892100   0   1450      1053450
    82  0 1  95.62  9956.50 2   0.0 -30.3     90897450   0   1700      1005350
    83  0 1  94.22  9947.50 2   0.0 -30.3     91855750   0   1750       958300
    84  0 1  95.62  9940.00 2   0.0 -30.3     92772750   0   1600       917000
    85  0 1  94.92  9926.50 2   0.0 -30.0     94520550   0   1550      1747800
    86  0 1  94.92  9920.50 2   0.0 -30.0     95371800   0   1900       851250
    87  0 1  94.92  9913.00 2   0.0 -30.0     96223050   0   1800       851250
    88  0 1  95.27  9907.00 2   0.0 -30.0     97082650   0   1500       859600
    89  0 1  94.57  9898.00 2   0.0 -30.0     97962800   0   1750       880150
    90  0 1  95.27  9893.50 2   0.0 -30.0     98872750   0   1700       909950
    91  0 1  95.62  9884.50 2   0.0 -30.0     99819450   0   1800       946700
    92  0 1  94.92  9878.50 2   0.0 -30.0    100810050   0   1500       990600
    93  0 1  94.22  9871.00 2   0.0 -30.0    101847400   0   1800      1037350
    94  0 1  95.27  9857.50 2   0.0 -30.0    104048600   0   1550      2201200
    95  0 1  94.57  9850.00 2   0.0 -30.3    105191500   0   1750      1142900
    96  0 1  94.57 10144.00 2   0.0 -30.3    106340800   0   1750      1149300
    97  0 1  94.92 10138.00 2   0.0 -30.3    107476450   0   1650      1135650
    98  0 1  94.22 10130.50 2   0.0 -30.3    108582150   0   1500      1105700
    99  0 1  95.27 10123.00 2   0.0 -30.6    109646100   0   1450      1063950
   100  0 1  94.57 10115.50 2   0.0 -30.6    110662300   0   1650      1016200
   101  0 1  95.27 10108.00 2   0.0 -30.6    111630850   0   1600       968550
   102  0 1  95.62 10102.00 2   0.0 -30.9    112556550   0   1750       925700
   103  0 1  95.62 10087.00 2   0.0 -31.3    114315950   0   1850      1759400
   104  0 1  94.92 10079.50 2   0.0 -31.3    115169350   0   1900       853400
   105  0 1  94.57 10072.00 2   0.0 -31.6    116019100   0   1550       849750
   106  0 1  95.62 10067.50 2   0.0 -31.6    116875900   0   1450       856800
   107  0 1  94.57 10060.00 2   0.0 -31.9    117750900   0   1450       875000
   108  0 1  95.62 10052.50 2   0.0 -31.9    118652450   0   1700       901550
   109  0 1  94.57 10045.00 2   0.0 -32.2    119590750   0   1650       938300
   110  0 1  95.62 10039.00 2   0.0 -32.5    120570650   0   1650       979900
   111  0 1  94.22 10031.50 2   0.0 -32.5    121596650   0   1550      1026000
   112  0 1  94.22 10016.50 2   0.0 -33.1    123779800   0   1700      2183150
   113  0 1  95.27 10009.00 2   0.0 -33.4    124918800   0   1650      1139000
   114  0 1  94.22 10003.00 2   0.0 -33.4    126068000   0   1900      1149200
   115  0 1  94.92  9997.00 2   0.0 -33.8    127208800   0   1600      1140800
   116  0 1  94.57  9988.00 2   0.0 -34.1    128323350   0   1600      1114550
   117  0 1  94.22  9982.00 2   0.0 -34.4    129398000   0   1550      1074650
   118  0 1  95.62  9976.00 2   0.0 -34.7    130426150   0   1650      1028150
   119  0 1  94.22  9970.00 2   0.0 -35.0    131405350   0   1650       979200
   120  0 1  95.62  9962.50 2   0.0 -35.3    132340550   0   1900       935200
   121  0 1  94.57  9947.50 2   0.0 -35.9    134111250   0   1450      1770700
   122  0 1  95.27  9940.00 2   0.0 -36.3    134966550   0   1900       855300
   123  0 1  95.62  9934.00 2   0.0 -36.6    135816650   0   1500       850100
   124  0 1  95.27  9925.00 2   0.0 -36.9    136670550   0   1800       853900
   125  0 1  95.62  9920.50 2   0.0 -37.2    137540650   0   1700       870100
   126  0 1  95.62  9913.00 2   0.0 -37.5    138436100   0   1650       895450
   127  0 1  94.57  9904.00 2   0.0 -38.1    139365200   0   1550       929100
   128  0 1  95.62  9898.00 2   0.0 -38.4    140334800   0   1600       969600
   129  0 1  94.22  9892.00 2   0.0 -38.8    141349950   0   1750      1015150
   130  0 1  94.57  9877.00 2   0.0 -39.7    143513900   0   1450      2163950
   131  0 1  95.62  9871.00 2   0.0 -40.0    144647200   0   1450      1133300
   132  0 1  94.57  9862.00 2   0.0 -40.3    145796200   0   1650      1149000
   133  0 1  95.27  9857.50 2   0.0 -40.9    146940950   0   1650      1144750
   134  0 1  94.57  9850.00 2   0.0 -41.3    148062700   0   1500      1121750
   135  0 1  94.92 10141.00 2   0.0 -41.6    149147550   0   1600      1084850
   136  0 1  95.62 10135.00 2   0.0 -42.2    150186250   0   1550      1038700
   137  0 1  95.62 10129.00 2   0.0 -42.5    151177650   0   1450       991400
   138  0 1  94.57 10121.50 2   0.0 -43.1    152122500   0   1550       944850
   139  0 1  94.57 10108.00 2   0.0 -44.1    153905850   0   1850      1783350
   140  0 1  95.27 10100.50 2   0.0 -44.4    154763750   0   1900       857900
   141  0 1  95.27 10093.00 2   0.0 -45.0    155613850   0   1450       850100
   142  0 1  95.62 10087.00 2   0.0 -45.6    156466250   0   1450       852400
   143  0 1  95.62 10081.00 2   0.0 -45.9    157330750   0   1850       864500
   144  0 1  95.62 10072.00 2   0.0 -46.6    158218350   0   1750       887600
   145  0 1  94.22 10066.00 2   0.0 -46.9    159138000   0   1900       919650
   146  0 1  94.57 10057.00 2   0.0 -47.5    160097150   0   1800       959150
   147  0 1  95.62 10051.00 2   0.0 -48.1    161101000   0   1500      1003850
   148  0 1  95.62 10039.00 2   0.0 -49.1    163244600   0   1850      2143600
   149  0 1  95.62 10030.00 2   0.0 -49.7    164371500   0   1750      1126900
   150  0 1  94.22 10024.00 2   0.0 -50.3    165518150   0   1650      1146650
   151  0 1  94.92 10018.00 2   0.0 -50.6    166666400   0   1500      1148250
   152  0 1  94.57 10009.00 2   0.0 -51.3    167795400   0   1450      1129000
   153  0 1  94.92 10001.50 2   0.0 -51.9    168889950   0   1700      1094550
   154  0 1  94.92  9997.00 2   0.0 -52.5    169940450   0   1800      1050500
   155  0 1  94.22  9988.00 2   0.0 -53.1    170942350   0   1600      1001900
   156  0 1  95.27  9982.00 2   0.0 -53.4    171898550   0   1450       956200
   157  0 1  94.57  9967.00 2   0.0 -54.7    173697650   0   1500      1799100
   158  0 1  94.57  9959.50 2   0.0 -55.3    174559400   0   1900       861750
   159  0 1  95.27  9953.50 2   0.0 -55.9    175410600   0   1450       851200
   160  0 1  94.92  9946.00 2   0.0 -56.6    176261900   0   1650       851300
   161  0 1  94.22  9938.50 2   0.0 -57.2    177123300   0   1650       861400
   162  0 1  94.22  9931.00 2   0.0 -57.5    178005050   0   1600       881750
   163  0 1  94.92  9925.00 2   0.0 -58.1    178917450   0   1600       912400
   164  0 1  94.57  9919.00 2   0.0 -58.8    179866800   0   1900       949350
   165  0 1  94.22  9913.00 2   0.0 -59.4    180859700   0   1500       992900
   166  0 1  94.22  9898.00 2   0.0 -60.6    182984050   0   1500      2124350
   167  0 1  95.27  9890.50 2   0.0 -61.3    184104100   0   1800      1120050
   168  0 1  94.57  9883.00 2   0.0 -61.9    185247600   0   1550      1143500
   169  0 1  94.92  9875.50 2   0.0 -62.5    186396250   0   1850      1148650
   170  0 1  94.22  9869.50 2   0.0 -63.1    187531350   0   1850      1135100
   171  0 1  94.92  9862.00 2   0.0 -63.8    188636400   0   1850      1105050
   172  0 1  95.27  9854.50 2   0.0 -64.4    189698800   0   1550      1062400
   173  0 1  94.92 10150.00 2   0.0 -65.0    190712650   0   1500      1013850
   174  0 1  94.57 10142.50 2   0.0 -65.6    191678700   0   1450       966050
   175  0 1  95.27 10126.00 2   0.0 -66.9    193493150   0   1750      1814450
   176  0 1  94.57 10120.00 2   0.0 -67.5    194358950   0   1900       865800
   177  0 1  94.22 10114.00 2   0.0 -68.1    195212200   0   1700       853250
   178  0 1  95.62 10105.00 2   0.0 -68.8    196062350   0   1450       850150
   179  0 1  94.57 10099.00 2   0.0 -69.4    196920500   0   1450       858150
