    NO  S V  AOA    FREQ    B  FMOP  AMP      TOA      PMOP  PW         dTOA  
------ -- - ------ -------- - ----- ----- ------------ --- ------ ------------
     0  0 1  95.27  9992.50 2   0.0 -70.0            0   0   1700  42949673000
     1  0 1  95.62  9986.50 2   0.0 -69.4       999800   0   1550       999800
     2  0 1  94.57  9979.00 2   0.0 -68.8      2045600   0   1700      1045800
     3  0 1  95.62  9970.00 2   0.0 -68.1      3134250   0   1550      1088650
     4  0 1  94.57  9956.50 2   0.0 -66.9      5403300   0   1900      2269050
     5  0 1  95.62  9950.50 2   0.0 -66.3      6551100   0   1900      1147800
     6  0 1  94.22  9943.00 2   0.0 -65.6      7682950   0   1650      1131850
     7  0 1  94.57  9937.00 2   0.0 -65.0      8782150   0   1600      1099200
     8  0 1  95.62  9929.50 2   0.0 -64.4      9837000   0   1900      1054850
     9  0 1  94.92  9922.00 2   0.0 -63.8     10844100   0   1600      1007100
    10  0 1  94.57  9914.50 2   0.0 -63.1     11804450   0   1700       960350
    11  0 1  94.57  9907.00 2   0.0 -62.5     12723600   0   1550       919150
    12  0 1  94.92  9902.50 2   0.0 -61.9     13609200   0   1700       885600
    13  0 1  94.57  9889.00 2   0.0 -60.6     15324800   0   1700      1715600
    14  0 1  94.92  9880.00 2   0.0 -60.0     16174900   0   1450       850100
    15  0 1  94.57  9874.00 2   0.0 -59.4     17034600   0   1850       859700
    16  0 1  94.92  9868.00 2   0.0 -58.8     17913900   0   1600       879300
    17  0 1  95.62  9860.50 2   0.0 -58.1     18821650   0   1700       907750
    18  0 1  95.27  9853.00 2   0.0 -57.5     19766600   0   1800       944950
    19  0 1  95.27 10145.50 2   0.0 -57.2     20755600   0   1450       989000
    20  0 1  94.57 10138.00 2   0.0 -56.6     21790600   0   1600      1035000
    21  0 1  94.92 10130.50 2   0.0 -55.9     22869150   0   1650      1078550
    22  0 1  94.57 10118.50 2   0.0 -54.7     25128600   0   1450      2259450
    23  0 1  95.62 10111.00 2   0.0 -54.1     26278050   0   1600      1149450
    24  0 1  94.57 10105.00 2   0.0 -53.4     27415850   0   1450      1137800
    25  0 1  94.57 10097.50 2   0.0 -53.1     28523550   0   1500      1107700
    26  0 1  94.92 10090.00 2   0.0 -52.5     29590850   0   1500      1067300
    27  0 1  94.22 10084.00 2   0.0 -51.9     30609750   0   1650      1018900
    28  0 1  95.27 10075.00 2   0.0 -51.3     31580500   0   1600       970750
    29  0 1  95.27 10069.00 2   0.0 -50.6     32508400   0   1650       927900
    30  0 1  94.57 10061.50 2   0.0 -50.3     33401050   0   1450       892650
    31  0 1  94.92 10048.00 2   0.0 -49.1     35122600   0   1700      1721550
    32  0 1  94.57 10039.00 2   0.0 -48.4     35972750   0   1500       850150
    33  0 1  94.22 10034.50 2   0.0 -48.1     36828750   0   1800       856000
    34  0 1  94.92 10025.50 2   0.0 -47.5     37703200   0   1600       874450
    35  0 1  94.57 10018.00 2   0.0 -46.9     38603450   0   1900       900250
    36  0 1  94.57 10012.00 2   0.0 -46.6     39539400   0   1850       935950
    37  0 1  95.27 10006.00 2   0.0 -45.9     40517600   0   1850       978200
    38  0 1  94.92 10000.00 2   0.0 -45.6     41541850   0   1500      1024250
    39  0 1  94.92  9992.50 2   0.0 -45.0     42610350   0   1450      1068500
    40  0 1  94.92  9976.00 2   0.0 -44.1     44856700   0   1900      2246350
    41  0 1  94.57  9971.50 2   0.0 -43.4     46006100   0   1650      1149400
    42  0 1  95.27  9962.50 2   0.0 -43.1     47148350   0   1650      1142250
    43  0 1  94.92  9955.00 2   0.0 -42.5     48265650   0   1650      1117300
    44  0 1  94.57  9949.00 2   0.0 -42.2     49342750   0   1450      1077100
    45  0 1  94.92  9943.00 2   0.0 -41.6     50373000   0   1850      1030250
    46  0 1  95.62  9937.00 2   0.0 -41.3     51354750   0   1900       981750
    47  0 1  95.62  9928.00 2   0.0 -40.9     52292550   0   1600       937800
    48  0 1  95.27  9922.00 2   0.0 -40.3     53193450   0   1450       900900
    49  0 1  94.22  9907.00 2   0.0 -39.7     54922100   0   1500      1728650
    50  0 1  94.22  9901.00 2   0.0 -39.1     55771900   0   1900       849800
    51  0 1  95.62  9893.50 2   0.0 -38.8     56625850   0   1850       853950
    52  0 1  94.57  9886.00 2   0.0 -38.4     57494750   0   1800       868900
    53  0 1  94.92  9878.50 2   0.0 -38.1     58388200   0   1750       893450
    54  0 1  94.57  9872.50 2   0.0 -37.5     59315200   0   1450       927000
    55  0 1  95.62  9866.50 2   0.0 -37.2     60282500   0   1600       967300
    56  0 1  95.27  9859.00 2   0.0 -36.9     61295100   0   1500      1012600
    57  0 1  94.22  9853.00 2   0.0 -36.6     62353850   0   1700      1058750
    58  0 1  95.27 10138.00 2   0.0 -35.9     64587000   0   1700      2233150
    59  0 1  94.57 10130.50 2   0.0 -35.6     65734750   0   1650      1147750
    60  0 1  95.27 10124.50 2   0.0 -35.3     66881150   0   1750      1146400
    61  0 1  94.57 10117.00 2   0.0 -35.0     68005050   0   1700      1123900
    62  0 1  94.57 10108.00 2   0.0 -34.7     69091900   0   1700      1086850
    63  0 1  95.62 10103.50 2   0.0 -34.4     70133500   0   1900      1041600
    64  0 1  95.27 10094.50 2   0.0 -34.1     71126400   0   1500       992900
    65  0 1  95.27 10087.00 2   0.0 -33.8     72074550   0   1600       948150
    66  0 1  94.57 10081.00 2   0.0 -33.4     72983900   0   1750       909350
    67  0 1  94.57 10067.50 2   0.0 -33.1     74721750   0   1600      1737850
    68  0 1  95.27 10060.00 2   0.0 -32.8     75571700   0   1900       849950
    69  0 1  95.62 10054.00 2   0.0 -32.5     76423650   0   1650       851950
    70  0 1  95.62 10045.00 2   0.0 -32.5     77287850   0   1750       864200
    71  0 1  94.57 10039.00 2   0.0 -32.2     78174600   0   1450       886750
    72  0 1  94.57 10033.00 2   0.0 -31.9     79092200   0   1500       917600
    73  0 1  94.57 10027.00 2   0.0 -31.9     80048700   0   1650       956500
    74  0 1  94.57 10018.00 2   0.0 -31.6     81050350   0   1700      1001650
    75  0 1  95.27 10012.00 2   0.0 -31.6     82098150   0   1900      1047800
    76  0 1  95.62  9998.50 2   0.0 -31.3     84314300   0   1550      2216150
    77  0 1  95.27  9989.50 2   0.0 -30.9     85459950   0   1600      1145650
    78  0 1  94.22  9982.00 2   0.0 -30.9     86607800   0   1850      1147850
    79  0 1  95.62  9977.50 2   0.0 -30.6     87738350   0   1600      1130550
    80  0 1  95.62  9970.00 2   0.0 -30.6     88835000   0   1500      1096650
    81  0 1  95.62  9961.00 2   0.0 -30.6     89888150   0   1750      1053150
    82  0 1  94.57  9955.00 2   0.0 -30.3     90892900   0   1500      1004750
    83  0 1  95.27  9947.50 2   0.0 -30.3     91850650   0   1750       957750
    84  0 1  94.92  9940.00 2   0.0 -30.3     92767550   0   1600       916900
    85  0 1  94.92  9928.00 2   0.0 -30.0     94515450   0   1450      1747900
    86  0 1  94.57  9919.00 2   0.0 -30.0     95366250   0   1500       850800
    87  0 1  94.57  9913.00 2   0.0 -30.0     96216550   0   1700       850300
    88  0 1  94.57  9907.00 2   0.0 -30.0     97076250   0   1650       859700
    89  0 1  95.62  9901.00 2   0.0 -30.0     97955850   0   1550       879600
    90  0 1  95.27  9892.00 2   0.0 -30.0     98866200   0   1900       910350
    91  0 1  94.22  9886.00 2   0.0 -30.0     99812700   0   1750       946500
    92  0 1  95.62  9877.00 2   0.0 -30.0    100803650   0   1750       990950
    93  0 1  95.62  9872.50 2   0.0 -30.0    101841050   0   1900      1037400
    94  0 1  94.92  9857.50 2   0.0 -30.0    104040600   0   1800      2199550
    95  0 1  95.62  9851.50 2   0.0 -30.3    105184000   0   1850      1143400
    96  0 1  94.22 10142.50 2   0.0 -30.3    106333100   0   1650      1149100
    97  0 1  94.22 10136.50 2   0.0 -30.3    107469900   0   1600      1136800
    98  0 1  95.27 10129.00 2   0.0 -30.3    108577000   0   1750      1107100
    99  0 1  94.57 10123.00 2   0.0 -30.6    109641050   0   1650      1064050
   100  0 1  94.22 10114.00 2   0.0 -30.6    110657350   0   1850      1016300
   101  0 1  94.57 10108.00 2   0.0 -30.6    111626650   0   1500       969300
   102  0 1  94.22 10102.00 2   0.0 -30.9    112552450   0   1900       925800
   103  0 1  95.27 10087.00 2   0.0 -31.3    114311450   0   1800      1759000
   104  0 1  94.22 10081.00 2   0.0 -31.3    115164100   0   1750       852650
   105  0 1  95.27 10075.00 2   0.0 -31.6    116013950   0   1750       849850
   106  0 1  94.92 10066.00 2   0.0 -31.6    116870900   0   1500       856950
   107  0 1  95.62 10058.50 2   0.0 -31.9    117745950   0   1700       875050
   108  0 1  94.57 10054.00 2   0.0 -31.9    118648050   0   1600       902100
   109  0 1  95.27 10045.00 2   0.0 -32.2    119586200   0   1450       938150
   110  0 1  95.27 10039.00 2   0.0 -32.5    120566500   0   1500       980300
   111  0 1  94.22 10030.00 2   0.0 -32.5    121592200   0   1450      1025700
   112  0 1  94.92 10018.00 2   0.0 -33.1    123773700   0   1800      2181500
   113  0 1  94.92 10012.00 2   0.0 -33.4    124913150   0   1450      1139450
   114  0 1  95.27 10003.00 2   0.0 -33.4    126062250   0   1700      1149100
   115  0 1  95.27  9995.50 2   0.0 -33.8    127203100   0   1900      1140850
   116  0 1  95.62  9991.00 2   0.0 -34.1    128318400   0   1550      1115300
   117  0 1  94.57  9982.00 2   0.0 -34.4    129393700   0   1750      1075300
   118  0 1  95.62  9974.50 2   0.0 -34.7    130421900   0   1600      1028200
   119  0 1  94.22  9970.00 2   0.0 -35.0    131402100   0   1450       980200
   120  0 1  94.92  9962.50 2   0.0 -35.3    132338150   0   1850       936050
   121  0 1  95.27  9949.00 2   0.0 -35.9    134109100   0   1800      1770950
   122  0 1  94.57  9940.00 2   0.0 -36.3    134964400   0   1800       855300
   123  0 1  95.27  9934.00 2   0.0 -36.6    135814850   0   1900       850450
   124  0 1  95.27  9928.00 2   0.0 -36.9    136669300   0   1850       854450
   125  0 1  95.27  9920.50 2   0.0 -37.2    137539700   0   1800       870400
   126  0 1  95.62  9911.50 2   0.0 -37.5    138434450   0   1800       894750
   127  0 1  94.57  9905.50 2   0.0 -38.1    139363150   0   1600       928700
   128  0 1  94.22  9898.00 2   0.0 -38.4    140332900   0   1750       969750
   129  0 1  94.22  9892.00 2   0.0 -38.8    141347800   0   1600      1014900
   130  0 1  95.27  9877.00 2   0.0 -39.7    143511150   0   1850      2163350
   131  0 1  94.57  9871.00 2   0.0 -40.0    144643800   0   1850      1132650
   132  0 1  95.62  9863.50 2   0.0 -40.3    145793200   0   1750      1149400
   133  0 1  94.22  9857.50 2   0.0 -40.9    146937800   0   1450      1144600
   134  0 1  95.62  9848.50 2   0.0 -41.3    148060900   0   1550      1123100
   135  0 1  95.27 10144.00 2   0.0 -41.6    149146000   0   1500      1085100
   136  0 1  95.62 10135.00 2   0.0 -42.2    150184750   0   1600      1038750
   137  0 1  94.92 10129.00 2   0.0 -42.5    151175850   0   1750       991100
   138  0 1  94.92 10123.00 2   0.0 -43.1    152121200   0   1900       945350
   139  0 1  95.27 10106.50 2   0.0 -44.1    153905000   0   1900      1783800
   140  0 1  95.62 10099.00 2   0.0 -44.4    154763200   0   1900       858200
   141  0 1  94.92 10093.00 2   0.0 -45.0    155613500   0   1750       850300
   142  0 1  94.22 10087.00 2   0.0 -45.6    156465000   0   1700       851500
   143  0 1  94.57 10079.50 2   0.0 -45.9    157330200   0   1600       865200
   144  0 1  94.22 10072.00 2   0.0 -46.6    158218300   0   1800       888100
   145  0 1  95.27 10064.50 2   0.0 -46.9    159138050   0   1500       919750
   146  0 1  94.22 10058.50 2   0.0 -47.5    160096950   0   1800       958900
   147  0 1  94.92 10052.50 2   0.0 -48.1    161100850   0   1450      1003900
   148  0 1  95.27 10039.00 2   0.0 -49.1    163243200   0   1800      2142350
   149  0 1  95.62 10030.00 2   0.0 -49.7    164370450   0   1650      1127250
   150  0 1  94.22 10022.50 2   0.0 -50.3    165517200   0   1650      1146750
   151  0 1  95.27 10016.50 2   0.0 -50.6    166664850   0   1450      1147650
   152  0 1  94.57 10010.50 2   0.0 -51.3    167793400   0   1750      1128550
   153  0 1  94.22 10003.00 2   0.0 -51.9    168887950   0   1700      1094550
   154  0 1  94.92  9994.00 2   0.0 -52.5    169939250   0   1550      1051300
   155  0 1  95.27  9989.50 2   0.0 -53.1    170941550   0   1500      1002300
   156  0 1  95.62  9982.00 2   0.0 -53.4    171897100   0   1800       955550
   157  0 1  95.27  9968.50 2   0.0 -54.7    173695350   0   1500      1798250
   158  0 1  94.22  9961.00 2   0.0 -55.3    174557000   0   1450       861650
   159  0 1  95.62  9952.00 2   0.0 -55.9    175407900   0   1550       850900
   160  0 1  94.22  9947.50 2   0.0 -56.6    176259150   0   1450       851250
   161  0 1  94.22  9940.00 2   0.0 -57.2    177119950   0   1550       860800
   162  0 1  95.62  9931.00 2   0.0 -57.5    178002000   0   1550       882050
   163  0 1  94.22  9925.00 2   0.0 -58.1    178913000   0   1750       911000
   164  0 1  94.92  9919.00 2   0.0 -58.8    179862100   0   1550       949100
   165  0 1  94.92  9910.00 2   0.0 -59.4    180855150   0   1850       993050
   166  0 1  95.62  9896.50 2   0.0 -60.6    182977750   0   1700      2122600
   167  0 1  95.27  9892.00 2   0.0 -61.3    184097450   0   1850      1119700
   168  0 1  95.27  9883.00 2   0.0 -61.9    185241000   0   1750      1143550
   169  0 1  94.92  9877.00 2   0.0 -62.5    186389900   0   1700      1148900
   170  0 1  94.57  9868.00 2   0.0 -63.1    187525150   0   1700      1135250
   171  0 1  95.27  9863.50 2   0.0 -63.8    188629700   0   1900      1104550
   172  0 1  95.62  9856.00 2   0.0 -64.4    189691700   0   1800      1062000
   173  0 1  94.92 10150.00 2   0.0 -65.0    190705950   0   1750      1014250
   174  0 1  95.27 10141.00 2   0.0 -65.6    191672800   0   1800       966850
   175  0 1  94.92 10129.00 2   0.0 -66.9    193486200   0   1850      1813400
   176  0 1  95.62 10121.50 2   0.0 -67.5    194352650   0   1650       866450
   177  0 1  94.92 10112.50 2   0.0 -68.1    195205900   0   1450       853250
   178  0 1  94.92 10108.00 2   0.0 -68.8    196056100   0   1550       850200
   179  0 1  94.92 10100.50 2   0.0 -69.4    196914500   0   1550       858400
