    NO  S V  AOA    FREQ    B  FMOP  AMP      TOA      PMOP  PW         dTOA  
------ -- - ------ -------- - ----- ----- ------------ --- ------ ------------
     0  0 1  94.57  9970.00 2   0.0 -70.0            0   0   1450  42949673000
     1  0 1  94.22 10009.00 2   0.0 -67.5      1000250   0   1150      1000250
     2  0 1  95.62  9931.00 2   0.0 -65.0      2010400   0   1050      1010150
     3  0 1  95.27  9923.50 2   0.0 -60.0      4059600   0   1300      2049200
     4  0 1  94.57  9949.00 2   0.0 -57.5      5099600   0   1300      1040000
     5  0 1  95.62  9931.00 2   0.0 -55.3      6149450   0   1300      1049850
     6  0 1  94.92 10075.00 2   0.0 -53.1      7209600   0   1250      1060150
     7  0 1  95.62 10001.50 2   0.0 -50.6      8279300   0   1100      1069700
     8  0 1  94.57  9964.00 2   0.0 -48.4      9279300   0   1350      1000000
     9  0 1  95.62 10009.00 2   0.0 -46.6     10289050   0   1250      1009750
    10  0 1  95.27 10054.00 2   0.0 -44.4     11308600   0   1050      1019550
    11  0 1  94.92 10009.00 2   0.0 -42.5     12338250   0   1250      1029650
    12  0 1  94.22  9964.00 2   0.0 -39.1     14427950   0   1400      2089700
    13  0 1  95.27  9958.00 2   0.0 -37.5     15488150   0   1350      1060200
    14  0 1  95.27 10007.50 2   0.0 -36.3     16558300   0   1450      1070150
    15  0 1  94.22 10069.00 2   0.0 -35.0     17557900   0   1100       999600
    16  0 1  95.27 10042.00 2   0.0 -33.8     18567550   0   1050      1009650
    17  0 1  94.57 10073.50 2   0.0 -32.8     19587150   0   1400      1019600
    18  0 1  95.62 10012.00 2   0.0 -31.9     20617600   0   1400      1030450
    19  0 1  94.92  9961.00 2   0.0 -31.3     21657950   0   1450      1040350
    20  0 1  94.92 10069.00 2   0.0 -30.6     22708200   0   1100      1050250
    21  0 1  95.27  9937.00 2   0.0 -30.0     24837500   0   1050      2129300
    22  0 1  94.22 10022.50 2   0.0 -30.0     25837300   0   1100       999800
    23  0 1  94.22 10045.00 2   0.0 -30.0     26847500   0   1050      1010200
    24  0 1  94.57  9991.00 2   0.0 -30.3     27867850   0   1400      1020350
    25  0 1  95.27  9922.00 2   0.0 -30.6     28898000   0   1300      1030150
    26  0 1  94.57 10006.00 2   0.0 -31.3     29937500   0   1050      1039500
    27  0 1  94.57  9970.00 2   0.0 -31.9     30987550   0   1500      1050050
    28  0 1  95.27  9938.50 2   0.0 -32.8     32047250   0   1200      1059700
    29  0 1  94.22  9922.00 2   0.0 -33.8     33117350   0   1300      1070100
    30  0 1  95.62 10027.00 2   0.0 -36.3     35127550   0   1350      2010200
    31  0 1  94.92 10042.00 2   0.0 -37.5     36147150   0   1100      1019600
    32  0 1  94.57 10024.00 2   0.0 -39.1     37176700   0   1150      1029550
    33  0 1  94.92  9970.00 2   0.0 -40.9     38216400   0   1100      1039700
    34  0 1  94.57 10067.50 2   0.0 -42.5     39265950   0   1100      1049550
    35  0 1  95.62 10046.50 2   0.0 -44.4     40326150   0   1150      1060200
    36  0 1  95.62 10040.50 2   0.0 -46.6     41395750   0   1050      1069600
    37  0 1  95.62  9982.00 2   0.0 -48.4     42395700   0   1500       999950
    38  0 1  94.57 10048.00 2   0.0 -50.6     43405600   0   1450      1009900
    39  0 1  95.62 10060.00 2   0.0 -55.3     45455900   0   1050      2050300
    40  0 1  95.27  9922.00 2   0.0 -57.5     46495550   0   1050      1039650
    41  0 1  94.57 10028.50 2   0.0 -60.0     47545250   0   1450      1049700
    42  0 1  94.57 10052.50 2   0.0 -62.5     48605600   0   1200      1060350
    43  0 1  94.92 10024.00 2   0.0 -65.0     49675850   0   1050      1070250
    44  0 1  95.27  9926.50 2   0.0 -67.5     50676050   0   1500      1000200
