    NO  S V  AOA    FREQ    B  FMOP  AMP      TOA      PMOP  PW         dTOA  
------ -- - ------ -------- - ----- ----- ------------ --- ------ ------------
     0  0 1  94.92  9962.50 2   0.0 -70.0            0   0   1400  42949673000
     1  0 1  95.27 10015.00 2   0.0 -67.5      1000050   0   1100      1000050
     2  0 1  94.22  9940.00 2   0.0 -65.0      2010200   0   1350      1010150
     3  0 1  94.92  9977.50 2   0.0 -62.5      3030100   0   1100      1019900
     4  0 1  95.27 10024.00 2   0.0 -60.0      4060500   0   1300      1030400
     5  0 1  95.62 10012.00 2   0.0 -57.5      5100300   0   1150      1039800
     6  0 1  95.62 10024.00 2   0.0 -55.3      6150750   0   1050      1050450
     7  0 1  95.62  9997.00 2   0.0 -50.6      8280900   0   1100      2130150
     8  0 1  94.22  9986.50 2   0.0 -48.4      9280700   0   1350       999800
     9  0 1  94.57 10027.00 2   0.0 -46.6     10290700   0   1300      1010000
    10  0 1  95.27  9991.00 2   0.0 -44.4     11310250   0   1050      1019550
    11  0 1  94.57 10070.50 2   0.0 -42.5     12339950   0   1150      1029700
    12  0 1  94.22 10036.00 2   0.0 -40.9     13380200   0   1200      1040250
    13  0 1  94.57  9920.50 2   0.0 -39.1     14430050   0   1100      1049850
    14  0 1  94.22  9994.00 2   0.0 -37.5     15490000   0   1150      1059950
    15  0 1  94.92 10006.00 2   0.0 -36.3     16560050   0   1300      1070050
    16  0 1  95.27  9994.00 2   0.0 -33.8     18570950   0   1200      2010900
    17  0 1  94.92  9991.00 2   0.0 -32.8     19591300   0   1100      1020350
    18  0 1  95.27 10010.50 2   0.0 -31.9     20621750   0   1500      1030450
    19  0 1  95.62 10072.00 2   0.0 -31.3     21661450   0   1400      1039700
    20  0 1  95.62 10024.00 2   0.0 -30.6     22711250   0   1350      1049800
    21  0 1  94.92  9958.00 2   0.0 -30.3     23770800   0   1100      1059550
    22  0 1  94.57 10040.50 2   0.0 -30.0     24840950   0   1350      1070150
    23  0 1  94.92  9922.00 2   0.0 -30.0     25841400   0   1400      1000450
    24  0 1  95.62 10066.00 2   0.0 -30.0     26851350   0   1100      1009950
    25  0 1  95.27 10003.00 2   0.0 -30.6     28901000   0   1450      2049650
    26  0 1  95.27 10018.00 2   0.0 -31.3     29940550   0   1100      1039550
    27  0 1  95.27 10076.50 2   0.0 -31.9     30990050   0   1150      1049500
    28  0 1  95.62 10022.50 2   0.0 -32.8     32050050   0   1350      1060000
    29  0 1  95.62  9994.00 2   0.0 -33.8     33120500   0   1250      1070450
    30  0 1  94.22 10057.00 2   0.0 -35.0     34120550   0   1150      1000050
    31  0 1  94.92  9937.00 2   0.0 -36.3     35130250   0   1250      1009700
    32  0 1  94.57 10040.50 2   0.0 -37.5     36150500   0   1100      1020250
    33  0 1  94.22 10054.00 2   0.0 -39.1     37180000   0   1500      1029500
    34  0 1  95.27  9977.50 2   0.0 -42.5     39269750   0   1250      2089750
    35  0 1  95.27  9922.00 2   0.0 -44.4     40329600   0   1100      1059850
    36  0 1  95.62  9961.00 2   0.0 -46.6     41399650   0   1050      1070050
    37  0 1  94.22 10076.50 2   0.0 -48.4     42399350   0   1300       999700
    38  0 1  95.27  9937.00 2   0.0 -50.6     43409750   0   1200      1010400
    39  0 1  95.27 10019.50 2   0.0 -53.1     44429350   0   1450      1019600
    40  0 1  95.62  9988.00 2   0.0 -55.3     45459100   0   1250      1029750
    41  0 1  94.22 10045.00 2   0.0 -57.5     46499250   0   1500      1040150
    42  0 1  94.92  9922.00 2   0.0 -60.0     47549000   0   1250      1049750
    43  0 1  95.27 10063.00 2   0.0 -65.0     49678500   0   1350      2129500
    44  0 1  94.22 10057.00 2   0.0 -67.5     50678800   0   1450      1000300
