    NO  S V  AOA    FREQ    B  FMOP  AMP      TOA      PMOP  PW         dTOA  
------ -- - ------ -------- - ----- ----- ------------ --- ------ ------------
     0  0 1  94.22  9998.50 2   0.0 -70.0            0   0   1700  42949673000
     1  0 1  95.27 10033.00 2   0.0 -69.4      1000400   0   1850      1000400
     2  0 1  95.27 10064.50 2   0.0 -68.8      2000200   0   2000       999800
     3  0 1  94.22 10127.50 2   0.0 -67.5      4000350   0   1650      2000150
     4  0 1  94.22 10153.00 2   0.0 -66.9      5000550   0   1700      1000200
     5  0 1  95.62 10177.00 2   0.0 -66.3      6001000   0   1900      1000450
     6  0 1  94.92 10199.50 2   0.0 -65.6      6990600   0   1700       989600
     7  0 1  94.92 10217.50 2   0.0 -65.0      7980600   0   1800       990000
     8  0 1  94.22 10232.50 2   0.0 -64.4      8970950   0   1750       990350
     9  0 1  94.92 10243.00 2   0.0 -63.8      9960800   0   2000       989850
    10  0 1  94.22 10249.00 2   0.0 -63.1     10950550   0   2050       989750
    11  0 1  94.92 10249.00 2   0.0 -62.5     11940750   0   1700       990200
    12  0 1  94.22 10240.00 2   0.0 -61.3     13940800   0   2000      2000050
    13  0 1  95.27 10228.00 2   0.0 -60.6     14940300   0   1900       999500
    14  0 1  95.27 10210.00 2   0.0 -60.0     15940500   0   1750      1000200
    15  0 1  94.22 10192.00 2   0.0 -59.4     16940100   0   2050       999600
    16  0 1  95.27 10168.00 2   0.0 -58.8     17940100   0   2050      1000000
    17  0 1  95.27 10141.00 2   0.0 -58.1     18949900   0   1950      1009800
    18  0 1  94.92 10114.00 2   0.0 -57.5     19959650   0   1850      1009750
    19  0 1  94.57 10082.50 2   0.0 -57.2     20970050   0   1800      1010400
    20  0 1  95.27 10049.50 2   0.0 -56.6     21980300   0   2100      1010250
    21  0 1  94.22  9983.50 2   0.0 -55.3     24001150   0   1800      2020850
    22  0 1  95.27  9950.50 2   0.0 -54.7     25000700   0   1850       999550
    23  0 1  94.57  9916.00 2   0.0 -54.1     26000200   0   1950       999500
    24  0 1  95.62  9887.50 2   0.0 -53.4     27000200   0   2100      1000000
    25  0 1  94.22  9859.00 2   0.0 -53.1     27999950   0   1650       999750
    26  0 1  94.22  9832.00 2   0.0 -52.5     28999650   0   1950       999700
    27  0 1  94.92  9809.50 2   0.0 -51.9     30000050   0   1700      1000400
    28  0 1  95.62  9788.50 2   0.0 -51.3     31000500   0   1800      1000450
    29  0 1  95.27  9773.50 2   0.0 -50.6     32000600   0   1700      1000100
    30  0 1  94.92  9752.50 2   0.0 -49.7     34000700   0   2100      2000100
    31  0 1  95.62  9749.50 2   0.0 -49.1     35000300   0   2050       999600
    32  0 1  95.62  9751.00 2   0.0 -48.4     36000300   0   2050      1000000
    33  0 1  94.92  9757.00 2   0.0 -48.1     36980050   0   1850       979750
    34  0 1  94.57  9764.50 2   0.0 -47.5     37959900   0   2000       979850
    35  0 1  94.57  9779.50 2   0.0 -46.9     38940200   0   2000       980300
    36  0 1  95.27  9796.00 2   0.0 -46.6     39920000   0   2100       979800
    37  0 1  95.27  9817.00 2   0.0 -45.9     40900100   0   1700       980100
    38  0 1  95.62  9841.00 2   0.0 -45.6     41880450   0   2000       980350
    39  0 1  94.57  9895.00 2   0.0 -44.4     43819900   0   1700      1939450
    40  0 1  95.27  9928.00 2   0.0 -44.1     44790350   0   2000       970450
    41  0 1  95.27  9956.50 2   0.0 -43.4     45760400   0   1700       970050
    42  0 1  94.57  9989.50 2   0.0 -43.1     46730550   0   2000       970150
    43  0 1  94.22 10021.00 2   0.0 -42.5     47700700   0   1800       970150
    44  0 1  94.92 10055.50 2   0.0 -42.2     48670600   0   1900       969900
    45  0 1  94.22 10085.50 2   0.0 -41.6     49640250   0   2050       969650
    46  0 1  94.57 10114.00 2   0.0 -41.3     50610050   0   1700       969800
    47  0 1  94.57 10142.50 2   0.0 -40.9     51580450   0   1650       970400
    48  0 1  94.57 10192.00 2   0.0 -40.0     53520300   0   2000      1939850
    49  0 1  94.57 10211.50 2   0.0 -39.7     54519900   0   2100       999600
    50  0 1  95.62 10228.00 2   0.0 -39.1     55520050   0   1900      1000150
    51  0 1  94.92 10238.50 2   0.0 -38.8     56520450   0   2050      1000400
    52  0 1  94.22 10246.00 2   0.0 -38.4     57520000   0   1850       999550
    53  0 1  94.22 10249.00 2   0.0 -38.1     58520200   0   1900      1000200
    54  0 1  94.57 10246.00 2   0.0 -37.5     59520150   0   1800       999950
    55  0 1  94.92 10241.50 2   0.0 -37.2     60519700   0   2100       999550
    56  0 1  95.27 10232.50 2   0.0 -36.9     61519600   0   2100       999900
    57  0 1  94.57 10198.00 2   0.0 -36.3     63520050   0   2000      2000450
    58  0 1  95.62 10178.50 2   0.0 -35.9     64519650   0   1850       999600
    59  0 1  94.92 10154.50 2   0.0 -35.6     65519600   0   1900       999950
    60  0 1  95.27 10126.00 2   0.0 -35.3     66509800   0   1800       990200
    61  0 1  95.27 10097.50 2   0.0 -35.0     67499350   0   1650       989550
    62  0 1  94.57 10066.00 2   0.0 -34.7     68489100   0   1950       989750
    63  0 1  94.57 10033.00 2   0.0 -34.4     69479000   0   2000       989900
    64  0 1  94.22 10000.00 2   0.0 -34.1     70469250   0   1750       990250
    65  0 1  95.27  9968.50 2   0.0 -33.8     71459300   0   1650       990050
    66  0 1  94.92  9904.00 2   0.0 -33.4     73459050   0   2050      1999750
    67  0 1  94.57  9874.00 2   0.0 -33.1     74459000   0   1650       999950
    68  0 1  94.92  9844.00 2   0.0 -32.8     75459400   0   1950      1000400
    69  0 1  95.62  9820.00 2   0.0 -32.5     76459000   0   1650       999600
    70  0 1  94.57  9799.00 2   0.0 -32.5     77458700   0   1750       999700
    71  0 1  95.62  9781.00 2   0.0 -32.2     78468550   0   2000      1009850
    72  0 1  94.57  9766.00 2   0.0 -31.9     79478150   0   2000      1009600
    73  0 1  95.27  9755.50 2   0.0 -31.9     80488200   0   1650      1010050
    74  0 1  95.27  9751.00 2   0.0 -31.6     81498350   0   1650      1010150
    75  0 1  94.22  9751.00 2   0.0 -31.3     83517950   0   2100      2019600
    76  0 1  94.22  9760.00 2   0.0 -31.3     84517550   0   1800       999600
    77  0 1  94.22  9773.50 2   0.0 -30.9     85517550   0   1650      1000000
    78  0 1  94.92  9788.50 2   0.0 -30.9     86517050   0   1700       999500
    79  0 1  94.22  9809.50 2   0.0 -30.6     87516800   0   1950       999750
    80  0 1  94.92  9832.00 2   0.0 -30.6     88516900   0   1900      1000100
    81  0 1  94.57  9857.50 2   0.0 -30.6     89517300   0   1800      1000400
    82  0 1  95.62  9886.00 2   0.0 -30.3     90517350   0   2000      1000050
    83  0 1  94.22  9917.50 2   0.0 -30.3     91517150   0   1650       999800
    84  0 1  94.57  9983.50 2   0.0 -30.3     93517650   0   1850      2000500
    85  0 1  94.92 10015.00 2   0.0 -30.0     94517500   0   1700       999850
    86  0 1  94.92 10049.50 2   0.0 -30.0     95517250   0   2100       999750
    87  0 1  94.92 10081.00 2   0.0 -30.0     96496900   0   1900       979650
    88  0 1  94.57 10111.00 2   0.0 -30.0     97476450   0   1650       979550
    89  0 1  95.62 10139.50 2   0.0 -30.0     98456850   0   2050       980400
    90  0 1  94.22 10166.50 2   0.0 -30.0     99436800   0   2000       979950
    91  0 1  94.92 10189.00 2   0.0 -30.0    100416800   0   1900       980000
    92  0 1  95.27 10207.00 2   0.0 -30.0    101396800   0   2100       980000
    93  0 1  95.27 10235.50 2   0.0 -30.0    103336600   0   1800      1939800
    94  0 1  95.27 10246.00 2   0.0 -30.0    104306500   0   1750       969900
    95  0 1  94.57 10249.00 2   0.0 -30.3    105276550   0   1700       970050
    96  0 1  94.57 10249.00 2   0.0 -30.3    106246650   0   1800       970100
    97  0 1  95.62 10244.50 2   0.0 -30.3    107216650   0   1800       970000
    98  0 1  95.27 10234.00 2   0.0 -30.3    108186500   0   1650       969850
    99  0 1  94.22 10225.00 2   0.0 -30.6    109156850   0   1750       970350
   100  0 1  95.27 10207.00 2   0.0 -30.6    110126900   0   1800       970050
   101  0 1  94.22 10189.00 2   0.0 -30.6    111097350   0   1900       970450
   102  0 1  95.27 10138.00 2   0.0 -30.9    113037300   0   1700      1939950
   103  0 1  94.57 10111.00 2   0.0 -31.3    114037750   0   2050      1000450
   104  0 1  95.27 10078.00 2   0.0 -31.3    115037400   0   2000       999650
   105  0 1  94.57 10048.00 2   0.0 -31.6    116037550   0   1850      1000150
   106  0 1  94.22 10015.00 2   0.0 -31.6    117037950   0   2050      1000400
   107  0 1  95.27  9982.00 2   0.0 -31.9    118038350   0   1700      1000400
   108  0 1  94.92  9947.50 2   0.0 -31.9    119038500   0   1850      1000150
   109  0 1  94.57  9914.50 2   0.0 -32.2    120038950   0   1900      1000450
   110  0 1  95.62  9886.00 2   0.0 -32.5    121039250   0   2050      1000300
   111  0 1  94.92  9832.00 2   0.0 -32.8    123039300   0   1900      2000050
   112  0 1  94.22  9808.00 2   0.0 -33.1    124039700   0   2100      1000400
   113  0 1  94.92  9788.50 2   0.0 -33.4    125040150   0   2000      1000450
   114  0 1  94.22  9772.00 2   0.0 -33.4    126030300   0   2050       990150
   115  0 1  95.62  9760.00 2   0.0 -33.8    127020200   0   1800       989900
   116  0 1  94.22  9751.00 2   0.0 -34.1    128010000   0   1950       989800
   117  0 1  95.62  9751.00 2   0.0 -34.4    129000050   0   1850       990050
   118  0 1  95.62  9751.00 2   0.0 -34.7    129989900   0   1750       989850
   119  0 1  94.92  9755.50 2   0.0 -35.0    130979750   0   1950       989850
   120  0 1  94.92  9781.00 2   0.0 -35.6    132979050   0   1850      1999300
   121  0 1  95.27  9799.00 2   0.0 -35.9    133978750   0   1750       999700
   122  0 1  94.57  9817.00 2   0.0 -36.3    134978650   0   1900       999900
   123  0 1  94.92  9844.00 2   0.0 -36.6    135978450   0   1650       999800
   124  0 1  94.22  9871.00 2   0.0 -36.9    136978350   0   2000       999900
   125  0 1  95.27  9901.00 2   0.0 -37.2    137987900   0   1850      1009550
   126  0 1  94.57  9932.50 2   0.0 -37.5    138997900   0   1650      1010000
   127  0 1  94.22  9965.50 2   0.0 -38.1    140008000   0   1650      1010100
   128  0 1  94.22 10000.00 2   0.0 -38.4    141018300   0   1850      1010300
   129  0 1  94.57 10066.00 2   0.0 -39.1    143039100   0   1650      2020800
   130  0 1  94.92 10096.00 2   0.0 -39.7    144039400   0   1650      1000300
   131  0 1  95.62 10129.00 2   0.0 -40.0    145039300   0   2000       999900
   132  0 1  95.62 10156.00 2   0.0 -40.3    146039150   0   2000       999850
   133  0 1  94.57 10180.00 2   0.0 -40.9    147039350   0   1950      1000200
   134  0 1  95.27 10202.50 2   0.0 -41.3    148039150   0   2050       999800
   135  0 1  95.27 10217.50 2   0.0 -41.6    149038650   0   1850       999500
   136  0 1  95.27 10231.00 2   0.0 -42.2    150038800   0   1750      1000150
   137  0 1  94.57 10241.50 2   0.0 -42.5    151038850   0   2100      1000050
   138  0 1  94.92 10249.00 2   0.0 -43.4    153038650   0   1700      1999800
   139  0 1  95.27 10244.50 2   0.0 -44.1    154038550   0   2050       999900
   140  0 1  95.27 10238.50 2   0.0 -44.4    155039000   0   2000      1000450
   141  0 1  94.57 10225.00 2   0.0 -45.0    156018600   0   1900       979600
   142  0 1  95.62 10210.00 2   0.0 -45.6    156998700   0   1650       980100
   143  0 1  95.27 10190.50 2   0.0 -45.9    157979000   0   1950       980300
   144  0 1  95.27 10166.50 2   0.0 -46.6    158958750   0   1700       979750
   145  0 1  94.22 10144.00 2   0.0 -46.9    159938300   0   1750       979550
   146  0 1  95.62 10114.00 2   0.0 -47.5    160918450   0   1950       980150
   147  0 1  94.92 10054.00 2   0.0 -48.4    162858350   0   1950      1939900
   148  0 1  94.57 10021.00 2   0.0 -49.1    163828400   0   1650       970050
   149  0 1  95.62  9991.00 2   0.0 -49.7    164798000   0   1700       969600
   150  0 1  94.92  9955.00 2   0.0 -50.3    165767600   0   2050       969600
   151  0 1  94.22  9925.00 2   0.0 -50.6    166737700   0   2100       970100
   152  0 1  94.57  9895.00 2   0.0 -51.3    167707650   0   1900       969950
   153  0 1  94.22  9866.50 2   0.0 -51.9    168677450   0   2100       969800
   154  0 1  94.22  9841.00 2   0.0 -52.5    169647850   0   2050       970400
   155  0 1  94.57  9817.00 2   0.0 -53.1    170617750   0   1700       969900
   156  0 1  94.22  9778.00 2   0.0 -54.1    172558400   0   1650      1940650
   157  0 1  94.22  9766.00 2   0.0 -54.7    173558100   0   1950       999700
   158  0 1  95.62  9755.50 2   0.0 -55.3    174558450   0   1700      1000350
   159  0 1  94.22  9749.50 2   0.0 -55.9    175558650   0   1750      1000200
   160  0 1  94.22  9748.00 2   0.0 -56.6    176559050   0   1900      1000400
   161  0 1  94.22  9752.50 2   0.0 -57.2    177559100   0   1650      1000050
   162  0 1  94.57  9760.00 2   0.0 -57.5    178559150   0   1950      1000050
   163  0 1  94.22  9775.00 2   0.0 -58.1    179559450   0   1850      1000300
   164  0 1  95.27  9790.00 2   0.0 -58.8    180559500   0   1750      1000050
   165  0 1  95.27  9832.00 2   0.0 -60.0    182559650   0   1850      2000150
   166  0 1  95.27  9860.50 2   0.0 -60.6    183559800   0   2000      1000150
   167  0 1  94.92  9889.00 2   0.0 -61.3    184559500   0   1750       999700
   168  0 1  94.57  9919.00 2   0.0 -61.9    185549200   0   2050       989700
   169  0 1  94.22  9952.00 2   0.0 -62.5    186539100   0   2100       989900
   170  0 1  95.62  9983.50 2   0.0 -63.1    187529500   0   1650       990400
   171  0 1  94.92 10015.00 2   0.0 -63.8    188519300   0   1800       989800
   172  0 1  95.62 10048.00 2   0.0 -64.4    189509350   0   1750       990050
   173  0 1  94.92 10081.00 2   0.0 -65.0    190499400   0   1800       990050
   174  0 1  94.57 10141.00 2   0.0 -66.3    192499150   0   2050      1999750
   175  0 1  94.22 10166.50 2   0.0 -66.9    193499500   0   1950      1000350
   176  0 1  95.62 10189.00 2   0.0 -67.5    194499850   0   2000      1000350
   177  0 1  94.92 10208.50 2   0.0 -68.1    195499500   0   1750       999650
   178  0 1  94.92 10225.00 2   0.0 -68.8    196499350   0   1750       999850
   179  0 1  94.57 10237.00 2   0.0 -69.4    197509700   0   1700      1010350
