    NO  S V  AOA    FREQ    B  FMOP  AMP      TOA      PMOP  PW         dTOA  
------ -- - ------ -------- - ----- ----- ------------ --- ------ ------------
     0  0 1  95.62 10018.00 2   0.0 -70.0            0   0   1350  42949673000
     1  0 1  94.22 10018.00 2   0.0 -68.8       999800   0   1600       999800
     2  0 1  94.22 10018.00 2   0.0 -67.5      2092150   0   1650      1092350
     3  0 1  95.27 10018.00 2   0.0 -66.3      3274650   0   1400      1182500
     4  0 1  94.22 10018.00 2   0.0 -63.8      5826850   0   1600      2552200
     5  0 1  94.22 10018.00 2   0.0 -62.5      7115850   0   1450      1289000
     6  0 1  95.27 10018.00 2   0.0 -61.3      8351450   0   1650      1235600
     7  0 1  94.92 10018.00 2   0.0 -60.0      9499250   0   1450      1147800
     8  0 1  95.27 10018.00 2   0.0 -58.8     10546050   0   1450      1046800
     9  0 1  95.62 10016.50 2   0.0 -57.5     11493850   0   1600       947800
    10  0 1  95.27 10018.00 2   0.0 -56.6     12358000   0   1800       864150
    11  0 1  94.22 10016.50 2   0.0 -55.3     13155350   0   1800       797350
    12  0 1  95.62 10016.50 2   0.0 -54.1     13903650   0   1800       748300
    13  0 1  94.22 10018.00 2   0.0 -51.9     15322900   0   1350      1419250
    14  0 1  95.27 10018.00 2   0.0 -50.6     16023850   0   1700       700950
    15  0 1  94.22 10018.00 2   0.0 -49.7     16739200   0   1750       715350
    16  0 1  95.62 10016.50 2   0.0 -48.4     17482400   0   1450       743200
    17  0 1  94.22 10016.50 2   0.0 -47.5     18268650   0   1600       786250
    18  0 1  95.27 10018.00 2   0.0 -46.6     19112900   0   1500       844250
    19  0 1  94.22 10018.00 2   0.0 -45.6     20030050   0   1350       917150
    20  0 1  95.62 10018.00 2   0.0 -44.4     21031800   0   1600      1001750
    21  0 1  95.62 10018.00 2   0.0 -43.4     22127050   0   1800      1095250
    22  0 1  94.92 10018.00 2   0.0 -41.6     24570050   0   1350      2443000
    23  0 1  94.22 10016.50 2   0.0 -40.9     25866850   0   1750      1296800
    24  0 1  94.22 10018.00 2   0.0 -40.0     27155000   0   1600      1288150
    25  0 1  95.62 10016.50 2   0.0 -39.1     28388150   0   1750      1233150
    26  0 1  94.57 10016.50 2   0.0 -38.4     29532650   0   1650      1144500
    27  0 1  95.27 10018.00 2   0.0 -37.5     30575300   0   1650      1042650
    28  0 1  95.27 10018.00 2   0.0 -36.9     31520800   0   1350       945500
    29  0 1  94.22 10018.00 2   0.0 -36.3     32382300   0   1400       861500
    30  0 1  94.57 10016.50 2   0.0 -35.6     33177050   0   1450       794750
    31  0 1  94.92 10018.00 2   0.0 -34.4     34640800   0   1800      1463750
    32  0 1  94.92 10016.50 2   0.0 -33.8     35341350   0   1450       700550
    33  0 1  94.22 10018.00 2   0.0 -33.4     36042350   0   1450       701000
    34  0 1  95.27 10016.50 2   0.0 -32.8     36757050   0   1450       714700
    35  0 1  94.92 10016.50 2   0.0 -32.5     37501050   0   1500       744000
    36  0 1  94.57 10018.00 2   0.0 -31.9     38288150   0   1500       787100
    37  0 1  94.57 10016.50 2   0.0 -31.6     39134200   0   1350       846050
    38  0 1  94.22 10018.00 2   0.0 -31.3     40053600   0   1800       919400
    39  0 1  94.57 10016.50 2   0.0 -30.9     41058550   0   1500      1004950
    40  0 1  95.27 10016.50 2   0.0 -30.6     43341900   0   1600      2283350
    41  0 1  95.27 10018.00 2   0.0 -30.3     44602250   0   1400      1260350
    42  0 1  95.27 10016.50 2   0.0 -30.3     45899300   0   1650      1297050
    43  0 1  95.27 10018.00 2   0.0 -30.0     47186800   0   1450      1287500
    44  0 1  94.22 10018.00 2   0.0 -30.0     48418250   0   1650      1231450
    45  0 1  95.27 10018.00 2   0.0 -30.0     49561550   0   1350      1143300
    46  0 1  94.22 10016.50 2   0.0 -30.0     50602050   0   1650      1040500
    47  0 1  95.27 10018.00 2   0.0 -30.0     51544950   0   1650       942900
    48  0 1  95.27 10018.00 2   0.0 -30.3     52405400   0   1550       860450
    49  0 1  94.57 10018.00 2   0.0 -30.6     53945250   0   1350      1539850
    50  0 1  95.62 10018.00 2   0.0 -30.6     54661050   0   1750       715800
    51  0 1  94.92 10018.00 2   0.0 -30.9     55362200   0   1750       701150
    52  0 1  94.22 10018.00 2   0.0 -31.3     56063300   0   1750       701100
    53  0 1  94.22 10018.00 2   0.0 -31.6     56779350   0   1800       716050
    54  0 1  94.22 10018.00 2   0.0 -31.9     57524250   0   1350       744900
    55  0 1  95.62 10016.50 2   0.0 -32.5     58313350   0   1600       789100
    56  0 1  95.27 10016.50 2   0.0 -32.8     59161250   0   1450       847900
    57  0 1  94.22 10018.00 2   0.0 -33.4     60082100   0   1800       920850
    58  0 1  95.27 10018.00 2   0.0 -34.4     62189250   0   1350      2107150
    59  0 1  94.22 10018.00 2   0.0 -35.0     63379150   0   1500      1189900
    60  0 1  94.92 10018.00 2   0.0 -35.6     64640000   0   1500      1260850
    61  0 1  95.27 10018.00 2   0.0 -36.3     65937950   0   1700      1297950
    62  0 1  94.57 10016.50 2   0.0 -36.9     67225400   0   1800      1287450
    63  0 1  94.92 10018.00 2   0.0 -37.5     68454000   0   1750      1228600
    64  0 1  94.92 10018.00 2   0.0 -38.4     69594200   0   1800      1140200
    65  0 1  94.22 10018.00 2   0.0 -39.1     70632000   0   1700      1037800
    66  0 1  95.62 10018.00 2   0.0 -40.0     71571900   0   1550       939900
    67  0 1  95.62 10018.00 2   0.0 -41.6     73221550   0   1600      1649650
    68  0 1  94.57 10018.00 2   0.0 -42.5     73966400   0   1550       744850
    69  0 1  94.92 10016.50 2   0.0 -43.4     74681300   0   1750       714900
    70  0 1  94.92 10018.00 2   0.0 -44.4     75382400   0   1400       701100
    71  0 1  94.92 10016.50 2   0.0 -45.6     76084750   0   1650       702350
    72  0 1  95.62 10018.00 2   0.0 -46.6     76801250   0   1550       716500
    73  0 1  94.22 10018.00 2   0.0 -47.5     77547450   0   1500       746200
    74  0 1  94.22 10018.00 2   0.0 -48.4     78338050   0   1400       790600
    75  0 1  95.62 10016.50 2   0.0 -49.7     79188450   0   1350       850400
    76  0 1  95.62 10016.50 2   0.0 -51.9     81121950   0   1600      1933500
    77  0 1  94.22 10018.00 2   0.0 -53.1     82225300   0   1550      1103350
    78  0 1  95.27 10018.00 2   0.0 -54.1     83418200   0   1350      1192900
    79  0 1  94.22 10018.00 2   0.0 -55.3     84680900   0   1600      1262700
    80  0 1  95.27 10018.00 2   0.0 -56.6     85978650   0   1650      1297750
    81  0 1  94.92 10018.00 2   0.0 -57.5     87263150   0   1350      1284500
    82  0 1  95.62 10016.50 2   0.0 -58.8     88490000   0   1350      1226850
    83  0 1  94.92 10016.50 2   0.0 -60.0     89626500   0   1750      1136500
    84  0 1  94.92 10018.00 2   0.0 -61.3     90661650   0   1700      1035150
    85  0 1  94.92 10018.00 2   0.0 -63.8     92454700   0   1700      1793050
    86  0 1  94.22 10018.00 2   0.0 -65.0     93244800   0   1550       790100
    87  0 1  94.57 10018.00 2   0.0 -66.3     93989050   0   1800       744250
    88  0 1  95.27 10018.00 2   0.0 -67.5     94703600   0   1750       714550
    89  0 1  94.57 10016.50 2   0.0 -68.8     95404450   0   1600       700850
