    NO  S V  AOA    FREQ    B  FMOP  AMP      TOA      PMOP  PW         dTOA  
------ -- - ------ -------- - ----- ----- ------------ --- ------ ------------
     0  0 1  95.62 10018.00 2   0.0 -70.0            0   0   1800  42949673000
     1  0 1  94.92 10018.00 2   0.0 -68.8       999950   0   1750       999950
     2  0 1  94.22 10016.50 2   0.0 -67.5      2091450   0   1550      1091500
     3  0 1  94.57 10018.00 2   0.0 -66.3      3273950   0   1400      1182500
     4  0 1  95.62 10018.00 2   0.0 -65.0      4530400   0   1550      1256450
     5  0 1  95.62 10016.50 2   0.0 -63.8      5826150   0   1600      1295750
     6  0 1  95.27 10018.00 2   0.0 -62.5      7114750   0   1500      1288600
     7  0 1  94.57 10016.50 2   0.0 -61.3      8350750   0   1450      1236000
     8  0 1  94.92 10016.50 2   0.0 -60.0      9498600   0   1350      1147850
     9  0 1  95.62 10018.00 2   0.0 -57.5     11493400   0   1450      1994800
    10  0 1  94.22 10018.00 2   0.0 -56.6     12357400   0   1750       864000
    11  0 1  95.27 10018.00 2   0.0 -55.3     13154150   0   1800       796750
    12  0 1  94.92 10016.50 2   0.0 -54.1     13903450   0   1400       749300
    13  0 1  95.62 10018.00 2   0.0 -53.1     14620050   0   1800       716600
    14  0 1  94.22 10018.00 2   0.0 -51.9     15321900   0   1700       701850
    15  0 1  94.92 10018.00 2   0.0 -50.6     16023150   0   1700       701250
    16  0 1  94.92 10018.00 2   0.0 -49.7     16738450   0   1400       715300
    17  0 1  94.22 10018.00 2   0.0 -48.4     17481500   0   1550       743050
    18  0 1  94.57 10018.00 2   0.0 -46.6     19111600   0   1350      1630100
    19  0 1  94.22 10018.00 2   0.0 -45.6     20028900   0   1550       917300
    20  0 1  94.57 10018.00 2   0.0 -44.4     21031300   0   1550      1002400
    21  0 1  94.92 10018.00 2   0.0 -43.4     22126750   0   1550      1095450
    22  0 1  94.57 10018.00 2   0.0 -42.5     23311650   0   1650      1184900
    23  0 1  94.92 10016.50 2   0.0 -41.6     24569950   0   1800      1258300
    24  0 1  94.92 10018.00 2   0.0 -40.9     25866750   0   1700      1296800
    25  0 1  94.57 10016.50 2   0.0 -40.0     27154600   0   1400      1287850
    26  0 1  94.92 10018.00 2   0.0 -39.1     28387950   0   1550      1233350
    27  0 1  94.57 10016.50 2   0.0 -37.5     30575800   0   1750      2187850
    28  0 1  95.27 10018.00 2   0.0 -36.9     31522200   0   1750       946400
    29  0 1  95.27 10016.50 2   0.0 -36.3     32382750   0   1350       860550
    30  0 1  95.27 10016.50 2   0.0 -35.6     33177550   0   1350       794800
    31  0 1  95.27 10016.50 2   0.0 -35.0     33924850   0   1500       747300
    32  0 1  94.57 10018.00 2   0.0 -34.4     34641100   0   1650       716250
    33  0 1  95.62 10018.00 2   0.0 -33.8     35341750   0   1450       700650
    34  0 1  95.27 10018.00 2   0.0 -33.4     36042700   0   1700       700950
    35  0 1  95.27 10018.00 2   0.0 -32.8     36757950   0   1400       715250
    36  0 1  94.57 10018.00 2   0.0 -31.9     38289700   0   1500      1531750
    37  0 1  95.62 10018.00 2   0.0 -31.6     39135200   0   1500       845500
    38  0 1  95.27 10018.00 2   0.0 -31.3     40053700   0   1750       918500
    39  0 1  95.62 10018.00 2   0.0 -30.9     41058500   0   1500      1004800
    40  0 1  94.22 10016.50 2   0.0 -30.6     42155300   0   1400      1096800
    41  0 1  94.92 10018.00 2   0.0 -30.6     43342250   0   1500      1186950
    42  0 1  94.92 10018.00 2   0.0 -30.3     44601950   0   1350      1259700
    43  0 1  94.57 10018.00 2   0.0 -30.3     45898950   0   1400      1297000
    44  0 1  95.62 10016.50 2   0.0 -30.0     47187100   0   1450      1288150
    45  0 1  94.92 10016.50 2   0.0 -30.0     49560600   0   1800      2373500
    46  0 1  94.57 10018.00 2   0.0 -30.0     50601550   0   1800      1040950
    47  0 1  94.92 10016.50 2   0.0 -30.0     51544300   0   1450       942750
    48  0 1  95.27 10018.00 2   0.0 -30.3     52404750   0   1750       860450
    49  0 1  94.57 10018.00 2   0.0 -30.3     53198700   0   1800       793950
    50  0 1  94.92 10018.00 2   0.0 -30.6     53944350   0   1750       745650
    51  0 1  94.92 10018.00 2   0.0 -30.6     54660000   0   1750       715650
    52  0 1  94.92 10016.50 2   0.0 -30.9     55360950   0   1400       700950
    53  0 1  94.92 10018.00 2   0.0 -31.3     56061550   0   1350       700600
    54  0 1  94.92 10016.50 2   0.0 -31.9     57522500   0   1350      1460950
    55  0 1  94.22 10018.00 2   0.0 -32.5     58311500   0   1550       789000
    56  0 1  94.92 10016.50 2   0.0 -32.8     59159350   0   1550       847850
    57  0 1  94.22 10018.00 2   0.0 -33.4     60080650   0   1700       921300
    58  0 1  94.22 10018.00 2   0.0 -33.8     61087200   0   1800      1006550
    59  0 1  94.57 10018.00 2   0.0 -34.4     62186700   0   1400      1099500
    60  0 1  95.62 10018.00 2   0.0 -35.0     63376850   0   1350      1190150
    61  0 1  95.62 10018.00 2   0.0 -35.6     64637550   0   1550      1260700
    62  0 1  94.22 10018.00 2   0.0 -36.3     65935800   0   1350      1298250
    63  0 1  94.92 10016.50 2   0.0 -37.5     68451300   0   1700      2515500
    64  0 1  94.57 10018.00 2   0.0 -38.4     69591600   0   1700      1140300
    65  0 1  95.27 10018.00 2   0.0 -39.1     70629900   0   1450      1038300
    66  0 1  94.22 10018.00 2   0.0 -40.0     71571200   0   1450       941300
    67  0 1  95.62 10016.50 2   0.0 -40.9     72428600   0   1350       857400
    68  0 1  94.22 10016.50 2   0.0 -41.6     73220300   0   1650       791700
    69  0 1  94.22 10018.00 2   0.0 -42.5     73965550   0   1600       745250
    70  0 1  94.92 10018.00 2   0.0 -43.4     74680400   0   1700       714850
    71  0 1  94.92 10018.00 2   0.0 -44.4     75381300   0   1800       700900
    72  0 1  95.27 10016.50 2   0.0 -46.6     76801000   0   1350      1419700
    73  0 1  94.22 10018.00 2   0.0 -47.5     77547150   0   1750       746150
    74  0 1  94.57 10018.00 2   0.0 -48.4     78338300   0   1350       791150
    75  0 1  94.22 10018.00 2   0.0 -49.7     79188200   0   1750       849900
    76  0 1  95.62 10016.50 2   0.0 -50.6     80112050   0   1450       923850
    77  0 1  95.27 10018.00 2   0.0 -51.9     81122050   0   1750      1010000
    78  0 1  94.22 10018.00 2   0.0 -53.1     82225400   0   1800      1103350
    79  0 1  95.27 10018.00 2   0.0 -54.1     83418150   0   1400      1192750
    80  0 1  94.22 10016.50 2   0.0 -55.3     84680950   0   1600      1262800
    81  0 1  95.27 10018.00 2   0.0 -57.5     87263450   0   1600      2582500
    82  0 1  95.62 10018.00 2   0.0 -58.8     88490100   0   1400      1226650
    83  0 1  94.57 10018.00 2   0.0 -60.0     89626600   0   1400      1136500
    84  0 1  95.27 10018.00 2   0.0 -61.3     90662000   0   1350      1035400
    85  0 1  95.62 10018.00 2   0.0 -62.5     91599750   0   1700       937750
    86  0 1  94.92 10018.00 2   0.0 -63.8     92454400   0   1600       854650
    87  0 1  94.22 10018.00 2   0.0 -65.0     93244000   0   1750       789600
    88  0 1  94.22 10018.00 2   0.0 -66.3     93987850   0   1700       743850
    89  0 1  95.62 10016.50 2   0.0 -67.5     94702900   0   1500       715050
