    NO  S V  AOA    FREQ    B  FMOP  AMP      TOA      PMOP  PW         dTOA  
------ -- - ------ -------- - ----- ----- ------------ --- ------ ------------
     0  0 1  95.62 10010.50 2   0.0 -67.5      1087100   0   1450  42950760100
     1  0 1  94.57 10010.50 2   0.0 -65.0      2007750   0   1250       920650
     2  0 1  94.92 10012.00 2   0.0 -62.5      3090650   0   1200      1082900
     3  0 1  94.92 10010.50 2   0.0 -60.0      4166150   0   1350      1075500
     4  0 1  94.57 10010.50 2   0.0 -57.5      5155900   0   1500       989750
     5  0 1  94.92 10010.50 2   0.0 -55.3      6224550   0   1250      1068650
     6  0 1  95.27 10012.00 2   0.0 -53.1      7192600   0   1400       968050
     7  0 1  94.92 10012.00 2   0.0 -50.6      8219400   0   1200      1026800
     8  0 1  94.22 10012.00 2   0.0 -48.4      9222250   0   1350      1002850
     9  0 1  94.57 10012.00 2   0.0 -44.4     11308650   0   1200      2086400
    10  0 1  95.62 10010.50 2   0.0 -42.5     12357750   0   1500      1049100
    11  0 1  95.27 10012.00 2   0.0 -40.9     13322600   0   1250       964850
    12  0 1  94.57 10012.00 2   0.0 -39.1     14294700   0   1400       972100
    13  0 1  94.92 10010.50 2   0.0 -37.5     15372050   0   1550      1077350
    14  0 1  94.92 10012.00 2   0.0 -36.3     16453050   0   1150      1081000
    15  0 1  94.92 10010.50 2   0.0 -35.0     17532300   0   1200      1079250
    16  0 1  94.57 10012.00 2   0.0 -33.8     18541900   0   1400      1009600
    17  0 1  95.27 10012.00 2   0.0 -32.8     19511800   0   1200       969900
    18  0 1  94.57 10010.50 2   0.0 -31.3     21443350   0   1350      1931550
    19  0 1  95.27 10010.50 2   0.0 -30.6     22446200   0   1550      1002850
    20  0 1  95.27 10010.50 2   0.0 -30.3     23403200   0   1250       957000
    21  0 1  94.92 10012.00 2   0.0 -30.0     24363850   0   1450       960650
    22  0 1  94.22 10012.00 2   0.0 -30.0     25353100   0   1550       989250
    23  0 1  94.22 10012.00 2   0.0 -30.0     26439250   0   1250      1086150
    24  0 1  94.22 10012.00 2   0.0 -30.3     27467350   0   1200      1028100
    25  0 1  94.92 10012.00 2   0.0 -30.6     28502350   0   1600      1035000
    26  0 1  95.62 10012.00 2   0.0 -31.3     29584250   0   1600      1081900
    27  0 1  94.92 10012.00 2   0.0 -32.8     31713050   0   1450      2128800
    28  0 1  95.62 10012.00 2   0.0 -33.8     32662300   0   1600       949250
    29  0 1  94.57 10010.50 2   0.0 -35.0     33574200   0   1500       911900
    30  0 1  95.62 10010.50 2   0.0 -36.3     34507250   0   1500       933050
    31  0 1  95.27 10012.00 2   0.0 -37.5     35504700   0   1300       997450
    32  0 1  95.62 10012.00 2   0.0 -39.1     36548200   0   1500      1043500
    33  0 1  95.27 10012.00 2   0.0 -40.9     37531600   0   1400       983400
    34  0 1  94.22 10010.50 2   0.0 -42.5     38442100   0   1200       910500
    35  0 1  94.22 10010.50 2   0.0 -44.4     39527050   0   1300      1084950
    36  0 1  95.27 10010.50 2   0.0 -48.4     41690400   0   1200      2163350
    37  0 1  94.22 10010.50 2   0.0 -50.6     42687200   0   1150       996800
    38  0 1  95.62 10010.50 2   0.0 -53.1     43765650   0   1600      1078450
    39  0 1  94.22 10012.00 2   0.0 -55.3     44714350   0   1450       948700
    40  0 1  95.27 10012.00 2   0.0 -57.5     45781250   0   1250      1066900
    41  0 1  94.92 10012.00 2   0.0 -60.0     46688550   0   1200       907300
    42  0 1  94.22 10012.00 2   0.0 -62.5     47607100   0   1600       918550
    43  0 1  94.92 10012.00 2   0.0 -65.0     48590400   0   1250       983300
    44  0 1  94.57 10012.00 2   0.0 -67.5     49644550   0   1250      1054150
