    NO  S V  AOA    FREQ    B  FMOP  AMP      TOA      PMOP  PW         dTOA  
------ -- - ------ -------- - ----- ----- ------------ --- ------ ------------
     0  0 1  94.92 10000.00 2   0.0 -70.0            0   0   1150  42949673000
     1  0 1  94.92 10009.00 2   0.0 -69.4      1029500   0   1500      1029500
     2  0 1  94.22 10021.00 2   0.0 -68.8      2039100   0   1050      1009600
     3  0 1  94.22 10030.00 2   0.0 -68.1      3009050   0   1100       969950
     4  0 1  94.22 10039.00 2   0.0 -67.5      3989500   0   1300       980450
     5  0 1  94.92 10048.00 2   0.0 -66.9      4989250   0   1150       999750
     6  0 1  94.92 10057.00 2   0.0 -66.3      5999400   0   1100      1010150
     7  0 1  94.22 10069.00 2   0.0 -65.0      8008700   0   1150      2009300
     8  0 1  94.92 10072.00 2   0.0 -64.4      9020500   0   1250      1011800
     9  0 1  95.62 10078.00 2   0.0 -63.8     10036100   0   1250      1015600
    10  0 1  95.27 10078.00 2   0.0 -63.1     11066150   0   1150      1030050
    11  0 1  94.22 10079.50 2   0.0 -62.5     12076450   0   1300      1010300
    12  0 1  95.62 10076.50 2   0.0 -61.9     13046350   0   1050       969900
    13  0 1  94.57 10076.50 2   0.0 -61.3     14026500   0   1400       980150
    14  0 1  94.22 10070.50 2   0.0 -60.6     15026900   0   1150      1000400
    15  0 1  94.92 10066.00 2   0.0 -60.0     16036600   0   1050      1009700
    16  0 1  94.92 10052.50 2   0.0 -58.8     18046800   0   1400      2010200
    17  0 1  94.92 10042.00 2   0.0 -58.1     19058800   0   1350      1012000
    18  0 1  94.22 10034.50 2   0.0 -57.5     20074900   0   1050      1016100
    19  0 1  95.62 10025.50 2   0.0 -57.2     21104700   0   1150      1029800
    20  0 1  95.62 10013.50 2   0.0 -56.6     22114700   0   1150      1010000
    21  0 1  95.62 10003.00 2   0.0 -55.9     23085150   0   1400       970450
    22  0 1  94.22  9992.50 2   0.0 -55.3     24065550   0   1050       980400
    23  0 1  94.22  9983.50 2   0.0 -54.7     25065250   0   1350       999700
    24  0 1  95.62  9971.50 2   0.0 -54.1     26075400   0   1050      1010150
    25  0 1  94.92  9953.50 2   0.0 -53.1     28085250   0   1050      2009850
    26  0 1  95.27  9946.00 2   0.0 -52.5     29096900   0   1100      1011650
    27  0 1  95.62  9937.00 2   0.0 -51.9     30113150   0   1400      1016250
    28  0 1  95.27  9931.00 2   0.0 -51.3     31143500   0   1150      1030350
    29  0 1  94.22  9925.00 2   0.0 -50.6     32153700   0   1050      1010200
    30  0 1  94.92  9922.00 2   0.0 -50.3     33123800   0   1150       970100
    31  0 1  94.92  9919.00 2   0.0 -49.7     34103550   0   1100       979750
    32  0 1  94.92  9920.50 2   0.0 -49.1     35103500   0   1450       999950
    33  0 1  94.22  9920.50 2   0.0 -48.4     36113150   0   1150      1009650
    34  0 1  94.22  9925.00 2   0.0 -47.5     38122750   0   1500      2009600
    35  0 1  94.22  9931.00 2   0.0 -46.9     39134500   0   1100      1011750
    36  0 1  94.22  9934.00 2   0.0 -46.6     40150050   0   1100      1015550
    37  0 1  94.57  9941.50 2   0.0 -45.9     41180100   0   1250      1030050
    38  0 1  94.92  9952.00 2   0.0 -45.6     42189850   0   1200      1009750
    39  0 1  94.92  9959.50 2   0.0 -45.0     43160200   0   1100       970350
    40  0 1  95.62  9970.00 2   0.0 -44.4     44140150   0   1350       979950
    41  0 1  94.92  9979.00 2   0.0 -44.1     45139650   0   1400       999500
    42  0 1  95.27  9991.00 2   0.0 -43.4     46150000   0   1150      1010350
    43  0 1  94.22 10010.50 2   0.0 -42.5     48159800   0   1200      2009800
    44  0 1  94.92 10021.00 2   0.0 -42.2     49172200   0   1350      1012400
    45  0 1  95.62 10033.00 2   0.0 -41.6     50188400   0   1300      1016200
    46  0 1  94.92 10042.00 2   0.0 -41.3     51218400   0   1450      1030000
    47  0 1  95.27 10051.00 2   0.0 -40.9     52228000   0   1150      1009600
    48  0 1  95.62 10057.00 2   0.0 -40.3     53198250   0   1500       970250
    49  0 1  95.27 10063.00 2   0.0 -40.0     54178700   0   1500       980450
    50  0 1  95.62 10069.00 2   0.0 -39.7     55179050   0   1200      1000350
    51  0 1  94.57 10073.50 2   0.0 -39.1     56188800   0   1200      1009750
    52  0 1  94.57 10078.00 2   0.0 -38.4     58198350   0   1300      2009550
    53  0 1  94.22 10078.00 2   0.0 -38.1     59210250   0   1100      1011900
    54  0 1  94.57 10078.00 2   0.0 -37.5     60226450   0   1500      1016200
    55  0 1  94.22 10075.00 2   0.0 -37.2     61256250   0   1450      1029800
    56  0 1  94.22 10072.00 2   0.0 -36.9     62266600   0   1400      1010350
    57  0 1  94.92 10066.00 2   0.0 -36.6     63236300   0   1150       969700
    58  0 1  95.27 10060.00 2   0.0 -36.3     64216100   0   1050       979800
    59  0 1  94.22 10051.00 2   0.0 -35.9     65216450   0   1200      1000350
    60  0 1  94.92 10042.00 2   0.0 -35.6     66226550   0   1400      1010100
    61  0 1  94.92 10022.50 2   0.0 -35.0     68236850   0   1400      2010300
    62  0 1  95.62 10013.50 2   0.0 -34.7     69248950   0   1150      1012100
    63  0 1  95.27 10003.00 2   0.0 -34.4     70264850   0   1200      1015900
    64  0 1  94.92  9991.00 2   0.0 -34.1     71294800   0   1400      1029950
    65  0 1  95.27  9979.00 2   0.0 -33.8     72305000   0   1100      1010200
    66  0 1  95.27  9970.00 2   0.0 -33.4     73275200   0   1150       970200
    67  0 1  94.92  9961.00 2   0.0 -33.4     74255200   0   1100       980000
    68  0 1  94.92  9952.00 2   0.0 -33.1     75254900   0   1350       999700
    69  0 1  94.22  9943.00 2   0.0 -32.8     76264550   0   1450      1009650
    70  0 1  95.62  9931.00 2   0.0 -32.5     78275350   0   1200      2010800
    71  0 1  94.57  9926.50 2   0.0 -32.2     79287450   0   1050      1012100
    72  0 1  94.92  9922.00 2   0.0 -31.9     80303350   0   1400      1015900
    73  0 1  95.27  9920.50 2   0.0 -31.9     81332950   0   1250      1029600
    74  0 1  95.62  9919.00 2   0.0 -31.6     82343250   0   1400      1010300
    75  0 1  94.92  9919.00 2   0.0 -31.6     83313050   0   1050       969800
    76  0 1  94.92  9920.50 2   0.0 -31.3     84292800   0   1400       979750
    77  0 1  94.22  9926.50 2   0.0 -31.3     85292600   0   1150       999800
    78  0 1  94.57  9929.50 2   0.0 -30.9     86303000   0   1100      1010400
    79  0 1  94.92  9943.00 2   0.0 -30.6     88312150   0   1050      2009150
    80  0 1  95.27  9953.50 2   0.0 -30.6     89323700   0   1450      1011550
    81  0 1  95.62  9961.00 2   0.0 -30.6     90339300   0   1350      1015600
    82  0 1  94.22  9970.00 2   0.0 -30.3     91369250   0   1300      1029950
    83  0 1  95.27  9982.00 2   0.0 -30.3     92379050   0   1500      1009800
    84  0 1  95.62  9992.50 2   0.0 -30.3     93349450   0   1400       970400
    85  0 1  95.27 10003.00 2   0.0 -30.3     94329000   0   1050       979550
    86  0 1  94.92 10015.00 2   0.0 -30.0     95328500   0   1400       999500
    87  0 1  95.27 10022.50 2   0.0 -30.0     96338350   0   1350      1009850
    88  0 1  94.92 10042.00 2   0.0 -30.0     98348150   0   1050      2009800
    89  0 1  94.92 10051.00 2   0.0 -30.0     99360550   0   1250      1012400
    90  0 1  94.57 10060.00 2   0.0 -30.0    100376500   0   1350      1015950
    91  0 1  94.57 10066.00 2   0.0 -30.0    101406250   0   1300      1029750
    92  0 1  94.22 10072.00 2   0.0 -30.0    102415800   0   1050      1009550
    93  0 1  95.62 10076.50 2   0.0 -30.0    103386250   0   1050       970450
    94  0 1  95.62 10076.50 2   0.0 -30.0    104365950   0   1200       979700
    95  0 1  94.92 10079.50 2   0.0 -30.0    105366150   0   1450      1000200
    96  0 1  94.92 10078.00 2   0.0 -30.3    106376400   0   1050      1010250
    97  0 1  95.62 10075.00 2   0.0 -30.3    108386500   0   1050      2010100
    98  0 1  94.92 10069.00 2   0.0 -30.3    109398750   0   1450      1012250
    99  0 1  94.22 10063.00 2   0.0 -30.6    110415100   0   1250      1016350
   100  0 1  94.22 10057.00 2   0.0 -30.6    111445500   0   1200      1030400
   101  0 1  94.22 10048.00 2   0.0 -30.6    112455600   0   1350      1010100
   102  0 1  94.22 10042.00 2   0.0 -30.9    113425850   0   1100       970250
   103  0 1  94.22 10031.50 2   0.0 -30.9    114406250   0   1400       980400
   104  0 1  94.22 10022.50 2   0.0 -31.3    115406300   0   1450      1000050
   105  0 1  95.27 10010.50 2   0.0 -31.3    116415900   0   1350      1009600
   106  0 1  94.22  9988.00 2   0.0 -31.6    118425400   0   1250      2009500
   107  0 1  95.62  9979.00 2   0.0 -31.9    119437050   0   1050      1011650
   108  0 1  94.92  9967.00 2   0.0 -31.9    120452600   0   1050      1015550
   109  0 1  94.92  9959.50 2   0.0 -32.2    121482250   0   1400      1029650
   110  0 1  95.62  9949.00 2   0.0 -32.5    122492650   0   1150      1010400
   111  0 1  95.27  9940.00 2   0.0 -32.5    123462950   0   1500       970300
   112  0 1  94.92  9934.00 2   0.0 -32.8    124442800   0   1050       979850
   113  0 1  95.62  9931.00 2   0.0 -33.1    125443000   0   1400      1000200
   114  0 1  94.57  9923.50 2   0.0 -33.4    126452800   0   1100      1009800
   115  0 1  94.22  9919.00 2   0.0 -33.8    128462950   0   1150      2010150
   116  0 1  95.62  9919.00 2   0.0 -34.1    129475200   0   1400      1012250
   117  0 1  94.92  9919.00 2   0.0 -34.4    130491000   0   1400      1015800
   118  0 1  94.22  9923.50 2   0.0 -34.7    131521000   0   1500      1030000
   119  0 1  94.22  9928.00 2   0.0 -35.0    132530500   0   1050      1009500
   120  0 1  94.92  9931.00 2   0.0 -35.3    133500950   0   1050       970450
   121  0 1  94.92  9937.00 2   0.0 -35.6    134481400   0   1050       980450
   122  0 1  95.27  9944.50 2   0.0 -35.9    135481150   0   1350       999750
   123  0 1  94.92  9953.50 2   0.0 -36.3    136490800   0   1150      1009650
   124  0 1  94.57  9973.00 2   0.0 -36.9    138500800   0   1100      2010000
   125  0 1  95.27  9983.50 2   0.0 -37.2    139512750   0   1050      1011950
   126  0 1  95.62  9994.00 2   0.0 -37.5    140528550   0   1500      1015800
   127  0 1  95.62 10004.50 2   0.0 -38.1    141558200   0   1150      1029650
   128  0 1  94.92 10016.50 2   0.0 -38.4    142567700   0   1150      1009500
   129  0 1  95.27 10025.50 2   0.0 -38.8    143537300   0   1350       969600
   130  0 1  95.27 10036.00 2   0.0 -39.1    144517600   0   1100       980300
   131  0 1  94.57 10045.00 2   0.0 -39.7    145517750   0   1450      1000150
   132  0 1  94.57 10051.00 2   0.0 -40.0    146527550   0   1500      1009800
   133  0 1  94.57 10066.00 2   0.0 -40.9    148537950   0   1250      2010400
   134  0 1  94.22 10072.00 2   0.0 -41.3    149549950   0   1050      1012000
   135  0 1  95.62 10076.50 2   0.0 -41.6    150565550   0   1100      1015600
   136  0 1  95.62 10079.50 2   0.0 -42.2    151595850   0   1150      1030300
   137  0 1  95.62 10079.50 2   0.0 -42.5    152605900   0   1150      1010050
   138  0 1  95.62 10079.50 2   0.0 -43.1    153576350   0   1500       970450
   139  0 1  94.57 10076.50 2   0.0 -43.4    154556600   0   1150       980250
   140  0 1  94.22 10073.50 2   0.0 -44.1    155556650   0   1350      1000050
   141  0 1  95.27 10067.50 2   0.0 -44.4    156566250   0   1050      1009600
   142  0 1  95.27 10054.00 2   0.0 -45.6    158576400   0   1300      2010150
   143  0 1  94.57 10048.00 2   0.0 -45.9    159588500   0   1150      1012100
   144  0 1  94.57 10037.50 2   0.0 -46.6    160604000   0   1200      1015500
   145  0 1  94.92 10030.00 2   0.0 -46.9    161633700   0   1050      1029700
   146  0 1  95.62 10018.00 2   0.0 -47.5    162643200   0   1450      1009500
   147  0 1  94.22 10009.00 2   0.0 -48.1    163613400   0   1100       970200
   148  0 1  94.57 10000.00 2   0.0 -48.4    164593650   0   1350       980250
   149  0 1  94.92  9988.00 2   0.0 -49.1    165593650   0   1050      1000000
   150  0 1  95.27  9977.50 2   0.0 -49.7    166603250   0   1100      1009600
   151  0 1  94.92  9956.50 2   0.0 -50.6    168612850   0   1100      2009600
   152  0 1  94.92  9947.50 2   0.0 -51.3    169624950   0   1150      1012100
   153  0 1  95.62  9940.00 2   0.0 -51.9    170641300   0   1450      1016350
   154  0 1  95.27  9932.50 2   0.0 -52.5    171671350   0   1250      1030050
   155  0 1  94.92  9928.00 2   0.0 -53.1    172681600   0   1250      1010250
   156  0 1  95.27  9925.00 2   0.0 -53.4    173651850   0   1050       970250
   157  0 1  94.92  9919.00 2   0.0 -54.1    174631750   0   1100       979900
   158  0 1  95.62  9919.00 2   0.0 -54.7    175631600   0   1050       999850
   159  0 1  94.92  9919.00 2   0.0 -55.3    176642000   0   1350      1010400
   160  0 1  95.27  9925.00 2   0.0 -56.6    178652350   0   1200      2010350
   161  0 1  94.92  9926.50 2   0.0 -57.2    179664100   0   1500      1011750
   162  0 1  94.22  9932.50 2   0.0 -57.5    180679650   0   1250      1015550
   163  0 1  95.27  9938.50 2   0.0 -58.1    181709500   0   1050      1029850
   164  0 1  94.22  9947.50 2   0.0 -58.8    182719150   0   1350      1009650
   165  0 1  94.57  9955.00 2   0.0 -59.4    183689350   0   1250       970200
   166  0 1  95.27  9964.00 2   0.0 -60.0    184669150   0   1050       979800
   167  0 1  95.62  9976.00 2   0.0 -60.6    185669200   0   1500      1000050
   168  0 1  94.57  9985.00 2   0.0 -61.3    186679150   0   1100      1009950
   169  0 1  95.27 10006.00 2   0.0 -62.5    188688800   0   1500      2009650
   170  0 1  94.92 10016.50 2   0.0 -63.1    189700450   0   1200      1011650
   171  0 1  94.57 10028.50 2   0.0 -63.8    190716650   0   1250      1016200
   172  0 1  94.22 10037.50 2   0.0 -64.4    191746700   0   1300      1030050
   173  0 1  94.22 10046.50 2   0.0 -65.0    192756800   0   1200      1010100
   174  0 1  94.57 10054.00 2   0.0 -65.6    193726350   0   1450       969550
   175  0 1  94.57 10061.50 2   0.0 -66.3    194706200   0   1400       979850
   176  0 1  95.27 10069.00 2   0.0 -66.9    195706300   0   1150      1000100
   177  0 1  95.62 10072.00 2   0.0 -67.5    196716000   0   1400      1009700
   178  0 1  95.62 10078.00 2   0.0 -68.8    198726200   0   1150      2010200
   179  0 1  94.92 10078.00 2   0.0 -69.4    199738150   0   1300      1011950
