    NO  S V  AOA    FREQ    B  FMOP  AMP      TOA      PMOP  PW         dTOA  
------ -- - ------ -------- - ----- ----- ------------ --- ------ ------------
     0  0 1  94.57 10000.00 2   0.0 -70.0            0   0   1150  42949673000
     1  0 1  94.22 10009.00 2   0.0 -69.4      1030000   0   1100      1030000
     2  0 1  94.22 10021.00 2   0.0 -68.8      2040400   0   1200      1010400
     3  0 1  94.57 10031.50 2   0.0 -68.1      3010600   0   1350       970200
     4  0 1  95.27 10039.00 2   0.0 -67.5      3990900   0   1500       980300
     5  0 1  95.27 10048.00 2   0.0 -66.9      4990450   0   1050       999550
     6  0 1  95.62 10057.00 2   0.0 -66.3      6000150   0   1250      1009700
     7  0 1  94.57 10063.00 2   0.0 -65.6      7019650   0   1050      1019500
     8  0 1  94.22 10075.00 2   0.0 -64.4      9021600   0   1100      2001950
     9  0 1  94.57 10075.00 2   0.0 -63.8     10037350   0   1100      1015750
    10  0 1  95.62 10079.50 2   0.0 -63.1     11067400   0   1200      1030050
    11  0 1  95.62 10078.00 2   0.0 -62.5     12077200   0   1350      1009800
    12  0 1  94.57 10078.00 2   0.0 -61.9     13047300   0   1450       970100
    13  0 1  94.92 10076.50 2   0.0 -61.3     14027700   0   1050       980400
    14  0 1  94.22 10072.00 2   0.0 -60.6     15027850   0   1350      1000150
    15  0 1  95.62 10066.00 2   0.0 -60.0     16037500   0   1250      1009650
    16  0 1  94.92 10060.00 2   0.0 -59.4     17057100   0   1450      1019600
    17  0 1  94.22 10042.00 2   0.0 -58.1     19059000   0   1050      2001900
    18  0 1  94.22 10033.00 2   0.0 -57.5     20074850   0   1250      1015850
    19  0 1  94.57 10024.00 2   0.0 -57.2     21104700   0   1300      1029850
    20  0 1  95.62 10012.00 2   0.0 -56.6     22114450   0   1100      1009750
    21  0 1  95.62 10003.00 2   0.0 -55.9     23084150   0   1150       969700
    22  0 1  94.22  9991.00 2   0.0 -55.3     24064100   0   1350       979950
    23  0 1  94.92  9982.00 2   0.0 -54.7     25063700   0   1050       999600
    24  0 1  94.22  9973.00 2   0.0 -54.1     26074050   0   1500      1010350
    25  0 1  94.92  9961.00 2   0.0 -53.4     27094350   0   1200      1020300
    26  0 1  94.92  9946.00 2   0.0 -52.5     29096450   0   1050      2002100
    27  0 1  94.92  9938.50 2   0.0 -51.9     30112650   0   1450      1016200
    28  0 1  95.62  9929.50 2   0.0 -51.3     31143050   0   1350      1030400
    29  0 1  95.27  9926.50 2   0.0 -50.6     32153250   0   1100      1010200
    30  0 1  95.27  9923.50 2   0.0 -50.3     33123100   0   1200       969850
    31  0 1  94.22  9920.50 2   0.0 -49.7     34102750   0   1500       979650
    32  0 1  94.22  9920.50 2   0.0 -49.1     35102450   0   1200       999700
    33  0 1  95.27  9919.00 2   0.0 -48.4     36112900   0   1500      1010450
    34  0 1  95.62  9922.00 2   0.0 -48.1     37132750   0   1350      1019850
    35  0 1  94.92  9929.50 2   0.0 -46.9     39134600   0   1450      2001850
    36  0 1  94.22  9935.50 2   0.0 -46.6     40151050   0   1150      1016450
    37  0 1  94.92  9943.00 2   0.0 -45.9     41180950   0   1200      1029900
    38  0 1  95.27  9952.00 2   0.0 -45.6     42191400   0   1150      1010450
    39  0 1  95.62  9959.50 2   0.0 -45.0     43161200   0   1250       969800
    40  0 1  94.92  9970.00 2   0.0 -44.4     44140800   0   1500       979600
    41  0 1  94.57  9979.00 2   0.0 -44.1     45140450   0   1150       999650
    42  0 1  94.57  9989.50 2   0.0 -43.4     46150300   0   1500      1009850
    43  0 1  95.62 10000.00 2   0.0 -43.1     47170250   0   1150      1019950
    44  0 1  95.27 10021.00 2   0.0 -42.2     49172050   0   1300      2001800
    45  0 1  94.57 10033.00 2   0.0 -41.6     50187950   0   1350      1015900
    46  0 1  94.92 10040.50 2   0.0 -41.3     51217600   0   1100      1029650
    47  0 1  94.57 10051.00 2   0.0 -40.9     52227550   0   1400      1009950
    48  0 1  94.22 10057.00 2   0.0 -40.3     53197600   0   1400       970050
    49  0 1  94.22 10066.00 2   0.0 -40.0     54178050   0   1250       980450
    50  0 1  94.22 10072.00 2   0.0 -39.7     55178050   0   1450      1000000
    51  0 1  95.62 10075.00 2   0.0 -39.1     56187650   0   1150      1009600
    52  0 1  94.92 10076.50 2   0.0 -38.8     57207650   0   1400      1020000
    53  0 1  94.92 10078.00 2   0.0 -38.1     59209250   0   1300      2001600
    54  0 1  95.62 10076.50 2   0.0 -37.5     60225050   0   1450      1015800
    55  0 1  95.27 10073.50 2   0.0 -37.2     61254550   0   1150      1029500
    56  0 1  94.57 10070.50 2   0.0 -36.9     62264100   0   1050      1009550
    57  0 1  94.92 10066.00 2   0.0 -36.6     63233650   0   1150       969550
    58  0 1  95.27 10057.00 2   0.0 -36.3     64213150   0   1350       979500
    59  0 1  94.22 10051.00 2   0.0 -35.9     65212650   0   1100       999500
    60  0 1  94.57 10042.00 2   0.0 -35.6     66222600   0   1300      1009950
    61  0 1  94.57 10033.00 2   0.0 -35.3     67243050   0   1500      1020450
    62  0 1  94.22 10012.00 2   0.0 -34.7     69244700   0   1350      2001650
    63  0 1  94.22 10001.50 2   0.0 -34.4     70260600   0   1150      1015900
    64  0 1  95.62  9991.00 2   0.0 -34.1     71290600   0   1100      1030000
    65  0 1  94.92  9980.50 2   0.0 -33.8     72301000   0   1300      1010400
    66  0 1  94.57  9970.00 2   0.0 -33.4     73271450   0   1150       970450
    67  0 1  95.62  9961.00 2   0.0 -33.4     74251850   0   1500       980400
    68  0 1  94.92  9950.50 2   0.0 -33.1     75251500   0   1150       999650
    69  0 1  95.62  9944.50 2   0.0 -32.8     76261800   0   1400      1010300
    70  0 1  95.62  9937.00 2   0.0 -32.5     77282200   0   1050      1020400
    71  0 1  94.22  9926.50 2   0.0 -32.2     79284150   0   1350      2001950
    72  0 1  94.22  9922.00 2   0.0 -31.9     80300400   0   1400      1016250
    73  0 1  95.27  9920.50 2   0.0 -31.9     81330350   0   1250      1029950
    74  0 1  95.62  9919.00 2   0.0 -31.6     82340650   0   1150      1010300
    75  0 1  95.62  9919.00 2   0.0 -31.6     83310950   0   1050       970300
    76  0 1  94.57  9922.00 2   0.0 -31.3     84290850   0   1350       979900
    77  0 1  95.62  9925.00 2   0.0 -31.3     85290350   0   1350       999500
    78  0 1  94.22  9931.00 2   0.0 -30.9     86300350   0   1100      1010000
    79  0 1  95.62  9937.00 2   0.0 -30.9     87320450   0   1100      1020100
    80  0 1  94.22  9953.50 2   0.0 -30.6     89322600   0   1450      2002150
    81  0 1  94.57  9962.50 2   0.0 -30.6     90338300   0   1200      1015700
    82  0 1  94.22  9971.50 2   0.0 -30.3     91368650   0   1100      1030350
    83  0 1  95.62  9982.00 2   0.0 -30.3     92378700   0   1100      1010050
    84  0 1  94.57  9994.00 2   0.0 -30.3     93348500   0   1500       969800
    85  0 1  95.27 10003.00 2   0.0 -30.3     94328100   0   1450       979600
    86  0 1  94.57 10015.00 2   0.0 -30.0     95328400   0   1450      1000300
    87  0 1  94.92 10024.00 2   0.0 -30.0     96338850   0   1500      1010450
    88  0 1  94.92 10034.50 2   0.0 -30.0     97358700   0   1400      1019850
    89  0 1  94.22 10051.00 2   0.0 -30.0     99360100   0   1100      2001400
    90  0 1  95.62 10058.50 2   0.0 -30.0    100376250   0   1500      1016150
    91  0 1  94.92 10066.00 2   0.0 -30.0    101405750   0   1400      1029500
    92  0 1  94.57 10070.50 2   0.0 -30.0    102415350   0   1450      1009600
    93  0 1  94.22 10075.00 2   0.0 -30.0    103385400   0   1150       970050
    94  0 1  95.27 10078.00 2   0.0 -30.0    104365600   0   1450       980200
    95  0 1  94.92 10079.50 2   0.0 -30.0    105365600   0   1400      1000000
    96  0 1  94.57 10079.50 2   0.0 -30.3    106375850   0   1400      1010250
    97  0 1  95.27 10078.00 2   0.0 -30.3    107395550   0   1500      1019700
    98  0 1  95.62 10069.00 2   0.0 -30.3    109397450   0   1300      2001900
    99  0 1  95.27 10063.00 2   0.0 -30.6    110413550   0   1300      1016100
   100  0 1  95.27 10055.50 2   0.0 -30.6    111443650   0   1200      1030100
   101  0 1  95.27 10049.50 2   0.0 -30.6    112453350   0   1350      1009700
   102  0 1  94.92 10040.50 2   0.0 -30.9    113423750   0   1350       970400
   103  0 1  95.62 10030.00 2   0.0 -30.9    114403350   0   1050       979600
   104  0 1  95.62 10022.50 2   0.0 -31.3    115403600   0   1450      1000250
   105  0 1  95.62 10010.50 2   0.0 -31.3    116413700   0   1250      1010100
   106  0 1  95.27  9998.50 2   0.0 -31.6    117433500   0   1500      1019800
   107  0 1  95.27  9979.00 2   0.0 -31.9    119435200   0   1450      2001700
   108  0 1  95.62  9970.00 2   0.0 -31.9    120450800   0   1400      1015600
   109  0 1  95.62  9959.50 2   0.0 -32.2    121480800   0   1250      1030000
   110  0 1  94.22  9949.00 2   0.0 -32.5    122490850   0   1050      1010050
   111  0 1  95.27  9941.50 2   0.0 -32.5    123460550   0   1150       969700
   112  0 1  95.62  9935.50 2   0.0 -32.8    124440850   0   1150       980300
   113  0 1  94.92  9928.00 2   0.0 -33.1    125441200   0   1250      1000350
   114  0 1  95.62  9923.50 2   0.0 -33.4    126451250   0   1450      1010050
   115  0 1  94.22  9922.00 2   0.0 -33.4    127471150   0   1350      1019900
   116  0 1  95.62  9920.50 2   0.0 -34.1    129473650   0   1350      2002500
   117  0 1  94.92  9920.50 2   0.0 -34.4    130489800   0   1400      1016150
   118  0 1  95.62  9922.00 2   0.0 -34.7    131519300   0   1350      1029500
   119  0 1  95.27  9928.00 2   0.0 -35.0    132528950   0   1150      1009650
   120  0 1  94.92  9932.50 2   0.0 -35.3    133499300   0   1350       970350
   121  0 1  95.62  9938.50 2   0.0 -35.6    134479650   0   1500       980350
   122  0 1  94.92  9944.50 2   0.0 -35.9    135479950   0   1350      1000300
   123  0 1  94.57  9955.00 2   0.0 -36.3    136489800   0   1200      1009850
   124  0 1  94.22  9964.00 2   0.0 -36.6    137509450   0   1200      1019650
   125  0 1  95.27  9982.00 2   0.0 -37.2    139510750   0   1400      2001300
   126  0 1  94.92  9992.50 2   0.0 -37.5    140526550   0   1200      1015800
   127  0 1  94.22 10006.00 2   0.0 -38.1    141556050   0   1200      1029500
   128  0 1  95.27 10015.00 2   0.0 -38.4    142565550   0   1250      1009500
   129  0 1  94.22 10027.00 2   0.0 -38.8    143535350   0   1400       969800
   130  0 1  94.92 10036.00 2   0.0 -39.1    144515350   0   1150       980000
   131  0 1  94.22 10045.00 2   0.0 -39.7    145515050   0   1450       999700
   132  0 1  95.27 10051.00 2   0.0 -40.0    146525400   0   1200      1010350
   133  0 1  95.62 10060.00 2   0.0 -40.3    147545200   0   1100      1019800
   134  0 1  95.27 10072.00 2   0.0 -41.3    149547850   0   1400      2002650
   135  0 1  94.92 10075.00 2   0.0 -41.6    150564150   0   1050      1016300
   136  0 1  95.62 10078.00 2   0.0 -42.2    151594400   0   1350      1030250
   137  0 1  94.92 10078.00 2   0.0 -42.5    152603950   0   1500      1009550
   138  0 1  95.27 10078.00 2   0.0 -43.1    153574150   0   1050       970200
   139  0 1  95.27 10076.50 2   0.0 -43.4    154553800   0   1350       979650
   140  0 1  94.22 10072.00 2   0.0 -44.1    155553750   0   1150       999950
   141  0 1  95.27 10069.00 2   0.0 -44.4    156563750   0   1500      1010000
   142  0 1  94.57 10061.50 2   0.0 -45.0    157583300   0   1100      1019550
   143  0 1  94.92 10048.00 2   0.0 -45.9    159585500   0   1300      2002200
   144  0 1  94.57 10039.00 2   0.0 -46.6    160601550   0   1100      1016050
   145  0 1  94.22 10027.00 2   0.0 -46.9    161631800   0   1400      1030250
   146  0 1  94.57 10019.50 2   0.0 -47.5    162642200   0   1100      1010400
   147  0 1  95.27 10007.50 2   0.0 -48.1    163612600   0   1100       970400
   148  0 1  94.92  9997.00 2   0.0 -48.4    164592450   0   1250       979850
   149  0 1  94.22  9986.50 2   0.0 -49.1    165592850   0   1350      1000400
   150  0 1  95.62  9976.00 2   0.0 -49.7    166602550   0   1450      1009700
   151  0 1  94.57  9965.50 2   0.0 -50.3    167622800   0   1400      1020250
   152  0 1  94.57  9947.50 2   0.0 -51.3    169624500   0   1200      2001700
   153  0 1  95.27  9940.00 2   0.0 -51.9    170640700   0   1150      1016200
   154  0 1  94.22  9934.00 2   0.0 -52.5    171670850   0   1100      1030150
   155  0 1  94.57  9928.00 2   0.0 -53.1    172680700   0   1100      1009850
   156  0 1  95.62  9923.50 2   0.0 -53.4    173650550   0   1050       969850
   157  0 1  94.92  9919.00 2   0.0 -54.1    174630500   0   1050       979950
   158  0 1  95.27  9920.50 2   0.0 -54.7    175630700   0   1050      1000200
   159  0 1  94.92  9920.50 2   0.0 -55.3    176640500   0   1250      1009800
   160  0 1  94.22  9922.00 2   0.0 -55.9    177660600   0   1450      1020100
   161  0 1  94.57  9928.00 2   0.0 -57.2    179661950   0   1050      2001350
   162  0 1  94.22  9932.50 2   0.0 -57.5    180677950   0   1150      1016000
   163  0 1  94.57  9940.00 2   0.0 -58.1    181707650   0   1050      1029700
   164  0 1  94.22  9946.00 2   0.0 -58.8    182717250   0   1300      1009600
   165  0 1  95.27  9955.00 2   0.0 -59.4    183687150   0   1200       969900
   166  0 1  94.22  9964.00 2   0.0 -60.0    184667550   0   1400       980400
   167  0 1  95.27  9973.00 2   0.0 -60.6    185667950   0   1500      1000400
   168  0 1  94.92  9985.00 2   0.0 -61.3    186678400   0   1450      1010450
   169  0 1  95.27  9997.00 2   0.0 -61.9    187698250   0   1250      1019850
   170  0 1  95.27 10018.00 2   0.0 -63.1    189700200   0   1100      2001950
   171  0 1  94.57 10027.00 2   0.0 -63.8    190716150   0   1400      1015950
   172  0 1  94.57 10039.00 2   0.0 -64.4    191746450   0   1200      1030300
   173  0 1  95.27 10048.00 2   0.0 -65.0    192756200   0   1250      1009750
   174  0 1  94.22 10054.00 2   0.0 -65.6    193725950   0   1150       969750
   175  0 1  94.92 10060.00 2   0.0 -66.3    194705450   0   1300       979500
   176  0 1  95.62 10066.00 2   0.0 -66.9    195705800   0   1150      1000350
   177  0 1  94.92 10072.00 2   0.0 -67.5    196716050   0   1500      1010250
   178  0 1  95.27 10076.50 2   0.0 -68.1    197736350   0   1200      1020300
   179  0 1  95.62 10078.00 2   0.0 -69.4    199737950   0   1400      2001600
