    NO  S V  AOA    FREQ    B  FMOP  AMP      TOA      PMOP  PW         dTOA  
------ -- - ------ -------- - ----- ----- ------------ --- ------ ------------
     0  0 1  95.27  9998.50 2   0.0 -70.0            0   0   1050  42949673000
     1  0 1  95.62 10019.50 2   0.0 -68.8      2039550   0   1300      2039550
     2  0 1  95.62 10030.00 2   0.0 -68.1      3009200   0   1200       969650
     3  0 1  94.92 10040.50 2   0.0 -67.5      3989200   0   1150       980000
     4  0 1  94.57 10048.00 2   0.0 -66.9      4989150   0   1450       999950
     5  0 1  95.62 10055.50 2   0.0 -66.3      5998900   0   1100      1009750
     6  0 1  95.27 10063.00 2   0.0 -65.6      7018500   0   1400      1019600
     7  0 1  94.22 10070.50 2   0.0 -65.0      8008900   0   1450       990400
     8  0 1  94.57 10073.50 2   0.0 -64.4      9021350   0   1450      1012450
     9  0 1  94.57 10076.50 2   0.0 -63.8     10037800   0   1050      1016450
    10  0 1  94.57 10078.00 2   0.0 -62.5     12078500   0   1100      2040700
    11  0 1  95.27 10076.50 2   0.0 -61.9     13048750   0   1350       970250
    12  0 1  94.22 10076.50 2   0.0 -61.3     14028600   0   1050       979850
    13  0 1  94.22 10072.00 2   0.0 -60.6     15028900   0   1500      1000300
    14  0 1  95.62 10067.50 2   0.0 -60.0     16039000   0   1200      1010100
    15  0 1  94.22 10060.00 2   0.0 -59.4     17059400   0   1200      1020400
    16  0 1  95.62 10054.00 2   0.0 -58.8     18049200   0   1350       989800
    17  0 1  95.27 10045.00 2   0.0 -58.1     19061550   0   1050      1012350
    18  0 1  94.57 10036.00 2   0.0 -57.5     20077850   0   1350      1016300
    19  0 1  94.57 10013.50 2   0.0 -56.6     22117450   0   1450      2039600
    20  0 1  94.92 10003.00 2   0.0 -55.9     23087500   0   1250       970050
    21  0 1  95.27  9991.00 2   0.0 -55.3     24067200   0   1050       979700
    22  0 1  94.92  9983.50 2   0.0 -54.7     25067450   0   1200      1000250
    23  0 1  94.57  9971.50 2   0.0 -54.1     26077350   0   1200      1009900
    24  0 1  94.57  9961.00 2   0.0 -53.4     27096950   0   1200      1019600
    25  0 1  94.92  9953.50 2   0.0 -53.1     28087100   0   1050       990150
    26  0 1  95.27  9943.00 2   0.0 -52.5     29099200   0   1500      1012100
    27  0 1  94.57  9937.00 2   0.0 -51.9     30115200   0   1200      1016000
    28  0 1  94.57  9925.00 2   0.0 -50.6     32155200   0   1300      2040000
    29  0 1  94.22  9922.00 2   0.0 -50.3     33125100   0   1400       969900
    30  0 1  94.22  9919.00 2   0.0 -49.7     34105350   0   1100       980250
    31  0 1  95.27  9920.50 2   0.0 -49.1     35105800   0   1050      1000450
    32  0 1  95.62  9920.50 2   0.0 -48.4     36115550   0   1250      1009750
    33  0 1  94.92  9922.00 2   0.0 -48.1     37136000   0   1100      1020450
    34  0 1  95.62  9925.00 2   0.0 -47.5     38126050   0   1400       990050
    35  0 1  94.22  9928.00 2   0.0 -46.9     39137750   0   1300      1011700
    36  0 1  95.27  9937.00 2   0.0 -46.6     40153900   0   1100      1016150
    37  0 1  95.62  9952.00 2   0.0 -45.6     42193500   0   1250      2039600
    38  0 1  94.57  9959.50 2   0.0 -45.0     43163650   0   1350       970150
    39  0 1  95.62  9968.50 2   0.0 -44.4     44143850   0   1050       980200
    40  0 1  95.62  9980.50 2   0.0 -44.1     45144000   0   1050      1000150
    41  0 1  95.62  9988.00 2   0.0 -43.4     46153700   0   1050      1009700
    42  0 1  94.57 10000.00 2   0.0 -43.1     47174050   0   1250      1020350
    43  0 1  95.27 10012.00 2   0.0 -42.5     48163650   0   1100       989600
    44  0 1  94.22 10022.50 2   0.0 -42.2     49175800   0   1300      1012150
    45  0 1  94.57 10033.00 2   0.0 -41.6     50192050   0   1400      1016250
    46  0 1  94.92 10051.00 2   0.0 -40.9     52232300   0   1200      2040250
    47  0 1  95.27 10058.50 2   0.0 -40.3     53202650   0   1500       970350
    48  0 1  94.22 10063.00 2   0.0 -40.0     54182200   0   1500       979550
    49  0 1  94.92 10069.00 2   0.0 -39.7     55182500   0   1300      1000300
    50  0 1  94.22 10075.00 2   0.0 -39.1     56192450   0   1150      1009950
    51  0 1  94.22 10078.00 2   0.0 -38.8     57212050   0   1150      1019600
    52  0 1  94.22 10078.00 2   0.0 -38.4     58201550   0   1050       989500
    53  0 1  95.27 10078.00 2   0.0 -38.1     59213250   0   1100      1011700
    54  0 1  95.62 10078.00 2   0.0 -37.5     60229250   0   1100      1016000
    55  0 1  95.62 10070.50 2   0.0 -36.9     62269350   0   1450      2040100
    56  0 1  94.57 10064.50 2   0.0 -36.6     63239400   0   1150       970050
    57  0 1  94.92 10057.00 2   0.0 -36.3     64219400   0   1200       980000
    58  0 1  94.22 10049.50 2   0.0 -35.9     65218950   0   1100       999550
    59  0 1  94.22 10042.00 2   0.0 -35.6     66229350   0   1450      1010400
    60  0 1  94.92 10033.00 2   0.0 -35.3     67249500   0   1250      1020150
    61  0 1  94.92 10024.00 2   0.0 -35.0     68239050   0   1050       989550
    62  0 1  95.27 10013.50 2   0.0 -34.7     69251250   0   1150      1012200
    63  0 1  94.92 10000.00 2   0.0 -34.4     70267050   0   1050      1015800
    64  0 1  94.57  9979.00 2   0.0 -33.8     72306650   0   1100      2039600
    65  0 1  94.57  9970.00 2   0.0 -33.4     73276350   0   1350       969700
    66  0 1  94.22  9961.00 2   0.0 -33.4     74256000   0   1150       979650
    67  0 1  95.62  9952.00 2   0.0 -33.1     75255800   0   1500       999800
    68  0 1  95.62  9943.00 2   0.0 -32.8     76265400   0   1400      1009600
    69  0 1  95.27  9935.50 2   0.0 -32.5     77285850   0   1150      1020450
    70  0 1  95.62  9931.00 2   0.0 -32.5     78275850   0   1100       990000
    71  0 1  95.27  9926.50 2   0.0 -32.2     79287950   0   1200      1012100
    72  0 1  94.57  9920.50 2   0.0 -31.9     80304300   0   1100      1016350
    73  0 1  95.62  9920.50 2   0.0 -31.6     82344350   0   1200      2040050
    74  0 1  95.27  9919.00 2   0.0 -31.6     83313850   0   1400       969500
    75  0 1  94.57  9922.00 2   0.0 -31.3     84294150   0   1200       980300
    76  0 1  94.92  9926.50 2   0.0 -31.3     85294400   0   1100      1000250
    77  0 1  94.57  9931.00 2   0.0 -30.9     86304200   0   1150      1009800
    78  0 1  94.92  9937.00 2   0.0 -30.9     87324550   0   1250      1020350
    79  0 1  95.27  9943.00 2   0.0 -30.6     88314800   0   1200       990250
    80  0 1  94.57  9952.00 2   0.0 -30.6     89326550   0   1250      1011750
    81  0 1  94.22  9961.00 2   0.0 -30.6     90342700   0   1250      1016150
    82  0 1  94.22  9980.50 2   0.0 -30.3     92382500   0   1500      2039800
    83  0 1  94.22  9994.00 2   0.0 -30.3     93352050   0   1050       969550
    84  0 1  94.92 10003.00 2   0.0 -30.3     94331650   0   1100       979600
    85  0 1  95.27 10012.00 2   0.0 -30.0     95331150   0   1200       999500
    86  0 1  95.62 10024.00 2   0.0 -30.0     96341400   0   1300      1010250
    87  0 1  95.62 10033.00 2   0.0 -30.0     97361500   0   1250      1020100
    88  0 1  95.27 10042.00 2   0.0 -30.0     98351300   0   1300       989800
    89  0 1  94.92 10051.00 2   0.0 -30.0     99363750   0   1400      1012450
    90  0 1  94.92 10058.50 2   0.0 -30.0    100379950   0   1100      1016200
    91  0 1  95.27 10072.00 2   0.0 -30.0    102420400   0   1250      2040450
    92  0 1  95.62 10075.00 2   0.0 -30.0    103390450   0   1100       970050
    93  0 1  95.27 10076.50 2   0.0 -30.0    104370200   0   1500       979750
    94  0 1  95.62 10079.50 2   0.0 -30.0    105370400   0   1500      1000200
    95  0 1  94.92 10078.00 2   0.0 -30.3    106380250   0   1250      1009850
    96  0 1  94.92 10078.00 2   0.0 -30.3    107400550   0   1400      1020300
    97  0 1  94.57 10075.00 2   0.0 -30.3    108390350   0   1500       989800
    98  0 1  94.57 10069.00 2   0.0 -30.3    109402400   0   1100      1012050
    99  0 1  94.92 10063.00 2   0.0 -30.6    110418000   0   1500      1015600
   100  0 1  94.92 10048.00 2   0.0 -30.6    112458400   0   1250      2040400
   101  0 1  94.92 10042.00 2   0.0 -30.9    113428400   0   1450       970000
   102  0 1  95.27 10033.00 2   0.0 -30.9    114408050   0   1200       979650
   103  0 1  94.92 10021.00 2   0.0 -31.3    115407600   0   1450       999550
   104  0 1  94.57 10010.50 2   0.0 -31.3    116417100   0   1450      1009500
   105  0 1  94.92 10000.00 2   0.0 -31.6    117437500   0   1050      1020400
   106  0 1  95.62  9988.00 2   0.0 -31.6    118427250   0   1150       989750
   107  0 1  95.62  9979.00 2   0.0 -31.9    119439550   0   1250      1012300
   108  0 1  94.22  9970.00 2   0.0 -31.9    120455400   0   1100      1015850
   109  0 1  94.92  9949.00 2   0.0 -32.5    122495500   0   1250      2040100
   110  0 1  94.92  9941.50 2   0.0 -32.5    123465000   0   1100       969500
   111  0 1  94.57  9934.00 2   0.0 -32.8    124444850   0   1200       979850
   112  0 1  94.92  9931.00 2   0.0 -33.1    125444500   0   1450       999650
   113  0 1  94.57  9925.00 2   0.0 -33.4    126454600   0   1400      1010100
   114  0 1  95.27  9922.00 2   0.0 -33.4    127474200   0   1500      1019600
   115  0 1  94.92  9920.50 2   0.0 -33.8    128464000   0   1100       989800
   116  0 1  94.92  9919.00 2   0.0 -34.1    129476100   0   1200      1012100
   117  0 1  94.22  9922.00 2   0.0 -34.4    130492400   0   1250      1016300
   118  0 1  94.57  9925.00 2   0.0 -35.0    132531750   0   1350      2039350
   119  0 1  94.92  9932.50 2   0.0 -35.3    133501250   0   1400       969500
   120  0 1  95.62  9938.50 2   0.0 -35.6    134481100   0   1150       979850
   121  0 1  95.62  9944.50 2   0.0 -35.9    135481400   0   1050      1000300
   122  0 1  95.62  9955.00 2   0.0 -36.3    136491250   0   1250      1009850
   123  0 1  95.62  9964.00 2   0.0 -36.6    137511600   0   1350      1020350
   124  0 1  94.57  9973.00 2   0.0 -36.9    138501700   0   1100       990100
   125  0 1  94.22  9985.00 2   0.0 -37.2    139513550   0   1150      1011850
   126  0 1  94.92  9994.00 2   0.0 -37.5    140529800   0   1350      1016250
   127  0 1  94.22 10015.00 2   0.0 -38.4    142569850   0   1450      2040050
   128  0 1  95.27 10025.50 2   0.0 -38.8    143539550   0   1450       969700
   129  0 1  94.92 10036.00 2   0.0 -39.1    144519150   0   1500       979600
   130  0 1  94.22 10045.00 2   0.0 -39.7    145519500   0   1100      1000350
   131  0 1  95.62 10051.00 2   0.0 -40.0    146529550   0   1350      1010050
   132  0 1  95.62 10061.50 2   0.0 -40.3    147549450   0   1500      1019900
   133  0 1  95.27 10066.00 2   0.0 -40.9    148539550   0   1400       990100
   134  0 1  95.62 10072.00 2   0.0 -41.3    149551550   0   1100      1012000
   135  0 1  94.22 10075.00 2   0.0 -41.6    150567050   0   1500      1015500
   136  0 1  94.22 10078.00 2   0.0 -42.5    152607000   0   1050      2039950
   137  0 1  95.62 10078.00 2   0.0 -43.1    153577250   0   1150       970250
   138  0 1  94.92 10076.50 2   0.0 -43.4    154557300   0   1150       980050
   139  0 1  94.92 10075.00 2   0.0 -44.1    155557650   0   1300      1000350
   140  0 1  94.57 10069.00 2   0.0 -44.4    156567300   0   1250      1009650
   141  0 1  94.92 10063.00 2   0.0 -45.0    157587750   0   1350      1020450
   142  0 1  94.22 10054.00 2   0.0 -45.6    158578200   0   1250       990450
   143  0 1  94.22 10048.00 2   0.0 -45.9    159590550   0   1200      1012350
   144  0 1  95.62 10039.00 2   0.0 -46.6    160606350   0   1500      1015800
   145  0 1  95.62 10018.00 2   0.0 -47.5    162645700   0   1100      2039350
   146  0 1  95.27 10007.50 2   0.0 -48.1    163615350   0   1450       969650
   147  0 1  94.57  9997.00 2   0.0 -48.4    164595250   0   1150       979900
   148  0 1  94.57  9988.00 2   0.0 -49.1    165595450   0   1300      1000200
   149  0 1  94.22  9977.50 2   0.0 -49.7    166605400   0   1100      1009950
   150  0 1  94.22  9967.00 2   0.0 -50.3    167625600   0   1400      1020200
   151  0 1  95.27  9958.00 2   0.0 -50.6    168615400   0   1100       989800
   152  0 1  95.62  9949.00 2   0.0 -51.3    169627350   0   1150      1011950
   153  0 1  94.57  9940.00 2   0.0 -51.9    170643500   0   1100      1016150
   154  0 1  94.57  9928.00 2   0.0 -53.1    172683550   0   1050      2040050
   155  0 1  95.27  9925.00 2   0.0 -53.4    173653500   0   1150       969950
   156  0 1  94.22  9919.00 2   0.0 -54.1    174633950   0   1350       980450
   157  0 1  95.27  9919.00 2   0.0 -54.7    175633500   0   1300       999550
   158  0 1  94.92  9919.00 2   0.0 -55.3    176643800   0   1500      1010300
   159  0 1  95.27  9922.00 2   0.0 -55.9    177664100   0   1400      1020300
   160  0 1  94.22  9922.00 2   0.0 -56.6    178654000   0   1400       989900
   161  0 1  94.57  9926.50 2   0.0 -57.2    179665650   0   1150      1011650
   162  0 1  94.92  9932.50 2   0.0 -57.5    180681650   0   1050      1016000
   163  0 1  94.92  9946.00 2   0.0 -58.8    182721800   0   1100      2040150
   164  0 1  94.57  9955.00 2   0.0 -59.4    183691500   0   1300       969700
   165  0 1  95.27  9965.50 2   0.0 -60.0    184671000   0   1150       979500
   166  0 1  94.92  9976.00 2   0.0 -60.6    185670600   0   1250       999600
   167  0 1  95.27  9985.00 2   0.0 -61.3    186680650   0   1300      1010050
   168  0 1  95.62  9994.00 2   0.0 -61.9    187700900   0   1350      1020250
   169  0 1  94.57 10007.50 2   0.0 -62.5    188690400   0   1150       989500
   170  0 1  95.62 10018.00 2   0.0 -63.1    189702650   0   1450      1012250
   171  0 1  94.92 10028.50 2   0.0 -63.8    190718900   0   1200      1016250
   172  0 1  95.62 10046.50 2   0.0 -65.0    192758650   0   1100      2039750
   173  0 1  94.92 10054.00 2   0.0 -65.6    193728250   0   1500       969600
   174  0 1  94.22 10063.00 2   0.0 -66.3    194708000   0   1100       979750
   175  0 1  94.92 10069.00 2   0.0 -66.9    195708150   0   1450      1000150
   176  0 1  94.92 10072.00 2   0.0 -67.5    196718450   0   1350      1010300
   177  0 1  94.22 10078.00 2   0.0 -68.1    197738850   0   1150      1020400
   178  0 1  95.62 10079.50 2   0.0 -68.8    198728550   0   1350       989700
   179  0 1  94.92 10078.00 2   0.0 -69.4    199740350   0   1250      1011800
