    NO  S V  AOA    FREQ    B  FMOP  AMP      TOA      PMOP  PW         dTOA  
------ -- - ------ -------- - ----- ----- ------------ --- ------ ------------
     0  0 1  94.57  9998.50 2   0.0 -70.0            0   0   1400  42949673000
     1  0 1  95.27 10009.00 2   0.0 -69.4      1030150   0   1050      1030150
     2  0 1  95.62 10019.50 2   0.0 -68.8      2039800   0   1250      1009650
     3  0 1  94.92 10030.00 2   0.0 -68.1      3009500   0   1400       969700
     4  0 1  95.62 10039.00 2   0.0 -67.5      3989700   0   1100       980200
     5  0 1  94.92 10048.00 2   0.0 -66.9      4989250   0   1250       999550
     6  0 1  94.57 10064.50 2   0.0 -65.6      7019650   0   1100      2030400
     7  0 1  94.92 10070.50 2   0.0 -65.0      8009950   0   1450       990300
     8  0 1  95.27 10072.00 2   0.0 -64.4      9022050   0   1200      1012100
     9  0 1  94.22 10078.00 2   0.0 -63.8     10038100   0   1050      1016050
    10  0 1  95.27 10078.00 2   0.0 -63.1     11067650   0   1500      1029550
    11  0 1  94.22 10078.00 2   0.0 -62.5     12078100   0   1100      1010450
    12  0 1  95.27 10076.50 2   0.0 -61.9     13048050   0   1150       969950
    13  0 1  95.62 10076.50 2   0.0 -61.3     14028200   0   1150       980150
    14  0 1  94.57 10070.50 2   0.0 -60.6     15028100   0   1350       999900
    15  0 1  94.22 10058.50 2   0.0 -59.4     17058400   0   1300      2030300
    16  0 1  95.27 10052.50 2   0.0 -58.8     18048700   0   1500       990300
    17  0 1  94.57 10042.00 2   0.0 -58.1     19060800   0   1500      1012100
    18  0 1  94.22 10033.00 2   0.0 -57.5     20076600   0   1200      1015800
    19  0 1  94.92 10024.00 2   0.0 -57.2     21106750   0   1150      1030150
    20  0 1  95.27 10015.00 2   0.0 -56.6     22116600   0   1300      1009850
    21  0 1  94.57 10004.50 2   0.0 -55.9     23086200   0   1450       969600
    22  0 1  94.22  9991.00 2   0.0 -55.3     24066550   0   1050       980350
    23  0 1  94.22  9982.00 2   0.0 -54.7     25066750   0   1100      1000200
    24  0 1  94.22  9961.00 2   0.0 -53.4     27096600   0   1150      2029850
    25  0 1  94.57  9952.00 2   0.0 -53.1     28086950   0   1250       990350
    26  0 1  95.62  9944.50 2   0.0 -52.5     29098950   0   1250      1012000
    27  0 1  94.22  9937.00 2   0.0 -51.9     30114850   0   1100      1015900
    28  0 1  95.62  9929.50 2   0.0 -51.3     31144850   0   1050      1030000
    29  0 1  94.22  9926.50 2   0.0 -50.6     32154500   0   1450      1009650
    30  0 1  94.57  9922.00 2   0.0 -50.3     33124500   0   1100       970000
    31  0 1  95.27  9920.50 2   0.0 -49.7     34104750   0   1400       980250
    32  0 1  94.57  9919.00 2   0.0 -49.1     35104950   0   1100      1000200
    33  0 1  95.27  9920.50 2   0.0 -48.1     37135300   0   1050      2030350
    34  0 1  95.27  9925.00 2   0.0 -47.5     38125450   0   1450       990150
    35  0 1  94.57  9931.00 2   0.0 -46.9     39137750   0   1150      1012300
    36  0 1  94.92  9935.50 2   0.0 -46.6     40154050   0   1500      1016300
    37  0 1  95.62  9941.50 2   0.0 -45.9     41183850   0   1500      1029800
    38  0 1  94.57  9950.50 2   0.0 -45.6     42193550   0   1100      1009700
    39  0 1  94.92  9959.50 2   0.0 -45.0     43163650   0   1500       970100
    40  0 1  94.22  9968.50 2   0.0 -44.4     44143400   0   1400       979750
    41  0 1  94.22  9980.50 2   0.0 -44.1     45143700   0   1500      1000300
    42  0 1  94.92 10000.00 2   0.0 -43.1     47173300   0   1300      2029600
    43  0 1  95.27 10012.00 2   0.0 -42.5     48163250   0   1100       989950
    44  0 1  94.57 10022.50 2   0.0 -42.2     49174850   0   1300      1011600
    45  0 1  95.62 10031.50 2   0.0 -41.6     50191050   0   1400      1016200
    46  0 1  95.62 10040.50 2   0.0 -41.3     51220600   0   1400      1029550
    47  0 1  95.62 10051.00 2   0.0 -40.9     52230200   0   1500      1009600
    48  0 1  95.27 10057.00 2   0.0 -40.3     53199950   0   1450       969750
    49  0 1  95.27 10063.00 2   0.0 -40.0     54179650   0   1350       979700
    50  0 1  94.22 10070.50 2   0.0 -39.7     55180100   0   1050      1000450
    51  0 1  94.92 10078.00 2   0.0 -38.8     57209650   0   1250      2029550
    52  0 1  94.92 10079.50 2   0.0 -38.4     58199250   0   1300       989600
    53  0 1  94.92 10078.00 2   0.0 -38.1     59210750   0   1150      1011500
    54  0 1  95.62 10078.00 2   0.0 -37.5     60227200   0   1100      1016450
    55  0 1  94.57 10075.00 2   0.0 -37.2     61256850   0   1100      1029650
    56  0 1  94.57 10069.00 2   0.0 -36.9     62266600   0   1050      1009750
    57  0 1  94.57 10064.50 2   0.0 -36.6     63236100   0   1300       969500
    58  0 1  95.62 10057.00 2   0.0 -36.3     64216150   0   1500       980050
    59  0 1  95.62 10051.00 2   0.0 -35.9     65216450   0   1200      1000300
    60  0 1  95.62 10031.50 2   0.0 -35.3     67246450   0   1100      2030000
    61  0 1  95.27 10022.50 2   0.0 -35.0     68236650   0   1200       990200
    62  0 1  94.92 10013.50 2   0.0 -34.7     69248600   0   1350      1011950
    63  0 1  94.92 10003.00 2   0.0 -34.4     70264300   0   1150      1015700
    64  0 1  94.22  9991.00 2   0.0 -34.1     71294000   0   1250      1029700
    65  0 1  94.92  9980.50 2   0.0 -33.8     72303950   0   1100      1009950
    66  0 1  94.57  9970.00 2   0.0 -33.4     73273700   0   1200       969750
    67  0 1  95.27  9961.00 2   0.0 -33.4     74253450   0   1150       979750
    68  0 1  94.22  9952.00 2   0.0 -33.1     75253200   0   1350       999750
    69  0 1  95.27  9937.00 2   0.0 -32.5     77282450   0   1100      2029250
    70  0 1  95.62  9929.50 2   0.0 -32.5     78272550   0   1250       990100
    71  0 1  95.27  9926.50 2   0.0 -32.2     79284700   0   1300      1012150
    72  0 1  95.62  9920.50 2   0.0 -31.9     80301150   0   1200      1016450
    73  0 1  95.62  9920.50 2   0.0 -31.9     81331350   0   1100      1030200
    74  0 1  94.22  9920.50 2   0.0 -31.6     82341500   0   1450      1010150
    75  0 1  95.27  9920.50 2   0.0 -31.6     83311550   0   1150       970050
    76  0 1  94.22  9922.00 2   0.0 -31.3     84291400   0   1400       979850
    77  0 1  95.62  9925.00 2   0.0 -31.3     85291200   0   1050       999800
    78  0 1  95.62  9937.00 2   0.0 -30.9     87320900   0   1250      2029700
    79  0 1  95.62  9944.50 2   0.0 -30.6     88311000   0   1050       990100
    80  0 1  95.62  9953.50 2   0.0 -30.6     89323100   0   1050      1012100
    81  0 1  94.22  9962.50 2   0.0 -30.6     90339500   0   1100      1016400
    82  0 1  95.27  9970.00 2   0.0 -30.3     91369350   0   1400      1029850
    83  0 1  94.92  9982.00 2   0.0 -30.3     92379300   0   1500      1009950
    84  0 1  94.57  9994.00 2   0.0 -30.3     93349250   0   1100       969950
    85  0 1  94.92 10003.00 2   0.0 -30.3     94328950   0   1500       979700
    86  0 1  94.22 10012.00 2   0.0 -30.0     95329250   0   1450      1000300
    87  0 1  95.62 10034.50 2   0.0 -30.0     97359350   0   1200      2030100
    88  0 1  94.57 10042.00 2   0.0 -30.0     98349250   0   1150       989900
    89  0 1  95.62 10051.00 2   0.0 -30.0     99360800   0   1500      1011550
    90  0 1  94.22 10060.00 2   0.0 -30.0    100376400   0   1350      1015600
    91  0 1  95.27 10064.50 2   0.0 -30.0    101406750   0   1350      1030350
    92  0 1  95.62 10072.00 2   0.0 -30.0    102416850   0   1100      1010100
    93  0 1  94.92 10075.00 2   0.0 -30.0    103386750   0   1450       969900
    94  0 1  95.27 10076.50 2   0.0 -30.0    104366850   0   1100       980100
    95  0 1  94.57 10078.00 2   0.0 -30.0    105366800   0   1400       999950
    96  0 1  94.57 10078.00 2   0.0 -30.3    107397100   0   1250      2030300
    97  0 1  94.57 10073.50 2   0.0 -30.3    108386900   0   1200       989800
    98  0 1  94.92 10069.00 2   0.0 -30.3    109398800   0   1300      1011900
    99  0 1  95.27 10064.50 2   0.0 -30.6    110414550   0   1200      1015750
   100  0 1  94.57 10057.00 2   0.0 -30.6    111445000   0   1450      1030450
   101  0 1  95.27 10048.00 2   0.0 -30.6    112455200   0   1050      1010200
   102  0 1  94.22 10042.00 2   0.0 -30.9    113424900   0   1450       969700
   103  0 1  95.62 10031.50 2   0.0 -30.9    114404650   0   1300       979750
   104  0 1  94.57 10022.50 2   0.0 -31.3    115404600   0   1450       999950
   105  0 1  95.27 10000.00 2   0.0 -31.6    117435100   0   1450      2030500
   106  0 1  95.27  9989.50 2   0.0 -31.6    118424950   0   1450       989850
   107  0 1  94.22  9977.50 2   0.0 -31.9    119436900   0   1050      1011950
   108  0 1  94.22  9970.00 2   0.0 -31.9    120452800   0   1500      1015900
   109  0 1  94.92  9959.50 2   0.0 -32.2    121482450   0   1350      1029650
   110  0 1  94.57  9949.00 2   0.0 -32.5    122492700   0   1350      1010250
   111  0 1  94.22  9941.50 2   0.0 -32.5    123462750   0   1450       970050
   112  0 1  94.57  9934.00 2   0.0 -32.8    124442250   0   1450       979500
   113  0 1  95.27  9928.00 2   0.0 -33.1    125441950   0   1300       999700
   114  0 1  94.57  9922.00 2   0.0 -33.4    127472500   0   1100      2030550
   115  0 1  95.62  9919.00 2   0.0 -33.8    128462100   0   1150       989600
   116  0 1  94.57  9920.50 2   0.0 -34.1    129474100   0   1100      1012000
   117  0 1  94.92  9919.00 2   0.0 -34.4    130489900   0   1400      1015800
   118  0 1  94.92  9922.00 2   0.0 -34.7    131519700   0   1350      1029800
   119  0 1  94.57  9926.50 2   0.0 -35.0    132529500   0   1050      1009800
   120  0 1  95.62  9931.00 2   0.0 -35.3    133499450   0   1050       969950
   121  0 1  94.92  9938.50 2   0.0 -35.6    134479800   0   1100       980350
   122  0 1  94.57  9944.50 2   0.0 -35.9    135480200   0   1050      1000400
   123  0 1  94.57  9964.00 2   0.0 -36.6    137510050   0   1300      2029850
   124  0 1  95.27  9973.00 2   0.0 -36.9    138500100   0   1100       990050
   125  0 1  95.62  9982.00 2   0.0 -37.2    139511850   0   1350      1011750
   126  0 1  95.62  9994.00 2   0.0 -37.5    140527950   0   1450      1016100
   127  0 1  94.57 10004.50 2   0.0 -38.1    141557550   0   1100      1029600
   128  0 1  95.62 10015.00 2   0.0 -38.4    142567400   0   1100      1009850
   129  0 1  94.57 10024.00 2   0.0 -38.8    143537800   0   1500       970400
   130  0 1  94.57 10036.00 2   0.0 -39.1    144518050   0   1050       980250
   131  0 1  94.57 10045.00 2   0.0 -39.7    145518050   0   1350      1000000
   132  0 1  94.22 10060.00 2   0.0 -40.3    147548150   0   1300      2030100
   133  0 1  94.57 10067.50 2   0.0 -40.9    148538300   0   1150       990150
   134  0 1  94.22 10070.50 2   0.0 -41.3    149550150   0   1050      1011850
   135  0 1  94.22 10076.50 2   0.0 -41.6    150566600   0   1500      1016450
   136  0 1  95.27 10079.50 2   0.0 -42.2    151596750   0   1050      1030150
   137  0 1  95.62 10079.50 2   0.0 -42.5    152607150   0   1150      1010400
   138  0 1  95.27 10078.00 2   0.0 -43.1    153577550   0   1150       970400
   139  0 1  95.27 10076.50 2   0.0 -43.4    154557900   0   1400       980350
   140  0 1  94.22 10075.00 2   0.0 -44.1    155558200   0   1300      1000300
   141  0 1  94.57 10063.00 2   0.0 -45.0    157588300   0   1050      2030100
   142  0 1  95.27 10055.50 2   0.0 -45.6    158578400   0   1500       990100
   143  0 1  95.27 10048.00 2   0.0 -45.9    159590800   0   1400      1012400
   144  0 1  94.22 10039.00 2   0.0 -46.6    160606750   0   1300      1015950
   145  0 1  95.62 10027.00 2   0.0 -46.9    161636600   0   1050      1029850
   146  0 1  94.92 10018.00 2   0.0 -47.5    162646600   0   1250      1010000
   147  0 1  95.27 10007.50 2   0.0 -48.1    163616950   0   1100       970350
   148  0 1  95.27  9998.50 2   0.0 -48.4    164597250   0   1300       980300
   149  0 1  94.92  9988.00 2   0.0 -49.1    165597100   0   1100       999850
   150  0 1  94.92  9967.00 2   0.0 -50.3    167626450   0   1050      2029350
   151  0 1  95.27  9958.00 2   0.0 -50.6    168616100   0   1200       989650
   152  0 1  95.27  9949.00 2   0.0 -51.3    169628000   0   1450      1011900
   153  0 1  95.62  9940.00 2   0.0 -51.9    170643500   0   1250      1015500
   154  0 1  95.62  9932.50 2   0.0 -52.5    171673000   0   1450      1029500
   155  0 1  94.22  9926.50 2   0.0 -53.1    172682650   0   1500      1009650
   156  0 1  95.62  9922.00 2   0.0 -53.4    173652200   0   1500       969550
   157  0 1  95.27  9919.00 2   0.0 -54.1    174632200   0   1200       980000
   158  0 1  94.22  9920.50 2   0.0 -54.7    175632600   0   1100      1000400
   159  0 1  95.62  9920.50 2   0.0 -55.9    177662250   0   1200      2029650
   160  0 1  95.62  9925.00 2   0.0 -56.6    178652700   0   1150       990450
   161  0 1  95.62  9928.00 2   0.0 -57.2    179664900   0   1100      1012200
   162  0 1  95.62  9932.50 2   0.0 -57.5    180680850   0   1050      1015950
   163  0 1  94.22  9940.00 2   0.0 -58.1    181710700   0   1250      1029850
   164  0 1  94.57  9946.00 2   0.0 -58.8    182720550   0   1100      1009850
   165  0 1  94.22  9955.00 2   0.0 -59.4    183690150   0   1300       969600
   166  0 1  94.22  9965.50 2   0.0 -60.0    184670300   0   1100       980150
   167  0 1  94.22  9973.00 2   0.0 -60.6    185670150   0   1100       999850
   168  0 1  94.57  9994.00 2   0.0 -61.9    187699600   0   1200      2029450
   169  0 1  95.27 10007.50 2   0.0 -62.5    188689800   0   1100       990200
   170  0 1  95.62 10016.50 2   0.0 -63.1    189702000   0   1250      1012200
   171  0 1  94.57 10028.50 2   0.0 -63.8    190718200   0   1350      1016200
   172  0 1  95.62 10036.00 2   0.0 -64.4    191748500   0   1250      1030300
   173  0 1  95.62 10045.00 2   0.0 -65.0    192758050   0   1300      1009550
   174  0 1  95.62 10055.50 2   0.0 -65.6    193728000   0   1400       969950
   175  0 1  95.62 10061.50 2   0.0 -66.3    194708200   0   1050       980200
   176  0 1  95.62 10069.00 2   0.0 -66.9    195707900   0   1200       999700
   177  0 1  95.27 10078.00 2   0.0 -68.1    197738700   0   1050      2030800
   178  0 1  95.62 10078.00 2   0.0 -68.8    198728250   0   1400       989550
   179  0 1  94.92 10079.50 2   0.0 -69.4    199740000   0   1250      1011750
