    NO  S V  AOA    FREQ    B  FMOP  AMP      TOA      PMOP  PW         dTOA  
------ -- - ------ -------- - ----- ----- ------------ --- ------ ------------
     0  0 1  94.57 10009.00 2   0.0 -69.4      1029800   0   1150  42950702800
     1  0 1  94.22 10019.50 2   0.0 -68.8      2039800   0   1100      1010000
     2  0 1  94.92 10030.00 2   0.0 -68.1      3010000   0   1050       970200
     3  0 1  95.27 10040.50 2   0.0 -67.5      3989850   0   1400       979850
     4  0 1  95.27 10049.50 2   0.0 -66.9      4990250   0   1300      1000400
     5  0 1  94.22 10055.50 2   0.0 -66.3      6000400   0   1100      1010150
     6  0 1  95.62 10063.00 2   0.0 -65.6      7020700   0   1100      1020300
     7  0 1  95.62 10069.00 2   0.0 -65.0      8011000   0   1500       990300
     8  0 1  94.57 10075.00 2   0.0 -64.4      9022950   0   1500      1011950
     9  0 1  95.27 10079.50 2   0.0 -63.1     11069000   0   1300      2046050
    10  0 1  94.92 10078.00 2   0.0 -62.5     12079200   0   1100      1010200
    11  0 1  94.92 10076.50 2   0.0 -61.9     13048850   0   1200       969650
    12  0 1  94.22 10075.00 2   0.0 -61.3     14029000   0   1050       980150
    13  0 1  94.57 10070.50 2   0.0 -60.6     15028500   0   1150       999500
    14  0 1  95.62 10066.00 2   0.0 -60.0     16038200   0   1350      1009700
    15  0 1  94.57 10060.00 2   0.0 -59.4     17058650   0   1500      1020450
    16  0 1  95.27 10052.50 2   0.0 -58.8     18048600   0   1150       989950
    17  0 1  94.22 10042.00 2   0.0 -58.1     19060450   0   1100      1011850
    18  0 1  94.57 10025.50 2   0.0 -57.2     21107200   0   1300      2046750
    19  0 1  94.22 10015.00 2   0.0 -56.6     22117650   0   1100      1010450
    20  0 1  95.62 10003.00 2   0.0 -55.9     23087600   0   1100       969950
    21  0 1  94.22  9991.00 2   0.0 -55.3     24068000   0   1100       980400
    22  0 1  95.27  9982.00 2   0.0 -54.7     25067750   0   1050       999750
    23  0 1  94.92  9970.00 2   0.0 -54.1     26078050   0   1150      1010300
    24  0 1  94.57  9961.00 2   0.0 -53.4     27098250   0   1150      1020200
    25  0 1  94.22  9952.00 2   0.0 -53.1     28087950   0   1500       989700
    26  0 1  94.22  9944.50 2   0.0 -52.5     29100100   0   1400      1012150
    27  0 1  94.22  9931.00 2   0.0 -51.3     31146550   0   1250      2046450
    28  0 1  94.22  9925.00 2   0.0 -50.6     32156550   0   1350      1010000
    29  0 1  94.22  9922.00 2   0.0 -50.3     33126600   0   1400       970050
    30  0 1  94.22  9920.50 2   0.0 -49.7     34106700   0   1450       980100
    31  0 1  95.62  9920.50 2   0.0 -49.1     35106750   0   1350      1000050
    32  0 1  95.27  9919.00 2   0.0 -48.4     36117000   0   1400      1010250
    33  0 1  94.22  9922.00 2   0.0 -48.1     37137200   0   1200      1020200
    34  0 1  95.62  9923.50 2   0.0 -47.5     38126950   0   1150       989750
    35  0 1  94.92  9931.00 2   0.0 -46.9     39139100   0   1100      1012150
    36  0 1  95.62  9943.00 2   0.0 -45.9     41184800   0   1050      2045700
    37  0 1  94.22  9952.00 2   0.0 -45.6     42194550   0   1100      1009750
    38  0 1  95.62  9959.50 2   0.0 -45.0     43164950   0   1200       970400
    39  0 1  95.27  9968.50 2   0.0 -44.4     44144700   0   1250       979750
    40  0 1  94.22  9979.00 2   0.0 -44.1     45144700   0   1400      1000000
    41  0 1  94.57  9989.50 2   0.0 -43.4     46154250   0   1050      1009550
    42  0 1  94.92 10000.00 2   0.0 -43.1     47174150   0   1100      1019900
    43  0 1  95.27 10012.00 2   0.0 -42.5     48163900   0   1100       989750
    44  0 1  94.57 10021.00 2   0.0 -42.2     49175850   0   1250      1011950
    45  0 1  95.62 10042.00 2   0.0 -41.3     51222300   0   1200      2046450
    46  0 1  94.92 10051.00 2   0.0 -40.9     52232500   0   1250      1010200
    47  0 1  95.62 10057.00 2   0.0 -40.3     53202750   0   1200       970250
    48  0 1  95.62 10066.00 2   0.0 -40.0     54182300   0   1100       979550
    49  0 1  95.27 10069.00 2   0.0 -39.7     55182000   0   1200       999700
    50  0 1  94.22 10073.50 2   0.0 -39.1     56192000   0   1300      1010000
    51  0 1  94.57 10076.50 2   0.0 -38.8     57211850   0   1150      1019850
    52  0 1  94.92 10079.50 2   0.0 -38.4     58201750   0   1250       989900
    53  0 1  95.62 10079.50 2   0.0 -38.1     59213500   0   1250      1011750
    54  0 1  95.27 10075.00 2   0.0 -37.2     61259350   0   1200      2045850
    55  0 1  95.27 10072.00 2   0.0 -36.9     62269200   0   1350      1009850
    56  0 1  94.22 10064.50 2   0.0 -36.6     63239650   0   1400       970450
    57  0 1  95.27 10060.00 2   0.0 -36.3     64219450   0   1300       979800
    58  0 1  94.22 10049.50 2   0.0 -35.9     65219750   0   1100      1000300
    59  0 1  94.92 10042.00 2   0.0 -35.6     66229800   0   1300      1010050
    60  0 1  94.57 10033.00 2   0.0 -35.3     67250150   0   1100      1020350
    61  0 1  94.57 10021.00 2   0.0 -35.0     68240250   0   1200       990100
    62  0 1  94.22 10012.00 2   0.0 -34.7     69252100   0   1250      1011850
    63  0 1  95.62  9991.00 2   0.0 -34.1     71298750   0   1050      2046650
    64  0 1  94.57  9979.00 2   0.0 -33.8     72308700   0   1450      1009950
    65  0 1  94.57  9970.00 2   0.0 -33.4     73278600   0   1250       969900
    66  0 1  94.22  9961.00 2   0.0 -33.4     74258250   0   1050       979650
    67  0 1  95.27  9952.00 2   0.0 -33.1     75258700   0   1350      1000450
    68  0 1  94.57  9943.00 2   0.0 -32.8     76268450   0   1500      1009750
    69  0 1  95.27  9935.50 2   0.0 -32.5     77288450   0   1350      1020000
    70  0 1  95.27  9931.00 2   0.0 -32.5     78278200   0   1400       989750
    71  0 1  95.62  9925.00 2   0.0 -32.2     79290350   0   1050      1012150
    72  0 1  94.22  9919.00 2   0.0 -31.9     81337150   0   1050      2046800
    73  0 1  94.22  9919.00 2   0.0 -31.6     82347250   0   1100      1010100
    74  0 1  94.57  9919.00 2   0.0 -31.6     83316900   0   1100       969650
    75  0 1  95.27  9920.50 2   0.0 -31.3     84296450   0   1300       979550
    76  0 1  95.27  9925.00 2   0.0 -31.3     85296850   0   1050      1000400
    77  0 1  94.57  9929.50 2   0.0 -30.9     86307200   0   1500      1010350
    78  0 1  94.22  9937.00 2   0.0 -30.9     87327500   0   1150      1020300
    79  0 1  95.27  9943.00 2   0.0 -30.6     88317150   0   1450       989650
    80  0 1  95.27  9952.00 2   0.0 -30.6     89329150   0   1400      1012000
    81  0 1  95.27  9970.00 2   0.0 -30.3     91374850   0   1100      2045700
    82  0 1  95.27  9982.00 2   0.0 -30.3     92384550   0   1050      1009700
    83  0 1  95.27  9992.50 2   0.0 -30.3     93354700   0   1050       970150
    84  0 1  94.57 10003.00 2   0.0 -30.3     94334700   0   1450       980000
    85  0 1  95.62 10013.50 2   0.0 -30.0     95334700   0   1250      1000000
    86  0 1  94.57 10024.00 2   0.0 -30.0     96344900   0   1250      1010200
    87  0 1  95.27 10033.00 2   0.0 -30.0     97365300   0   1300      1020400
    88  0 1  94.22 10042.00 2   0.0 -30.0     98355600   0   1050       990300
    89  0 1  95.27 10051.00 2   0.0 -30.0     99367500   0   1400      1011900
    90  0 1  94.92 10066.00 2   0.0 -30.0    101413200   0   1250      2045700
    91  0 1  94.92 10072.00 2   0.0 -30.0    102422850   0   1400      1009650
    92  0 1  94.92 10075.00 2   0.0 -30.0    103392800   0   1150       969950
    93  0 1  94.22 10076.50 2   0.0 -30.0    104372350   0   1200       979550
    94  0 1  94.22 10079.50 2   0.0 -30.0    105372750   0   1100      1000400
    95  0 1  94.92 10079.50 2   0.0 -30.3    106382600   0   1400      1009850
    96  0 1  94.92 10078.00 2   0.0 -30.3    107402400   0   1350      1019800
    97  0 1  94.57 10073.50 2   0.0 -30.3    108392850   0   1100       990450
    98  0 1  95.27 10069.00 2   0.0 -30.3    109405100   0   1100      1012250
    99  0 1  95.62 10057.00 2   0.0 -30.6    111450900   0   1500      2045800
   100  0 1  95.27 10048.00 2   0.0 -30.6    112461100   0   1500      1010200
   101  0 1  95.62 10039.00 2   0.0 -30.9    113431300   0   1100       970200
   102  0 1  94.92 10030.00 2   0.0 -30.9    114410950   0   1100       979650
   103  0 1  94.22 10021.00 2   0.0 -31.3    115410500   0   1050       999550
   104  0 1  94.92 10009.00 2   0.0 -31.3    116420300   0   1100      1009800
   105  0 1  95.27 10000.00 2   0.0 -31.6    117439900   0   1150      1019600
   106  0 1  95.27  9989.50 2   0.0 -31.6    118430250   0   1400       990350
   107  0 1  94.22  9977.50 2   0.0 -31.9    119442200   0   1350      1011950
   108  0 1  94.92  9958.00 2   0.0 -32.2    121487900   0   1500      2045700
   109  0 1  95.27  9949.00 2   0.0 -32.5    122497550   0   1200      1009650
   110  0 1  94.57  9941.50 2   0.0 -32.5    123467350   0   1450       969800
   111  0 1  95.27  9935.50 2   0.0 -32.8    124447450   0   1100       980100
   112  0 1  95.62  9931.00 2   0.0 -33.1    125447400   0   1100       999950
   113  0 1  94.57  9923.50 2   0.0 -33.4    126457350   0   1300      1009950
   114  0 1  94.92  9922.00 2   0.0 -33.4    127477150   0   1450      1019800
   115  0 1  95.62  9920.50 2   0.0 -33.8    128466650   0   1200       989500
   116  0 1  95.27  9919.00 2   0.0 -34.1    129479000   0   1350      1012350
   117  0 1  95.27  9923.50 2   0.0 -34.7    131525050   0   1050      2046050
   118  0 1  94.22  9928.00 2   0.0 -35.0    132535400   0   1300      1010350
   119  0 1  94.92  9931.00 2   0.0 -35.3    133505850   0   1200       970450
   120  0 1  94.22  9937.00 2   0.0 -35.6    134486050   0   1500       980200
   121  0 1  94.92  9946.00 2   0.0 -35.9    135486400   0   1100      1000350
   122  0 1  95.27  9955.00 2   0.0 -36.3    136496750   0   1150      1010350
   123  0 1  94.92  9964.00 2   0.0 -36.6    137517050   0   1100      1020300
   124  0 1  95.62  9973.00 2   0.0 -36.9    138506700   0   1050       989650
   125  0 1  94.22  9983.50 2   0.0 -37.2    139518850   0   1150      1012150
   126  0 1  95.62 10006.00 2   0.0 -38.1    141563950   0   1450      2045100
   127  0 1  94.92 10016.50 2   0.0 -38.4    142574250   0   1150      1010300
   128  0 1  94.22 10024.00 2   0.0 -38.8    143544400   0   1050       970150
   129  0 1  95.62 10036.00 2   0.0 -39.1    144524200   0   1450       979800
   130  0 1  95.27 10045.00 2   0.0 -39.7    145524450   0   1500      1000250
   131  0 1  94.57 10054.00 2   0.0 -40.0    146534850   0   1400      1010400
   132  0 1  94.22 10060.00 2   0.0 -40.3    147555100   0   1450      1020250
   133  0 1  95.62 10066.00 2   0.0 -40.9    148544800   0   1250       989700
   134  0 1  94.57 10072.00 2   0.0 -41.3    149557250   0   1250      1012450
   135  0 1  94.22 10078.00 2   0.0 -42.2    151603750   0   1350      2046500
   136  0 1  94.92 10078.00 2   0.0 -42.5    152613500   0   1050      1009750
   137  0 1  95.27 10079.50 2   0.0 -43.1    153583500   0   1300       970000
   138  0 1  94.92 10076.50 2   0.0 -43.4    154563900   0   1450       980400
   139  0 1  94.92 10073.50 2   0.0 -44.1    155564350   0   1450      1000450
   140  0 1  95.27 10067.50 2   0.0 -44.4    156573900   0   1400      1009550
   141  0 1  94.92 10063.00 2   0.0 -45.0    157593450   0   1300      1019550
   142  0 1  94.57 10057.00 2   0.0 -45.6    158583650   0   1300       990200
   143  0 1  95.27 10048.00 2   0.0 -45.9    159595700   0   1450      1012050
   144  0 1  95.62 10030.00 2   0.0 -46.9    161641650   0   1450      2045950
   145  0 1  95.62 10018.00 2   0.0 -47.5    162651900   0   1500      1010250
   146  0 1  95.27 10009.00 2   0.0 -48.1    163621850   0   1050       969950
   147  0 1  94.22  9998.50 2   0.0 -48.4    164602200   0   1350       980350
   148  0 1  95.27  9988.00 2   0.0 -49.1    165602450   0   1050      1000250
   149  0 1  95.27  9976.00 2   0.0 -49.7    166612650   0   1250      1010200
   150  0 1  94.22  9965.50 2   0.0 -50.3    167632400   0   1150      1019750
   151  0 1  95.62  9956.50 2   0.0 -50.6    168622050   0   1400       989650
   152  0 1  95.27  9949.00 2   0.0 -51.3    169633550   0   1250      1011500
   153  0 1  95.62  9932.50 2   0.0 -52.5    171678850   0   1100      2045300
   154  0 1  94.57  9928.00 2   0.0 -53.1    172688350   0   1050      1009500
   155  0 1  95.27  9922.00 2   0.0 -53.4    173658650   0   1250       970300
   156  0 1  94.22  9919.00 2   0.0 -54.1    174638700   0   1250       980050
   157  0 1  95.27  9920.50 2   0.0 -54.7    175639050   0   1050      1000350
   158  0 1  95.62  9919.00 2   0.0 -55.3    176649450   0   1050      1010400
   159  0 1  94.22  9922.00 2   0.0 -55.9    177669450   0   1050      1020000
   160  0 1  94.92  9922.00 2   0.0 -56.6    178659700   0   1300       990250
   161  0 1  94.22  9928.00 2   0.0 -57.2    179671350   0   1150      1011650
   162  0 1  95.62  9940.00 2   0.0 -58.1    181717550   0   1450      2046200
   163  0 1  94.92  9949.00 2   0.0 -58.8    182727900   0   1400      1010350
   164  0 1  94.57  9955.00 2   0.0 -59.4    183698300   0   1050       970400
   165  0 1  94.22  9964.00 2   0.0 -60.0    184678050   0   1450       979750
   166  0 1  94.57  9976.00 2   0.0 -60.6    185678350   0   1500      1000300
   167  0 1  94.57  9985.00 2   0.0 -61.3    186688750   0   1450      1010400
   168  0 1  94.57  9995.50 2   0.0 -61.9    187709150   0   1300      1020400
   169  0 1  94.57 10006.00 2   0.0 -62.5    188699600   0   1100       990450
   170  0 1  94.57 10018.00 2   0.0 -63.1    189711450   0   1200      1011850
   171  0 1  94.57 10037.50 2   0.0 -64.4    191756750   0   1100      2045300
   172  0 1  94.22 10048.00 2   0.0 -65.0    192766750   0   1400      1010000
   173  0 1  95.27 10055.50 2   0.0 -65.6    193736550   0   1400       969800
   174  0 1  95.27 10063.00 2   0.0 -66.3    194716150   0   1150       979600
   175  0 1  94.57 10066.00 2   0.0 -66.9    195716000   0   1500       999850
   176  0 1  94.22 10073.50 2   0.0 -67.5    196726000   0   1050      1010000
   177  0 1  95.27 10076.50 2   0.0 -68.1    197746100   0   1300      1020100
   178  0 1  95.62 10079.50 2   0.0 -68.8    198736350   0   1250       990250
   179  0 1  94.57 10078.00 2   0.0 -69.4    199748200   0   1100      1011850
