    NO  S V  AOA    FREQ    B  FMOP  AMP      TOA      PMOP  PW         dTOA  
------ -- - ------ -------- - ----- ----- ------------ --- ------ ------------
     0  0 1  95.62 10009.00 2   0.0 -69.4      1029750   0   1100  42950702750
     1  0 1  94.92 10019.50 2   0.0 -68.8      2039300   0   1400      1009550
     2  0 1  95.62 10030.00 2   0.0 -68.1      3009150   0   1400       969850
     3  0 1  94.92 10039.00 2   0.0 -67.5      3989300   0   1100       980150
     4  0 1  95.62 10048.00 2   0.0 -66.9      4989550   0   1200      1000250
     5  0 1  95.27 10057.00 2   0.0 -66.3      5999400   0   1300      1009850
     6  0 1  94.22 10063.00 2   0.0 -65.6      7019550   0   1450      1020150
     7  0 1  95.62 10069.00 2   0.0 -65.0      8009600   0   1250       990050
     8  0 1  94.92 10072.00 2   0.0 -64.4      9021500   0   1200      1011900
     9  0 1  94.22 10078.00 2   0.0 -63.1     11067450   0   1150      2045950
    10  0 1  95.62 10078.00 2   0.0 -62.5     12077050   0   1100      1009600
    11  0 1  95.62 10076.50 2   0.0 -61.9     13046950   0   1450       969900
    12  0 1  94.92 10075.00 2   0.0 -61.3     14026750   0   1200       979800
    13  0 1  94.57 10070.50 2   0.0 -60.6     15027150   0   1200      1000400
    14  0 1  95.27 10066.00 2   0.0 -60.0     16036650   0   1500      1009500
    15  0 1  94.92 10060.00 2   0.0 -59.4     17056200   0   1200      1019550
    16  0 1  94.57 10052.50 2   0.0 -58.8     18045750   0   1050       989550
    17  0 1  95.27 10045.00 2   0.0 -58.1     19057400   0   1450      1011650
    18  0 1  94.22 10024.00 2   0.0 -57.2     21104050   0   1250      2046650
    19  0 1  95.62 10013.50 2   0.0 -56.6     22114350   0   1500      1010300
    20  0 1  95.62 10004.50 2   0.0 -55.9     23084600   0   1150       970250
    21  0 1  95.62  9992.50 2   0.0 -55.3     24064400   0   1200       979800
    22  0 1  95.62  9982.00 2   0.0 -54.7     25064550   0   1250      1000150
    23  0 1  94.92  9973.00 2   0.0 -54.1     26074450   0   1100      1009900
    24  0 1  94.92  9964.00 2   0.0 -53.4     27094200   0   1300      1019750
    25  0 1  95.27  9952.00 2   0.0 -53.1     28084150   0   1250       989950
    26  0 1  94.57  9944.50 2   0.0 -52.5     29096300   0   1250      1012150
    27  0 1  94.92  9931.00 2   0.0 -51.3     31143000   0   1300      2046700
    28  0 1  94.57  9925.00 2   0.0 -50.6     32153400   0   1200      1010400
    29  0 1  94.22  9923.50 2   0.0 -50.3     33123650   0   1100       970250
    30  0 1  94.57  9919.00 2   0.0 -49.7     34103250   0   1150       979600
    31  0 1  94.57  9919.00 2   0.0 -49.1     35102950   0   1500       999700
    32  0 1  95.27  9919.00 2   0.0 -48.4     36112950   0   1100      1010000
    33  0 1  94.57  9922.00 2   0.0 -48.1     37133300   0   1250      1020350
    34  0 1  95.62  9923.50 2   0.0 -47.5     38123350   0   1100       990050
    35  0 1  94.22  9928.00 2   0.0 -46.9     39134950   0   1150      1011600
    36  0 1  94.92  9943.00 2   0.0 -45.9     41181650   0   1350      2046700
    37  0 1  94.92  9952.00 2   0.0 -45.6     42191550   0   1150      1009900
    38  0 1  94.92  9958.00 2   0.0 -45.0     43161800   0   1150       970250
    39  0 1  94.57  9968.50 2   0.0 -44.4     44142150   0   1350       980350
    40  0 1  94.22  9980.50 2   0.0 -44.1     45142250   0   1300      1000100
    41  0 1  95.62  9991.00 2   0.0 -43.4     46152100   0   1250      1009850
    42  0 1  94.57 10000.00 2   0.0 -43.1     47172000   0   1300      1019900
    43  0 1  94.22 10012.00 2   0.0 -42.5     48161750   0   1300       989750
    44  0 1  94.22 10022.50 2   0.0 -42.2     49173900   0   1300      1012150
    45  0 1  94.22 10042.00 2   0.0 -41.3     51220300   0   1050      2046400
    46  0 1  95.27 10051.00 2   0.0 -40.9     52230450   0   1250      1010150
    47  0 1  94.22 10057.00 2   0.0 -40.3     53200150   0   1450       969700
    48  0 1  94.57 10063.00 2   0.0 -40.0     54179750   0   1500       979600
    49  0 1  94.92 10069.00 2   0.0 -39.7     55180200   0   1400      1000450
    50  0 1  94.57 10075.00 2   0.0 -39.1     56190350   0   1300      1010150
    51  0 1  95.27 10078.00 2   0.0 -38.8     57210750   0   1150      1020400
    52  0 1  94.92 10079.50 2   0.0 -38.4     58201100   0   1400       990350
    53  0 1  95.27 10078.00 2   0.0 -38.1     59212700   0   1250      1011600
    54  0 1  95.62 10075.00 2   0.0 -37.2     61258750   0   1400      2046050
    55  0 1  94.57 10072.00 2   0.0 -36.9     62268700   0   1350      1009950
    56  0 1  95.27 10066.00 2   0.0 -36.6     63238300   0   1350       969600
    57  0 1  94.57 10057.00 2   0.0 -36.3     64218250   0   1150       979950
    58  0 1  94.22 10051.00 2   0.0 -35.9     65218000   0   1400       999750
    59  0 1  94.92 10043.50 2   0.0 -35.6     66227700   0   1350      1009700
    60  0 1  95.27 10033.00 2   0.0 -35.3     67247500   0   1150      1019800
    61  0 1  94.57 10024.00 2   0.0 -35.0     68237200   0   1050       989700
    62  0 1  95.62 10013.50 2   0.0 -34.7     69248750   0   1500      1011550
    63  0 1  94.92  9991.00 2   0.0 -34.1     71294550   0   1250      2045800
    64  0 1  94.57  9979.00 2   0.0 -33.8     72304450   0   1300      1009900
    65  0 1  95.62  9970.00 2   0.0 -33.4     73274900   0   1450       970450
    66  0 1  95.27  9961.00 2   0.0 -33.4     74254750   0   1100       979850
    67  0 1  94.22  9950.50 2   0.0 -33.1     75254550   0   1050       999800
    68  0 1  95.62  9943.00 2   0.0 -32.8     76264450   0   1250      1009900
    69  0 1  94.57  9935.50 2   0.0 -32.5     77284750   0   1050      1020300
    70  0 1  94.92  9931.00 2   0.0 -32.5     78274300   0   1350       989550
    71  0 1  94.22  9925.00 2   0.0 -32.2     79285800   0   1500      1011500
    72  0 1  95.27  9919.00 2   0.0 -31.9     81332250   0   1350      2046450
    73  0 1  94.22  9919.00 2   0.0 -31.6     82342200   0   1500      1009950
    74  0 1  95.62  9919.00 2   0.0 -31.6     83312050   0   1200       969850
    75  0 1  95.62  9922.00 2   0.0 -31.3     84292200   0   1450       980150
    76  0 1  94.22  9925.00 2   0.0 -31.3     85292200   0   1100      1000000
    77  0 1  94.92  9929.50 2   0.0 -30.9     86302600   0   1450      1010400
    78  0 1  95.62  9937.00 2   0.0 -30.9     87322300   0   1150      1019700
    79  0 1  94.57  9944.50 2   0.0 -30.6     88312200   0   1450       989900
    80  0 1  95.27  9952.00 2   0.0 -30.6     89324500   0   1400      1012300
    81  0 1  94.57  9973.00 2   0.0 -30.3     91370850   0   1400      2046350
    82  0 1  94.57  9982.00 2   0.0 -30.3     92381150   0   1350      1010300
    83  0 1  95.62  9991.00 2   0.0 -30.3     93350950   0   1100       969800
    84  0 1  95.27 10003.00 2   0.0 -30.3     94330550   0   1200       979600
    85  0 1  94.22 10013.50 2   0.0 -30.0     95330850   0   1250      1000300
    86  0 1  94.22 10022.50 2   0.0 -30.0     96341050   0   1050      1010200
    87  0 1  95.62 10033.00 2   0.0 -30.0     97361200   0   1500      1020150
    88  0 1  95.27 10042.00 2   0.0 -30.0     98351300   0   1150       990100
    89  0 1  94.22 10051.00 2   0.0 -30.0     99363050   0   1100      1011750
    90  0 1  94.92 10066.00 2   0.0 -30.0    101408900   0   1250      2045850
    91  0 1  95.62 10072.00 2   0.0 -30.0    102419050   0   1100      1010150
    92  0 1  94.92 10076.50 2   0.0 -30.0    103388950   0   1100       969900
    93  0 1  94.22 10076.50 2   0.0 -30.0    104369350   0   1050       980400
    94  0 1  95.27 10078.00 2   0.0 -30.0    105369650   0   1050      1000300
    95  0 1  94.92 10078.00 2   0.0 -30.3    106379750   0   1100      1010100
    96  0 1  95.62 10078.00 2   0.0 -30.3    107399800   0   1450      1020050
    97  0 1  95.27 10075.00 2   0.0 -30.3    108389750   0   1450       989950
    98  0 1  94.22 10070.50 2   0.0 -30.3    109401550   0   1250      1011800
    99  0 1  94.57 10055.50 2   0.0 -30.6    111447600   0   1100      2046050
   100  0 1  94.57 10048.00 2   0.0 -30.6    112458000   0   1300      1010400
   101  0 1  95.62 10039.00 2   0.0 -30.9    113427750   0   1350       969750
   102  0 1  95.62 10031.50 2   0.0 -30.9    114408000   0   1150       980250
   103  0 1  94.57 10022.50 2   0.0 -31.3    115408300   0   1200      1000300
   104  0 1  94.22 10010.50 2   0.0 -31.3    116418750   0   1050      1010450
   105  0 1  94.57 10000.00 2   0.0 -31.6    117438700   0   1500      1019950
   106  0 1  95.27  9988.00 2   0.0 -31.6    118428900   0   1250       990200
   107  0 1  95.27  9977.50 2   0.0 -31.9    119440700   0   1500      1011800
   108  0 1  94.57  9959.50 2   0.0 -32.2    121486550   0   1400      2045850
   109  0 1  95.27  9949.00 2   0.0 -32.5    122496950   0   1350      1010400
   110  0 1  95.27  9941.50 2   0.0 -32.5    123467200   0   1500       970250
   111  0 1  95.27  9935.50 2   0.0 -32.8    124447250   0   1450       980050
   112  0 1  94.92  9928.00 2   0.0 -33.1    125447250   0   1150      1000000
   113  0 1  94.57  9923.50 2   0.0 -33.4    126457500   0   1150      1010250
   114  0 1  94.57  9922.00 2   0.0 -33.4    127477150   0   1350      1019650
   115  0 1  94.22  9919.00 2   0.0 -33.8    128466650   0   1300       989500
   116  0 1  95.27  9919.00 2   0.0 -34.1    129478200   0   1100      1011550
   117  0 1  94.22  9923.50 2   0.0 -34.7    131524050   0   1050      2045850
   118  0 1  95.62  9928.00 2   0.0 -35.0    132534150   0   1100      1010100
   119  0 1  94.57  9932.50 2   0.0 -35.3    133504550   0   1450       970400
   120  0 1  94.92  9938.50 2   0.0 -35.6    134484850   0   1100       980300
   121  0 1  95.27  9946.00 2   0.0 -35.9    135484600   0   1250       999750
   122  0 1  94.92  9955.00 2   0.0 -36.3    136494550   0   1350      1009950
   123  0 1  95.62  9964.00 2   0.0 -36.6    137514100   0   1350      1019550
   124  0 1  94.57  9973.00 2   0.0 -36.9    138504050   0   1400       989950
   125  0 1  95.27  9982.00 2   0.0 -37.2    139515550   0   1450      1011500
   126  0 1  95.62 10003.00 2   0.0 -38.1    141561050   0   1150      2045500
   127  0 1  95.62 10015.00 2   0.0 -38.4    142571150   0   1050      1010100
   128  0 1  95.27 10025.50 2   0.0 -38.8    143541600   0   1250       970450
   129  0 1  94.22 10036.00 2   0.0 -39.1    144522050   0   1200       980450
   130  0 1  94.57 10043.50 2   0.0 -39.7    145522150   0   1100      1000100
   131  0 1  94.92 10054.00 2   0.0 -40.0    146531900   0   1250      1009750
   132  0 1  95.62 10061.50 2   0.0 -40.3    147551750   0   1050      1019850
   133  0 1  95.62 10067.50 2   0.0 -40.9    148541350   0   1150       989600
   134  0 1  94.92 10072.00 2   0.0 -41.3    149553700   0   1200      1012350
   135  0 1  95.62 10078.00 2   0.0 -42.2    151600300   0   1250      2046600
   136  0 1  94.92 10078.00 2   0.0 -42.5    152609900   0   1250      1009600
   137  0 1  94.92 10078.00 2   0.0 -43.1    153579800   0   1200       969900
   138  0 1  94.57 10075.00 2   0.0 -43.4    154559950   0   1100       980150
   139  0 1  94.57 10073.50 2   0.0 -44.1    155560350   0   1200      1000400
   140  0 1  94.92 10067.50 2   0.0 -44.4    156570600   0   1400      1010250
   141  0 1  95.27 10061.50 2   0.0 -45.0    157590250   0   1250      1019650
   142  0 1  94.57 10054.00 2   0.0 -45.6    158580650   0   1100       990400
   143  0 1  94.92 10046.50 2   0.0 -45.9    159592150   0   1500      1011500
   144  0 1  94.92 10027.00 2   0.0 -46.9    161638450   0   1200      2046300
   145  0 1  94.92 10018.00 2   0.0 -47.5    162648000   0   1300      1009550
   146  0 1  94.22 10009.00 2   0.0 -48.1    163617600   0   1400       969600
   147  0 1  94.57  9997.00 2   0.0 -48.4    164597150   0   1100       979550
   148  0 1  95.62  9988.00 2   0.0 -49.1    165596650   0   1450       999500
   149  0 1  94.22  9976.00 2   0.0 -49.7    166606300   0   1050      1009650
   150  0 1  94.22  9967.00 2   0.0 -50.3    167626300   0   1050      1020000
   151  0 1  94.22  9958.00 2   0.0 -50.6    168616450   0   1200       990150
   152  0 1  95.62  9947.50 2   0.0 -51.3    169628550   0   1200      1012100
   153  0 1  95.27  9934.00 2   0.0 -52.5    171674400   0   1150      2045850
   154  0 1  94.92  9926.50 2   0.0 -53.1    172684350   0   1150      1009950
   155  0 1  94.92  9925.00 2   0.0 -53.4    173654650   0   1150       970300
   156  0 1  94.22  9920.50 2   0.0 -54.1    174634800   0   1400       980150
   157  0 1  94.92  9920.50 2   0.0 -54.7    175635000   0   1150      1000200
   158  0 1  95.62  9919.00 2   0.0 -55.3    176645300   0   1150      1010300
   159  0 1  95.62  9919.00 2   0.0 -55.9    177664800   0   1150      1019500
   160  0 1  95.62  9925.00 2   0.0 -56.6    178654350   0   1450       989550
   161  0 1  94.57  9926.50 2   0.0 -57.2    179666550   0   1200      1012200
   162  0 1  94.22  9940.00 2   0.0 -58.1    181712300   0   1100      2045750
   163  0 1  95.27  9949.00 2   0.0 -58.8    182722650   0   1300      1010350
   164  0 1  94.22  9955.00 2   0.0 -59.4    183692400   0   1400       969750
   165  0 1  95.62  9965.50 2   0.0 -60.0    184672550   0   1200       980150
   166  0 1  94.57  9973.00 2   0.0 -60.6    185672750   0   1150      1000200
   167  0 1  94.92  9985.00 2   0.0 -61.3    186682350   0   1050      1009600
   168  0 1  95.62  9994.00 2   0.0 -61.9    187702400   0   1050      1020050
   169  0 1  94.57 10006.00 2   0.0 -62.5    188692300   0   1500       989900
   170  0 1  95.62 10018.00 2   0.0 -63.1    189704250   0   1350      1011950
   171  0 1  95.62 10037.50 2   0.0 -64.4    191750750   0   1300      2046500
   172  0 1  95.27 10045.00 2   0.0 -65.0    192761150   0   1250      1010400
   173  0 1  95.62 10054.00 2   0.0 -65.6    193731150   0   1100       970000
   174  0 1  94.57 10061.50 2   0.0 -66.3    194711600   0   1300       980450
   175  0 1  94.22 10066.00 2   0.0 -66.9    195711100   0   1400       999500
   176  0 1  94.57 10072.00 2   0.0 -67.5    196720800   0   1150      1009700
   177  0 1  94.92 10075.00 2   0.0 -68.1    197740500   0   1450      1019700
   178  0 1  94.92 10079.50 2   0.0 -68.8    198730000   0   1500       989500
   179  0 1  95.62 10078.00 2   0.0 -69.4    199742150   0   1350      1012150
