    NO  S V  AOA    FREQ    B  FMOP  AMP      TOA      PMOP  PW         dTOA  
------ -- - ------ -------- - ----- ----- ------------ --- ------ ------------
     0  0 1  94.22 10000.00 2   0.0 -70.0            0   0   1350  42949673000
     1  0 1  94.22 10009.00 2   0.0 -69.4      1030450   0   1150      1030450
     2  0 1  94.57 10030.00 2   0.0 -68.1      3010950   0   1500      1980500
     3  0 1  94.92 10040.50 2   0.0 -67.5      3990850   0   1150       979900
     4  0 1  94.92 10048.00 2   0.0 -66.9      4991150   0   1100      1000300
     5  0 1  95.27 10057.00 2   0.0 -66.3      6000800   0   1500      1009650
     6  0 1  94.92 10063.00 2   0.0 -65.6      7020600   0   1300      1019800
     7  0 1  95.62 10069.00 2   0.0 -65.0      8010200   0   1450       989600
     8  0 1  94.92 10075.00 2   0.0 -64.4      9022350   0   1450      1012150
     9  0 1  95.62 10076.50 2   0.0 -63.8     10038100   0   1500      1015750
    10  0 1  94.22 10078.00 2   0.0 -63.1     11067600   0   1400      1029500
    11  0 1  95.62 10078.00 2   0.0 -61.9     13046800   0   1300      1979200
    12  0 1  94.57 10075.00 2   0.0 -61.3     14027000   0   1100       980200
    13  0 1  94.57 10072.00 2   0.0 -60.6     15026550   0   1150       999550
    14  0 1  94.92 10066.00 2   0.0 -60.0     16036100   0   1350      1009550
    15  0 1  94.22 10060.00 2   0.0 -59.4     17056150   0   1050      1020050
    16  0 1  94.57 10051.00 2   0.0 -58.8     18046100   0   1450       989950
    17  0 1  95.62 10043.50 2   0.0 -58.1     19058250   0   1150      1012150
    18  0 1  94.57 10034.50 2   0.0 -57.5     20074400   0   1350      1016150
    19  0 1  94.22 10024.00 2   0.0 -57.2     21104350   0   1100      1029950
    20  0 1  94.22 10004.50 2   0.0 -55.9     23084550   0   1350      1980200
    21  0 1  95.27  9994.00 2   0.0 -55.3     24064400   0   1400       979850
    22  0 1  94.22  9983.50 2   0.0 -54.7     25064700   0   1050      1000300
    23  0 1  94.22  9971.50 2   0.0 -54.1     26074900   0   1200      1010200
    24  0 1  94.57  9962.50 2   0.0 -53.4     27094750   0   1350      1019850
    25  0 1  94.92  9952.00 2   0.0 -53.1     28085100   0   1500       990350
    26  0 1  94.22  9944.50 2   0.0 -52.5     29096650   0   1250      1011550
    27  0 1  94.92  9937.00 2   0.0 -51.9     30113050   0   1400      1016400
    28  0 1  95.62  9929.50 2   0.0 -51.3     31142750   0   1300      1029700
    29  0 1  94.92  9922.00 2   0.0 -50.3     33122950   0   1500      1980200
    30  0 1  94.22  9920.50 2   0.0 -49.7     34102600   0   1050       979650
    31  0 1  94.92  9920.50 2   0.0 -49.1     35102450   0   1400       999850
    32  0 1  94.57  9919.00 2   0.0 -48.4     36112300   0   1500      1009850
    33  0 1  95.27  9922.00 2   0.0 -48.1     37131800   0   1350      1019500
    34  0 1  94.22  9923.50 2   0.0 -47.5     38121600   0   1050       989800
    35  0 1  94.92  9929.50 2   0.0 -46.9     39133850   0   1100      1012250
    36  0 1  94.92  9935.50 2   0.0 -46.6     40150250   0   1050      1016400
    37  0 1  95.27  9941.50 2   0.0 -45.9     41180000   0   1450      1029750
    38  0 1  95.27  9961.00 2   0.0 -45.0     43160200   0   1350      1980200
    39  0 1  94.57  9970.00 2   0.0 -44.4     44140500   0   1500       980300
    40  0 1  94.92  9979.00 2   0.0 -44.1     45140750   0   1400      1000250
    41  0 1  94.57  9991.00 2   0.0 -43.4     46150950   0   1400      1010200
    42  0 1  95.62 10001.50 2   0.0 -43.1     47171000   0   1150      1020050
    43  0 1  94.22 10012.00 2   0.0 -42.5     48160650   0   1300       989650
    44  0 1  94.22 10022.50 2   0.0 -42.2     49172750   0   1200      1012100
    45  0 1  95.62 10033.00 2   0.0 -41.6     50188700   0   1500      1015950
    46  0 1  94.57 10040.50 2   0.0 -41.3     51218500   0   1450      1029800
    47  0 1  94.92 10057.00 2   0.0 -40.3     53197900   0   1100      1979400
    48  0 1  94.57 10064.50 2   0.0 -40.0     54177750   0   1500       979850
    49  0 1  95.62 10069.00 2   0.0 -39.7     55177300   0   1050       999550
    50  0 1  95.27 10075.00 2   0.0 -39.1     56186900   0   1350      1009600
    51  0 1  95.27 10076.50 2   0.0 -38.8     57206700   0   1200      1019800
    52  0 1  94.57 10079.50 2   0.0 -38.4     58196350   0   1050       989650
    53  0 1  95.62 10078.00 2   0.0 -38.1     59208750   0   1450      1012400
    54  0 1  94.57 10078.00 2   0.0 -37.5     60225050   0   1400      1016300
    55  0 1  95.62 10075.00 2   0.0 -37.2     61254650   0   1350      1029600
    56  0 1  94.57 10066.00 2   0.0 -36.6     63235050   0   1500      1980400
    57  0 1  94.92 10060.00 2   0.0 -36.3     64215500   0   1200       980450
    58  0 1  94.22 10051.00 2   0.0 -35.9     65215800   0   1500      1000300
    59  0 1  94.92 10043.50 2   0.0 -35.6     66225800   0   1050      1010000
    60  0 1  94.22 10031.50 2   0.0 -35.3     67245600   0   1400      1019800
    61  0 1  94.92 10022.50 2   0.0 -35.0     68235300   0   1450       989700
    62  0 1  94.92 10012.00 2   0.0 -34.7     69247500   0   1200      1012200
    63  0 1  94.92 10001.50 2   0.0 -34.4     70263850   0   1300      1016350
    64  0 1  94.92  9991.00 2   0.0 -34.1     71294000   0   1450      1030150
    65  0 1  94.22  9970.00 2   0.0 -33.4     73274600   0   1500      1980600
    66  0 1  94.57  9961.00 2   0.0 -33.4     74254900   0   1150       980300
    67  0 1  95.62  9952.00 2   0.0 -33.1     75254400   0   1200       999500
    68  0 1  94.92  9943.00 2   0.0 -32.8     76264150   0   1400      1009750
    69  0 1  94.57  9934.00 2   0.0 -32.5     77284350   0   1150      1020200
    70  0 1  95.62  9929.50 2   0.0 -32.5     78274200   0   1250       989850
    71  0 1  94.57  9925.00 2   0.0 -32.2     79285850   0   1400      1011650
    72  0 1  94.22  9922.00 2   0.0 -31.9     80301600   0   1050      1015750
    73  0 1  95.62  9920.50 2   0.0 -31.9     81331750   0   1500      1030150
    74  0 1  94.22  9919.00 2   0.0 -31.6     83312300   0   1450      1980550
    75  0 1  94.22  9922.00 2   0.0 -31.3     84292500   0   1250       980200
    76  0 1  94.92  9925.00 2   0.0 -31.3     85292450   0   1400       999950
    77  0 1  95.62  9931.00 2   0.0 -30.9     86302600   0   1300      1010150
    78  0 1  95.27  9935.50 2   0.0 -30.9     87322600   0   1050      1020000
    79  0 1  94.92  9944.50 2   0.0 -30.6     88312750   0   1050       990150
    80  0 1  95.62  9952.00 2   0.0 -30.6     89324900   0   1050      1012150
    81  0 1  94.92  9962.50 2   0.0 -30.6     90341100   0   1450      1016200
    82  0 1  94.22  9971.50 2   0.0 -30.3     91371250   0   1050      1030150
    83  0 1  94.57  9992.50 2   0.0 -30.3     93350800   0   1200      1979550
    84  0 1  94.57 10003.00 2   0.0 -30.3     94331250   0   1250       980450
    85  0 1  95.62 10012.00 2   0.0 -30.0     95331450   0   1150      1000200
    86  0 1  95.62 10024.00 2   0.0 -30.0     96341150   0   1100      1009700
    87  0 1  94.92 10033.00 2   0.0 -30.0     97361450   0   1300      1020300
    88  0 1  95.27 10042.00 2   0.0 -30.0     98351450   0   1100       990000
    89  0 1  94.57 10051.00 2   0.0 -30.0     99363900   0   1100      1012450
    90  0 1  94.92 10060.00 2   0.0 -30.0    100380050   0   1450      1016150
    91  0 1  95.27 10066.00 2   0.0 -30.0    101410400   0   1450      1030350
    92  0 1  94.22 10076.50 2   0.0 -30.0    103390900   0   1150      1980500
    93  0 1  94.57 10076.50 2   0.0 -30.0    104370450   0   1300       979550
    94  0 1  95.62 10078.00 2   0.0 -30.0    105370050   0   1400       999600
    95  0 1  94.92 10078.00 2   0.0 -30.3    106380000   0   1350      1009950
    96  0 1  94.22 10078.00 2   0.0 -30.3    107400400   0   1300      1020400
    97  0 1  94.92 10073.50 2   0.0 -30.3    108390700   0   1100       990300
    98  0 1  95.27 10069.00 2   0.0 -30.3    109402300   0   1050      1011600
    99  0 1  95.62 10064.50 2   0.0 -30.6    110417850   0   1100      1015550
   100  0 1  94.22 10057.00 2   0.0 -30.6    111448300   0   1050      1030450
   101  0 1  95.27 10042.00 2   0.0 -30.9    113427300   0   1100      1979000
   102  0 1  94.57 10033.00 2   0.0 -30.9    114407650   0   1350       980350
   103  0 1  94.57 10021.00 2   0.0 -31.3    115407500   0   1450       999850
   104  0 1  94.22 10009.00 2   0.0 -31.3    116417450   0   1450      1009950
   105  0 1  94.57 10000.00 2   0.0 -31.6    117437250   0   1450      1019800
   106  0 1  94.22  9988.00 2   0.0 -31.6    118427150   0   1150       989900
   107  0 1  95.27  9977.50 2   0.0 -31.9    119439200   0   1200      1012050
   108  0 1  95.27  9968.50 2   0.0 -31.9    120455550   0   1150      1016350
   109  0 1  94.92  9958.00 2   0.0 -32.2    121485900   0   1300      1030350
   110  0 1  94.57  9941.50 2   0.0 -32.5    123465850   0   1500      1979950
   111  0 1  94.22  9935.50 2   0.0 -32.8    124445400   0   1150       979550
   112  0 1  94.92  9928.00 2   0.0 -33.1    125445350   0   1250       999950
   113  0 1  95.62  9925.00 2   0.0 -33.4    126455650   0   1300      1010300
   114  0 1  94.57  9920.50 2   0.0 -33.4    127476000   0   1500      1020350
   115  0 1  94.92  9919.00 2   0.0 -33.8    128465750   0   1350       989750
   116  0 1  95.27  9919.00 2   0.0 -34.1    129478100   0   1400      1012350
   117  0 1  94.57  9919.00 2   0.0 -34.4    130494300   0   1450      1016200
   118  0 1  95.62  9922.00 2   0.0 -34.7    131524000   0   1450      1029700
   119  0 1  95.27  9931.00 2   0.0 -35.3    133503950   0   1350      1979950
   120  0 1  95.62  9937.00 2   0.0 -35.6    134483800   0   1350       979850
   121  0 1  94.92  9944.50 2   0.0 -35.9    135483500   0   1250       999700
   122  0 1  94.22  9952.00 2   0.0 -36.3    136493400   0   1450      1009900
   123  0 1  94.22  9962.50 2   0.0 -36.6    137513500   0   1450      1020100
   124  0 1  94.22  9973.00 2   0.0 -36.9    138503400   0   1450       989900
   125  0 1  94.92  9985.00 2   0.0 -37.2    139514950   0   1500      1011550
   126  0 1  95.27  9992.50 2   0.0 -37.5    140530600   0   1050      1015650
   127  0 1  94.57 10004.50 2   0.0 -38.1    141560850   0   1200      1030250
   128  0 1  94.92 10025.50 2   0.0 -38.8    143541250   0   1150      1980400
   129  0 1  94.57 10034.50 2   0.0 -39.1    144521350   0   1300       980100
   130  0 1  94.92 10043.50 2   0.0 -39.7    145521000   0   1500       999650
   131  0 1  94.57 10054.00 2   0.0 -40.0    146531350   0   1250      1010350
   132  0 1  95.62 10060.00 2   0.0 -40.3    147551400   0   1300      1020050
   133  0 1  95.62 10066.00 2   0.0 -40.9    148541800   0   1350       990400
   134  0 1  95.27 10070.50 2   0.0 -41.3    149553500   0   1450      1011700
   135  0 1  94.57 10075.00 2   0.0 -41.6    150569600   0   1400      1016100
   136  0 1  94.57 10079.50 2   0.0 -42.2    151599400   0   1500      1029800
   137  0 1  95.62 10078.00 2   0.0 -43.1    153579650   0   1350      1980250
   138  0 1  94.22 10075.00 2   0.0 -43.4    154559650   0   1250       980000
   139  0 1  95.27 10073.50 2   0.0 -44.1    155559650   0   1150      1000000
   140  0 1  94.57 10067.50 2   0.0 -44.4    156569500   0   1250      1009850
   141  0 1  94.57 10063.00 2   0.0 -45.0    157589650   0   1050      1020150
   142  0 1  94.92 10055.50 2   0.0 -45.6    158579800   0   1100       990150
   143  0 1  94.57 10046.50 2   0.0 -45.9    159592150   0   1100      1012350
   144  0 1  94.92 10037.50 2   0.0 -46.6    160608050   0   1150      1015900
   145  0 1  94.92 10028.50 2   0.0 -46.9    161637900   0   1300      1029850
   146  0 1  95.62 10009.00 2   0.0 -48.1    163617400   0   1200      1979500
   147  0 1  94.92  9998.50 2   0.0 -48.4    164597200   0   1350       979800
   148  0 1  94.22  9986.50 2   0.0 -49.1    165597350   0   1350      1000150
   149  0 1  94.22  9976.00 2   0.0 -49.7    166607150   0   1500      1009800
   150  0 1  94.57  9965.50 2   0.0 -50.3    167627300   0   1250      1020150
   151  0 1  95.62  9958.00 2   0.0 -50.6    168617550   0   1350       990250
   152  0 1  94.22  9949.00 2   0.0 -51.3    169629050   0   1200      1011500
   153  0 1  94.57  9940.00 2   0.0 -51.9    170645500   0   1150      1016450
   154  0 1  94.22  9934.00 2   0.0 -52.5    171675000   0   1150      1029500
   155  0 1  95.62  9925.00 2   0.0 -53.4    173655200   0   1200      1980200
   156  0 1  95.62  9922.00 2   0.0 -54.1    174635250   0   1300       980050
   157  0 1  95.27  9919.00 2   0.0 -54.7    175635450   0   1150      1000200
   158  0 1  95.27  9920.50 2   0.0 -55.3    176645400   0   1300      1009950
   159  0 1  94.22  9922.00 2   0.0 -55.9    177665700   0   1400      1020300
   160  0 1  94.22  9923.50 2   0.0 -56.6    178655850   0   1300       990150
   161  0 1  94.57  9928.00 2   0.0 -57.2    179667750   0   1150      1011900
   162  0 1  94.92  9932.50 2   0.0 -57.5    180683850   0   1100      1016100
   163  0 1  94.92  9940.00 2   0.0 -58.1    181713500   0   1200      1029650
   164  0 1  94.22  9955.00 2   0.0 -59.4    183693600   0   1300      1980100
   165  0 1  95.27  9964.00 2   0.0 -60.0    184673150   0   1350       979550
   166  0 1  95.27  9973.00 2   0.0 -60.6    185672800   0   1350       999650
   167  0 1  94.22  9985.00 2   0.0 -61.3    186682700   0   1250      1009900
   168  0 1  95.62  9994.00 2   0.0 -61.9    187703000   0   1450      1020300
   169  0 1  94.22 10006.00 2   0.0 -62.5    188692600   0   1350       989600
   170  0 1  94.92 10016.50 2   0.0 -63.1    189704550   0   1200      1011950
   171  0 1  94.57 10027.00 2   0.0 -63.8    190720600   0   1450      1016050
   172  0 1  94.92 10037.50 2   0.0 -64.4    191750350   0   1150      1029750
   173  0 1  94.57 10054.00 2   0.0 -65.6    193730650   0   1100      1980300
   174  0 1  95.27 10063.00 2   0.0 -66.3    194710500   0   1100       979850
   175  0 1  95.27 10069.00 2   0.0 -66.9    195710300   0   1100       999800
   176  0 1  95.62 10073.50 2   0.0 -67.5    196719950   0   1150      1009650
   177  0 1  94.92 10076.50 2   0.0 -68.1    197739600   0   1100      1019650
   178  0 1  94.22 10078.00 2   0.0 -68.8    198729200   0   1050       989600
   179  0 1  94.92 10078.00 2   0.0 -69.4    199741650   0   1250      1012450
