    NO  S V  AOA    FREQ    B  FMOP  AMP      TOA      PMOP  PW         dTOA  
------ -- - ------ -------- - ----- ----- ------------ --- ------ ------------
     0  0 1  95.27 10000.00 2   0.0 -70.0            0   0   1100  42949673000
     1  0 1  95.27 10021.00 2   0.0 -68.8      2039900   0   1350      2039900
     2  0 1  95.62 10030.00 2   0.0 -68.1      3010200   0   1400       970300
     3  0 1  94.57 10040.50 2   0.0 -67.5      3990250   0   1500       980050
     4  0 1  94.57 10048.00 2   0.0 -66.9      4990250   0   1100      1000000
     5  0 1  95.62 10055.50 2   0.0 -66.3      6000300   0   1250      1010050
     6  0 1  94.22 10063.00 2   0.0 -65.6      7020150   0   1200      1019850
     7  0 1  95.27 10069.00 2   0.0 -65.0      8010100   0   1050       989950
     8  0 1  95.27 10073.50 2   0.0 -64.4      9021700   0   1350      1011600
     9  0 1  95.62 10078.00 2   0.0 -63.8     10038050   0   1200      1016350
    10  0 1  95.27 10078.00 2   0.0 -62.5     12078300   0   1450      2040250
    11  0 1  94.22 10078.00 2   0.0 -61.9     13047900   0   1300       969600
    12  0 1  94.57 10075.00 2   0.0 -61.3     14027800   0   1150       979900
    13  0 1  95.62 10070.50 2   0.0 -60.6     15027350   0   1200       999550
    14  0 1  94.57 10066.00 2   0.0 -60.0     16037700   0   1150      1010350
    15  0 1  94.57 10058.50 2   0.0 -59.4     17057700   0   1050      1020000
    16  0 1  95.62 10051.00 2   0.0 -58.8     18047750   0   1350       990050
    17  0 1  94.92 10045.00 2   0.0 -58.1     19059700   0   1100      1011950
    18  0 1  94.22 10033.00 2   0.0 -57.5     20075600   0   1100      1015900
    19  0 1  94.22 10013.50 2   0.0 -56.6     22115000   0   1100      2039400
    20  0 1  95.62 10003.00 2   0.0 -55.9     23084600   0   1350       969600
    21  0 1  94.22  9991.00 2   0.0 -55.3     24064150   0   1450       979550
    22  0 1  94.92  9982.00 2   0.0 -54.7     25064250   0   1400      1000100
    23  0 1  94.57  9973.00 2   0.0 -54.1     26074300   0   1200      1010050
    24  0 1  94.57  9964.00 2   0.0 -53.4     27094150   0   1250      1019850
    25  0 1  94.22  9953.50 2   0.0 -53.1     28084300   0   1150       990150
    26  0 1  94.92  9943.00 2   0.0 -52.5     29096350   0   1100      1012050
    27  0 1  94.22  9938.50 2   0.0 -51.9     30112000   0   1050      1015650
    28  0 1  94.92  9925.00 2   0.0 -50.6     32151850   0   1450      2039850
    29  0 1  94.92  9922.00 2   0.0 -50.3     33122300   0   1050       970450
    30  0 1  94.22  9920.50 2   0.0 -49.7     34102300   0   1150       980000
    31  0 1  95.62  9919.00 2   0.0 -49.1     35101850   0   1100       999550
    32  0 1  95.62  9919.00 2   0.0 -48.4     36111700   0   1150      1009850
    33  0 1  94.92  9922.00 2   0.0 -48.1     37131650   0   1050      1019950
    34  0 1  94.57  9925.00 2   0.0 -47.5     38121550   0   1100       989900
    35  0 1  94.92  9929.50 2   0.0 -46.9     39133900   0   1350      1012350
    36  0 1  95.62  9934.00 2   0.0 -46.6     40150350   0   1450      1016450
    37  0 1  94.92  9952.00 2   0.0 -45.6     42189750   0   1100      2039400
    38  0 1  94.92  9959.50 2   0.0 -45.0     43160000   0   1300       970250
    39  0 1  95.62  9970.00 2   0.0 -44.4     44139800   0   1200       979800
    40  0 1  94.22  9979.00 2   0.0 -44.1     45139300   0   1150       999500
    41  0 1  94.22  9989.50 2   0.0 -43.4     46149050   0   1100      1009750
    42  0 1  94.22 10000.00 2   0.0 -43.1     47168650   0   1250      1019600
    43  0 1  94.22 10010.50 2   0.0 -42.5     48159000   0   1050       990350
    44  0 1  95.27 10022.50 2   0.0 -42.2     49170900   0   1200      1011900
    45  0 1  94.57 10031.50 2   0.0 -41.6     50186850   0   1100      1015950
    46  0 1  95.27 10051.00 2   0.0 -40.9     52226800   0   1200      2039950
    47  0 1  94.57 10057.00 2   0.0 -40.3     53196750   0   1050       969950
    48  0 1  94.92 10063.00 2   0.0 -40.0     54176450   0   1350       979700
    49  0 1  95.62 10070.50 2   0.0 -39.7     55176050   0   1050       999600
    50  0 1  94.22 10075.00 2   0.0 -39.1     56186150   0   1300      1010100
    51  0 1  94.92 10078.00 2   0.0 -38.8     57206250   0   1400      1020100
    52  0 1  95.27 10079.50 2   0.0 -38.4     58196000   0   1150       989750
    53  0 1  95.27 10079.50 2   0.0 -38.1     59207600   0   1350      1011600
    54  0 1  95.27 10078.00 2   0.0 -37.5     60223800   0   1400      1016200
    55  0 1  94.57 10070.50 2   0.0 -36.9     62263900   0   1100      2040100
    56  0 1  95.62 10066.00 2   0.0 -36.6     63233950   0   1350       970050
    57  0 1  94.22 10060.00 2   0.0 -36.3     64213650   0   1100       979700
    58  0 1  94.22 10049.50 2   0.0 -35.9     65213900   0   1150      1000250
    59  0 1  95.27 10042.00 2   0.0 -35.6     66224350   0   1400      1010450
    60  0 1  94.92 10033.00 2   0.0 -35.3     67244050   0   1100      1019700
    61  0 1  94.92 10024.00 2   0.0 -35.0     68234350   0   1350       990300
    62  0 1  94.57 10012.00 2   0.0 -34.7     69245850   0   1050      1011500
    63  0 1  94.92 10000.00 2   0.0 -34.4     70262300   0   1100      1016450
    64  0 1  95.27  9979.00 2   0.0 -33.8     72302700   0   1150      2040400
    65  0 1  94.57  9970.00 2   0.0 -33.4     73272600   0   1450       969900
    66  0 1  95.62  9961.00 2   0.0 -33.4     74252350   0   1400       979750
    67  0 1  94.92  9950.50 2   0.0 -33.1     75252500   0   1150      1000150
    68  0 1  95.62  9944.50 2   0.0 -32.8     76262100   0   1050      1009600
    69  0 1  95.62  9937.00 2   0.0 -32.5     77281900   0   1500      1019800
    70  0 1  94.92  9931.00 2   0.0 -32.5     78271700   0   1450       989800
    71  0 1  94.92  9925.00 2   0.0 -32.2     79283750   0   1300      1012050
    72  0 1  95.27  9922.00 2   0.0 -31.9     80300200   0   1350      1016450
    73  0 1  95.27  9920.50 2   0.0 -31.6     82340550   0   1250      2040350
    74  0 1  94.22  9919.00 2   0.0 -31.6     83310750   0   1500       970200
    75  0 1  94.92  9920.50 2   0.0 -31.3     84290700   0   1150       979950
    76  0 1  95.27  9925.00 2   0.0 -31.3     85290550   0   1150       999850
    77  0 1  94.92  9929.50 2   0.0 -30.9     86300900   0   1150      1010350
    78  0 1  94.57  9937.00 2   0.0 -30.9     87320950   0   1450      1020050
    79  0 1  95.27  9944.50 2   0.0 -30.6     88311300   0   1500       990350
    80  0 1  95.62  9952.00 2   0.0 -30.6     89323300   0   1350      1012000
    81  0 1  95.27  9961.00 2   0.0 -30.6     90339400   0   1350      1016100
    82  0 1  94.57  9982.00 2   0.0 -30.3     92380200   0   1450      2040800
    83  0 1  95.27  9991.00 2   0.0 -30.3     93349750   0   1350       969550
    84  0 1  95.27 10003.00 2   0.0 -30.3     94329950   0   1450       980200
    85  0 1  94.92 10015.00 2   0.0 -30.0     95330000   0   1150      1000050
    86  0 1  95.62 10024.00 2   0.0 -30.0     96339950   0   1100      1009950
    87  0 1  95.27 10033.00 2   0.0 -30.0     97360250   0   1400      1020300
    88  0 1  94.22 10043.50 2   0.0 -30.0     98350200   0   1350       989950
    89  0 1  94.22 10051.00 2   0.0 -30.0     99361850   0   1200      1011650
    90  0 1  94.57 10060.00 2   0.0 -30.0    100378250   0   1100      1016400
    91  0 1  94.57 10072.00 2   0.0 -30.0    102418800   0   1200      2040550
    92  0 1  95.27 10075.00 2   0.0 -30.0    103389000   0   1450       970200
    93  0 1  94.92 10076.50 2   0.0 -30.0    104368550   0   1400       979550
    94  0 1  94.57 10079.50 2   0.0 -30.0    105368050   0   1400       999500
    95  0 1  95.27 10078.00 2   0.0 -30.3    106378450   0   1200      1010400
    96  0 1  95.62 10078.00 2   0.0 -30.3    107397950   0   1450      1019500
    97  0 1  95.27 10073.50 2   0.0 -30.3    108388400   0   1400       990450
    98  0 1  94.22 10069.00 2   0.0 -30.3    109400200   0   1100      1011800
    99  0 1  95.62 10063.00 2   0.0 -30.6    110416350   0   1100      1016150
   100  0 1  95.27 10049.50 2   0.0 -30.6    112456350   0   1300      2040000
   101  0 1  95.27 10040.50 2   0.0 -30.9    113426300   0   1250       969950
   102  0 1  94.92 10031.50 2   0.0 -30.9    114406050   0   1050       979750
   103  0 1  95.27 10021.00 2   0.0 -31.3    115405750   0   1350       999700
   104  0 1  94.92 10012.00 2   0.0 -31.3    116415300   0   1200      1009550
   105  0 1  94.57  9998.50 2   0.0 -31.6    117435500   0   1250      1020200
   106  0 1  94.92  9991.00 2   0.0 -31.6    118425550   0   1100       990050
   107  0 1  95.27  9977.50 2   0.0 -31.9    119437300   0   1300      1011750
   108  0 1  95.27  9968.50 2   0.0 -31.9    120453350   0   1200      1016050
   109  0 1  95.27  9949.00 2   0.0 -32.5    122492950   0   1150      2039600
   110  0 1  94.57  9940.00 2   0.0 -32.5    123463050   0   1350       970100
   111  0 1  95.62  9934.00 2   0.0 -32.8    124442550   0   1400       979500
   112  0 1  94.92  9929.50 2   0.0 -33.1    125443000   0   1400      1000450
   113  0 1  95.27  9925.00 2   0.0 -33.4    126452700   0   1050      1009700
   114  0 1  94.92  9922.00 2   0.0 -33.4    127472200   0   1150      1019500
   115  0 1  94.22  9920.50 2   0.0 -33.8    128461800   0   1450       989600
   116  0 1  94.57  9919.00 2   0.0 -34.1    129473600   0   1200      1011800
   117  0 1  95.27  9922.00 2   0.0 -34.4    130489500   0   1100      1015900
   118  0 1  94.92  9925.00 2   0.0 -35.0    132529900   0   1400      2040400
   119  0 1  94.57  9931.00 2   0.0 -35.3    133499700   0   1450       969800
   120  0 1  94.22  9937.00 2   0.0 -35.6    134479950   0   1350       980250
   121  0 1  94.57  9946.00 2   0.0 -35.9    135480350   0   1250      1000400
   122  0 1  95.27  9952.00 2   0.0 -36.3    136490500   0   1200      1010150
   123  0 1  95.62  9964.00 2   0.0 -36.6    137510050   0   1050      1019550
   124  0 1  95.27  9973.00 2   0.0 -36.9    138500350   0   1500       990300
   125  0 1  95.62  9982.00 2   0.0 -37.2    139512050   0   1150      1011700
   126  0 1  94.57  9994.00 2   0.0 -37.5    140528000   0   1400      1015950
   127  0 1  95.62 10015.00 2   0.0 -38.4    142568400   0   1450      2040400
   128  0 1  94.57 10024.00 2   0.0 -38.8    143538350   0   1050       969950
   129  0 1  94.92 10034.50 2   0.0 -39.1    144518700   0   1300       980350
   130  0 1  94.92 10045.00 2   0.0 -39.7    145519050   0   1250      1000350
   131  0 1  94.57 10052.50 2   0.0 -40.0    146529300   0   1500      1010250
   132  0 1  94.92 10060.00 2   0.0 -40.3    147549750   0   1150      1020450
   133  0 1  94.92 10067.50 2   0.0 -40.9    148540000   0   1450       990250
   134  0 1  94.92 10072.00 2   0.0 -41.3    149552200   0   1450      1012200
   135  0 1  94.57 10076.50 2   0.0 -41.6    150568400   0   1150      1016200
   136  0 1  95.62 10078.00 2   0.0 -42.5    152607650   0   1500      2039250
   137  0 1  95.27 10078.00 2   0.0 -43.1    153577950   0   1100       970300
   138  0 1  94.22 10076.50 2   0.0 -43.4    154558250   0   1150       980300
   139  0 1  95.62 10072.00 2   0.0 -44.1    155558300   0   1300      1000050
   140  0 1  94.92 10069.00 2   0.0 -44.4    156568050   0   1450      1009750
   141  0 1  94.57 10063.00 2   0.0 -45.0    157588250   0   1400      1020200
   142  0 1  94.92 10054.00 2   0.0 -45.6    158577850   0   1150       989600
   143  0 1  95.27 10048.00 2   0.0 -45.9    159590250   0   1200      1012400
   144  0 1  95.27 10039.00 2   0.0 -46.6    160606350   0   1400      1016100
   145  0 1  94.22 10018.00 2   0.0 -47.5    162646600   0   1150      2040250
   146  0 1  95.62 10007.50 2   0.0 -48.1    163616800   0   1150       970200
   147  0 1  95.27  9997.00 2   0.0 -48.4    164596900   0   1500       980100
   148  0 1  94.22  9988.00 2   0.0 -49.1    165597200   0   1150      1000300
   149  0 1  95.62  9976.00 2   0.0 -49.7    166606750   0   1350      1009550
   150  0 1  94.22  9967.00 2   0.0 -50.3    167626850   0   1250      1020100
   151  0 1  95.62  9958.00 2   0.0 -50.6    168617300   0   1150       990450
   152  0 1  94.22  9949.00 2   0.0 -51.3    169628950   0   1350      1011650
   153  0 1  95.27  9940.00 2   0.0 -51.9    170644600   0   1200      1015650
   154  0 1  95.27  9928.00 2   0.0 -53.1    172684250   0   1250      2039650
   155  0 1  94.92  9923.50 2   0.0 -53.4    173654400   0   1400       970150
   156  0 1  95.62  9920.50 2   0.0 -54.1    174634400   0   1450       980000
   157  0 1  95.27  9919.00 2   0.0 -54.7    175634000   0   1200       999600
   158  0 1  95.27  9919.00 2   0.0 -55.3    176644200   0   1050      1010200
   159  0 1  95.27  9922.00 2   0.0 -55.9    177664450   0   1050      1020250
   160  0 1  94.22  9922.00 2   0.0 -56.6    178654200   0   1400       989750
   161  0 1  95.27  9928.00 2   0.0 -57.2    179666050   0   1150      1011850
   162  0 1  94.92  9931.00 2   0.0 -57.5    180681800   0   1150      1015750
   163  0 1  95.27  9949.00 2   0.0 -58.8    182721450   0   1350      2039650
   164  0 1  95.62  9956.50 2   0.0 -59.4    183691100   0   1450       969650
   165  0 1  94.92  9965.50 2   0.0 -60.0    184671100   0   1150       980000
   166  0 1  94.92  9973.00 2   0.0 -60.6    185671050   0   1250       999950
   167  0 1  95.62  9985.00 2   0.0 -61.3    186680850   0   1050      1009800
   168  0 1  94.92  9995.50 2   0.0 -61.9    187701050   0   1500      1020200
   169  0 1  94.22 10006.00 2   0.0 -62.5    188690700   0   1500       989650
   170  0 1  95.27 10018.00 2   0.0 -63.1    189702700   0   1400      1012000
   171  0 1  94.92 10027.00 2   0.0 -63.8    190718250   0   1050      1015550
   172  0 1  95.62 10046.50 2   0.0 -65.0    192758450   0   1500      2040200
   173  0 1  95.62 10054.00 2   0.0 -65.6    193728750   0   1050       970300
   174  0 1  94.92 10063.00 2   0.0 -66.3    194708900   0   1150       980150
   175  0 1  95.27 10069.00 2   0.0 -66.9    195708400   0   1500       999500
   176  0 1  95.62 10073.50 2   0.0 -67.5    196718750   0   1150      1010350
   177  0 1  94.92 10076.50 2   0.0 -68.1    197738450   0   1400      1019700
   178  0 1  95.62 10078.00 2   0.0 -68.8    198728700   0   1500       990250
   179  0 1  94.92 10078.00 2   0.0 -69.4    199740300   0   1050      1011600
