    NO  S V  AOA    FREQ    B  FMOP  AMP      TOA      PMOP  PW         dTOA  
------ -- - ------ -------- - ----- ----- ------------ --- ------ ------------
     0  0 1  94.22 10000.00 2   0.0 -70.0            0   0   1350  42949673000
     1  0 1  95.62 10009.00 2   0.0 -69.4      1030400   0   1050      1030400
     2  0 1  95.62 10019.50 2   0.0 -68.8      2039900   0   1350      1009500
     3  0 1  94.57 10040.50 2   0.0 -67.5      3990000   0   1050      1950100
     4  0 1  94.92 10049.50 2   0.0 -66.9      4989850   0   1200       999850
     5  0 1  94.57 10057.00 2   0.0 -66.3      6000150   0   1500      1010300
     6  0 1  94.22 10063.00 2   0.0 -65.6      7019800   0   1250      1019650
     7  0 1  94.92 10069.00 2   0.0 -65.0      8009750   0   1250       989950
     8  0 1  95.27 10073.50 2   0.0 -64.4      9022100   0   1400      1012350
     9  0 1  94.92 10076.50 2   0.0 -63.8     10037950   0   1150      1015850
    10  0 1  95.62 10078.00 2   0.0 -63.1     11067600   0   1450      1029650
    11  0 1  94.57 10079.50 2   0.0 -62.5     12077450   0   1450      1009850
    12  0 1  94.57 10076.50 2   0.0 -61.3     14027300   0   1500      1949850
    13  0 1  94.22 10072.00 2   0.0 -60.6     15027600   0   1050      1000300
    14  0 1  94.92 10066.00 2   0.0 -60.0     16037450   0   1300      1009850
    15  0 1  94.57 10060.00 2   0.0 -59.4     17057450   0   1450      1020000
    16  0 1  95.62 10051.00 2   0.0 -58.8     18047600   0   1300       990150
    17  0 1  94.57 10045.00 2   0.0 -58.1     19059750   0   1050      1012150
    18  0 1  94.57 10036.00 2   0.0 -57.5     20075550   0   1400      1015800
    19  0 1  94.22 10024.00 2   0.0 -57.2     21105600   0   1100      1030050
    20  0 1  95.27 10012.00 2   0.0 -56.6     22115150   0   1100      1009550
    21  0 1  95.27  9994.00 2   0.0 -55.3     24064650   0   1150      1949500
    22  0 1  95.27  9983.50 2   0.0 -54.7     25064600   0   1100       999950
    23  0 1  95.27  9973.00 2   0.0 -54.1     26075000   0   1500      1010400
    24  0 1  95.62  9962.50 2   0.0 -53.4     27095200   0   1150      1020200
    25  0 1  95.62  9952.00 2   0.0 -53.1     28085150   0   1300       989950
    26  0 1  95.62  9943.00 2   0.0 -52.5     29097450   0   1100      1012300
    27  0 1  95.62  9937.00 2   0.0 -51.9     30113350   0   1250      1015900
    28  0 1  95.27  9929.50 2   0.0 -51.3     31143100   0   1400      1029750
    29  0 1  95.27  9925.00 2   0.0 -50.6     32153400   0   1100      1010300
    30  0 1  94.57  9919.00 2   0.0 -49.7     34102500   0   1100      1949100
    31  0 1  95.27  9919.00 2   0.0 -49.1     35102550   0   1200      1000050
    32  0 1  94.22  9919.00 2   0.0 -48.4     36112550   0   1200      1010000
    33  0 1  94.92  9922.00 2   0.0 -48.1     37132750   0   1500      1020200
    34  0 1  95.62  9925.00 2   0.0 -47.5     38123150   0   1350       990400
    35  0 1  95.62  9929.50 2   0.0 -46.9     39134900   0   1300      1011750
    36  0 1  94.22  9935.50 2   0.0 -46.6     40150600   0   1100      1015700
    37  0 1  94.57  9943.00 2   0.0 -45.9     41180500   0   1050      1029900
    38  0 1  95.62  9952.00 2   0.0 -45.6     42190350   0   1400      1009850
    39  0 1  94.57  9968.50 2   0.0 -44.4     44140150   0   1300      1949800
    40  0 1  94.22  9980.50 2   0.0 -44.1     45139800   0   1150       999650
    41  0 1  94.57  9988.00 2   0.0 -43.4     46150050   0   1150      1010250
    42  0 1  95.62 10001.50 2   0.0 -43.1     47170450   0   1050      1020400
    43  0 1  95.62 10012.00 2   0.0 -42.5     48160150   0   1150       989700
    44  0 1  95.27 10022.50 2   0.0 -42.2     49171650   0   1100      1011500
    45  0 1  94.92 10031.50 2   0.0 -41.6     50187950   0   1200      1016300
    46  0 1  94.57 10042.00 2   0.0 -41.3     51218300   0   1350      1030350
    47  0 1  94.22 10051.00 2   0.0 -40.9     52228450   0   1250      1010150
    48  0 1  94.57 10063.00 2   0.0 -40.0     54178200   0   1050      1949750
    49  0 1  94.92 10069.00 2   0.0 -39.7     55177750   0   1500       999550
    50  0 1  94.57 10073.50 2   0.0 -39.1     56187500   0   1050      1009750
    51  0 1  94.57 10078.00 2   0.0 -38.8     57207900   0   1450      1020400
    52  0 1  95.62 10078.00 2   0.0 -38.4     58198000   0   1400       990100
    53  0 1  95.27 10079.50 2   0.0 -38.1     59209600   0   1100      1011600
    54  0 1  94.92 10078.00 2   0.0 -37.5     60225850   0   1150      1016250
    55  0 1  95.62 10075.00 2   0.0 -37.2     61255800   0   1150      1029950
    56  0 1  94.57 10070.50 2   0.0 -36.9     62265900   0   1500      1010100
    57  0 1  95.27 10058.50 2   0.0 -36.3     64215550   0   1400      1949650
    58  0 1  94.92 10051.00 2   0.0 -35.9     65215150   0   1300       999600
    59  0 1  94.57 10042.00 2   0.0 -35.6     66225000   0   1050      1009850
    60  0 1  95.27 10033.00 2   0.0 -35.3     67245450   0   1150      1020450
    61  0 1  94.92 10024.00 2   0.0 -35.0     68235100   0   1300       989650
    62  0 1  94.57 10012.00 2   0.0 -34.7     69247150   0   1050      1012050
    63  0 1  94.57 10003.00 2   0.0 -34.4     70262900   0   1150      1015750
    64  0 1  95.27  9991.00 2   0.0 -34.1     71293000   0   1150      1030100
    65  0 1  94.57  9980.50 2   0.0 -33.8     72302650   0   1450      1009650
    66  0 1  94.57  9959.50 2   0.0 -33.4     74252050   0   1050      1949400
    67  0 1  95.27  9952.00 2   0.0 -33.1     75251900   0   1200       999850
    68  0 1  94.92  9943.00 2   0.0 -32.8     76262150   0   1150      1010250
    69  0 1  95.27  9937.00 2   0.0 -32.5     77282350   0   1250      1020200
    70  0 1  94.22  9931.00 2   0.0 -32.5     78272500   0   1300       990150
    71  0 1  94.57  9926.50 2   0.0 -32.2     79284200   0   1300      1011700
    72  0 1  95.27  9922.00 2   0.0 -31.9     80300400   0   1050      1016200
    73  0 1  94.57  9919.00 2   0.0 -31.9     81330650   0   1300      1030250
    74  0 1  94.22  9920.50 2   0.0 -31.6     82340400   0   1500      1009750
    75  0 1  94.92  9922.00 2   0.0 -31.3     84289800   0   1400      1949400
    76  0 1  94.57  9925.00 2   0.0 -31.3     85289300   0   1400       999500
    77  0 1  94.57  9931.00 2   0.0 -30.9     86299000   0   1350      1009700
    78  0 1  95.62  9937.00 2   0.0 -30.9     87318850   0   1200      1019850
    79  0 1  95.27  9943.00 2   0.0 -30.6     88309300   0   1500       990450
    80  0 1  94.92  9952.00 2   0.0 -30.6     89321600   0   1050      1012300
    81  0 1  95.27  9961.00 2   0.0 -30.6     90337900   0   1050      1016300
    82  0 1  94.22  9973.00 2   0.0 -30.3     91367750   0   1350      1029850
    83  0 1  95.62  9982.00 2   0.0 -30.3     92377600   0   1400      1009850
    84  0 1  94.57 10003.00 2   0.0 -30.3     94327800   0   1400      1950200
    85  0 1  95.27 10015.00 2   0.0 -30.0     95327400   0   1450       999600
    86  0 1  95.27 10024.00 2   0.0 -30.0     96337150   0   1500      1009750
    87  0 1  94.92 10033.00 2   0.0 -30.0     97356850   0   1450      1019700
    88  0 1  94.92 10042.00 2   0.0 -30.0     98346650   0   1050       989800
    89  0 1  95.27 10051.00 2   0.0 -30.0     99358500   0   1400      1011850
    90  0 1  94.92 10060.00 2   0.0 -30.0    100374500   0   1400      1016000
    91  0 1  95.62 10066.00 2   0.0 -30.0    101404400   0   1200      1029900
    92  0 1  94.22 10072.00 2   0.0 -30.0    102414800   0   1500      1010400
    93  0 1  95.27 10078.00 2   0.0 -30.0    104364550   0   1200      1949750
    94  0 1  94.92 10078.00 2   0.0 -30.0    105364250   0   1400       999700
    95  0 1  94.57 10078.00 2   0.0 -30.3    106374450   0   1050      1010200
    96  0 1  94.57 10078.00 2   0.0 -30.3    107394100   0   1250      1019650
    97  0 1  94.92 10073.50 2   0.0 -30.3    108383650   0   1450       989550
    98  0 1  95.62 10069.00 2   0.0 -30.3    109396100   0   1100      1012450
    99  0 1  94.92 10063.00 2   0.0 -30.6    110412250   0   1300      1016150
   100  0 1  94.92 10057.00 2   0.0 -30.6    111442500   0   1450      1030250
   101  0 1  94.92 10049.50 2   0.0 -30.6    112452500   0   1200      1010000
   102  0 1  95.27 10030.00 2   0.0 -30.9    114402950   0   1250      1950450
   103  0 1  94.57 10021.00 2   0.0 -31.3    115402950   0   1100      1000000
   104  0 1  94.57 10012.00 2   0.0 -31.3    116413350   0   1450      1010400
   105  0 1  95.62  9998.50 2   0.0 -31.6    117433200   0   1200      1019850
   106  0 1  95.62  9988.00 2   0.0 -31.6    118423650   0   1300       990450
   107  0 1  94.92  9979.00 2   0.0 -31.9    119435200   0   1350      1011550
   108  0 1  95.27  9970.00 2   0.0 -31.9    120451000   0   1150      1015800
   109  0 1  94.92  9959.50 2   0.0 -32.2    121480900   0   1200      1029900
   110  0 1  95.62  9950.50 2   0.0 -32.5    122490800   0   1100      1009900
   111  0 1  95.27  9934.00 2   0.0 -32.8    124440600   0   1400      1949800
   112  0 1  94.57  9931.00 2   0.0 -33.1    125440400   0   1150       999800
   113  0 1  94.22  9925.00 2   0.0 -33.4    126450250   0   1300      1009850
   114  0 1  95.27  9920.50 2   0.0 -33.4    127470150   0   1300      1019900
   115  0 1  94.92  9919.00 2   0.0 -33.8    128459750   0   1400       989600
   116  0 1  95.62  9920.50 2   0.0 -34.1    129471550   0   1200      1011800
   117  0 1  94.92  9920.50 2   0.0 -34.4    130487700   0   1350      1016150
   118  0 1  95.27  9922.00 2   0.0 -34.7    131518050   0   1400      1030350
   119  0 1  94.22  9925.00 2   0.0 -35.0    132527600   0   1200      1009550
   120  0 1  95.62  9938.50 2   0.0 -35.6    134476850   0   1100      1949250
   121  0 1  95.62  9946.00 2   0.0 -35.9    135477200   0   1400      1000350
   122  0 1  94.92  9953.50 2   0.0 -36.3    136487100   0   1400      1009900
   123  0 1  95.62  9961.00 2   0.0 -36.6    137507300   0   1400      1020200
   124  0 1  95.62  9973.00 2   0.0 -36.9    138497050   0   1050       989750
   125  0 1  94.92  9985.00 2   0.0 -37.2    139508700   0   1350      1011650
   126  0 1  94.92  9992.50 2   0.0 -37.5    140524400   0   1200      1015700
   127  0 1  94.92 10006.00 2   0.0 -38.1    141554700   0   1500      1030300
   128  0 1  94.22 10015.00 2   0.0 -38.4    142564650   0   1050      1009950
   129  0 1  94.57 10036.00 2   0.0 -39.1    144514300   0   1200      1949650
   130  0 1  95.27 10045.00 2   0.0 -39.7    145514600   0   1350      1000300
   131  0 1  94.22 10051.00 2   0.0 -40.0    146524500   0   1300      1009900
   132  0 1  94.57 10060.00 2   0.0 -40.3    147544300   0   1450      1019800
   133  0 1  95.27 10066.00 2   0.0 -40.9    148534000   0   1350       989700
   134  0 1  94.57 10072.00 2   0.0 -41.3    149545700   0   1100      1011700
   135  0 1  94.57 10075.00 2   0.0 -41.6    150562150   0   1150      1016450
   136  0 1  94.22 10078.00 2   0.0 -42.2    151592300   0   1200      1030150
   137  0 1  94.57 10079.50 2   0.0 -42.5    152602050   0   1400      1009750
   138  0 1  94.57 10075.00 2   0.0 -43.4    154552350   0   1100      1950300
   139  0 1  94.92 10072.00 2   0.0 -44.1    155551900   0   1450       999550
   140  0 1  94.22 10067.50 2   0.0 -44.4    156561800   0   1050      1009900
   141  0 1  94.22 10063.00 2   0.0 -45.0    157582200   0   1250      1020400
   142  0 1  94.22 10055.50 2   0.0 -45.6    158572450   0   1250       990250
   143  0 1  94.92 10048.00 2   0.0 -45.9    159584850   0   1050      1012400
   144  0 1  95.62 10039.00 2   0.0 -46.6    160600800   0   1050      1015950
   145  0 1  95.27 10030.00 2   0.0 -46.9    161631200   0   1300      1030400
   146  0 1  95.62 10019.50 2   0.0 -47.5    162641400   0   1250      1010200
   147  0 1  95.27  9998.50 2   0.0 -48.4    164591250   0   1200      1949850
   148  0 1  94.92  9988.00 2   0.0 -49.1    165591000   0   1350       999750
   149  0 1  94.22  9976.00 2   0.0 -49.7    166600950   0   1350      1009950
   150  0 1  94.92  9967.00 2   0.0 -50.3    167620600   0   1250      1019650
   151  0 1  94.22  9958.00 2   0.0 -50.6    168610400   0   1250       989800
   152  0 1  94.57  9949.00 2   0.0 -51.3    169622750   0   1350      1012350
   153  0 1  94.92  9940.00 2   0.0 -51.9    170638300   0   1450      1015550
   154  0 1  94.92  9934.00 2   0.0 -52.5    171667850   0   1450      1029550
   155  0 1  95.27  9926.50 2   0.0 -53.1    172677550   0   1500      1009700
   156  0 1  94.92  9920.50 2   0.0 -54.1    174627600   0   1100      1950050
   157  0 1  94.92  9919.00 2   0.0 -54.7    175627550   0   1200       999950
   158  0 1  94.22  9920.50 2   0.0 -55.3    176637050   0   1350      1009500
   159  0 1  95.62  9919.00 2   0.0 -55.9    177657050   0   1150      1020000
   160  0 1  94.57  9922.00 2   0.0 -56.6    178647300   0   1500       990250
   161  0 1  95.62  9928.00 2   0.0 -57.2    179659150   0   1450      1011850
   162  0 1  95.27  9932.50 2   0.0 -57.5    180675400   0   1450      1016250
   163  0 1  95.27  9940.00 2   0.0 -58.1    181705400   0   1300      1030000
   164  0 1  94.57  9949.00 2   0.0 -58.8    182715850   0   1300      1010450
   165  0 1  95.62  9964.00 2   0.0 -60.0    184665800   0   1250      1949950
   166  0 1  94.57  9974.50 2   0.0 -60.6    185665350   0   1250       999550
   167  0 1  95.62  9985.00 2   0.0 -61.3    186675050   0   1200      1009700
   168  0 1  95.27  9995.50 2   0.0 -61.9    187694800   0   1350      1019750
   169  0 1  95.27 10006.00 2   0.0 -62.5    188685250   0   1150       990450
   170  0 1  95.62 10016.50 2   0.0 -63.1    189697100   0   1350      1011850
   171  0 1  94.57 10028.50 2   0.0 -63.8    190713350   0   1500      1016250
   172  0 1  94.92 10037.50 2   0.0 -64.4    191743550   0   1150      1030200
   173  0 1  94.92 10046.50 2   0.0 -65.0    192753300   0   1400      1009750
   174  0 1  94.57 10063.00 2   0.0 -66.3    194704000   0   1400      1950700
   175  0 1  94.92 10069.00 2   0.0 -66.9    195704200   0   1300      1000200
   176  0 1  94.92 10072.00 2   0.0 -67.5    196714250   0   1200      1010050
   177  0 1  94.57 10078.00 2   0.0 -68.1    197733800   0   1350      1019550
   178  0 1  94.57 10078.00 2   0.0 -68.8    198723750   0   1050       989950
   179  0 1  94.22 10078.00 2   0.0 -69.4    199735550   0   1350      1011800
