    NO  S V  AOA    FREQ    B  FMOP  AMP      TOA      PMOP  PW         dTOA  
------ -- - ------ -------- - ----- ----- ------------ --- ------ ------------
     0  0 1  94.22 10009.00 2   0.0 -69.4      1029850   0   1300  42950702850
     1  0 1  95.62 10019.50 2   0.0 -68.8      2040150   0   1350      1010300
     2  0 1  95.27 10031.50 2   0.0 -68.1      3009900   0   1400       969750
     3  0 1  95.62 10039.00 2   0.0 -67.5      3990150   0   1450       980250
     4  0 1  94.57 10049.50 2   0.0 -66.9      4990400   0   1150      1000250
     5  0 1  94.57 10057.00 2   0.0 -66.3      6000300   0   1200      1009900
     6  0 1  95.62 10063.00 2   0.0 -65.6      7020700   0   1300      1020400
     7  0 1  95.62 10069.00 2   0.0 -65.0      8011100   0   1200       990400
     8  0 1  94.22 10075.00 2   0.0 -64.4      9022850   0   1450      1011750
     9  0 1  94.92 10078.00 2   0.0 -63.1     11068350   0   1050      2045500
    10  0 1  94.92 10078.00 2   0.0 -62.5     12078050   0   1100      1009700
    11  0 1  94.92 10078.00 2   0.0 -61.9     13048200   0   1300       970150
    12  0 1  95.62 10076.50 2   0.0 -61.3     14027800   0   1200       979600
    13  0 1  95.62 10072.00 2   0.0 -60.6     15027850   0   1050      1000050
    14  0 1  95.27 10066.00 2   0.0 -60.0     16037350   0   1400      1009500
    15  0 1  94.57 10060.00 2   0.0 -59.4     17057300   0   1350      1019950
    16  0 1  94.22 10052.50 2   0.0 -58.8     18046800   0   1150       989500
    17  0 1  95.27 10043.50 2   0.0 -58.1     19058900   0   1100      1012100
    18  0 1  94.57 10024.00 2   0.0 -57.2     21104850   0   1200      2045950
    19  0 1  94.57 10012.00 2   0.0 -56.6     22115250   0   1100      1010400
    20  0 1  95.27 10004.50 2   0.0 -55.9     23084900   0   1100       969650
    21  0 1  95.27  9991.00 2   0.0 -55.3     24065150   0   1050       980250
    22  0 1  95.27  9983.50 2   0.0 -54.7     25065600   0   1350      1000450
    23  0 1  95.62  9973.00 2   0.0 -54.1     26075300   0   1150      1009700
    24  0 1  95.62  9961.00 2   0.0 -53.4     27095650   0   1350      1020350
    25  0 1  94.22  9952.00 2   0.0 -53.1     28086000   0   1300       990350
    26  0 1  94.57  9943.00 2   0.0 -52.5     29098100   0   1250      1012100
    27  0 1  94.22  9931.00 2   0.0 -51.3     31144050   0   1300      2045950
    28  0 1  95.62  9926.50 2   0.0 -50.6     32153750   0   1200      1009700
    29  0 1  94.22  9923.50 2   0.0 -50.3     33123450   0   1250       969700
    30  0 1  94.22  9919.00 2   0.0 -49.7     34103050   0   1300       979600
    31  0 1  94.22  9919.00 2   0.0 -49.1     35103400   0   1200      1000350
    32  0 1  94.22  9919.00 2   0.0 -48.4     36113400   0   1050      1010000
    33  0 1  94.92  9920.50 2   0.0 -48.1     37133700   0   1400      1020300
    34  0 1  94.92  9923.50 2   0.0 -47.5     38123650   0   1500       989950
    35  0 1  94.57  9928.00 2   0.0 -46.9     39135850   0   1400      1012200
    36  0 1  94.22  9943.00 2   0.0 -45.9     41182500   0   1450      2046650
    37  0 1  94.57  9950.50 2   0.0 -45.6     42192200   0   1100      1009700
    38  0 1  94.57  9959.50 2   0.0 -45.0     43161800   0   1400       969600
    39  0 1  95.62  9970.00 2   0.0 -44.4     44142250   0   1400       980450
    40  0 1  95.62  9979.00 2   0.0 -44.1     45142350   0   1500      1000100
    41  0 1  95.27  9988.00 2   0.0 -43.4     46152600   0   1200      1010250
    42  0 1  94.57 10000.00 2   0.0 -43.1     47172700   0   1250      1020100
    43  0 1  95.62 10012.00 2   0.0 -42.5     48163100   0   1150       990400
    44  0 1  95.27 10021.00 2   0.0 -42.2     49174600   0   1100      1011500
    45  0 1  94.57 10040.50 2   0.0 -41.3     51220800   0   1450      2046200
    46  0 1  94.92 10051.00 2   0.0 -40.9     52231050   0   1400      1010250
    47  0 1  95.27 10057.00 2   0.0 -40.3     53200800   0   1350       969750
    48  0 1  94.22 10064.50 2   0.0 -40.0     54180550   0   1100       979750
    49  0 1  94.57 10069.00 2   0.0 -39.7     55180750   0   1500      1000200
    50  0 1  94.92 10073.50 2   0.0 -39.1     56190800   0   1450      1010050
    51  0 1  94.22 10076.50 2   0.0 -38.8     57210850   0   1400      1020050
    52  0 1  94.92 10078.00 2   0.0 -38.4     58200400   0   1150       989550
    53  0 1  94.22 10079.50 2   0.0 -38.1     59211900   0   1050      1011500
    54  0 1  95.27 10073.50 2   0.0 -37.2     61258300   0   1050      2046400
    55  0 1  94.57 10070.50 2   0.0 -36.9     62268700   0   1150      1010400
    56  0 1  94.22 10066.00 2   0.0 -36.6     63238250   0   1300       969550
    57  0 1  95.27 10060.00 2   0.0 -36.3     64218200   0   1150       979950
    58  0 1  95.27 10049.50 2   0.0 -35.9     65218350   0   1350      1000150
    59  0 1  95.27 10042.00 2   0.0 -35.6     66228700   0   1400      1010350
    60  0 1  94.57 10033.00 2   0.0 -35.3     67248500   0   1200      1019800
    61  0 1  94.22 10022.50 2   0.0 -35.0     68238650   0   1250       990150
    62  0 1  94.57 10012.00 2   0.0 -34.7     69250900   0   1400      1012250
    63  0 1  94.22  9991.00 2   0.0 -34.1     71296850   0   1100      2045950
    64  0 1  95.62  9979.00 2   0.0 -33.8     72306550   0   1500      1009700
    65  0 1  95.62  9970.00 2   0.0 -33.4     73276100   0   1450       969550
    66  0 1  95.27  9961.00 2   0.0 -33.4     74255800   0   1500       979700
    67  0 1  94.92  9952.00 2   0.0 -33.1     75255300   0   1150       999500
    68  0 1  94.57  9943.00 2   0.0 -32.8     76265400   0   1450      1010100
    69  0 1  95.62  9934.00 2   0.0 -32.5     77285650   0   1100      1020250
    70  0 1  94.57  9929.50 2   0.0 -32.5     78276050   0   1500       990400
    71  0 1  95.62  9925.00 2   0.0 -32.2     79288100   0   1450      1012050
    72  0 1  95.62  9919.00 2   0.0 -31.9     81333350   0   1050      2045250
    73  0 1  95.62  9920.50 2   0.0 -31.6     82343550   0   1500      1010200
    74  0 1  94.22  9919.00 2   0.0 -31.6     83313350   0   1200       969800
    75  0 1  95.62  9920.50 2   0.0 -31.3     84292850   0   1300       979500
    76  0 1  94.57  9925.00 2   0.0 -31.3     85292650   0   1350       999800
    77  0 1  95.62  9931.00 2   0.0 -30.9     86302800   0   1400      1010150
    78  0 1  95.27  9937.00 2   0.0 -30.9     87323200   0   1450      1020400
    79  0 1  95.27  9943.00 2   0.0 -30.6     88312850   0   1150       989650
    80  0 1  94.92  9952.00 2   0.0 -30.6     89325000   0   1100      1012150
    81  0 1  95.27  9973.00 2   0.0 -30.3     91370850   0   1350      2045850
    82  0 1  94.57  9982.00 2   0.0 -30.3     92381050   0   1100      1010200
    83  0 1  95.62  9991.00 2   0.0 -30.3     93351050   0   1450       970000
    84  0 1  95.27 10001.50 2   0.0 -30.3     94330550   0   1300       979500
    85  0 1  94.92 10012.00 2   0.0 -30.0     95330150   0   1250       999600
    86  0 1  95.27 10024.00 2   0.0 -30.0     96339750   0   1500      1009600
    87  0 1  94.22 10033.00 2   0.0 -30.0     97359850   0   1350      1020100
    88  0 1  94.57 10042.00 2   0.0 -30.0     98349800   0   1400       989950
    89  0 1  94.92 10052.50 2   0.0 -30.0     99361500   0   1350      1011700
    90  0 1  94.57 10064.50 2   0.0 -30.0    101407650   0   1250      2046150
    91  0 1  94.57 10070.50 2   0.0 -30.0    102417400   0   1150      1009750
    92  0 1  94.92 10076.50 2   0.0 -30.0    103387400   0   1300       970000
    93  0 1  94.57 10076.50 2   0.0 -30.0    104367850   0   1400       980450
    94  0 1  95.27 10079.50 2   0.0 -30.0    105367800   0   1150       999950
    95  0 1  95.62 10079.50 2   0.0 -30.3    106377750   0   1100      1009950
    96  0 1  94.22 10076.50 2   0.0 -30.3    107398000   0   1300      1020250
    97  0 1  95.62 10075.00 2   0.0 -30.3    108387750   0   1250       989750
    98  0 1  95.27 10069.00 2   0.0 -30.3    109400200   0   1250      1012450
    99  0 1  94.92 10055.50 2   0.0 -30.6    111446250   0   1450      2046050
   100  0 1  94.57 10048.00 2   0.0 -30.6    112456200   0   1250      1009950
   101  0 1  94.22 10040.50 2   0.0 -30.9    113426350   0   1100       970150
   102  0 1  94.22 10030.00 2   0.0 -30.9    114406700   0   1300       980350
   103  0 1  94.57 10021.00 2   0.0 -31.3    115406500   0   1450       999800
   104  0 1  94.22 10009.00 2   0.0 -31.3    116416950   0   1350      1010450
   105  0 1  95.62 10000.00 2   0.0 -31.6    117437000   0   1350      1020050
   106  0 1  94.22  9991.00 2   0.0 -31.6    118427000   0   1150       990000
   107  0 1  95.62  9979.00 2   0.0 -31.9    119438650   0   1050      1011650
   108  0 1  94.57  9958.00 2   0.0 -32.2    121484400   0   1350      2045750
   109  0 1  94.92  9949.00 2   0.0 -32.5    122493900   0   1200      1009500
   110  0 1  94.92  9941.50 2   0.0 -32.5    123463900   0   1450       970000
   111  0 1  94.22  9935.50 2   0.0 -32.8    124444300   0   1150       980400
   112  0 1  95.27  9928.00 2   0.0 -33.1    125444650   0   1050      1000350
   113  0 1  94.57  9925.00 2   0.0 -33.4    126454650   0   1050      1010000
   114  0 1  95.27  9922.00 2   0.0 -33.4    127474350   0   1200      1019700
   115  0 1  94.92  9919.00 2   0.0 -33.8    128464700   0   1100       990350
   116  0 1  94.22  9919.00 2   0.0 -34.1    129476950   0   1300      1012250
   117  0 1  95.62  9923.50 2   0.0 -34.7    131523150   0   1200      2046200
   118  0 1  94.92  9926.50 2   0.0 -35.0    132532950   0   1350      1009800
   119  0 1  95.27  9931.00 2   0.0 -35.3    133502550   0   1200       969600
   120  0 1  95.27  9938.50 2   0.0 -35.6    134482100   0   1300       979550
   121  0 1  94.57  9944.50 2   0.0 -35.9    135482500   0   1100      1000400
   122  0 1  95.62  9955.00 2   0.0 -36.3    136492150   0   1100      1009650
   123  0 1  95.62  9962.50 2   0.0 -36.6    137512550   0   1150      1020400
   124  0 1  95.62  9973.00 2   0.0 -36.9    138502200   0   1050       989650
   125  0 1  95.62  9982.00 2   0.0 -37.2    139514450   0   1200      1012250
   126  0 1  94.92 10006.00 2   0.0 -38.1    141560500   0   1150      2046050
   127  0 1  95.62 10015.00 2   0.0 -38.4    142570950   0   1400      1010450
   128  0 1  95.62 10024.00 2   0.0 -38.8    143540800   0   1400       969850
   129  0 1  95.27 10034.50 2   0.0 -39.1    144521000   0   1150       980200
   130  0 1  95.27 10045.00 2   0.0 -39.7    145521250   0   1500      1000250
   131  0 1  94.92 10052.50 2   0.0 -40.0    146530750   0   1100      1009500
   132  0 1  94.92 10060.00 2   0.0 -40.3    147551050   0   1450      1020300
   133  0 1  94.22 10067.50 2   0.0 -40.9    148540700   0   1100       989650
   134  0 1  94.92 10072.00 2   0.0 -41.3    149552500   0   1100      1011800
   135  0 1  95.62 10079.50 2   0.0 -42.2    151597750   0   1050      2045250
   136  0 1  95.62 10079.50 2   0.0 -42.5    152607600   0   1300      1009850
   137  0 1  94.92 10078.00 2   0.0 -43.1    153578000   0   1350       970400
   138  0 1  94.22 10075.00 2   0.0 -43.4    154557700   0   1250       979700
   139  0 1  95.62 10073.50 2   0.0 -44.1    155557850   0   1350      1000150
   140  0 1  94.92 10067.50 2   0.0 -44.4    156568100   0   1450      1010250
   141  0 1  95.62 10061.50 2   0.0 -45.0    157587650   0   1400      1019550
   142  0 1  95.62 10055.50 2   0.0 -45.6    158577400   0   1250       989750
   143  0 1  94.57 10048.00 2   0.0 -45.9    159588900   0   1350      1011500
   144  0 1  94.22 10030.00 2   0.0 -46.9    161635150   0   1150      2046250
   145  0 1  95.62 10018.00 2   0.0 -47.5    162645250   0   1450      1010100
   146  0 1  95.27 10009.00 2   0.0 -48.1    163615050   0   1050       969800
   147  0 1  94.57  9998.50 2   0.0 -48.4    164594600   0   1100       979550
   148  0 1  94.22  9986.50 2   0.0 -49.1    165594650   0   1300      1000050
   149  0 1  95.62  9977.50 2   0.0 -49.7    166604400   0   1350      1009750
   150  0 1  94.57  9967.00 2   0.0 -50.3    167624400   0   1250      1020000
   151  0 1  94.92  9958.00 2   0.0 -50.6    168614100   0   1050       989700
   152  0 1  95.27  9949.00 2   0.0 -51.3    169625600   0   1250      1011500
   153  0 1  95.62  9934.00 2   0.0 -52.5    171671550   0   1500      2045950
   154  0 1  94.22  9928.00 2   0.0 -53.1    172682000   0   1200      1010450
   155  0 1  94.22  9923.50 2   0.0 -53.4    173651850   0   1100       969850
   156  0 1  94.57  9919.00 2   0.0 -54.1    174631600   0   1100       979750
   157  0 1  94.22  9920.50 2   0.0 -54.7    175631950   0   1150      1000350
   158  0 1  94.92  9920.50 2   0.0 -55.3    176641450   0   1150      1009500
   159  0 1  94.22  9919.00 2   0.0 -55.9    177661450   0   1500      1020000
   160  0 1  95.62  9923.50 2   0.0 -56.6    178651200   0   1400       989750
   161  0 1  94.92  9926.50 2   0.0 -57.2    179662800   0   1050      1011600
   162  0 1  95.62  9940.00 2   0.0 -58.1    181709250   0   1150      2046450
   163  0 1  94.22  9949.00 2   0.0 -58.8    182719100   0   1150      1009850
   164  0 1  95.27  9955.00 2   0.0 -59.4    183689000   0   1350       969900
   165  0 1  95.62  9964.00 2   0.0 -60.0    184669000   0   1250       980000
   166  0 1  95.27  9976.00 2   0.0 -60.6    185669050   0   1100      1000050
   167  0 1  94.57  9985.00 2   0.0 -61.3    186679250   0   1300      1010200
   168  0 1  95.27  9997.00 2   0.0 -61.9    187699350   0   1500      1020100
   169  0 1  95.62 10006.00 2   0.0 -62.5    188689700   0   1200       990350
   170  0 1  95.62 10016.50 2   0.0 -63.1    189701500   0   1250      1011800
   171  0 1  95.62 10037.50 2   0.0 -64.4    191746750   0   1300      2045250
   172  0 1  95.27 10046.50 2   0.0 -65.0    192756900   0   1450      1010150
   173  0 1  94.57 10055.50 2   0.0 -65.6    193726450   0   1200       969550
   174  0 1  94.92 10060.00 2   0.0 -66.3    194706300   0   1150       979850
   175  0 1  95.27 10067.50 2   0.0 -66.9    195706750   0   1300      1000450
   176  0 1  94.57 10073.50 2   0.0 -67.5    196716450   0   1300      1009700
   177  0 1  95.27 10075.00 2   0.0 -68.1    197736600   0   1500      1020150
   178  0 1  95.62 10079.50 2   0.0 -68.8    198726450   0   1300       989850
   179  0 1  95.62 10079.50 2   0.0 -69.4    199738550   0   1350      1012100
