    NO  S V  AOA    FREQ    B  FMOP  AMP      TOA      PMOP  PW         dTOA  
------ -- - ------ -------- - ----- ----- ------------ --- ------ ------------
     0  0 1  94.57 10015.00 2   0.0 -70.0            0   0   1250  42949673000
     1  0 1  95.27 10009.00 2   0.0 -67.5       999950   0   1300       999950
     2  0 1  95.62  9967.00 2   0.0 -65.0      2009950   0   1200      1010000
     3  0 1  94.92 10040.50 2   0.0 -62.5      3030050   0   1500      1020100
     4  0 1  94.92 10033.00 2   0.0 -60.0      4060000   0   1100      1029950
     5  0 1  94.22  9952.00 2   0.0 -57.5      5100350   0   1500      1040350
     6  0 1  94.92  9994.00 2   0.0 -55.3      6150750   0   1050      1050400
     7  0 1  94.22 10048.00 2   0.0 -53.1      7210550   0   1350      1059800
     8  0 1  95.62 10060.00 2   0.0 -50.6      8280700   0   1400      1070150
     9  0 1  94.92 10075.00 2   0.0 -46.6     10450400   0   1050      2169700
    10  0 1  94.57 10045.00 2   0.0 -44.4     11450300   0   1200       999900
    11  0 1  94.22  9988.00 2   0.0 -42.5     12460100   0   1250      1009800
    12  0 1  94.22  9952.00 2   0.0 -40.9     13479800   0   1250      1019700
    13  0 1  95.27  9940.00 2   0.0 -39.1     14509550   0   1300      1029750
    14  0 1  95.62 10063.00 2   0.0 -37.5     15549650   0   1200      1040100
    15  0 1  95.62 10058.50 2   0.0 -36.3     16599800   0   1350      1050150
    16  0 1  94.57  9961.00 2   0.0 -35.0     17659750   0   1450      1059950
    17  0 1  95.27 10004.50 2   0.0 -33.8     18730000   0   1250      1070250
    18  0 1  94.22  9920.50 2   0.0 -31.9     20900300   0   1500      2170300
    19  0 1  95.27 10009.00 2   0.0 -31.3     21900400   0   1400      1000100
    20  0 1  95.62  9943.00 2   0.0 -30.6     22910200   0   1300      1009800
    21  0 1  94.57 10018.00 2   0.0 -30.3     23929900   0   1350      1019700
    22  0 1  94.92 10069.00 2   0.0 -30.0     24959950   0   1350      1030050
    23  0 1  94.57 10048.00 2   0.0 -30.0     26000400   0   1100      1040450
    24  0 1  95.62 10027.00 2   0.0 -30.0     27050100   0   1100      1049700
    25  0 1  95.27 10039.00 2   0.0 -30.3     28110450   0   1500      1060350
    26  0 1  95.62  9941.50 2   0.0 -30.6     29180800   0   1500      1070350
    27  0 1  94.92  9962.50 2   0.0 -31.9     31350650   0   1200      2169850
    28  0 1  94.57  9928.00 2   0.0 -32.8     32350600   0   1300       999950
    29  0 1  94.92 10039.00 2   0.0 -33.8     33360400   0   1100      1009800
    30  0 1  95.62  9922.00 2   0.0 -35.0     34380700   0   1300      1020300
    31  0 1  94.22  9950.50 2   0.0 -36.3     35410950   0   1100      1030250
    32  0 1  95.62  9986.50 2   0.0 -37.5     36450450   0   1300      1039500
    33  0 1  94.22 10039.00 2   0.0 -39.1     37500500   0   1150      1050050
    34  0 1  95.62  9997.00 2   0.0 -40.9     38560750   0   1200      1060250
    35  0 1  95.27  9991.00 2   0.0 -42.5     39630250   0   1300      1069500
    36  0 1  95.62 10001.50 2   0.0 -46.6     41800650   0   1100      2170400
    37  0 1  95.62 10006.00 2   0.0 -48.4     42801050   0   1250      1000400
    38  0 1  94.22 10055.50 2   0.0 -50.6     43811300   0   1400      1010250
    39  0 1  95.62  9988.00 2   0.0 -53.1     44830950   0   1500      1019650
    40  0 1  94.92 10051.00 2   0.0 -55.3     45860700   0   1100      1029750
    41  0 1  94.57 10075.00 2   0.0 -57.5     46901000   0   1400      1040300
    42  0 1  94.57 10031.50 2   0.0 -60.0     47951050   0   1050      1050050
    43  0 1  95.27 10021.00 2   0.0 -62.5     49011400   0   1450      1060350
    44  0 1  95.62 10066.00 2   0.0 -65.0     50081000   0   1050      1069600
