    NO  S V  AOA    FREQ    B  FMOP  AMP      TOA      PMOP  PW         dTOA  
------ -- - ------ -------- - ----- ----- ------------ --- ------ ------------
     0  0 1 199.69  5300.00 1   0.0 -70.0            0   0   3950  42949673000
     1  0 1 199.69  5300.00 1   0.0 -65.9       459900   0   4000       459900
     2  0 1 199.69  5300.00 1   0.0 -61.6      1006850   0   4000       546950
     3  0 1 199.69  5298.75 1   0.0 -57.5      1459850   0   3950       453000
     4  0 1 199.69  5300.00 1   0.0 -53.8      1989250   0   4000       529400
     5  0 1 199.69  5300.00 1   0.0 -46.6      3020000   0   3950      1030750
     6  0 1 199.69  5300.00 1   0.0 -43.1      3563400   0   4000       543400
     7  0 1 199.69  5400.00 1   0.0 -40.3      4082800   0   4000       519400
     8  0 1 199.69  5400.00 1   0.0 -37.5      4555450   0   4000       472650
     9  0 1 199.69  5400.00 1   0.0 -35.3      5039800   0   4000       484350
    10  0 1 199.69  5400.00 1   0.0 -33.4      5582000   0   4000       542200
    11  0 1 199.69  5398.75 1   0.0 -31.9      6096950   0   3950       514950
    12  0 1 199.69  5400.00 1   0.0 -30.9      6566200   0   4000       469250
    13  0 1 199.69  5398.75 1   0.0 -30.3      7076300   0   3950       510100
    14  0 1 199.69  5500.00 1   0.0 -30.3      8106000   0   4000      1029700
    15  0 1 199.69  5498.75 1   0.0 -30.9      8598750   0   4000       492750
    16  0 1 199.69  5500.00 1   0.0 -31.9      9088250   0   4000       489500
    17  0 1 199.69  5500.00 1   0.0 -33.4      9586100   0   4000       497850
    18  0 1 199.69  5500.00 1   0.0 -35.3     10085100   0   4000       499000
    19  0 1 199.69  5500.00 1   0.0 -37.5     10541750   0   3950       456650
    20  0 1 199.69  5498.75 1   0.0 -40.3     11015950   0   4000       474200
    21  0 1 199.69  5500.00 1   0.0 -43.1     11473700   0   3950       457750
    22  0 1 199.69  5600.00 1   0.0 -46.6     11954850   0   3950       481150
    23  0 1 199.69  5598.75 1   0.0 -53.8     13025050   0   4000      1070200
    24  0 1 199.69  5598.75 1   0.0 -57.5     13562750   0   4000       537700
    25  0 1 199.69  5600.00 1   0.0 -61.6     14090400   0   3950       527650
    26  0 1 199.69  5600.00 1   0.0 -65.9     14583150   0   3950       492750
    27  0 1 199.69  5600.00 1   0.0 -70.0   1014354050   0   4000    999770900
    28  0 1 199.69  5598.75 1   0.0 -65.9   1014819000   0   3950       464950
    29  0 1 199.69  5698.75 1   0.0 -61.6   1015336000   0   4000       517000
    30  0 1 199.69  5700.00 1   0.0 -57.5   1015821700   0   3950       485700
    31  0 1 199.69  5700.00 1   0.0 -53.8   1016364850   0   4000       543150
    32  0 1 199.69  5698.75 1   0.0 -46.6   1017421050   0   3950      1056200
    33  0 1 199.69  5698.75 1   0.0 -43.1   1017964650   0   3950       543600
    34  0 1 199.69  5700.00 1   0.0 -40.3   1018461350   0   3950       496700
    35  0 1 199.69  5700.00 1   0.0 -37.5   1018955150   0   3950       493800
    36  0 1 199.69  5798.75 1   0.0 -35.3   1019493100   0   3950       537950
    37  0 1 199.69  5798.75 1   0.0 -33.4   1019948650   0   4000       455550
    38  0 1 199.69  5800.00 1   0.0 -31.9   1020481850   0   4000       533200
    39  0 1 199.69  5800.00 1   0.0 -30.9   1021004500   0   4000       522650
    40  0 1 199.69  5798.75 1   0.0 -30.3   1021536950   0   4000       532450
    41  0 1 199.69  5800.00 1   0.0 -30.3   1022561000   0   3950      1024050
    42  0 1 199.69  5798.75 1   0.0 -30.9   1023060450   0   4000       499450
    43  0 1 199.69  5198.75 1   0.0 -31.9   1023562000   0   4000       501550
    44  0 1 199.69  5200.00 1   0.0 -33.4   1024028100   0   3950       466100
    45  0 1 199.69  5200.00 1   0.0 -35.3   1024551750   0   4000       523650
    46  0 1 199.69  5198.75 1   0.0 -37.5   1025022100   0   4000       470350
    47  0 1 199.69  5200.00 1   0.0 -40.3   1025479400   0   3950       457300
    48  0 1 199.69  5200.00 1   0.0 -43.1   1025965650   0   3950       486250
    49  0 1 199.69  5200.00 1   0.0 -46.6   1026506500   0   4000       540850
    50  0 1 199.69  5298.75 1   0.0 -53.8   1027527400   0   4000      1020900
    51  0 1 199.69  5300.00 1   0.0 -57.5   1028008000   0   3950       480600
    52  0 1 199.69  5300.00 1   0.0 -61.6   1028545650   0   4000       537650
    53  0 1 199.69  5300.00 1   0.0 -65.9   1029079950   0   3950       534300
    54  0 1 199.69  5300.00 1   0.0 -70.0   2028850200   0   3950    999770250
    55  0 1 199.69  5300.00 1   0.0 -65.9   2029356400   0   3950       506200
    56  0 1 199.69  5300.00 1   0.0 -61.6   2029837000   0   3950       480600
    57  0 1 199.69  5300.00 1   0.0 -57.5   2030321550   0   4000       484550
    58  0 1 199.69  5398.75 1   0.0 -53.8   2030845100   0   3950       523550
    59  0 1 199.69  5398.75 1   0.0 -46.6   2031830250   0   3950       985150
    60  0 1 199.69  5398.75 1   0.0 -43.1   2032289850   0   3950       459600
    61  0 1 199.69  5398.75 1   0.0 -40.3   2032823100   0   4000       533250
    62  0 1 199.69  5400.00 1   0.0 -37.5   2033318200   0   3950       495100
