    NO  S V  AOA    FREQ    B  FMOP  AMP      TOA      PMOP  PW         dTOA  
------ -- - ------ -------- - ----- ----- ------------ --- ------ ------------
     0  0 1 199.69  5298.75 1   0.0 -70.0            0   0   4000  42949673000
     1  0 1 199.69  5300.00 1   0.0 -65.9       467650   0   4000       467650
     2  0 1 199.69  5300.00 1   0.0 -61.6       930000   0   3950       462350
     3  0 1 199.69  5300.00 1   0.0 -53.8      1960400   0   4000      1030400
     4  0 1 199.69  5300.00 1   0.0 -50.0      2415250   0   4000       454850
     5  0 1 199.69  5298.75 1   0.0 -46.6      2890600   0   4000       475350
     6  0 1 199.69  5300.00 1   0.0 -43.1      3416150   0   4000       525550
     7  0 1 199.69  5398.75 1   0.0 -40.3      3930700   0   4000       514550
     8  0 1 199.69  5400.00 1   0.0 -37.5      4420450   0   3950       489750
     9  0 1 199.69  5400.00 1   0.0 -35.3      4887900   0   4000       467450
    10  0 1 199.69  5400.00 1   0.0 -33.4      5414850   0   4000       526950
    11  0 1 199.69  5400.00 1   0.0 -31.9      5959700   0   4000       544850
    12  0 1 199.69  5398.75 1   0.0 -30.3      6908800   0   3950       949100
    13  0 1 199.69  5398.75 1   0.0 -30.0      7424750   0   3950       515950
    14  0 1 199.69  5498.75 1   0.0 -30.3      7899100   0   4000       474350
    15  0 1 199.69  5500.00 1   0.0 -30.9      8436350   0   3950       537250
    16  0 1 199.69  5500.00 1   0.0 -31.9      8964850   0   4000       528500
    17  0 1 199.69  5500.00 1   0.0 -33.4      9413600   0   4000       448750
    18  0 1 199.69  5500.00 1   0.0 -35.3      9931850   0   3950       518250
    19  0 1 199.69  5500.00 1   0.0 -37.5     10400350   0   4000       468500
    20  0 1 199.69  5500.00 1   0.0 -40.3     10924350   0   4000       524000
    21  0 1 199.69  5600.00 1   0.0 -46.6     12001700   0   3950      1077350
    22  0 1 199.69  5600.00 1   0.0 -50.0     12525950   0   3950       524250
    23  0 1 199.69  5600.00 1   0.0 -53.8     13017150   0   4000       491200
    24  0 1 199.69  5600.00 1   0.0 -57.5     13515250   0   3950       498100
    25  0 1 199.69  5600.00 1   0.0 -61.6     14023350   0   3950       508100
    26  0 1 199.69  5598.75 1   0.0 -65.9     14554050   0   4000       530700
    27  0 1 199.69  5600.00 1   0.0 -70.0   1014278950   0   4000    999724900
    28  0 1 199.69  5600.00 1   0.0 -65.9   1014766800   0   4000       487850
    29  0 1 199.69  5700.00 1   0.0 -61.6   1015251000   0   3950       484200
    30  0 1 199.69  5700.00 1   0.0 -53.8   1016226000   0   3950       975000
    31  0 1 199.69  5700.00 1   0.0 -50.0   1016682750   0   4000       456750
    32  0 1 199.69  5700.00 1   0.0 -46.6   1017232450   0   3950       549700
    33  0 1 199.69  5700.00 1   0.0 -43.1   1017744300   0   4000       511850
    34  0 1 199.69  5700.00 1   0.0 -40.3   1018234550   0   3950       490250
    35  0 1 199.69  5698.75 1   0.0 -37.5   1018769300   0   3950       534750
    36  0 1 199.69  5800.00 1   0.0 -35.3   1019265150   0   4000       495850
    37  0 1 199.69  5800.00 1   0.0 -33.4   1019775000   0   3950       509850
    38  0 1 199.69  5800.00 1   0.0 -31.9   1020301900   0   4000       526900
    39  0 1 199.69  5800.00 1   0.0 -30.3   1021314100   0   3950      1012200
    40  0 1 199.69  5800.00 1   0.0 -30.0   1021769650   0   4000       455550
    41  0 1 199.69  5798.75 1   0.0 -30.3   1022237800   0   3950       468150
    42  0 1 199.69  5800.00 1   0.0 -30.9   1022691500   0   3950       453700
    43  0 1 199.69  5200.00 1   0.0 -31.9   1023186700   0   3950       495200
    44  0 1 199.69  5200.00 1   0.0 -33.4   1023680550   0   3950       493850
    45  0 1 199.69  5200.00 1   0.0 -35.3   1024227700   0   3950       547150
    46  0 1 199.69  5200.00 1   0.0 -37.5   1024684850   0   4000       457150
    47  0 1 199.69  5198.75 1   0.0 -40.3   1025210150   0   3950       525300
    48  0 1 199.69  5198.75 1   0.0 -46.6   1026173150   0   4000       963000
    49  0 1 199.69  5198.75 1   0.0 -50.0   1026724450   0   3950       551300
    50  0 1 199.69  5300.00 1   0.0 -53.8   1027197700   0   3950       473250
    51  0 1 199.69  5300.00 1   0.0 -57.5   1027662150   0   3950       464450
    52  0 1 199.69  5298.75 1   0.0 -61.6   1028167350   0   3950       505200
    53  0 1 199.69  5300.00 1   0.0 -65.9   1028700050   0   3950       532700
    54  0 1 199.69  5300.00 1   0.0 -70.0   2028409000   0   3950    999708950
    55  0 1 199.69  5300.00 1   0.0 -65.9   2028930800   0   4000       521800
    56  0 1 199.69  5300.00 1   0.0 -61.6   2029402300   0   3950       471500
    57  0 1 199.69  5400.00 1   0.0 -53.8   2030401200   0   4000       998900
    58  0 1 199.69  5400.00 1   0.0 -50.0   2030900350   0   4000       499150
    59  0 1 199.69  5400.00 1   0.0 -46.6   2031358150   0   3950       457800
    60  0 1 199.69  5400.00 1   0.0 -43.1   2031904450   0   3950       546300
    61  0 1 199.69  5398.75 1   0.0 -40.3   2032389300   0   4000       484850
    62  0 1 199.69  5400.00 1   0.0 -37.5   2032850000   0   4000       460700
