    NO  S V  AOA    FREQ    B  FMOP  AMP      TOA      PMOP  PW         dTOA  
------ -- - ------ -------- - ----- ----- ------------ --- ------ ------------
     0  0 1 199.69  5300.00 1   0.0 -70.0            0   0   3950  42949673000
     1  0 1 199.69  5300.00 1   0.0 -65.9       535600   0   4000       535600
     2  0 1 199.69  5300.00 1   0.0 -61.6      1056700   0   3950       521100
     3  0 1 199.69  5300.00 1   0.0 -57.5      1541200   0   4000       484500
     4  0 1 199.69  5298.75 1   0.0 -53.8      2017650   0   3950       476450
     5  0 1 199.69  5300.00 1   0.0 -46.6      3024800   0   3950      1007150
     6  0 1 199.69  5300.00 1   0.0 -43.1      3487450   0   3950       462650
     7  0 1 199.69  5398.75 1   0.0 -40.3      4019050   0   3950       531600
     8  0 1 199.69  5400.00 1   0.0 -37.5      4493200   0   4000       474150
     9  0 1 199.69  5398.75 1   0.0 -35.3      5013650   0   3950       520450
    10  0 1 199.69  5398.75 1   0.0 -33.4      5465450   0   4000       451800
    11  0 1 199.69  5398.75 1   0.0 -31.9      6008700   0   4000       543250
    12  0 1 199.69  5398.75 1   0.0 -30.9      6505800   0   4000       497100
    13  0 1 199.69  5400.00 1   0.0 -30.3      7006250   0   4000       500450
    14  0 1 199.69  5500.00 1   0.0 -30.3      8043250   0   4000      1037000
    15  0 1 199.69  5498.75 1   0.0 -30.9      8515100   0   4000       471850
    16  0 1 199.69  5500.00 1   0.0 -31.9      8981500   0   3950       466400
    17  0 1 199.69  5500.00 1   0.0 -33.4      9467050   0   4000       485550
    18  0 1 199.69  5498.75 1   0.0 -35.3      9989050   0   4000       522000
    19  0 1 199.69  5500.00 1   0.0 -37.5     10510350   0   4000       521300
    20  0 1 199.69  5498.75 1   0.0 -40.3     10994550   0   3950       484200
    21  0 1 199.69  5500.00 1   0.0 -43.1     11539200   0   4000       544650
    22  0 1 199.69  5598.75 1   0.0 -46.6     12077800   0   4000       538600
    23  0 1 199.69  5598.75 1   0.0 -53.8     13058500   0   3950       980700
    24  0 1 199.69  5600.00 1   0.0 -57.5     13527450   0   4000       468950
    25  0 1 199.69  5600.00 1   0.0 -61.6     14039700   0   3950       512250
    26  0 1 199.69  5600.00 1   0.0 -65.9     14523800   0   3950       484100
    27  0 1 199.69  5600.00 1   0.0 -70.0   1014232550   0   3950    999708750
    28  0 1 199.69  5600.00 1   0.0 -65.9   1014682400   0   4000       449850
    29  0 1 199.69  5698.75 1   0.0 -61.6   1015191450   0   3950       509050
    30  0 1 199.69  5700.00 1   0.0 -57.5   1015732200   0   3950       540750
    31  0 1 199.69  5700.00 1   0.0 -53.8   1016276600   0   4000       544400
    32  0 1 199.69  5700.00 1   0.0 -46.6   1017305700   0   3950      1029100
    33  0 1 199.69  5698.75 1   0.0 -43.1   1017801400   0   4000       495700
    34  0 1 199.69  5700.00 1   0.0 -40.3   1018318700   0   3950       517300
    35  0 1 199.69  5698.75 1   0.0 -37.5   1018855850   0   4000       537150
    36  0 1 199.69  5800.00 1   0.0 -35.3   1019306500   0   3950       450650
    37  0 1 199.69  5800.00 1   0.0 -33.4   1019810850   0   3950       504350
    38  0 1 199.69  5800.00 1   0.0 -31.9   1020351700   0   3950       540850
    39  0 1 199.69  5800.00 1   0.0 -30.9   1020819100   0   4000       467400
    40  0 1 199.69  5800.00 1   0.0 -30.3   1021345400   0   4000       526300
    41  0 1 199.69  5798.75 1   0.0 -30.3   1022271100   0   4000       925700
    42  0 1 199.69  5800.00 1   0.0 -30.9   1022776400   0   4000       505300
    43  0 1 199.69  5200.00 1   0.0 -31.9   1023292550   0   4000       516150
    44  0 1 199.69  5200.00 1   0.0 -33.4   1023767050   0   4000       474500
    45  0 1 199.69  5198.75 1   0.0 -35.3   1024234950   0   4000       467900
    46  0 1 199.69  5200.00 1   0.0 -37.5   1024732950   0   4000       498000
    47  0 1 199.69  5200.00 1   0.0 -40.3   1025191450   0   4000       458500
    48  0 1 199.69  5200.00 1   0.0 -43.1   1025684950   0   4000       493500
    49  0 1 199.69  5198.75 1   0.0 -46.6   1026134850   0   4000       449900
    50  0 1 199.69  5298.75 1   0.0 -53.8   1027195100   0   4000      1060250
    51  0 1 199.69  5298.75 1   0.0 -57.5   1027685350   0   3950       490250
    52  0 1 199.69  5298.75 1   0.0 -61.6   1028227500   0   4000       542150
    53  0 1 199.69  5298.75 1   0.0 -65.9   1028724400   0   3950       496900
    54  0 1 199.69  5300.00 1   0.0 -70.0   2028425650   0   3950    999701250
    55  0 1 199.69  5298.75 1   0.0 -65.9   2028951800   0   3950       526150
    56  0 1 199.69  5300.00 1   0.0 -61.6   2029444300   0   4000       492500
    57  0 1 199.69  5300.00 1   0.0 -57.5   2029897850   0   3950       453550
    58  0 1 199.69  5398.75 1   0.0 -53.8   2030442100   0   3950       544250
    59  0 1 199.69  5400.00 1   0.0 -46.6   2031405650   0   4000       963550
    60  0 1 199.69  5400.00 1   0.0 -43.1   2031880700   0   4000       475050
    61  0 1 199.69  5398.75 1   0.0 -40.3   2032393400   0   4000       512700
    62  0 1 199.69  5400.00 1   0.0 -37.5   2032857200   0   3950       463800
