    NO  S V  AOA    FREQ    B  FMOP  AMP      TOA      PMOP  PW         dTOA  
------ -- - ------ -------- - ----- ----- ------------ --- ------ ------------
     0  0 1 199.69  5300.00 1   0.0 -70.0            0   0   4000  42949673000
     1  0 1 199.69  5300.00 1   0.0 -65.9       486950   0   3950       486950
     2  0 1 199.69  5300.00 1   0.0 -57.5      1398450   0   3950       911500
     3  0 1 199.69  5298.75 1   0.0 -53.8      1883300   0   3950       484850
     4  0 1 199.69  5300.00 1   0.0 -50.0      2391250   0   4000       507950
     5  0 1 199.69  5300.00 1   0.0 -46.6      2920150   0   4000       528900
     6  0 1 199.69  5300.00 1   0.0 -43.1      3434800   0   3950       514650
     7  0 1 199.69  5400.00 1   0.0 -40.3      3896050   0   4000       461250
     8  0 1 199.69  5400.00 1   0.0 -37.5      4412100   0   3950       516050
     9  0 1 199.69  5400.00 1   0.0 -35.3      4911600   0   4000       499500
    10  0 1 199.69  5400.00 1   0.0 -33.4      5449300   0   4000       537700
    11  0 1 199.69  5400.00 1   0.0 -30.9      6399850   0   4000       950550
    12  0 1 199.69  5400.00 1   0.0 -30.3      6909450   0   4000       509600
    13  0 1 199.69  5400.00 1   0.0 -30.0      7407450   0   3950       498000
    14  0 1 199.69  5500.00 1   0.0 -30.3      7894250   0   3950       486800
    15  0 1 199.69  5500.00 1   0.0 -30.9      8402050   0   4000       507800
    16  0 1 199.69  5500.00 1   0.0 -31.9      8856850   0   4000       454800
    17  0 1 199.69  5500.00 1   0.0 -33.4      9403800   0   3950       546950
    18  0 1 199.69  5500.00 1   0.0 -35.3      9898150   0   3950       494350
    19  0 1 199.69  5498.75 1   0.0 -37.5     10380550   0   3950       482400
    20  0 1 199.69  5498.75 1   0.0 -43.1     11430400   0   3950      1049850
    21  0 1 199.69  5600.00 1   0.0 -46.6     11965450   0   4000       535050
    22  0 1 199.69  5600.00 1   0.0 -50.0     12432200   0   4000       466750
    23  0 1 199.69  5598.75 1   0.0 -53.8     12956300   0   3950       524100
    24  0 1 199.69  5600.00 1   0.0 -57.5     13452900   0   3950       496600
    25  0 1 199.69  5598.75 1   0.0 -61.6     13970750   0   4000       517850
    26  0 1 199.69  5600.00 1   0.0 -65.9     14451150   0   4000       480400
    27  0 1 199.69  5598.75 1   0.0 -70.0   1014238400   0   4000    999787250
    28  0 1 199.69  5600.00 1   0.0 -65.9   1014754400   0   3950       516000
    29  0 1 199.69  5700.00 1   0.0 -57.5   1015771500   0   4000      1017100
    30  0 1 199.69  5698.75 1   0.0 -53.8   1016275650   0   3950       504150
    31  0 1 199.69  5700.00 1   0.0 -50.0   1016823500   0   3950       547850
    32  0 1 199.69  5698.75 1   0.0 -46.6   1017318950   0   4000       495450
    33  0 1 199.69  5700.00 1   0.0 -43.1   1017846100   0   3950       527150
    34  0 1 199.69  5698.75 1   0.0 -40.3   1018311500   0   4000       465400
    35  0 1 199.69  5700.00 1   0.0 -37.5   1018840900   0   4000       529400
    36  0 1 199.69  5800.00 1   0.0 -35.3   1019371250   0   3950       530350
    37  0 1 199.69  5798.75 1   0.0 -33.4   1019849550   0   4000       478300
    38  0 1 199.69  5800.00 1   0.0 -30.9   1020899650   0   4000      1050100
    39  0 1 199.69  5800.00 1   0.0 -30.3   1021405750   0   4000       506100
    40  0 1 199.69  5800.00 1   0.0 -30.0   1021938150   0   3950       532400
    41  0 1 199.69  5800.00 1   0.0 -30.3   1022399100   0   3950       460950
    42  0 1 199.69  5800.00 1   0.0 -30.9   1022931950   0   4000       532850
    43  0 1 199.69  5200.00 1   0.0 -31.9   1023467950   0   3950       536000
    44  0 1 199.69  5198.75 1   0.0 -33.4   1023967300   0   3950       499350
    45  0 1 199.69  5198.75 1   0.0 -35.3   1024449600   0   3950       482300
    46  0 1 199.69  5198.75 1   0.0 -37.5   1024961450   0   4000       511850
    47  0 1 199.69  5198.75 1   0.0 -43.1   1025940800   0   4000       979350
    48  0 1 199.69  5200.00 1   0.0 -46.6   1026480450   0   3950       539650
    49  0 1 199.69  5200.00 1   0.0 -50.0   1027024350   0   4000       543900
    50  0 1 199.69  5300.00 1   0.0 -53.8   1027562850   0   4000       538500
    51  0 1 199.69  5300.00 1   0.0 -57.5   1028019350   0   4000       456500
    52  0 1 199.69  5300.00 1   0.0 -61.6   1028476000   0   4000       456650
    53  0 1 199.69  5300.00 1   0.0 -65.9   1029017550   0   3950       541550
    54  0 1 199.69  5300.00 1   0.0 -70.0   2028723550   0   3950    999706000
    55  0 1 199.69  5300.00 1   0.0 -65.9   2029266950   0   3950       543400
    56  0 1 199.69  5300.00 1   0.0 -57.5   2030244600   0   3950       977650
    57  0 1 199.69  5400.00 1   0.0 -53.8   2030768050   0   4000       523450
    58  0 1 199.69  5400.00 1   0.0 -50.0   2031256250   0   3950       488200
    59  0 1 199.69  5398.75 1   0.0 -46.6   2031717200   0   4000       460950
    60  0 1 199.69  5400.00 1   0.0 -43.1   2032252050   0   4000       534850
    61  0 1 199.69  5400.00 1   0.0 -40.3   2032756900   0   4000       504850
    62  0 1 199.69  5400.00 1   0.0 -37.5   2033272500   0   4000       515600
