    NO  S V  AOA    FREQ    B  FMOP  AMP      TOA      PMOP  PW         dTOA  
------ -- - ------ -------- - ----- ----- ------------ --- ------ ------------
     0  0 1 199.69  5300.00 1   0.0 -70.0            0   0   4000  42949673000
     1  0 1 199.69  5300.00 1   0.0 -65.9       475750   0   4000       475750
     2  0 1 199.69  5300.00 1   0.0 -61.6       928100   0   4000       452350
     3  0 1 199.69  5300.00 1   0.0 -57.5      1420450   0   4000       492350
     4  0 1 199.69  5298.75 1   0.0 -53.8      1890200   0   3950       469750
     5  0 1 199.69  5298.75 1   0.0 -46.6      2919650   0   4000      1029450
     6  0 1 199.69  5298.75 1   0.0 -43.1      3464450   0   4000       544800
     7  0 1 199.69  5398.75 1   0.0 -40.3      4006650   0   3950       542200
     8  0 1 199.69  5398.75 1   0.0 -37.5      4471350   0   3950       464700
     9  0 1 199.69  5398.75 1   0.0 -35.3      5020400   0   3950       549050
    10  0 1 199.69  5400.00 1   0.0 -33.4      5557950   0   3950       537550
    11  0 1 199.69  5398.75 1   0.0 -31.9      6008000   0   3950       450050
    12  0 1 199.69  5400.00 1   0.0 -30.9      6525000   0   3950       517000
    13  0 1 199.69  5400.00 1   0.0 -30.3      7052650   0   3950       527650
    14  0 1 199.69  5500.00 1   0.0 -30.3      8019600   0   4000       966950
    15  0 1 199.69  5500.00 1   0.0 -30.9      8542000   0   4000       522400
    16  0 1 199.69  5500.00 1   0.0 -31.9      9023550   0   4000       481550
    17  0 1 199.69  5498.75 1   0.0 -33.4      9474300   0   4000       450750
    18  0 1 199.69  5500.00 1   0.0 -35.3      9936950   0   4000       462650
    19  0 1 199.69  5498.75 1   0.0 -37.5     10451050   0   3950       514100
    20  0 1 199.69  5500.00 1   0.0 -40.3     10935350   0   3950       484300
    21  0 1 199.69  5500.00 1   0.0 -43.1     11416250   0   4000       480900
    22  0 1 199.69  5600.00 1   0.0 -46.6     11922500   0   4000       506250
    23  0 1 199.69  5600.00 1   0.0 -53.8     12976900   0   4000      1054400
    24  0 1 199.69  5600.00 1   0.0 -57.5     13470900   0   4000       494000
    25  0 1 199.69  5600.00 1   0.0 -61.6     13950050   0   3950       479150
    26  0 1 199.69  5598.75 1   0.0 -65.9     14435150   0   3950       485100
    27  0 1 199.69  5600.00 1   0.0 -70.0   1014181650   0   4000    999746500
    28  0 1 199.69  5600.00 1   0.0 -65.9   1014645900   0   4000       464250
    29  0 1 199.69  5700.00 1   0.0 -61.6   1015192400   0   3950       546500
    30  0 1 199.69  5700.00 1   0.0 -57.5   1015720100   0   4000       527700
    31  0 1 199.69  5700.00 1   0.0 -53.8   1016223950   0   3950       503850
    32  0 1 199.69  5700.00 1   0.0 -46.6   1017147350   0   3950       923400
    33  0 1 199.69  5698.75 1   0.0 -43.1   1017645400   0   4000       498050
    34  0 1 199.69  5698.75 1   0.0 -40.3   1018163300   0   3950       517900
    35  0 1 199.69  5700.00 1   0.0 -37.5   1018646900   0   4000       483600
    36  0 1 199.69  5800.00 1   0.0 -35.3   1019168550   0   3950       521650
    37  0 1 199.69  5800.00 1   0.0 -33.4   1019699150   0   4000       530600
    38  0 1 199.69  5798.75 1   0.0 -31.9   1020206600   0   4000       507450
    39  0 1 199.69  5800.00 1   0.0 -30.9   1020685000   0   3950       478400
    40  0 1 199.69  5798.75 1   0.0 -30.3   1021179900   0   3950       494900
    41  0 1 199.69  5798.75 1   0.0 -30.3   1022194300   0   4000      1014400
    42  0 1 199.69  5800.00 1   0.0 -30.9   1022664050   0   4000       469750
    43  0 1 199.69  5200.00 1   0.0 -31.9   1023198700   0   3950       534650
    44  0 1 199.69  5200.00 1   0.0 -33.4   1023674450   0   4000       475750
    45  0 1 199.69  5200.00 1   0.0 -35.3   1024154100   0   4000       479650
    46  0 1 199.69  5200.00 1   0.0 -37.5   1024658250   0   4000       504150
    47  0 1 199.69  5198.75 1   0.0 -40.3   1025177850   0   4000       519600
    48  0 1 199.69  5200.00 1   0.0 -43.1   1025724200   0   4000       546350
    49  0 1 199.69  5200.00 1   0.0 -46.6   1026274550   0   3950       550350
    50  0 1 199.69  5300.00 1   0.0 -53.8   1027322250   0   4000      1047700
    51  0 1 199.69  5298.75 1   0.0 -57.5   1027866750   0   3950       544500
    52  0 1 199.69  5298.75 1   0.0 -61.6   1028354200   0   3950       487450
    53  0 1 199.69  5300.00 1   0.0 -65.9   1028833700   0   4000       479500
    54  0 1 199.69  5300.00 1   0.0 -70.0   2028571900   0   3950    999738200
    55  0 1 199.69  5300.00 1   0.0 -65.9   2029075000   0   4000       503100
    56  0 1 199.69  5300.00 1   0.0 -61.6   2029595900   0   4000       520900
    57  0 1 199.69  5300.00 1   0.0 -57.5   2030086300   0   3950       490400
    58  0 1 199.69  5400.00 1   0.0 -53.8   2030625850   0   4000       539550
    59  0 1 199.69  5398.75 1   0.0 -46.6   2031627000   0   3950      1001150
    60  0 1 199.69  5400.00 1   0.0 -43.1   2032089900   0   4000       462900
    61  0 1 199.69  5400.00 1   0.0 -40.3   2032542550   0   4000       452650
    62  0 1 199.69  5398.75 1   0.0 -37.5   2033013900   0   3950       471350
