    NO  S V  AOA    FREQ    B  FMOP  AMP      TOA      PMOP  PW         dTOA  
------ -- - ------ -------- - ----- ----- ------------ --- ------ ------------
     0  0 1 199.69  5298.75 1   0.0 -70.0            0   0   3950  42949673000
     1  0 1 199.69  5300.00 1   0.0 -65.9       501500   0   3950       501500
     2  0 1 199.69  5300.00 1   0.0 -57.5      1466300   0   4000       964800
     3  0 1 199.69  5300.00 1   0.0 -53.8      1949250   0   4000       482950
     4  0 1 199.69  5298.75 1   0.0 -50.0      2407500   0   4000       458250
     5  0 1 199.69  5300.00 1   0.0 -46.6      2865350   0   3950       457850
     6  0 1 199.69  5300.00 1   0.0 -43.1      3379050   0   3950       513700
     7  0 1 199.69  5398.75 1   0.0 -40.3      3898350   0   3950       519300
     8  0 1 199.69  5398.75 1   0.0 -37.5      4410350   0   3950       512000
     9  0 1 199.69  5400.00 1   0.0 -35.3      4881000   0   3950       470650
    10  0 1 199.69  5398.75 1   0.0 -33.4      5347500   0   4000       466500
    11  0 1 199.69  5398.75 1   0.0 -30.9      6352600   0   3950      1005100
    12  0 1 199.69  5398.75 1   0.0 -30.3      6809400   0   3950       456800
    13  0 1 199.69  5398.75 1   0.0 -30.0      7349600   0   3950       540200
    14  0 1 199.69  5498.75 1   0.0 -30.3      7872950   0   4000       523350
    15  0 1 199.69  5500.00 1   0.0 -30.9      8349300   0   4000       476350
    16  0 1 199.69  5500.00 1   0.0 -31.9      8896600   0   4000       547300
    17  0 1 199.69  5500.00 1   0.0 -33.4      9410750   0   4000       514150
    18  0 1 199.69  5500.00 1   0.0 -35.3      9889150   0   4000       478400
    19  0 1 199.69  5500.00 1   0.0 -37.5     10415400   0   3950       526250
    20  0 1 199.69  5500.00 1   0.0 -43.1     11329500   0   3950       914100
    21  0 1 199.69  5600.00 1   0.0 -46.6     11854950   0   3950       525450
    22  0 1 199.69  5598.75 1   0.0 -50.0     12388500   0   3950       533550
    23  0 1 199.69  5598.75 1   0.0 -53.8     12911750   0   4000       523250
    24  0 1 199.69  5598.75 1   0.0 -57.5     13435500   0   3950       523750
    25  0 1 199.69  5600.00 1   0.0 -61.6     13905700   0   4000       470200
    26  0 1 199.69  5600.00 1   0.0 -65.9     14433150   0   3950       527450
    27  0 1 199.69  5598.75 1   0.0 -70.0   1014217750   0   3950    999784600
    28  0 1 199.69  5600.00 1   0.0 -65.9   1014729000   0   3950       511250
    29  0 1 199.69  5700.00 1   0.0 -57.5   1015680200   0   3950       951200
    30  0 1 199.69  5698.75 1   0.0 -53.8   1016130900   0   3950       450700
    31  0 1 199.69  5700.00 1   0.0 -50.0   1016658800   0   3950       527900
    32  0 1 199.69  5698.75 1   0.0 -46.6   1017202300   0   3950       543500
    33  0 1 199.69  5700.00 1   0.0 -43.1   1017737250   0   4000       534950
    34  0 1 199.69  5700.00 1   0.0 -40.3   1018207300   0   3950       470050
    35  0 1 199.69  5698.75 1   0.0 -37.5   1018683750   0   4000       476450
    36  0 1 199.69  5800.00 1   0.0 -35.3   1019141000   0   3950       457250
    37  0 1 199.69  5800.00 1   0.0 -33.4   1019686200   0   4000       545200
    38  0 1 199.69  5800.00 1   0.0 -30.9   1020692500   0   4000      1006300
    39  0 1 199.69  5798.75 1   0.0 -30.3   1021170450   0   3950       477950
    40  0 1 199.69  5800.00 1   0.0 -30.0   1021715700   0   4000       545250
    41  0 1 199.69  5800.00 1   0.0 -30.3   1022229750   0   4000       514050
    42  0 1 199.69  5800.00 1   0.0 -30.9   1022691750   0   4000       462000
    43  0 1 199.69  5200.00 1   0.0 -31.9   1023146950   0   3950       455200
    44  0 1 199.69  5200.00 1   0.0 -33.4   1023663350   0   3950       516400
    45  0 1 199.69  5198.75 1   0.0 -35.3   1024188150   0   4000       524800
    46  0 1 199.69  5200.00 1   0.0 -37.5   1024725450   0   4000       537300
    47  0 1 199.69  5200.00 1   0.0 -43.1   1025749550   0   3950      1024100
    48  0 1 199.69  5200.00 1   0.0 -46.6   1026277900   0   4000       528350
    49  0 1 199.69  5200.00 1   0.0 -50.0   1026740850   0   4000       462950
    50  0 1 199.69  5300.00 1   0.0 -53.8   1027242200   0   3950       501350
    51  0 1 199.69  5298.75 1   0.0 -57.5   1027705900   0   3950       463700
    52  0 1 199.69  5300.00 1   0.0 -61.6   1028162700   0   3950       456800
    53  0 1 199.69  5300.00 1   0.0 -65.9   1028707650   0   4000       544950
    54  0 1 199.69  5300.00 1   0.0 -70.0   2028414200   0   3950    999706550
    55  0 1 199.69  5298.75 1   0.0 -65.9   2028889100   0   3950       474900
    56  0 1 199.69  5298.75 1   0.0 -57.5   2029891750   0   4000      1002650
    57  0 1 199.69  5400.00 1   0.0 -53.8   2030389250   0   3950       497500
    58  0 1 199.69  5400.00 1   0.0 -50.0   2030935250   0   4000       546000
    59  0 1 199.69  5400.00 1   0.0 -46.6   2031421400   0   3950       486150
    60  0 1 199.69  5400.00 1   0.0 -43.1   2031922800   0   4000       501400
    61  0 1 199.69  5400.00 1   0.0 -40.3   2032455850   0   4000       533050
    62  0 1 199.69  5398.75 1   0.0 -37.5   2032981500   0   4000       525650
