    NO  S V  AOA    FREQ    B  FMOP  AMP      TOA      PMOP  PW         dTOA  
------ -- - ------ -------- - ----- ----- ------------ --- ------ ------------
     0  0 1 199.69  5298.75 1   0.0 -70.0            0   0   3950  42949673000
     1  0 1 199.69  5300.00 1   0.0 -65.9       482550   0   3950       482550
     2  0 1 199.69  5300.00 1   0.0 -57.5      1450550   0   3950       968000
     3  0 1 199.69  5298.75 1   0.0 -53.8      1953850   0   3950       503300
     4  0 1 199.69  5300.00 1   0.0 -50.0      2405800   0   4000       451950
     5  0 1 199.69  5298.75 1   0.0 -46.6      2911100   0   4000       505300
     6  0 1 199.69  5300.00 1   0.0 -43.1      3413850   0   3950       502750
     7  0 1 199.69  5400.00 1   0.0 -40.3      3956650   0   3950       542800
     8  0 1 199.69  5400.00 1   0.0 -37.5      4453600   0   4000       496950
     9  0 1 199.69  5400.00 1   0.0 -35.3      4904500   0   3950       450900
    10  0 1 199.69  5400.00 1   0.0 -33.4      5420300   0   4000       515800
    11  0 1 199.69  5400.00 1   0.0 -30.9      6389550   0   3950       969250
    12  0 1 199.69  5400.00 1   0.0 -30.3      6899400   0   3950       509850
    13  0 1 199.69  5400.00 1   0.0 -30.0      7405950   0   3950       506550
    14  0 1 199.69  5500.00 1   0.0 -30.3      7928900   0   4000       522950
    15  0 1 199.69  5500.00 1   0.0 -30.9      8404800   0   3950       475900
    16  0 1 199.69  5500.00 1   0.0 -31.9      8936000   0   4000       531200
    17  0 1 199.69  5500.00 1   0.0 -33.4      9413050   0   4000       477050
    18  0 1 199.69  5500.00 1   0.0 -35.3      9945150   0   4000       532100
    19  0 1 199.69  5500.00 1   0.0 -37.5     10414950   0   4000       469800
    20  0 1 199.69  5500.00 1   0.0 -43.1     11358550   0   3950       943600
    21  0 1 199.69  5600.00 1   0.0 -46.6     11878800   0   4000       520250
    22  0 1 199.69  5598.75 1   0.0 -50.0     12405450   0   4000       526650
    23  0 1 199.69  5600.00 1   0.0 -53.8     12935200   0   3950       529750
    24  0 1 199.69  5598.75 1   0.0 -57.5     13396000   0   4000       460800
    25  0 1 199.69  5600.00 1   0.0 -61.6     13925800   0   3950       529800
    26  0 1 199.69  5600.00 1   0.0 -65.9     14414300   0   3950       488500
    27  0 1 199.69  5598.75 1   0.0 -70.0   1014117300   0   4000    999703000
    28  0 1 199.69  5600.00 1   0.0 -65.9   1014609050   0   3950       491750
    29  0 1 199.69  5700.00 1   0.0 -57.5   1015649150   0   3950      1040100
    30  0 1 199.69  5700.00 1   0.0 -53.8   1016102250   0   4000       453100
    31  0 1 199.69  5698.75 1   0.0 -50.0   1016600300   0   3950       498050
    32  0 1 199.69  5698.75 1   0.0 -46.6   1017096150   0   3950       495850
    33  0 1 199.69  5698.75 1   0.0 -43.1   1017555100   0   3950       458950
    34  0 1 199.69  5698.75 1   0.0 -40.3   1018049550   0   3950       494450
    35  0 1 199.69  5700.00 1   0.0 -37.5   1018593550   0   3950       544000
    36  0 1 199.69  5800.00 1   0.0 -35.3   1019135600   0   3950       542050
    37  0 1 199.69  5800.00 1   0.0 -33.4   1019636900   0   4000       501300
    38  0 1 199.69  5800.00 1   0.0 -30.9   1020646150   0   3950      1009250
    39  0 1 199.69  5800.00 1   0.0 -30.3   1021150350   0   4000       504200
    40  0 1 199.69  5800.00 1   0.0 -30.0   1021669150   0   3950       518800
    41  0 1 199.69  5800.00 1   0.0 -30.3   1022199050   0   3950       529900
    42  0 1 199.69  5800.00 1   0.0 -30.9   1022744150   0   4000       545100
    43  0 1 199.69  5200.00 1   0.0 -31.9   1023247650   0   4000       503500
    44  0 1 199.69  5198.75 1   0.0 -33.4   1023700050   0   3950       452400
    45  0 1 199.69  5198.75 1   0.0 -35.3   1024248600   0   4000       548550
    46  0 1 199.69  5198.75 1   0.0 -37.5   1024743950   0   4000       495350
    47  0 1 199.69  5200.00 1   0.0 -43.1   1025744900   0   3950      1000950
    48  0 1 199.69  5200.00 1   0.0 -46.6   1026200500   0   4000       455600
    49  0 1 199.69  5200.00 1   0.0 -50.0   1026660550   0   3950       460050
    50  0 1 199.69  5300.00 1   0.0 -53.8   1027115850   0   3950       455300
    51  0 1 199.69  5298.75 1   0.0 -57.5   1027653500   0   4000       537650
    52  0 1 199.69  5298.75 1   0.0 -61.6   1028134900   0   3950       481400
    53  0 1 199.69  5298.75 1   0.0 -65.9   1028605150   0   4000       470250
    54  0 1 199.69  5298.75 1   0.0 -70.0   2028358500   0   4000    999753350
    55  0 1 199.69  5298.75 1   0.0 -65.9   2028898950   0   4000       540450
    56  0 1 199.69  5300.00 1   0.0 -57.5   2029831150   0   3950       932200
    57  0 1 199.69  5400.00 1   0.0 -53.8   2030305800   0   3950       474650
    58  0 1 199.69  5398.75 1   0.0 -50.0   2030763100   0   3950       457300
    59  0 1 199.69  5400.00 1   0.0 -46.6   2031282950   0   4000       519850
    60  0 1 199.69  5398.75 1   0.0 -43.1   2031742550   0   3950       459600
    61  0 1 199.69  5398.75 1   0.0 -40.3   2032201850   0   3950       459300
    62  0 1 199.69  5400.00 1   0.0 -37.5   2032743300   0   4000       541450
