    NO  S V  AOA    FREQ    B  FMOP  AMP      TOA      PMOP  PW         dTOA  
------ -- - ------ -------- - ----- ----- ------------ --- ------ ------------
     0  0 1   9.84  5230.00 1   0.0 -70.0            0   0   1950  42949673000
     1  0 1   9.84  5252.50 1   0.0 -57.5      1000650   0   1950      1000650
     2  0 1   9.84  5243.75 1   0.0 -51.9      1500000   0   1950       499350
     3  0 1   9.84  5246.25 1   0.0 -46.6      2001050   0   2000       501050
     4  0 1   9.84  5235.00 1   0.0 -41.6      2498550   0   1950       497500
     5  0 1   9.84  5235.00 1   0.0 -37.5      2996950   0   2000       498400
     6  0 1   9.84  5255.00 1   0.0 -34.4      3494850   0   2000       497900
     7  0 1   9.84  5258.75 1   0.0 -31.9      3996350   0   2000       501500
     8  0 1   9.84  5245.00 1   0.0 -30.6      4496200   0   2000       499850
     9  0 1   9.84  5233.75 1   0.0 -30.0      4993700   0   1950       497500
    10  0 1   9.84  5258.75 1   0.0 -31.9      5994000   0   1950      1000300
    11  0 1   9.84  5245.00 1   0.0 -34.4      6491800   0   1950       497800
    12  0 1   9.84  5266.25 1   0.0 -37.5      6992600   0   2000       500800
    13  0 1   9.84  5261.25 1   0.0 -41.6      7493800   0   1950       501200
    14  0 1   9.84  5265.00 1   0.0 -46.6      7992900   0   2000       499100
    15  0 1   9.84  5257.50 1   0.0 -51.9      8494900   0   1950       502000
    16  0 1   9.84  5231.25 1   0.0 -57.5      8994700   0   1950       499800
    17  0 1   9.84  5255.00 1   0.0 -63.8      9493500   0   2000       498800
