    NO  S V  AOA    FREQ    B  FMOP  AMP      TOA      PMOP  PW         dTOA  
------ -- - ------ -------- - ----- ----- ------------ --- ------ ------------
     0  0 1   9.84  5248.75 1   0.0 -70.0            0   0   1950  42949673000
     1  0 1   9.84  5246.25 1   0.0 -63.8       500150   0   1950       500150
     2  0 1   9.84  5251.25 1   0.0 -57.5      1002150   0   1950       502000
     3  0 1   9.84  5266.25 1   0.0 -51.9      1499700   0   1950       497550
     4  0 1   9.84  5255.00 1   0.0 -46.6      2001550   0   1950       501850
     5  0 1   9.84  5245.00 1   0.0 -41.6      2499500   0   1950       497950
     6  0 1   9.84  5250.00 1   0.0 -37.5      2998550   0   2000       499050
     7  0 1   9.84  5238.75 1   0.0 -34.4      3499600   0   1950       501050
     8  0 1   9.84  5265.00 1   0.0 -30.6      4500050   0   2000      1000450
     9  0 1   9.84  5245.00 1   0.0 -30.0      4999200   0   2000       499150
    10  0 1   9.84  5251.25 1   0.0 -30.6      5498950   0   2000       499750
    11  0 1   9.84  5257.50 1   0.0 -31.9      6000800   0   1950       501850
    12  0 1   9.84  5256.25 1   0.0 -34.4      6502750   0   1950       501950
    13  0 1   9.84  5256.25 1   0.0 -37.5      7004250   0   1950       501500
    14  0 1   9.84  5236.25 1   0.0 -41.6      7504750   0   2000       500500
    15  0 1   9.84  5252.50 1   0.0 -46.6      8006350   0   2000       501600
    16  0 1   9.84  5258.75 1   0.0 -51.9      8505650   0   1950       499300
    17  0 1   9.84  5230.00 1   0.0 -63.8      9503750   0   1950       998100
