    NO  S V  AOA    FREQ    B  FMOP  AMP      TOA      PMOP  PW         dTOA  
------ -- - ------ -------- - ----- ----- ------------ --- ------ ------------
     0  0 1   9.84  5247.50 1   0.0 -70.0            0   0   2000  42949673000
     1  0 1   9.84  5251.25 1   0.0 -57.5       997700   0   2000       997700
     2  0 1   9.84  5243.75 1   0.0 -51.9      1497650   0   2000       499950
     3  0 1   9.84  5245.00 1   0.0 -46.6      1997550   0   2000       499900
     4  0 1   9.84  5260.00 1   0.0 -41.6      2498700   0   2000       501150
     5  0 1   9.84  5240.00 1   0.0 -37.5      2999650   0   1950       500950
     6  0 1   9.84  5248.75 1   0.0 -34.4      3500550   0   1950       500900
     7  0 1   9.84  5255.00 1   0.0 -31.9      4002100   0   1950       501550
     8  0 1   9.84  5248.75 1   0.0 -30.6      4501150   0   2000       499050
     9  0 1   9.84  5267.50 1   0.0 -30.0      5003100   0   1950       501950
    10  0 1   9.84  5261.25 1   0.0 -31.9      6004050   0   2000      1000950
    11  0 1   9.84  5233.75 1   0.0 -34.4      6502500   0   1950       498450
    12  0 1   9.84  5233.75 1   0.0 -37.5      7004400   0   2000       501900
    13  0 1   9.84  5266.25 1   0.0 -41.6      7506500   0   2000       502100
    14  0 1   9.84  5247.50 1   0.0 -46.6      8004150   0   1950       497650
    15  0 1   9.84  5262.50 1   0.0 -51.9      8505000   0   2000       500850
    16  0 1   9.84  5242.50 1   0.0 -57.5      9007150   0   1950       502150
    17  0 1   9.84  5235.00 1   0.0 -63.8      9506200   0   1950       499050
