    NO  S V  AOA    FREQ    B  FMOP  AMP      TOA      PMOP  PW         dTOA  
------ -- - ------ -------- - ----- ----- ------------ --- ------ ------------
     0  0 1   9.84  5238.75 1   0.0 -70.0            0   0   1950  42949673000
     1  0 1   9.84  5232.50 1   0.0 -63.8       500400   0   1950       500400
     2  0 1   9.84  5255.00 1   0.0 -51.9      1498050   0   2000       997650
     3  0 1   9.84  5250.00 1   0.0 -46.6      1998950   0   1950       500900
     4  0 1   9.84  5251.25 1   0.0 -41.6      2496900   0   1950       497950
     5  0 1   9.84  5262.50 1   0.0 -37.5      2998250   0   2000       501350
     6  0 1   9.84  5265.00 1   0.0 -34.4      3497500   0   1950       499250
     7  0 1   9.84  5255.00 1   0.0 -31.9      3997150   0   2000       499650
     8  0 1   9.84  5248.75 1   0.0 -30.6      4499200   0   1950       502050
     9  0 1   9.84  5260.00 1   0.0 -30.0      5000500   0   1950       501300
    10  0 1   9.84  5265.00 1   0.0 -30.6      5498450   0   2000       497950
    11  0 1   9.84  5243.75 1   0.0 -34.4      6496850   0   1950       998400
    12  0 1   9.84  5255.00 1   0.0 -37.5      6995350   0   1950       498500
    13  0 1   9.84  5252.50 1   0.0 -41.6      7497150   0   1950       501800
    14  0 1   9.84  5256.25 1   0.0 -46.6      7998350   0   2000       501200
    15  0 1   9.84  5255.00 1   0.0 -51.9      8497200   0   2000       498850
    16  0 1   9.84  5235.00 1   0.0 -57.5      8997000   0   1950       499800
    17  0 1   9.84  5261.25 1   0.0 -63.8      9497000   0   1950       500000
