    NO  S V  AOA    FREQ    B  FMOP  AMP      TOA      PMOP  PW         dTOA  
------ -- - ------ -------- - ----- ----- ------------ --- ------ ------------
     0  0 1   9.84  5242.50 1   0.0 -70.0            0   0   1950  42949673000
     1  0 1   9.84  5250.00 1   0.0 -57.5      1003300   0   2000      1003300
     2  0 1   9.84  5247.50 1   0.0 -51.9      1501150   0   2000       497850
     3  0 1   9.84  5230.00 1   0.0 -46.6      2000000   0   1950       498850
     4  0 1   9.84  5233.75 1   0.0 -41.6      2500100   0   1950       500100
     5  0 1   9.84  5238.75 1   0.0 -37.5      3002500   0   1950       502400
     6  0 1   9.84  5265.00 1   0.0 -34.4      3504500   0   1950       502000
     7  0 1   9.84  5258.75 1   0.0 -31.9      4002950   0   2000       498450
     8  0 1   9.84  5255.00 1   0.0 -30.6      4502750   0   1950       499800
     9  0 1   9.84  5268.75 1   0.0 -30.0      5000700   0   2000       497950
    10  0 1   9.84  5245.00 1   0.0 -31.9      6001000   0   1950      1000300
    11  0 1   9.84  5233.75 1   0.0 -34.4      6501250   0   1950       500250
    12  0 1   9.84  5253.75 1   0.0 -37.5      6999750   0   2000       498500
    13  0 1   9.84  5240.00 1   0.0 -41.6      7497400   0   2000       497650
    14  0 1   9.84  5257.50 1   0.0 -46.6      7994950   0   1950       497550
    15  0 1   9.84  5252.50 1   0.0 -51.9      8492950   0   1950       498000
    16  0 1   9.84  5240.00 1   0.0 -57.5      8995350   0   2000       502400
    17  0 1   9.84  5253.75 1   0.0 -63.8      9495550   0   1950       500200
