    NO  S V  AOA    FREQ    B  FMOP  AMP      TOA      PMOP  PW         dTOA  
------ -- - ------ -------- - ----- ----- ------------ --- ------ ------------
     0  0 1  95.62 10114.00 2   0.0 -69.1       960200   0   1650  42950633200
     1  0 1  95.27 10015.00 2   0.0 -68.4      1920100   0   1900       959900
     2  0 1  94.22  9959.50 2   0.0 -67.5      2879650   0   1850       959550
     3  0 1  95.62  9952.00 2   0.0 -66.6      3840100   0   1700       960450
     4  0 1  95.62  9845.50 2   0.0 -65.9      4799750   0   1900       959650
     5  0 1  94.22  9892.00 2   0.0 -65.0      5759900   0   1600       960150
     6  0 1  95.27 10018.00 2   0.0 -64.1      6720100   0   1700       960200
     7  0 1  95.62  9916.00 2   0.0 -63.4      7690450   0   1600       970350
     8  0 1  94.92 10177.00 2   0.0 -62.5      8660100   0   1850       969650
     9  0 1  95.62  9947.50 2   0.0 -60.9     10600150   0   2000      1940050
    10  0 1  94.22 10019.50 2   0.0 -60.0     11570050   0   1700       969900
    11  0 1  95.27  9850.00 2   0.0 -59.4     12540050   0   2000       970000
    12  0 1  95.62  9889.00 2   0.0 -58.4     13509550   0   1850       969500
    13  0 1  94.22 10018.00 2   0.0 -57.5     14490000   0   2000       980450
    14  0 1  95.62 10003.00 2   0.0 -56.9     15470450   0   1950       980450
    15  0 1  94.22  9890.50 2   0.0 -55.9     16450750   0   1800       980300
    16  0 1  94.92  9949.00 2   0.0 -55.3     17430550   0   1700       979800
    17  0 1  94.57 10177.00 2   0.0 -54.4     18410950   0   1800       980400
    18  0 1  94.92  9814.00 2   0.0 -53.1     20370850   0   1650      1959900
    19  0 1  95.27  9862.00 2   0.0 -52.2     21360850   0   1850       990000
    20  0 1  95.27 10063.00 2   0.0 -51.6     22351250   0   1650       990400
    21  0 1  95.27  9803.50 2   0.0 -50.6     23341050   0   1550       989800
    22  0 1  94.92 10111.00 2   0.0 -50.0     24331350   0   1750       990300
    23  0 1  94.92  9844.00 2   0.0 -49.4     25321650   0   1950       990300
    24  0 1  94.22 10027.00 2   0.0 -48.4     26311900   0   1800       990250
    25  0 1  94.22 10178.50 2   0.0 -47.8     27302300   0   1750       990400
    26  0 1  94.22  9992.50 2   0.0 -47.2     28302600   0   1550      1000300
    27  0 1  94.57  9805.00 2   0.0 -45.9     30302250   0   1850      1999650
    28  0 1  95.62  9827.50 2   0.0 -45.0     31302550   0   1750      1000300
    29  0 1  94.22  9994.00 2   0.0 -44.4     32303000   0   1800      1000450
    30  0 1  95.27  9934.00 2   0.0 -43.8     33303100   0   1850      1000100
    31  0 1  94.22  9955.00 2   0.0 -43.1     34303500   0   2000      1000400
    32  0 1  95.62  9895.00 2   0.0 -42.5     35313950   0   1750      1010450
    33  0 1  95.62  9826.00 2   0.0 -41.9     36323550   0   2000      1009600
    34  0 1  94.92  9901.00 2   0.0 -41.6     37333500   0   1750      1009950
    35  0 1  94.57 10156.00 2   0.0 -40.9     38343150   0   1550      1009650
    36  0 1  95.62 10084.00 2   0.0 -39.7     40363000   0   1600      2019850
    37  0 1  94.22  9916.00 2   0.0 -39.1     41373400   0   1700      1010400
    38  0 1  94.22 10069.00 2   0.0 -38.8     42393150   0   1700      1019750
    39  0 1  94.92 10069.00 2   0.0 -38.1     43412850   0   1700      1019700
    40  0 1  94.57  9802.00 2   0.0 -37.5     44432750   0   1750      1019900
    41  0 1  94.22 10192.00 2   0.0 -37.2     45452300   0   1650      1019550
    42  0 1  94.22 10054.00 2   0.0 -36.6     46471850   0   1950      1019550
    43  0 1  94.57  9839.50 2   0.0 -36.3     47492200   0   2000      1020350
    44  0 1  94.22  9862.00 2   0.0 -35.9     48511900   0   1800      1019700
    45  0 1  94.57  9811.00 2   0.0 -35.0     50572100   0   1900      2060200
    46  0 1  95.27  9821.50 2   0.0 -34.7     51602350   0   1650      1030250
    47  0 1  95.27 10042.00 2   0.0 -34.1     52632050   0   1650      1029700
    48  0 1  95.27  9893.50 2   0.0 -33.8     53662350   0   1650      1030300
    49  0 1  95.27  9886.00 2   0.0 -33.4     54692150   0   1600      1029800
    50  0 1  95.62  9955.00 2   0.0 -33.1     55722250   0   1750      1030100
    51  0 1  95.27  9932.50 2   0.0 -32.8     56681950   0   1600       959700
    52  0 1  94.92  9851.50 2   0.0 -32.5     57642150   0   1650       960200
    53  0 1  95.27 10177.00 2   0.0 -32.2     58601950   0   1550       959800
    54  0 1  94.57 10078.00 2   0.0 -31.6     60521950   0   1800      1920000
    55  0 1  95.62 10066.00 2   0.0 -31.6     61482050   0   1550       960100
    56  0 1  95.27  9899.50 2   0.0 -31.3     62442500   0   1600       960450
    57  0 1  94.57  9799.00 2   0.0 -30.9     63412000   0   2000       969500
    58  0 1  94.22  9910.00 2   0.0 -30.9     64382450   0   1700       970450
    59  0 1  94.57 10093.00 2   0.0 -30.6     65352050   0   1850       969600
    60  0 1  94.22 10195.00 2   0.0 -30.6     66322250   0   1950       970200
    61  0 1  94.22 10153.00 2   0.0 -30.3     67292600   0   1850       970350
    62  0 1  95.62 10120.00 2   0.0 -30.3     68262600   0   1600       970000
    63  0 1  94.92  9832.00 2   0.0 -30.0     70213000   0   1600      1950400
    64  0 1  94.92  9965.50 2   0.0 -30.0     71193450   0   1700       980450
    65  0 1  95.62 10082.50 2   0.0 -30.0     72173150   0   1650       979700
    66  0 1  94.57  9886.00 2   0.0 -30.0     73152800   0   1600       979650
    67  0 1  94.22  9823.00 2   0.0 -30.0     74133150   0   2000       980350
    68  0 1  95.62  9934.00 2   0.0 -30.0     75112850   0   1750       979700
    69  0 1  95.62 10079.50 2   0.0 -30.0     76092800   0   2000       979950
    70  0 1  94.22 10084.00 2   0.0 -30.0     77082600   0   1950       989800
    71  0 1  94.92  9988.00 2   0.0 -30.0     78072100   0   1650       989500
    72  0 1  95.62 10163.50 2   0.0 -30.3     80052500   0   1800      1980400
    73  0 1  95.27 10112.50 2   0.0 -30.3     81042050   0   1750       989550
    74  0 1  94.92  9980.50 2   0.0 -30.6     82031550   0   1950       989500
    75  0 1  95.62  9805.00 2   0.0 -30.6     83021050   0   1900       989500
    76  0 1  94.22  9883.00 2   0.0 -30.9     84020900   0   1750       999850
    77  0 1  95.62  9952.00 2   0.0 -30.9     85021350   0   1600      1000450
    78  0 1  95.62  9892.00 2   0.0 -31.3     86021450   0   1550      1000100
    79  0 1  95.62  9904.00 2   0.0 -31.6     87021450   0   2000      1000000
    80  0 1  94.92  9881.50 2   0.0 -31.6     88021800   0   1550      1000350
    81  0 1  95.27 10103.50 2   0.0 -32.2     90021300   0   1950      1999500
    82  0 1  94.22  9881.50 2   0.0 -32.5     91031250   0   1800      1009950
    83  0 1  95.62 10042.00 2   0.0 -32.8     92040750   0   2000      1009500
    84  0 1  94.22  9916.00 2   0.0 -33.1     93051100   0   1600      1010350
    85  0 1  95.62  9847.00 2   0.0 -33.4     94061100   0   1850      1010000
    86  0 1  94.92 10003.00 2   0.0 -33.8     95070700   0   1750      1009600
    87  0 1  95.27  9886.00 2   0.0 -34.1     96080550   0   1950      1009850
    88  0 1  95.27  9929.50 2   0.0 -34.7     97090600   0   1600      1010050
    89  0 1  94.22  9859.00 2   0.0 -35.0     98110300   0   1850      1019700
    90  0 1  95.27 10016.50 2   0.0 -35.9    100150500   0   1700      2040200
    91  0 1  94.57  9823.00 2   0.0 -36.3    101170350   0   1550      1019850
    92  0 1  94.57  9902.50 2   0.0 -36.6    102190350   0   1850      1020000
    93  0 1  94.57 10024.00 2   0.0 -37.2    103210400   0   2000      1020050
    94  0 1  94.22 10186.00 2   0.0 -37.5    104230700   0   1550      1020300
    95  0 1  94.57  9865.00 2   0.0 -38.1    105261000   0   1700      1030300
    96  0 1  95.62 10043.50 2   0.0 -38.8    106290600   0   1850      1029600
    97  0 1  95.27  9995.50 2   0.0 -39.1    107320800   0   1950      1030200
    98  0 1  95.62 10000.00 2   0.0 -39.7    108350300   0   1850      1029500
    99  0 1  95.27  9958.00 2   0.0 -40.9    110410000   0   2000      2059700
   100  0 1  95.62 10151.50 2   0.0 -41.6    111439850   0   1900      1029850
   101  0 1  94.92 10081.00 2   0.0 -41.9    112399800   0   1650       959950
   102  0 1  95.62 10162.00 2   0.0 -42.5    113360150   0   1600       960350
   103  0 1  95.62  9958.00 2   0.0 -43.1    114319850   0   1850       959700
   104  0 1  94.22  9887.50 2   0.0 -43.8    115279700   0   1650       959850
   105  0 1  94.92 10016.50 2   0.0 -44.4    116239700   0   1950       960000
   106  0 1  94.92  9830.50 2   0.0 -45.0    117200000   0   1700       960300
   107  0 1  94.22 10084.00 2   0.0 -45.9    118160200   0   2000       960200
   108  0 1  95.62  9922.00 2   0.0 -47.2    120099200   0   2000      1939000
   109  0 1  94.22  9895.00 2   0.0 -47.8    121068850   0   1650       969650
   110  0 1  95.27  9991.00 2   0.0 -48.4    122039050   0   1600       970200
   111  0 1  94.92 10010.50 2   0.0 -49.4    123008650   0   1650       969600
   112  0 1  95.27  9910.00 2   0.0 -50.0    123978150   0   1550       969500
   113  0 1  95.62 10132.00 2   0.0 -50.6    124948400   0   1650       970250
   114  0 1  95.27 10184.50 2   0.0 -51.6    125928400   0   1800       980000
   115  0 1  94.92  9982.00 2   0.0 -52.2    126908350   0   1700       979950
   116  0 1  95.27 10073.50 2   0.0 -53.1    127888600   0   1700       980250
   117  0 1  94.22 10066.00 2   0.0 -54.4    129847900   0   1650      1959300
   118  0 1  94.22  9919.00 2   0.0 -55.3    130827950   0   1550       980050
   119  0 1  95.27 10078.00 2   0.0 -55.9    131808150   0   1550       980200
   120  0 1  94.92 10009.00 2   0.0 -56.9    132798100   0   1600       989950
   121  0 1  95.62  9989.50 2   0.0 -57.5    133788450   0   1800       990350
   122  0 1  94.22 10165.00 2   0.0 -58.4    134778550   0   1550       990100
   123  0 1  95.27 10094.50 2   0.0 -59.4    135768050   0   1950       989500
   124  0 1  94.57 10010.50 2   0.0 -60.0    136757850   0   2000       989800
   125  0 1  95.62 10169.50 2   0.0 -60.9    137747700   0   1550       989850
   126  0 1  95.62  9823.00 2   0.0 -62.5    139737400   0   1650      1989700
   127  0 1  94.22  9802.00 2   0.0 -63.4    140736950   0   1900       999550
   128  0 1  95.62 10034.50 2   0.0 -64.1    141737350   0   1750      1000400
   129  0 1  95.27  9844.00 2   0.0 -65.0    142736950   0   1800       999600
   130  0 1  94.22  9892.00 2   0.0 -65.9    143736650   0   2000       999700
   131  0 1  94.57 10027.00 2   0.0 -66.6    144736600   0   1700       999950
   132  0 1  95.27  9898.00 2   0.0 -67.5    145736400   0   1650       999800
   133  0 1  94.57 10174.00 2   0.0 -68.4    146746800   0   1550      1010400
   134  0 1  95.62 10198.00 2   0.0 -69.1    147756600   0   1600      1009800
