    NO  S V  AOA    FREQ    B  FMOP  AMP      TOA      PMOP  PW         dTOA  
------ -- - ------ -------- - ----- ----- ------------ --- ------ ------------
     0  0 1  94.92 10195.00 2   0.0 -70.0            0   0   1550  42949673000
     1  0 1  95.62  9934.00 2   0.0 -69.1      1010250   0   1900      1010250
     2  0 1  94.92  9983.50 2   0.0 -68.4      2020650   0   1900      1010400
     3  0 1  94.22 10039.00 2   0.0 -67.5      3031000   0   1700      1010350
     4  0 1  95.27  9905.50 2   0.0 -66.6      4040950   0   1900      1009950
     5  0 1  94.57  9878.50 2   0.0 -65.9      5051200   0   1800      1010250
     6  0 1  94.92 10148.50 2   0.0 -65.0      6061650   0   1750      1010450
     7  0 1  95.62 10163.50 2   0.0 -63.4      8091750   0   1850      2030100
     8  0 1  95.27 10129.00 2   0.0 -62.5      9111650   0   1800      1019900
     9  0 1  94.57 10171.00 2   0.0 -61.6     10131550   0   1800      1019900
    10  0 1  94.57  9943.00 2   0.0 -60.9     11151450   0   1850      1019900
    11  0 1  95.62 10114.00 2   0.0 -60.0     12171800   0   1800      1020350
    12  0 1  94.92  9944.50 2   0.0 -59.4     13191850   0   2000      1020050
    13  0 1  95.62  9856.00 2   0.0 -58.4     14211900   0   1550      1020050
    14  0 1  94.57 10087.00 2   0.0 -57.5     15242000   0   1850      1030100
    15  0 1  95.27 10192.00 2   0.0 -56.9     16271600   0   1700      1029600
    16  0 1  95.27  9938.50 2   0.0 -55.3     18332350   0   1650      2060750
    17  0 1  94.22 10174.00 2   0.0 -54.4     19362200   0   1850      1029850
    18  0 1  95.27 10066.00 2   0.0 -53.8     20392200   0   1900      1030000
    19  0 1  94.92  9896.50 2   0.0 -53.1     21421800   0   1750      1029600
    20  0 1  94.22  9841.00 2   0.0 -52.2     22381400   0   1850       959600
    21  0 1  95.62 10120.00 2   0.0 -51.6     23341250   0   2000       959850
    22  0 1  95.27  9845.50 2   0.0 -50.6     24301300   0   1550       960050
    23  0 1  94.92  9866.50 2   0.0 -50.0     25261750   0   1650       960450
    24  0 1  95.62  9859.00 2   0.0 -49.4     26222000   0   1600       960250
    25  0 1  94.92  9905.50 2   0.0 -47.8     28141950   0   1900      1919950
    26  0 1  94.57  9821.50 2   0.0 -47.2     29111500   0   1900       969550
    27  0 1  95.27 10133.50 2   0.0 -46.6     30081350   0   2000       969850
    28  0 1  95.27  9874.00 2   0.0 -45.9     31051550   0   1550       970200
    29  0 1  95.27  9889.00 2   0.0 -45.0     32021150   0   1750       969600
    30  0 1  94.22 10126.00 2   0.0 -44.4     32991250   0   1750       970100
    31  0 1  94.57 10000.00 2   0.0 -43.8     33961250   0   1800       970000
    32  0 1  95.27 10160.50 2   0.0 -43.1     34930900   0   1950       969650
    33  0 1  94.22 10153.00 2   0.0 -42.5     35911050   0   1650       980150
    34  0 1  94.57  9910.00 2   0.0 -41.6     37871000   0   1950      1959950
    35  0 1  94.22 10069.00 2   0.0 -40.9     38850550   0   1550       979550
    36  0 1  95.62  9920.50 2   0.0 -40.3     39830650   0   2000       980100
    37  0 1  95.27  9805.00 2   0.0 -39.7     40810700   0   1650       980050
    38  0 1  94.57  9964.00 2   0.0 -39.1     41790600   0   1600       979900
    39  0 1  95.62 10129.00 2   0.0 -38.8     42780950   0   1900       990350
    40  0 1  95.62  9979.00 2   0.0 -38.1     43770900   0   1850       989950
    41  0 1  95.62 10168.00 2   0.0 -37.5     44761150   0   1650       990250
    42  0 1  95.27 10189.00 2   0.0 -37.2     45751050   0   1750       989900
    43  0 1  94.22  9883.00 2   0.0 -36.3     47730850   0   1600      1979800
    44  0 1  94.92 10186.00 2   0.0 -35.9     48720350   0   1750       989500
    45  0 1  94.22 10025.50 2   0.0 -35.3     49720150   0   1900       999800
    46  0 1  94.57 10067.50 2   0.0 -35.0     50720200   0   1550      1000050
    47  0 1  94.57  9805.00 2   0.0 -34.7     51719950   0   1900       999750
    48  0 1  94.92 10013.50 2   0.0 -34.1     52719750   0   1900       999800
    49  0 1  95.27  9988.00 2   0.0 -33.8     53719350   0   1600       999600
    50  0 1  94.57 10091.50 2   0.0 -33.4     54719300   0   1550       999950
    51  0 1  95.27 10015.00 2   0.0 -33.1     55719150   0   2000       999850
    52  0 1  94.22 10021.00 2   0.0 -32.5     57738450   0   1750      2019300
    53  0 1  94.57  9856.00 2   0.0 -32.2     58748000   0   1900      1009550
    54  0 1  94.22  9866.50 2   0.0 -31.9     59758150   0   1550      1010150
    55  0 1  94.57  9815.50 2   0.0 -31.6     60768300   0   1900      1010150
    56  0 1  94.57  9932.50 2   0.0 -31.6     61778200   0   1650      1009900
    57  0 1  95.27 10135.00 2   0.0 -31.3     62787850   0   1600      1009650
    58  0 1  94.22  9833.50 2   0.0 -30.9     63807600   0   1950      1019750
    59  0 1  94.22  9871.00 2   0.0 -30.9     64827900   0   2000      1020300
    60  0 1  94.92 10030.00 2   0.0 -30.6     65848350   0   1900      1020450
    61  0 1  94.92  9802.00 2   0.0 -30.3     67887350   0   1800      2039000
    62  0 1  94.57 10058.50 2   0.0 -30.3     68906850   0   1950      1019500
    63  0 1  95.62 10174.00 2   0.0 -30.3     69926350   0   1700      1019500
    64  0 1  94.92 10000.00 2   0.0 -30.0     70955850   0   1550      1029500
    65  0 1  94.57 10187.50 2   0.0 -30.0     71986100   0   1950      1030250
    66  0 1  94.57 10024.00 2   0.0 -30.0     73016000   0   1950      1029900
    67  0 1  94.22 10162.00 2   0.0 -30.0     74046100   0   1550      1030100
    68  0 1  94.92  9913.00 2   0.0 -30.0     75075700   0   1900      1029600
    69  0 1  94.92  9913.00 2   0.0 -30.0     76106100   0   1700      1030400
    70  0 1  95.62 10000.00 2   0.0 -30.0     78095750   0   1950      1989650
    71  0 1  94.57  9853.00 2   0.0 -30.0     79055800   0   1650       960050
    72  0 1  94.92 10040.50 2   0.0 -30.3     80015950   0   1600       960150
    73  0 1  95.62 10117.00 2   0.0 -30.3     80975600   0   1900       959650
    74  0 1  94.92  9865.00 2   0.0 -30.3     81935250   0   1800       959650
    75  0 1  94.92 10193.50 2   0.0 -30.6     82895250   0   1700       960000
    76  0 1  95.27  9940.00 2   0.0 -30.6     83855050   0   1650       959800
    77  0 1  94.22  9871.00 2   0.0 -30.9     84825050   0   1950       970000
    78  0 1  95.27 10187.50 2   0.0 -30.9     85794600   0   1750       969550
    79  0 1  95.27  9889.00 2   0.0 -31.6     87734850   0   1800      1940250
    80  0 1  94.22  9962.50 2   0.0 -31.6     88705300   0   2000       970450
    81  0 1  94.92  9967.00 2   0.0 -31.9     89674850   0   1650       969550
    82  0 1  94.92  9998.50 2   0.0 -32.2     90645050   0   1750       970200
    83  0 1  95.27  9844.00 2   0.0 -32.5     91625400   0   1600       980350
    84  0 1  95.62  9802.00 2   0.0 -32.8     92605050   0   1900       979650
    85  0 1  94.57 10027.00 2   0.0 -33.1     93585050   0   2000       980000
    86  0 1  95.27  9901.00 2   0.0 -33.4     94565150   0   1700       980100
    87  0 1  94.57 10045.00 2   0.0 -33.8     95544700   0   1850       979550
    88  0 1  95.27 10136.50 2   0.0 -34.7     97505200   0   1600      1960500
    89  0 1  95.62 10021.00 2   0.0 -35.0     98494800   0   1600       989600
    90  0 1  95.62 10090.00 2   0.0 -35.3     99484550   0   1750       989750
    91  0 1  95.27 10025.50 2   0.0 -35.9    100474750   0   1600       990200
    92  0 1  94.22  9934.00 2   0.0 -36.3    101464450   0   2000       989700
    93  0 1  94.57  9985.00 2   0.0 -36.6    102454650   0   1950       990200
    94  0 1  94.22  9889.00 2   0.0 -37.2    103444400   0   1950       989750
    95  0 1  94.92 10007.50 2   0.0 -37.5    104434050   0   1600       989650
    96  0 1  94.92  9872.50 2   0.0 -38.1    105433750   0   1550       999700
    97  0 1  95.62 10075.00 2   0.0 -39.1    107434150   0   1850      2000400
    98  0 1  94.92 10084.00 2   0.0 -39.7    108434600   0   1950      1000450
    99  0 1  94.92  9836.50 2   0.0 -40.3    109435050   0   1650      1000450
   100  0 1  95.27  9917.50 2   0.0 -40.9    110435450   0   1750      1000400
   101  0 1  94.57 10195.00 2   0.0 -41.6    111435800   0   1950      1000350
   102  0 1  94.92  9937.00 2   0.0 -41.9    112445350   0   1800      1009550
   103  0 1  95.62  9874.00 2   0.0 -42.5    113455600   0   1550      1010250
   104  0 1  94.57  9950.50 2   0.0 -43.1    114465600   0   1650      1010000
   105  0 1  94.92 10189.00 2   0.0 -43.8    115475600   0   1600      1010000
   106  0 1  95.27 10006.00 2   0.0 -45.0    117495100   0   1600      2019500
   107  0 1  95.62  9866.50 2   0.0 -45.9    118505550   0   1700      1010450
   108  0 1  94.22  9821.50 2   0.0 -46.6    119525200   0   1800      1019650
   109  0 1  95.27  9829.00 2   0.0 -47.2    120545000   0   1950      1019800
   110  0 1  94.57 10021.00 2   0.0 -47.8    121565450   0   1750      1020450
   111  0 1  95.62 10102.00 2   0.0 -48.4    122585650   0   1800      1020200
   112  0 1  94.92 10144.00 2   0.0 -49.4    123605250   0   1950      1019600
   113  0 1  94.22  9815.50 2   0.0 -50.0    124625600   0   1950      1020350
   114  0 1  94.57 10010.50 2   0.0 -50.6    125645200   0   1850      1019600
   115  0 1  94.22  9965.50 2   0.0 -52.2    127704450   0   1950      2059250
   116  0 1  94.57 10045.00 2   0.0 -53.1    128734850   0   1850      1030400
   117  0 1  95.62  9941.50 2   0.0 -53.8    129764600   0   1550      1029750
   118  0 1  94.92 10097.50 2   0.0 -54.4    130794450   0   1600      1029850
   119  0 1  95.27 10051.00 2   0.0 -55.3    131824250   0   2000      1029800
   120  0 1  94.92  9854.50 2   0.0 -55.9    132854550   0   2000      1030300
   121  0 1  95.62 10175.50 2   0.0 -56.9    133814600   0   1600       960050
   122  0 1  95.62  9991.00 2   0.0 -57.5    134774650   0   1950       960050
   123  0 1  94.22 10120.00 2   0.0 -58.4    135734550   0   2000       959900
   124  0 1  95.62  9877.00 2   0.0 -60.0    137654550   0   1800      1920000
   125  0 1  95.27  9890.50 2   0.0 -60.9    138614900   0   1900       960350
   126  0 1  94.92 10069.00 2   0.0 -61.6    139574900   0   1550       960000
   127  0 1  94.57  9856.00 2   0.0 -62.5    140544900   0   2000       970000
   128  0 1  95.62  9901.00 2   0.0 -63.4    141515000   0   1550       970100
   129  0 1  95.27  9823.00 2   0.0 -64.1    142485000   0   1950       970000
   130  0 1  94.57 10141.00 2   0.0 -65.0    143455250   0   1700       970250
   131  0 1  95.27  9841.00 2   0.0 -65.9    144425700   0   1600       970450
   132  0 1  95.62 10144.00 2   0.0 -66.6    145395250   0   1750       969550
   133  0 1  94.92 10102.00 2   0.0 -68.4    147345550   0   1800      1950300
   134  0 1  95.62 10151.50 2   0.0 -69.1    148325500   0   1700       979950
