    NO  S V  AOA    FREQ    B  FMOP  AMP      TOA      PMOP  PW         dTOA  
------ -- - ------ -------- - ----- ----- ------------ --- ------ ------------
     0  0 1  94.57  9968.50 2   0.0 -70.0            0   0   1650  42949673000
     1  0 1  95.62  9970.00 2   0.0 -69.4       970400   0   1600       970400
     2  0 1  94.57  9970.00 2   0.0 -68.4      2929650   0   1900      1959250
     3  0 1  95.62  9970.00 2   0.0 -68.1      3919350   0   1700       989700
     4  0 1  95.27  9968.50 2   0.0 -67.5      4908950   0   1550       989600
     5  0 1  95.27  9970.00 2   0.0 -66.9      5898900   0   1750       989950
     6  0 1  94.92  9961.00 2   0.0 -66.6      6888650   0   1600       989750
     7  0 1  95.27  9961.00 2   0.0 -65.9      7888850   0   1600      1000200
     8  0 1  95.62  9961.00 2   0.0 -65.6      8888800   0   1900       999950
     9  0 1  94.22  9958.00 2   0.0 -65.0      9888400   0   1800       999600
    10  0 1  95.62  9959.50 2   0.0 -64.4     10888350   0   1900       999950
    11  0 1  95.27  9958.00 2   0.0 -63.4     12897850   0   1550      2009500
    12  0 1  94.57  9970.00 2   0.0 -63.1     13907450   0   2000      1009600
    13  0 1  94.22  9968.50 2   0.0 -62.5     14917750   0   1550      1010300
    14  0 1  94.92  9970.00 2   0.0 -61.9     15927250   0   1850      1009500
    15  0 1  94.92  9970.00 2   0.0 -61.6     16936850   0   2000      1009600
    16  0 1  95.27  9970.00 2   0.0 -60.9     17907100   0   1700       970250
    17  0 1  95.62  9970.00 2   0.0 -60.6     18877000   0   1950       969900
    18  0 1  94.22  9968.50 2   0.0 -60.0     19847250   0   1900       970250
    19  0 1  95.27  9979.00 2   0.0 -59.7     20816850   0   1750       969600
    20  0 1  94.92  9979.00 2   0.0 -58.8     22757050   0   1650      1940200
    21  0 1  94.92  9979.00 2   0.0 -58.1     23727350   0   2000       970300
    22  0 1  94.22  9980.50 2   0.0 -57.5     24697100   0   1900       969750
    23  0 1  95.27  9980.50 2   0.0 -57.2     25667350   0   1600       970250
    24  0 1  94.22  9979.00 2   0.0 -56.6     26636850   0   1700       969500
    25  0 1  95.62  9991.00 2   0.0 -56.3     27596900   0   1950       960050
    26  0 1  94.92  9989.50 2   0.0 -55.6     28556550   0   1750       959650
    27  0 1  94.92  9991.00 2   0.0 -55.3     29516800   0   1650       960250
    28  0 1  95.62  9991.00 2   0.0 -54.7     30476550   0   1550       959750
    29  0 1  94.22  9991.00 2   0.0 -53.8     32386250   0   1600      1909700
    30  0 1  94.22  9989.50 2   0.0 -53.4     33336600   0   1900       950350
    31  0 1  95.27 10000.00 2   0.0 -53.1     34286700   0   1750       950100
    32  0 1  95.27 10000.00 2   0.0 -52.5     35237050   0   2000       950350
    33  0 1  94.57 10000.00 2   0.0 -52.2     36187250   0   1800       950200
    34  0 1  94.92  9998.50 2   0.0 -51.6     37216750   0   1800      1029500
    35  0 1  94.22  9998.50 2   0.0 -51.3     38246450   0   2000      1029700
    36  0 1  94.22  9998.50 2   0.0 -50.6     39276000   0   1900      1029550
    37  0 1  95.62 10000.00 2   0.0 -50.3     40306100   0   1950      1030100
    38  0 1  94.22 10009.00 2   0.0 -49.4     42376000   0   1950      2069900
    39  0 1  94.92 10009.00 2   0.0 -49.1     43416250   0   1950      1040250
    40  0 1  94.22 10009.00 2   0.0 -48.4     44456250   0   1600      1040000
    41  0 1  94.22 10009.00 2   0.0 -48.1     45496550   0   1800      1040300
    42  0 1  94.57 10010.50 2   0.0 -47.8     46536150   0   1700      1039600
    43  0 1  94.22 10009.00 2   0.0 -47.2     47546350   0   1900      1010200
    44  0 1  94.92 10021.00 2   0.0 -46.9     48556700   0   2000      1010350
    45  0 1  95.62 10021.00 2   0.0 -46.6     49566750   0   1900      1010050
    46  0 1  95.27 10019.50 2   0.0 -45.9     50576750   0   1800      1010000
    47  0 1  95.62 10018.00 2   0.0 -45.3     52607550   0   1550      2030800
    48  0 1  95.62 10021.00 2   0.0 -45.0     53627200   0   1700      1019650
    49  0 1  95.62 10018.00 2   0.0 -44.4     54646700   0   1650      1019500
    50  0 1  95.62 10030.00 2   0.0 -44.1     55666850   0   1650      1020150
    51  0 1  95.27 10028.50 2   0.0 -43.8     56686900   0   1800      1020050
    52  0 1  95.62 10030.00 2   0.0 -43.4     57657100   0   1900       970200
    53  0 1  95.27 10028.50 2   0.0 -43.1     58627250   0   1600       970150
    54  0 1  94.22 10030.00 2   0.0 -42.5     59597500   0   1700       970250
    55  0 1  94.57 10030.00 2   0.0 -42.2     60567450   0   1550       969950
    56  0 1  94.57 10040.50 2   0.0 -41.6     62527350   0   1950      1959900
    57  0 1  95.27 10039.00 2   0.0 -41.3     63516850   0   1900       989500
    58  0 1  94.57 10039.00 2   0.0 -40.9     64506700   0   2000       989850
    59  0 1  95.62 10039.00 2   0.0 -40.6     65496600   0   1950       989900
    60  0 1  94.57 10039.00 2   0.0 -40.3     66486100   0   1900       989500
    61  0 1  94.22 10040.50 2   0.0 -39.7     67486350   0   1800      1000250
    62  0 1  94.22 10039.00 2   0.0 -39.4     68486000   0   2000       999650
    63  0 1  94.92 10048.00 2   0.0 -39.1     69485750   0   1550       999750
    64  0 1  95.27 10049.50 2   0.0 -38.8     70485450   0   1900       999700
    65  0 1  94.57 10049.50 2   0.0 -38.1     72495100   0   1850      2009650
    66  0 1  94.22 10051.00 2   0.0 -37.8     73504600   0   2000      1009500
    67  0 1  94.92 10048.00 2   0.0 -37.5     74515000   0   1800      1010400
    68  0 1  95.62 10049.50 2   0.0 -37.5     75524950   0   1650      1009950
    69  0 1  95.27 10060.00 2   0.0 -37.2     76535200   0   1600      1010250
    70  0 1  95.27 10060.00 2   0.0 -36.9     77505300   0   1800       970100
    71  0 1  94.92 10060.00 2   0.0 -36.6     78475050   0   1950       969750
    72  0 1  94.57 10060.00 2   0.0 -36.3     79445000   0   1600       969950
    73  0 1  95.27 10060.00 2   0.0 -35.9     80415350   0   2000       970350
    74  0 1  95.62 10060.00 2   0.0 -35.3     82355000   0   1850      1939650
    75  0 1  94.57 10070.50 2   0.0 -35.3     83324850   0   1750       969850
    76  0 1  95.27 10069.00 2   0.0 -35.0     84294350   0   1550       969500
    77  0 1  95.62 10070.50 2   0.0 -34.7     85264300   0   1550       969950
    78  0 1  95.27 10070.50 2   0.0 -34.4     86234500   0   2000       970200
    79  0 1  95.62 10069.00 2   0.0 -34.4     87194750   0   1600       960250
    80  0 1  94.92 10069.00 2   0.0 -34.1     88154950   0   1650       960200
    81  0 1  95.27 10070.50 2   0.0 -33.8     89114950   0   1850       960000
    82  0 1  95.62 10058.50 2   0.0 -33.8     90075400   0   1550       960450
    83  0 1  94.92 10060.00 2   0.0 -33.1     91985350   0   1900      1909950
    84  0 1  94.92 10060.00 2   0.0 -33.1     92935750   0   1750       950400
    85  0 1  94.22 10060.00 2   0.0 -32.8     93885600   0   1650       949850
    86  0 1  94.57 10058.50 2   0.0 -32.5     94835800   0   2000       950200
    87  0 1  95.62 10060.00 2   0.0 -32.5     95786150   0   1750       950350
    88  0 1  95.62 10051.00 2   0.0 -32.2     96816400   0   1800      1030250
    89  0 1  95.62 10051.00 2   0.0 -32.2     97846350   0   1850      1029950
    90  0 1  94.22 10048.00 2   0.0 -31.9     98876400   0   1900      1030050
    91  0 1  94.22 10051.00 2   0.0 -31.9     99906550   0   1700      1030150
    92  0 1  94.22 10049.50 2   0.0 -31.6    101976250   0   1950      2069700
    93  0 1  95.27 10048.00 2   0.0 -31.3    103016400   0   1850      1040150
    94  0 1  95.27  9958.00 2   0.0 -31.3    104056850   0   1600      1040450
    95  0 1  95.62  9961.00 2   0.0 -31.3    105096900   0   1900      1040050
    96  0 1  94.57  9958.00 2   0.0 -30.9    106136550   0   1800      1039650
    97  0 1  94.22  9958.00 2   0.0 -30.9    107146800   0   1850      1010250
    98  0 1  95.27  9958.00 2   0.0 -30.9    108156900   0   2000      1010100
    99  0 1  95.62  9958.00 2   0.0 -30.6    109167200   0   1850      1010300
   100  0 1  95.62  9961.00 2   0.0 -30.6    110177350   0   1750      1010150
   101  0 1  94.57  9970.00 2   0.0 -30.3    112207150   0   1600      2029800
   102  0 1  94.22  9970.00 2   0.0 -30.3    113227550   0   1600      1020400
   103  0 1  94.22  9970.00 2   0.0 -30.3    114247450   0   1600      1019900
   104  0 1  95.27  9968.50 2   0.0 -30.3    115267600   0   1650      1020150
   105  0 1  94.57  9970.00 2   0.0 -30.3    116287950   0   1650      1020350
   106  0 1  95.62  9968.50 2   0.0 -30.0    117257900   0   1550       969950
   107  0 1  94.57  9959.50 2   0.0 -30.0    118228100   0   2000       970200
   108  0 1  94.22  9959.50 2   0.0 -30.0    119197750   0   1950       969650
   109  0 1  94.22  9961.00 2   0.0 -30.0    120167350   0   1800       969600
   110  0 1  94.22  9961.00 2   0.0 -30.0    122127000   0   1700      1959650
   111  0 1  95.27  9961.00 2   0.0 -30.0    123116500   0   1700       989500
   112  0 1  94.92  9958.00 2   0.0 -30.0    124106550   0   1650       990050
   113  0 1  94.22  9968.50 2   0.0 -30.0    125096500   0   1750       989950
   114  0 1  94.92  9968.50 2   0.0 -30.0    126086700   0   1600       990200
   115  0 1  95.62  9970.00 2   0.0 -30.0    127086250   0   2000       999550
   116  0 1  94.57  9968.50 2   0.0 -30.0    128086200   0   2000       999950
   117  0 1  94.22  9970.00 2   0.0 -30.0    129085900   0   1950       999700
   118  0 1  94.57  9970.00 2   0.0 -30.0    130086150   0   1650      1000250
   119  0 1  94.57  9979.00 2   0.0 -30.3    132096500   0   1950      2010350
   120  0 1  94.92  9980.50 2   0.0 -30.3    133106000   0   1900      1009500
   121  0 1  94.57  9979.00 2   0.0 -30.3    134116200   0   2000      1010200
   122  0 1  94.22  9979.00 2   0.0 -30.3    135126650   0   1700      1010450
   123  0 1  95.27  9979.00 2   0.0 -30.3    136137000   0   1950      1010350
   124  0 1  95.62  9979.00 2   0.0 -30.6    137106650   0   1850       969650
   125  0 1  94.57  9979.00 2   0.0 -30.6    138076950   0   1750       970300
   126  0 1  94.22  9991.00 2   0.0 -30.6    139046800   0   1650       969850
   127  0 1  94.92  9988.00 2   0.0 -30.9    140017200   0   1800       970400
   128  0 1  95.62  9989.50 2   0.0 -30.9    141956750   0   1700      1939550
   129  0 1  94.22  9989.50 2   0.0 -31.3    142927000   0   1750       970250
   130  0 1  95.62  9989.50 2   0.0 -31.3    143897050   0   2000       970050
   131  0 1  94.22  9991.00 2   0.0 -31.3    144866600   0   2000       969550
   132  0 1  94.92 10000.00 2   0.0 -31.6    145836550   0   1650       969950
   133  0 1  94.92  9998.50 2   0.0 -31.6    146796850   0   1700       960300
   134  0 1  94.22 10000.00 2   0.0 -31.9    147756650   0   1600       959800
   135  0 1  94.92 10000.00 2   0.0 -31.9    148716450   0   1550       959800
   136  0 1  94.92  9998.50 2   0.0 -32.2    149676250   0   1700       959800
   137  0 1  95.27 10000.00 2   0.0 -32.5    151585550   0   1950      1909300
   138  0 1  94.57 10010.50 2   0.0 -32.5    152535100   0   1900       949550
   139  0 1  94.92 10009.00 2   0.0 -32.8    153485300   0   1900       950200
   140  0 1  94.57 10009.00 2   0.0 -33.1    154435500   0   1650       950200
   141  0 1  94.57 10010.50 2   0.0 -33.1    155385600   0   1700       950100
   142  0 1  94.22 10009.00 2   0.0 -33.4    156415950   0   1950      1030350
   143  0 1  94.57 10009.00 2   0.0 -33.8    157446300   0   1900      1030350
   144  0 1  94.22 10009.00 2   0.0 -33.8    158476400   0   1950      1030100
   145  0 1  95.27 10018.00 2   0.0 -34.1    159506350   0   1550      1029950
   146  0 1  95.27 10018.00 2   0.0 -34.4    161576500   0   1600      2070150
   147  0 1  94.92 10018.00 2   0.0 -34.7    162616000   0   1550      1039500
   148  0 1  94.57 10018.00 2   0.0 -35.0    163655700   0   1750      1039700
   149  0 1  94.92 10019.50 2   0.0 -35.3    164695350   0   1750      1039650
   150  0 1  94.22 10019.50 2   0.0 -35.3    165735500   0   1650      1040150
   151  0 1  94.57 10028.50 2   0.0 -35.6    166745700   0   1700      1010200
   152  0 1  95.27 10030.00 2   0.0 -35.9    167755450   0   1900      1009750
   153  0 1  94.57 10028.50 2   0.0 -36.3    168765900   0   1750      1010450
   154  0 1  94.22 10030.00 2   0.0 -36.6    169775900   0   1700      1010000
   155  0 1  94.22 10030.00 2   0.0 -37.2    171805700   0   1950      2029800
   156  0 1  94.22 10028.50 2   0.0 -37.5    172825400   0   1800      1019700
   157  0 1  94.22 10039.00 2   0.0 -37.5    173845300   0   1800      1019900
   158  0 1  94.92 10040.50 2   0.0 -37.8    174865250   0   1650      1019950
   159  0 1  94.57 10040.50 2   0.0 -38.1    175884850   0   1950      1019600
   160  0 1  95.27 10040.50 2   0.0 -38.4    176854800   0   1700       969950
   161  0 1  94.22 10039.00 2   0.0 -38.8    177824650   0   1550       969850
   162  0 1  95.27 10040.50 2   0.0 -39.1    178794950   0   2000       970300
   163  0 1  94.22 10039.00 2   0.0 -39.4    179765300   0   1700       970350
   164  0 1  94.57 10048.00 2   0.0 -40.3    181725800   0   1550      1960500
   165  0 1  94.92 10051.00 2   0.0 -40.6    182715350   0   2000       989550
   166  0 1  94.22 10051.00 2   0.0 -40.9    183705300   0   1850       989950
   167  0 1  94.92 10048.00 2   0.0 -41.3    184695250   0   1700       989950
   168  0 1  95.62 10049.50 2   0.0 -41.6    185685700   0   1850       990450
   169  0 1  94.22 10051.00 2   0.0 -41.9    186685850   0   1850      1000150
   170  0 1  94.57 10060.00 2   0.0 -42.2    187685650   0   1750       999800
   171  0 1  94.92 10060.00 2   0.0 -42.5    188685650   0   1650      1000000
   172  0 1  95.27 10058.50 2   0.0 -43.1    189686050   0   1850      1000400
   173  0 1  94.92 10060.00 2   0.0 -43.8    191695600   0   2000      2009550
   174  0 1  94.22 10058.50 2   0.0 -44.1    192705850   0   1600      1010250
   175  0 1  94.22 10060.00 2   0.0 -44.4    193715850   0   1900      1010000
   176  0 1  94.22 10069.00 2   0.0 -45.0    194725650   0   1600      1009800
   177  0 1  94.22 10069.00 2   0.0 -45.3    195735400   0   1550      1009750
   178  0 1  95.27 10069.00 2   0.0 -45.6    196705450   0   1650       970050
   179  0 1  94.22 10070.50 2   0.0 -45.9    197675200   0   1750       969750
   180  0 1  94.92 10070.50 2   0.0 -46.6    198644800   0   2000       969600
   181  0 1  94.57 10069.00 2   0.0 -46.9    199614350   0   1900       969550
   182  0 1  94.92 10060.00 2   0.0 -47.8    201553700   0   1550      1939350
   183  0 1  94.22 10060.00 2   0.0 -48.1    202524050   0   1550       970350
   184  0 1  95.27 10058.50 2   0.0 -48.4    203493600   0   1600       969550
   185  0 1  95.27 10060.00 2   0.0 -49.1    204464050   0   1850       970450
   186  0 1  95.62 10058.50 2   0.0 -49.4    205433700   0   1850       969650
   187  0 1  94.92 10060.00 2   0.0 -50.0    206393400   0   1550       959700
   188  0 1  94.22 10060.00 2   0.0 -50.3    207353400   0   1950       960000
   189  0 1  95.62 10051.00 2   0.0 -50.6    208313400   0   2000       960000
   190  0 1  94.22 10051.00 2   0.0 -51.3    209273750   0   1950       960350
   191  0 1  94.92 10049.50 2   0.0 -52.2    211183350   0   1700      1909600
   192  0 1  95.62 10048.00 2   0.0 -52.5    212132950   0   1700       949600
   193  0 1  94.92 10051.00 2   0.0 -53.1    213083100   0   1550       950150
   194  0 1  94.57 10051.00 2   0.0 -53.4    214032950   0   1950       949850
   195  0 1  94.57  9959.50 2   0.0 -53.8    214982450   0   1750       949500
   196  0 1  95.27  9958.00 2   0.0 -54.4    216012200   0   1750      1029750
   197  0 1  94.92  9959.50 2   0.0 -54.7    217041700   0   1750      1029500
   198  0 1  94.57  9959.50 2   0.0 -55.3    218071650   0   1550      1029950
   199  0 1  94.57  9959.50 2   0.0 -55.6    219101950   0   1650      1030300
   200  0 1  95.27  9959.50 2   0.0 -56.6    221171100   0   1600      2069150
   201  0 1  94.92  9970.00 2   0.0 -57.2    222210950   0   1650      1039850
   202  0 1  94.22  9968.50 2   0.0 -57.5    223251100   0   1850      1040150
   203  0 1  94.92  9970.00 2   0.0 -58.1    224291550   0   1850      1040450
   204  0 1  95.62  9970.00 2   0.0 -58.8    225331600   0   1650      1040050
   205  0 1  94.92  9970.00 2   0.0 -59.1    226341800   0   1600      1010200
   206  0 1  94.92  9970.00 2   0.0 -59.7    227351650   0   1850      1009850
   207  0 1  94.22  9968.50 2   0.0 -60.0    228361350   0   2000      1009700
   208  0 1  95.62  9961.00 2   0.0 -60.6    229370900   0   2000      1009550
   209  0 1  95.62  9958.00 2   0.0 -61.6    231400600   0   1650      2029700
   210  0 1  94.57  9958.00 2   0.0 -61.9    232420100   0   1550      1019500
   211  0 1  94.57  9961.00 2   0.0 -62.5    233440500   0   1550      1020400
   212  0 1  94.92  9958.00 2   0.0 -63.1    234460800   0   1650      1020300
   213  0 1  94.57  9958.00 2   0.0 -63.4    235480650   0   1650      1019850
   214  0 1  94.92  9970.00 2   0.0 -64.1    236450500   0   1550       969850
   215  0 1  94.22  9970.00 2   0.0 -64.4    237420750   0   1750       970250
   216  0 1  95.27  9968.50 2   0.0 -65.0    238390850   0   1800       970100
   217  0 1  94.22  9968.50 2   0.0 -65.6    239361300   0   1550       970450
   218  0 1  94.92  9970.00 2   0.0 -66.6    241320350   0   1800      1959050
   219  0 1  95.62  9970.00 2   0.0 -66.9    242309950   0   1650       989600
   220  0 1  95.27  9979.00 2   0.0 -67.5    243300050   0   1850       990100
   221  0 1  95.27  9979.00 2   0.0 -68.1    244290000   0   1800       989950
   222  0 1  94.92  9979.00 2   0.0 -68.4    245280350   0   1700       990350
   223  0 1  94.22  9979.00 2   0.0 -69.1    246280750   0   1650      1000400
   224  0 1  95.62  9980.50 2   0.0 -69.4    247280500   0   1800       999750
