    NO  S V  AOA    FREQ    B  FMOP  AMP      TOA      PMOP  PW         dTOA  
------ -- - ------ -------- - ----- ----- ------------ --- ------ ------------
     0  0 1  94.57  9968.50 2   0.0 -70.0            0   0   1650  42949673000
     1  0 1  94.57  9970.00 2   0.0 -69.4       999800   0   1700       999800
     2  0 1  94.22  9968.50 2   0.0 -69.1      1999850   0   1850      1000050
     3  0 1  94.22  9970.00 2   0.0 -68.4      3009500   0   1550      1009650
     4  0 1  95.62  9970.00 2   0.0 -67.5      5029350   0   1800      2019850
     5  0 1  95.62  9970.00 2   0.0 -66.9      6039550   0   1550      1010200
     6  0 1  94.92  9958.00 2   0.0 -66.6      7049600   0   1550      1010050
     7  0 1  94.22  9959.50 2   0.0 -65.9      8019450   0   1550       969850
     8  0 1  95.62  9959.50 2   0.0 -65.6      8989250   0   2000       969800
     9  0 1  94.22  9958.00 2   0.0 -65.0      9959150   0   2000       969900
    10  0 1  94.92  9961.00 2   0.0 -64.4     10929050   0   1900       969900
    11  0 1  95.27  9959.50 2   0.0 -64.1     11899450   0   1750       970400
    12  0 1  94.22  9958.00 2   0.0 -63.4     12869200   0   1650       969750
    13  0 1  94.57  9970.00 2   0.0 -62.5     14809650   0   2000      1940450
    14  0 1  94.22  9970.00 2   0.0 -61.9     15779300   0   1750       969650
    15  0 1  94.57  9970.00 2   0.0 -61.6     16749000   0   1700       969700
    16  0 1  94.57  9968.50 2   0.0 -60.9     17708600   0   1650       959600
    17  0 1  95.27  9970.00 2   0.0 -60.6     18669050   0   1850       960450
    18  0 1  94.22  9970.00 2   0.0 -60.0     19628850   0   2000       959800
    19  0 1  95.27  9980.50 2   0.0 -59.7     20589150   0   1850       960300
    20  0 1  95.62  9980.50 2   0.0 -59.1     21549400   0   2000       960250
    21  0 1  95.27  9979.00 2   0.0 -58.8     22499200   0   1800       949800
    22  0 1  94.57  9979.00 2   0.0 -57.5     24399750   0   1600      1900550
    23  0 1  94.92  9980.50 2   0.0 -57.2     25349450   0   2000       949700
    24  0 1  95.27  9980.50 2   0.0 -56.6     26299500   0   1800       950050
    25  0 1  94.92  9989.50 2   0.0 -56.3     27329600   0   1850      1030100
    26  0 1  94.57  9988.00 2   0.0 -55.6     28359250   0   1950      1029650
    27  0 1  94.22  9991.00 2   0.0 -55.3     29389250   0   1650      1030000
    28  0 1  95.27  9991.00 2   0.0 -54.7     30418900   0   1600      1029650
    29  0 1  94.92  9991.00 2   0.0 -54.4     31449250   0   1950      1030350
    30  0 1  94.22  9991.00 2   0.0 -53.8     32489500   0   2000      1040250
    31  0 1  94.22  9998.50 2   0.0 -53.1     34569400   0   1650      2079900
    32  0 1  94.92  9998.50 2   0.0 -52.5     35609300   0   1900      1039900
    33  0 1  95.62 10000.00 2   0.0 -52.2     36649400   0   1900      1040100
    34  0 1  94.92 10000.00 2   0.0 -51.6     37659750   0   1600      1010350
    35  0 1  94.22 10000.00 2   0.0 -51.3     38669750   0   1650      1010000
    36  0 1  94.57 10000.00 2   0.0 -50.6     39679600   0   1800      1009850
    37  0 1  94.92 10000.00 2   0.0 -50.3     40689500   0   1800      1009900
    38  0 1  95.62 10009.00 2   0.0 -50.0     41699000   0   1750      1009500
    39  0 1  94.57 10010.50 2   0.0 -49.4     42719450   0   1800      1020450
    40  0 1  94.22 10009.00 2   0.0 -48.4     44759250   0   1600      2039800
    41  0 1  94.22 10009.00 2   0.0 -48.1     45778750   0   1600      1019500
    42  0 1  94.57 10010.50 2   0.0 -47.8     46798750   0   1650      1020000
    43  0 1  95.27 10010.50 2   0.0 -47.2     47768850   0   1900       970100
    44  0 1  95.62 10021.00 2   0.0 -46.9     48739300   0   1950       970450
    45  0 1  94.92 10019.50 2   0.0 -46.6     49709150   0   1850       969850
    46  0 1  94.22 10021.00 2   0.0 -45.9     50679550   0   2000       970400
    47  0 1  95.27 10018.00 2   0.0 -45.6     51649650   0   1550       970100
    48  0 1  94.57 10019.50 2   0.0 -45.3     52639250   0   1550       989600
    49  0 1  94.92 10018.00 2   0.0 -44.4     54619050   0   1950      1979800
    50  0 1  95.62 10030.00 2   0.0 -44.1     55608950   0   1700       989900
    51  0 1  95.27 10028.50 2   0.0 -43.8     56598550   0   1550       989600
    52  0 1  94.57 10030.00 2   0.0 -43.4     57598750   0   1550      1000200
    53  0 1  94.22 10028.50 2   0.0 -43.1     58598650   0   1550       999900
    54  0 1  95.27 10028.50 2   0.0 -42.5     59598950   0   1600      1000300
    55  0 1  95.62 10028.50 2   0.0 -42.2     60598950   0   1650      1000000
    56  0 1  94.22 10028.50 2   0.0 -41.9     61599100   0   1750      1000150
    57  0 1  94.92 10040.50 2   0.0 -41.6     62609150   0   2000      1010050
    58  0 1  95.27 10040.50 2   0.0 -40.9     64628850   0   1550      2019700
    59  0 1  95.62 10039.00 2   0.0 -40.6     65638400   0   1650      1009550
    60  0 1  95.62 10039.00 2   0.0 -40.3     66648000   0   1650      1009600
    61  0 1  95.27 10040.50 2   0.0 -39.7     67618350   0   1700       970350
    62  0 1  95.27 10039.00 2   0.0 -39.4     68587900   0   1850       969550
    63  0 1  95.62 10051.00 2   0.0 -39.1     69557450   0   1650       969550
    64  0 1  95.27 10048.00 2   0.0 -38.8     70527700   0   1550       970250
    65  0 1  94.22 10051.00 2   0.0 -38.4     71497850   0   1650       970150
    66  0 1  95.62 10049.50 2   0.0 -38.1     72467650   0   1600       969800
    67  0 1  95.62 10049.50 2   0.0 -37.5     74407000   0   1650      1939350
    68  0 1  94.22 10051.00 2   0.0 -37.5     75376550   0   1600       969550
    69  0 1  94.92 10060.00 2   0.0 -37.2     76346200   0   1600       969650
    70  0 1  94.57 10058.50 2   0.0 -36.9     77305800   0   1550       959600
    71  0 1  95.27 10060.00 2   0.0 -36.6     78265700   0   1550       959900
    72  0 1  95.62 10058.50 2   0.0 -36.3     79225750   0   1900       960050
    73  0 1  95.27 10058.50 2   0.0 -35.9     80185400   0   1600       959650
    74  0 1  95.62 10060.00 2   0.0 -35.6     81145350   0   1650       959950
    75  0 1  94.92 10060.00 2   0.0 -35.3     82095000   0   1550       949650
    76  0 1  94.92 10069.00 2   0.0 -35.0     83994450   0   2000      1899450
    77  0 1  95.27 10070.50 2   0.0 -34.7     84944700   0   1700       950250
    78  0 1  94.92 10069.00 2   0.0 -34.4     85895150   0   1550       950450
    79  0 1  94.92 10069.00 2   0.0 -34.4     86924650   0   1800      1029500
    80  0 1  94.57 10069.00 2   0.0 -34.1     87954550   0   1950      1029900
    81  0 1  95.27 10070.50 2   0.0 -33.8     88984100   0   1850      1029550
    82  0 1  94.57 10060.00 2   0.0 -33.8     90013650   0   1650      1029550
    83  0 1  94.92 10058.50 2   0.0 -33.4     91043950   0   1550      1030300
    84  0 1  94.22 10058.50 2   0.0 -33.1     92083750   0   1600      1039800
    85  0 1  95.62 10058.50 2   0.0 -32.8     94163550   0   1950      2079800
    86  0 1  94.57 10060.00 2   0.0 -32.5     95203750   0   2000      1040200
    87  0 1  94.57 10058.50 2   0.0 -32.5     96244200   0   1650      1040450
    88  0 1  95.27 10048.00 2   0.0 -32.2     97253800   0   1800      1009600
    89  0 1  94.92 10051.00 2   0.0 -32.2     98263350   0   1700      1009550
    90  0 1  94.22 10051.00 2   0.0 -31.9     99273000   0   1850      1009650
    91  0 1  94.92 10048.00 2   0.0 -31.9    100283400   0   1850      1010400
    92  0 1  95.27 10048.00 2   0.0 -31.6    101293200   0   1900      1009800
    93  0 1  95.27 10049.50 2   0.0 -31.6    102312700   0   1850      1019500
    94  0 1  94.92  9961.00 2   0.0 -31.3    104352550   0   1550      2039850
    95  0 1  95.27  9958.00 2   0.0 -31.3    105373000   0   2000      1020450
    96  0 1  94.92  9961.00 2   0.0 -30.9    106393200   0   1600      1020200
    97  0 1  95.62  9958.00 2   0.0 -30.9    107363500   0   1550       970300
    98  0 1  95.27  9961.00 2   0.0 -30.9    108333500   0   1550       970000
    99  0 1  95.27  9958.00 2   0.0 -30.6    109303000   0   1950       969500
   100  0 1  95.62  9961.00 2   0.0 -30.6    110273050   0   1950       970050
   101  0 1  94.92  9970.00 2   0.0 -30.6    111243300   0   1850       970250
   102  0 1  94.92  9970.00 2   0.0 -30.3    112233650   0   2000       990350
   103  0 1  95.27  9970.00 2   0.0 -30.3    114213850   0   1900      1980200
   104  0 1  94.22  9968.50 2   0.0 -30.3    115203550   0   1700       989700
   105  0 1  94.57  9970.00 2   0.0 -30.3    116193450   0   1600       989900
   106  0 1  95.27  9970.00 2   0.0 -30.0    117193900   0   1700      1000450
   107  0 1  94.57  9958.00 2   0.0 -30.0    118193950   0   1550      1000050
   108  0 1  94.92  9961.00 2   0.0 -30.0    119194300   0   1950      1000350
   109  0 1  94.57  9961.00 2   0.0 -30.0    120194700   0   2000      1000400
   110  0 1  95.27  9959.50 2   0.0 -30.0    121194500   0   1900       999800
   111  0 1  94.57  9958.00 2   0.0 -30.0    122204000   0   1800      1009500
   112  0 1  94.57  9961.00 2   0.0 -30.0    124224050   0   1850      2020050
   113  0 1  94.22  9970.00 2   0.0 -30.0    125233850   0   1850      1009800
   114  0 1  94.22  9970.00 2   0.0 -30.0    126243550   0   1550      1009700
   115  0 1  95.62  9968.50 2   0.0 -30.0    127213500   0   1550       969950
   116  0 1  94.57  9970.00 2   0.0 -30.0    128183950   0   1900       970450
   117  0 1  94.22  9970.00 2   0.0 -30.0    129154200   0   1650       970250
   118  0 1  94.92  9970.00 2   0.0 -30.0    130123750   0   1900       969550
   119  0 1  94.92  9970.00 2   0.0 -30.0    131093750   0   1850       970000
   120  0 1  94.92  9979.00 2   0.0 -30.3    132063850   0   1800       970100
   121  0 1  94.92  9980.50 2   0.0 -30.3    134003650   0   1550      1939800
   122  0 1  95.27  9979.00 2   0.0 -30.3    134973700   0   1700       970050
   123  0 1  94.92  9979.00 2   0.0 -30.3    135944150   0   1750       970450
   124  0 1  94.22  9979.00 2   0.0 -30.6    136903950   0   1850       959800
   125  0 1  95.27  9979.00 2   0.0 -30.6    137863800   0   1650       959850
   126  0 1  95.27  9991.00 2   0.0 -30.6    138823550   0   2000       959750
   127  0 1  94.22  9989.50 2   0.0 -30.9    139783900   0   1900       960350
   128  0 1  94.92  9988.00 2   0.0 -30.9    140744000   0   1600       960100
   129  0 1  94.92  9991.00 2   0.0 -30.9    141694450   0   1900       950450
   130  0 1  94.22  9988.00 2   0.0 -31.3    143594000   0   1750      1899550
   131  0 1  95.27  9989.50 2   0.0 -31.3    144543900   0   1600       949900
   132  0 1  95.62 10000.00 2   0.0 -31.6    145493550   0   1800       949650
   133  0 1  95.27 10000.00 2   0.0 -31.6    146523500   0   1850      1029950
   134  0 1  94.22 10000.00 2   0.0 -31.9    147553650   0   1850      1030150
   135  0 1  95.62 10000.00 2   0.0 -31.9    148583550   0   1900      1029900
   136  0 1  94.92 10000.00 2   0.0 -32.2    149613650   0   1700      1030100
   137  0 1  94.92 10000.00 2   0.0 -32.2    150643300   0   1650      1029650
   138  0 1  94.22 10000.00 2   0.0 -32.5    151683700   0   1750      1040400
   139  0 1  94.57 10009.00 2   0.0 -32.8    153763050   0   1900      2079350
   140  0 1  94.92 10009.00 2   0.0 -33.1    154803200   0   1550      1040150
   141  0 1  94.57 10009.00 2   0.0 -33.1    155843550   0   1850      1040350
   142  0 1  94.92 10009.00 2   0.0 -33.4    156853600   0   1950      1010050
   143  0 1  95.27 10009.00 2   0.0 -33.8    157863250   0   1950      1009650
   144  0 1  94.92 10010.50 2   0.0 -33.8    158872750   0   1700      1009500
   145  0 1  94.22 10019.50 2   0.0 -34.1    159882650   0   1600      1009900
   146  0 1  94.57 10018.00 2   0.0 -34.4    160892850   0   2000      1010200
   147  0 1  95.27 10019.50 2   0.0 -34.4    161912450   0   2000      1019600
   148  0 1  95.62 10018.00 2   0.0 -35.0    163951950   0   1750      2039500
   149  0 1  95.62 10021.00 2   0.0 -35.3    164972250   0   1900      1020300
   150  0 1  95.27 10021.00 2   0.0 -35.3    165991900   0   2000      1019650
   151  0 1  94.92 10030.00 2   0.0 -35.6    166961600   0   2000       969700
   152  0 1  95.27 10030.00 2   0.0 -35.9    167931950   0   1600       970350
   153  0 1  94.22 10030.00 2   0.0 -36.3    168902300   0   1950       970350
   154  0 1  95.27 10030.00 2   0.0 -36.6    169872500   0   1850       970200
   155  0 1  94.92 10030.00 2   0.0 -36.9    170842300   0   1750       969800
   156  0 1  95.62 10030.00 2   0.0 -37.2    171831900   0   1950       989600
   157  0 1  95.27 10039.00 2   0.0 -37.5    173811700   0   1800      1979800
   158  0 1  95.62 10039.00 2   0.0 -37.8    174801850   0   1650       990150
   159  0 1  95.62 10039.00 2   0.0 -38.1    175791450   0   1600       989600
   160  0 1  95.27 10040.50 2   0.0 -38.4    176791600   0   1550      1000150
   161  0 1  95.62 10039.00 2   0.0 -38.8    177791600   0   1600      1000000
   162  0 1  94.57 10039.00 2   0.0 -39.1    178791700   0   1700      1000100
   163  0 1  95.27 10040.50 2   0.0 -39.4    179791950   0   1600      1000250
   164  0 1  94.22 10051.00 2   0.0 -39.7    180792100   0   1600      1000150
   165  0 1  94.22 10048.00 2   0.0 -40.3    181802100   0   1950      1010000
   166  0 1  94.92 10049.50 2   0.0 -40.9    183822100   0   1650      2020000
   167  0 1  94.22 10051.00 2   0.0 -41.3    184832450   0   1700      1010350
   168  0 1  94.57 10051.00 2   0.0 -41.6    185842400   0   1650      1009950
   169  0 1  94.57 10051.00 2   0.0 -41.9    186812700   0   1850       970300
   170  0 1  95.62 10058.50 2   0.0 -42.2    187782400   0   1800       969700
   171  0 1  94.22 10060.00 2   0.0 -42.5    188752800   0   1750       970400
   172  0 1  95.62 10058.50 2   0.0 -43.1    189722600   0   1550       969800
   173  0 1  95.27 10060.00 2   0.0 -43.4    190692100   0   2000       969500
   174  0 1  95.62 10060.00 2   0.0 -43.8    191662050   0   1850       969950
   175  0 1  94.22 10060.00 2   0.0 -44.4    193602750   0   1950      1940700
   176  0 1  94.57 10070.50 2   0.0 -45.0    194573000   0   1700       970250
   177  0 1  94.57 10069.00 2   0.0 -45.3    195543300   0   1800       970300
   178  0 1  94.22 10069.00 2   0.0 -45.6    196503400   0   1550       960100
   179  0 1  95.62 10069.00 2   0.0 -45.9    197463050   0   1650       959650
   180  0 1  95.27 10070.50 2   0.0 -46.6    198423400   0   1950       960350
   181  0 1  95.27 10070.50 2   0.0 -46.9    199383500   0   1800       960100
   182  0 1  95.27 10069.00 2   0.0 -47.2    200343900   0   1750       960400
   183  0 1  94.92 10060.00 2   0.0 -47.8    201293650   0   1850       949750
   184  0 1  94.92 10060.00 2   0.0 -48.4    203193600   0   2000      1899950
   185  0 1  95.27 10060.00 2   0.0 -49.1    204143200   0   1600       949600
   186  0 1  95.27 10058.50 2   0.0 -49.4    205092800   0   1600       949600
   187  0 1  94.92 10060.00 2   0.0 -50.0    206122700   0   1650      1029900
   188  0 1  95.27 10058.50 2   0.0 -50.3    207152500   0   1650      1029800
   189  0 1  95.27 10051.00 2   0.0 -50.6    208182150   0   1700      1029650
   190  0 1  95.62 10048.00 2   0.0 -51.3    209211800   0   1600      1029650
   191  0 1  94.57 10048.00 2   0.0 -51.6    210241650   0   1550      1029850
   192  0 1  94.22 10049.50 2   0.0 -52.2    211281650   0   1650      1040000
   193  0 1  94.57 10049.50 2   0.0 -53.1    213361500   0   1800      2079850
   194  0 1  95.27 10048.00 2   0.0 -53.4    214401700   0   1550      1040200
   195  0 1  95.27  9958.00 2   0.0 -53.8    215441750   0   2000      1040050
   196  0 1  94.22  9961.00 2   0.0 -54.4    216451300   0   1800      1009550
   197  0 1  94.22  9958.00 2   0.0 -54.7    217460900   0   1900      1009600
   198  0 1  95.62  9961.00 2   0.0 -55.3    218471250   0   1550      1010350
   199  0 1  94.57  9961.00 2   0.0 -55.6    219480750   0   2000      1009500
   200  0 1  95.62  9959.50 2   0.0 -56.3    220490350   0   1600      1009600
   201  0 1  94.22  9959.50 2   0.0 -56.6    221510550   0   1600      1020200
   202  0 1  95.27  9970.00 2   0.0 -57.5    223550600   0   1900      2040050
   203  0 1  94.22  9968.50 2   0.0 -58.1    224570800   0   1800      1020200
   204  0 1  95.27  9970.00 2   0.0 -58.8    225590650   0   2000      1019850
   205  0 1  94.92  9970.00 2   0.0 -59.1    226560400   0   1800       969750
   206  0 1  94.92  9970.00 2   0.0 -59.7    227530350   0   1600       969950
   207  0 1  94.22  9970.00 2   0.0 -60.0    228500100   0   1700       969750
   208  0 1  95.27  9959.50 2   0.0 -60.6    229470250   0   1550       970150
   209  0 1  94.92  9961.00 2   0.0 -60.9    230440150   0   1800       969900
   210  0 1  94.92  9959.50 2   0.0 -61.6    231429650   0   1750       989500
   211  0 1  94.22  9958.00 2   0.0 -62.5    233410100   0   1650      1980450
   212  0 1  95.62  9961.00 2   0.0 -63.1    234400150   0   1550       990050
   213  0 1  95.27  9958.00 2   0.0 -63.4    235390150   0   1800       990000
   214  0 1  94.92  9970.00 2   0.0 -64.1    236390050   0   1750       999900
   215  0 1  95.62  9970.00 2   0.0 -64.4    237390150   0   1550      1000100
   216  0 1  94.22  9970.00 2   0.0 -65.0    238389850   0   1650       999700
   217  0 1  95.27  9970.00 2   0.0 -65.6    239389900   0   2000      1000050
   218  0 1  95.27  9970.00 2   0.0 -65.9    240389700   0   1600       999800
   219  0 1  95.27  9970.00 2   0.0 -66.6    241399800   0   1650      1010100
   220  0 1  94.57  9979.00 2   0.0 -67.5    243419100   0   1700      2019300
   221  0 1  94.92  9979.00 2   0.0 -68.1    244428800   0   2000      1009700
   222  0 1  94.22  9980.50 2   0.0 -68.4    245438750   0   1700      1009950
   223  0 1  95.27  9979.00 2   0.0 -69.1    246409200   0   2000       970450
   224  0 1  95.62  9979.00 2   0.0 -69.4    247379600   0   1650       970400
