    NO  S V  AOA    FREQ    B  FMOP  AMP      TOA      PMOP  PW         dTOA  
------ -- - ------ -------- - ----- ----- ------------ --- ------ ------------
     0  0 1  94.22 10019.50 2   0.0 -70.0            0   0   1400  42949673000
     1  0 1  94.57 10019.50 2   0.0 -69.4      1072150   0   1450      1072150
     2  0 1  95.62 10021.00 2   0.0 -68.8      1950050   0   1650       877900
     3  0 1  94.22 10018.00 2   0.0 -68.1      3084550   0   1450      1134500
     4  0 1  95.62 10009.00 2   0.0 -66.9      4870900   0   1600      1786350
     5  0 1  94.92 10009.00 2   0.0 -66.3      5956700   0   1650      1085800
     6  0 1  95.27 10009.00 2   0.0 -65.6      7130750   0   1400      1174050
     7  0 1  94.57 10000.00 2   0.0 -65.0      8169650   0   1350      1038900
     8  0 1  94.22 10000.00 2   0.0 -64.4      9379300   0   1250      1209650
     9  0 1  94.57 10000.00 2   0.0 -63.8     10248400   0   1300       869100
    10  0 1  94.22  9998.50 2   0.0 -63.1     11483850   0   1500      1235450
    11  0 1  94.57  9991.00 2   0.0 -62.5     12447350   0   1700       963500
    12  0 1  94.22  9991.00 2   0.0 -61.9     13239550   0   1700       792200
    13  0 1  94.92  9988.00 2   0.0 -60.6     15526900   0   1600      2287350
    14  0 1  94.57  9979.00 2   0.0 -60.0     16445100   0   1600       918200
    15  0 1  94.92  9980.50 2   0.0 -59.4     17322900   0   1250       877800
    16  0 1  95.62  9979.00 2   0.0 -58.8     18253050   0   1400       930150
    17  0 1  95.27  9979.00 2   0.0 -58.1     19152050   0   1700       899000
    18  0 1  94.92  9970.00 2   0.0 -57.5     19935650   0   1550       783600
    19  0 1  94.92  9970.00 2   0.0 -57.2     21029500   0   1350      1093850
    20  0 1  95.62  9970.00 2   0.0 -56.6     21859150   0   1250       829650
    21  0 1  94.22  9970.00 2   0.0 -55.9     22705650   0   1250       846500
    22  0 1  95.27  9961.00 2   0.0 -54.7     24556100   0   1400      1850450
    23  0 1  94.22  9958.00 2   0.0 -54.1     25509000   0   1250       952900
    24  0 1  94.57  9959.50 2   0.0 -53.4     26303900   0   1650       794900
    25  0 1  95.62  9950.50 2   0.0 -53.1     27229300   0   1250       925400
    26  0 1  95.27  9949.00 2   0.0 -52.5     28049750   0   1450       820450
    27  0 1  95.62  9950.50 2   0.0 -51.9     28861800   0   1300       812050
    28  0 1  94.57  9949.00 2   0.0 -51.3     30036500   0   1250      1174700
    29  0 1  94.92 10040.50 2   0.0 -50.6     31256600   0   1250      1220100
    30  0 1  94.92 10039.00 2   0.0 -50.3     32056700   0   1500       800100
    31  0 1  94.22 10040.50 2   0.0 -49.1     33922100   0   1350      1865400
    32  0 1  94.22 10028.50 2   0.0 -48.4     35064300   0   1350      1142200
    33  0 1  94.22 10030.00 2   0.0 -48.1     35865150   0   1700       800850
    34  0 1  95.62 10030.00 2   0.0 -47.5     36852600   0   1500       987450
    35  0 1  94.22 10028.50 2   0.0 -46.9     37653400   0   1650       800800
    36  0 1  94.22 10018.00 2   0.0 -46.6     38593000   0   1350       939600
    37  0 1  95.62 10021.00 2   0.0 -45.9     39582150   0   1500       989150
    38  0 1  94.22 10019.50 2   0.0 -45.6     40578000   0   1300       995850
    39  0 1  94.92 10021.00 2   0.0 -45.0     41502050   0   1700       924050
    40  0 1  95.62 10010.50 2   0.0 -44.1     43483650   0   1700      1981600
    41  0 1  94.22 10010.50 2   0.0 -43.4     44359000   0   1600       875350
    42  0 1  94.92 10010.50 2   0.0 -43.1     45223200   0   1250       864200
    43  0 1  95.62 10000.00 2   0.0 -42.5     46196600   0   1250       973400
    44  0 1  94.22 10000.00 2   0.0 -42.2     47082700   0   1300       886100
    45  0 1  95.62 10000.00 2   0.0 -41.6     48026350   0   1500       943650
    46  0 1  94.57  9998.50 2   0.0 -41.3     48919300   0   1350       892950
    47  0 1  94.92  9991.00 2   0.0 -40.9     49945550   0   1600      1026250
    48  0 1  94.92  9989.50 2   0.0 -40.3     50972950   0   1650      1027400
    49  0 1  94.57  9989.50 2   0.0 -39.7     53035750   0   1250      2062800
    50  0 1  94.92  9979.00 2   0.0 -39.1     54234200   0   1700      1198450
    51  0 1  95.62  9979.00 2   0.0 -38.8     55424300   0   1600      1190100
    52  0 1  94.57  9979.00 2   0.0 -38.4     56341800   0   1250       917500
    53  0 1  94.92  9979.00 2   0.0 -38.1     57532250   0   1250      1190450
    54  0 1  95.62  9968.50 2   0.0 -37.5     58536150   0   1300      1003900
    55  0 1  95.27  9970.00 2   0.0 -37.2     59357750   0   1300       821600
    56  0 1  94.92  9970.00 2   0.0 -36.9     60372400   0   1250      1014650
    57  0 1  95.27  9968.50 2   0.0 -36.6     61465650   0   1500      1093250
    58  0 1  94.22  9961.00 2   0.0 -35.9     63412450   0   1450      1946800
    59  0 1  95.27  9958.00 2   0.0 -35.6     64216650   0   1700       804200
    60  0 1  94.22  9958.00 2   0.0 -35.3     65169600   0   1400       952950
    61  0 1  94.92  9949.00 2   0.0 -35.0     66149050   0   1550       979450
    62  0 1  94.22  9949.00 2   0.0 -34.7     67100500   0   1550       951450
    63  0 1  94.22  9950.50 2   0.0 -34.4     68214500   0   1700      1114000
    64  0 1  94.22  9949.00 2   0.0 -34.1     69376600   0   1550      1162100
    65  0 1  94.22 10039.00 2   0.0 -33.8     70313500   0   1350       936900
    66  0 1  94.57 10039.00 2   0.0 -33.4     71305650   0   1500       992150
    67  0 1  94.57 10039.00 2   0.0 -33.1     73509950   0   1300      2204300
    68  0 1  94.22 10030.00 2   0.0 -32.8     74746800   0   1400      1236850
    69  0 1  94.92 10030.00 2   0.0 -32.5     75789800   0   1350      1043000
    70  0 1  94.22 10028.50 2   0.0 -32.5     76743450   0   1350       953650
    71  0 1  94.22 10030.00 2   0.0 -32.2     77587100   0   1250       843650
    72  0 1  95.62 10021.00 2   0.0 -31.9     78400750   0   1350       813650
    73  0 1  94.22 10019.50 2   0.0 -31.9     79325950   0   1450       925200
    74  0 1  95.27 10021.00 2   0.0 -31.6     80508650   0   1300      1182700
    75  0 1  94.57 10018.00 2   0.0 -31.6     81408100   0   1650       899450
    76  0 1  94.92 10009.00 2   0.0 -31.3     83323500   0   1250      1915400
    77  0 1  94.57 10010.50 2   0.0 -30.9     84137000   0   1550       813500
    78  0 1  94.22 10010.50 2   0.0 -30.9     85206000   0   1300      1069000
    79  0 1  94.57 10000.00 2   0.0 -30.6     86201800   0   1500       995800
    80  0 1  95.62 10000.00 2   0.0 -30.6     87068650   0   1550       866850
    81  0 1  94.22 10000.00 2   0.0 -30.6     88243000   0   1700      1174350
    82  0 1  94.92 10000.00 2   0.0 -30.3     89317200   0   1250      1074200
    83  0 1  94.22  9991.00 2   0.0 -30.3     90122450   0   1250       805250
    84  0 1  94.57  9988.00 2   0.0 -30.3     91332150   0   1500      1209700
    85  0 1  94.92  9988.00 2   0.0 -30.0     93467500   0   1350      2135350
    86  0 1  95.62  9979.00 2   0.0 -30.0     94531200   0   1600      1063700
    87  0 1  95.62  9979.00 2   0.0 -30.0     95551400   0   1650      1020200
    88  0 1  94.22  9979.00 2   0.0 -30.0     96565150   0   1700      1013750
    89  0 1  94.57  9979.00 2   0.0 -30.0     97703000   0   1250      1137850
    90  0 1  95.27  9970.00 2   0.0 -30.0     98650300   0   1500       947300
    91  0 1  94.57  9970.00 2   0.0 -30.0     99591000   0   1700       940700
    92  0 1  94.92  9968.50 2   0.0 -30.0    100561950   0   1550       970950
    93  0 1  94.57  9968.50 2   0.0 -30.0    101516100   0   1300       954150
    94  0 1  95.27  9959.50 2   0.0 -30.0    103357750   0   1250      1841650
    95  0 1  95.27  9958.00 2   0.0 -30.3    104332750   0   1450       975000
    96  0 1  95.27  9961.00 2   0.0 -30.3    105158650   0   1600       825900
    97  0 1  95.27  9950.50 2   0.0 -30.3    105916100   0   1600       757450
    98  0 1  94.22  9949.00 2   0.0 -30.3    106921300   0   1500      1005200
    99  0 1  94.22  9950.50 2   0.0 -30.6    108158300   0   1300      1237000
   100  0 1  95.27  9950.50 2   0.0 -30.6    109081050   0   1450       922750
   101  0 1  95.27 10039.00 2   0.0 -30.6    109861650   0   1450       780600
   102  0 1  94.92 10039.00 2   0.0 -30.9    110848500   0   1500       986850
   103  0 1  95.27 10039.00 2   0.0 -31.3    112550550   0   1300      1702050
   104  0 1  94.22 10030.00 2   0.0 -31.3    113330550   0   1650       780000
   105  0 1  94.57 10030.00 2   0.0 -31.6    114475900   0   1700      1145350
   106  0 1  94.92 10028.50 2   0.0 -31.6    115325100   0   1300       849200
   107  0 1  95.62 10028.50 2   0.0 -31.9    116446100   0   1250      1121000
   108  0 1  94.57 10021.00 2   0.0 -31.9    117300400   0   1300       854300
   109  0 1  95.27 10021.00 2   0.0 -32.2    118105150   0   1500       804750
   110  0 1  94.92 10019.50 2   0.0 -32.5    118917900   0   1450       812750
   111  0 1  95.27 10018.00 2   0.0 -32.5    120093100   0   1250      1175200
   112  0 1  94.22 10009.00 2   0.0 -33.1    121831450   0   1700      1738350
   113  0 1  94.57 10009.00 2   0.0 -33.4    122854250   0   1400      1022800
   114  0 1  94.22 10009.00 2   0.0 -33.4    123683200   0   1500       828950
   115  0 1  94.57 10000.00 2   0.0 -33.8    124580550   0   1300       897350
   116  0 1  95.27  9998.50 2   0.0 -34.1    125576250   0   1250       995700
   117  0 1  94.57  9998.50 2   0.0 -34.4    126572250   0   1600       996000
   118  0 1  94.92 10000.00 2   0.0 -34.7    127508850   0   1700       936600
   119  0 1  94.57  9989.50 2   0.0 -35.0    128751100   0   1250      1242250
   120  0 1  95.27  9988.00 2   0.0 -35.3    129801850   0   1450      1050750
   121  0 1  94.92  9988.00 2   0.0 -35.9    131890050   0   1650      2088200
   122  0 1  95.62  9979.00 2   0.0 -36.3    133049100   0   1450      1159050
   123  0 1  94.22  9979.00 2   0.0 -36.6    133914300   0   1650       865200
   124  0 1  94.22  9979.00 2   0.0 -36.9    134727450   0   1350       813150
   125  0 1  94.22  9979.00 2   0.0 -37.2    135685550   0   1550       958100
   126  0 1  95.27  9968.50 2   0.0 -37.5    136583250   0   1350       897700
   127  0 1  95.27  9970.00 2   0.0 -38.1    137556400   0   1300       973150
   128  0 1  95.27  9970.00 2   0.0 -38.4    138348200   0   1300       791800
   129  0 1  95.27  9968.50 2   0.0 -38.8    139488300   0   1450      1140100
   130  0 1  94.22  9958.00 2   0.0 -39.7    141601050   0   1250      2112750
   131  0 1  95.27  9959.50 2   0.0 -40.0    142366550   0   1600       765500
   132  0 1  95.62  9959.50 2   0.0 -40.3    143426450   0   1550      1059900
   133  0 1  94.22  9949.00 2   0.0 -40.9    144341750   0   1500       915300
   134  0 1  94.22  9949.00 2   0.0 -41.3    145535500   0   1700      1193750
   135  0 1  95.62  9949.00 2   0.0 -41.6    146623700   0   1600      1088200
   136  0 1  95.27  9949.00 2   0.0 -42.2    147800600   0   1400      1176900
   137  0 1  94.92 10039.00 2   0.0 -42.5    148556450   0   1250       755850
   138  0 1  94.92 10040.50 2   0.0 -43.1    149439150   0   1250       882700
   139  0 1  95.27 10039.00 2   0.0 -44.1    151269550   0   1400      1830400
   140  0 1  95.62 10030.00 2   0.0 -44.4    152310250   0   1250      1040700
   141  0 1  94.92 10028.50 2   0.0 -45.0    153494500   0   1700      1184250
   142  0 1  94.92 10030.00 2   0.0 -45.6    154299100   0   1300       804600
   143  0 1  95.27 10028.50 2   0.0 -45.9    155256750   0   1450       957650
   144  0 1  94.22 10018.00 2   0.0 -46.6    156409850   0   1650      1153100
   145  0 1  94.22 10019.50 2   0.0 -46.9    157237200   0   1400       827350
   146  0 1  94.57 10019.50 2   0.0 -47.5    158116400   0   1500       879200
   147  0 1  94.57 10021.00 2   0.0 -48.1    158907900   0   1700       791500
   148  0 1  94.57 10009.00 2   0.0 -49.1    160936750   0   1250      2028850
   149  0 1  95.62 10009.00 2   0.0 -49.7    161696900   0   1500       760150
   150  0 1  94.92 10009.00 2   0.0 -50.3    162576600   0   1450       879700
   151  0 1  94.92 10000.00 2   0.0 -50.6    163392700   0   1250       816100
   152  0 1  94.57 10000.00 2   0.0 -51.3    164315950   0   1350       923250
   153  0 1  95.62  9998.50 2   0.0 -51.9    165398950   0   1500      1083000
   154  0 1  95.62 10000.00 2   0.0 -52.5    166183300   0   1250       784350
   155  0 1  95.62  9989.50 2   0.0 -53.1    167279550   0   1300      1096250
   156  0 1  94.22  9991.00 2   0.0 -53.4    168338350   0   1700      1058800
   157  0 1  94.92  9991.00 2   0.0 -54.7    170011750   0   1650      1673400
   158  0 1  94.57  9979.00 2   0.0 -55.3    170817700   0   1350       805950
   159  0 1  94.92  9979.00 2   0.0 -55.9    172024450   0   1350      1206750
   160  0 1  95.62  9979.00 2   0.0 -56.6    172854150   0   1700       829700
   161  0 1  95.62  9980.50 2   0.0 -57.2    173753400   0   1400       899250
   162  0 1  94.22  9970.00 2   0.0 -57.5    174971550   0   1500      1218150
   163  0 1  95.62  9970.00 2   0.0 -58.1    176085950   0   1700      1114400
   164  0 1  95.27  9970.00 2   0.0 -58.8    177320200   0   1650      1234250
   165  0 1  94.57  9970.00 2   0.0 -59.4    178129000   0   1300       808800
   166  0 1  94.22  9958.00 2   0.0 -60.6    180293700   0   1300      2164700
   167  0 1  94.57  9961.00 2   0.0 -61.3    181427200   0   1350      1133500
   168  0 1  94.22  9959.50 2   0.0 -61.9    182367900   0   1300       940700
   169  0 1  95.27  9950.50 2   0.0 -62.5    183375450   0   1300      1007550
   170  0 1  94.92  9950.50 2   0.0 -63.1    184137750   0   1700       762300
   171  0 1  95.62  9949.00 2   0.0 -63.8    184999450   0   1500       861700
   172  0 1  95.27  9950.50 2   0.0 -64.4    185925700   0   1400       926250
   173  0 1  94.22 10040.50 2   0.0 -65.0    186771400   0   1650       845700
   174  0 1  94.57 10040.50 2   0.0 -65.6    187904650   0   1300      1133250
   175  0 1  95.27 10040.50 2   0.0 -66.9    190059000   0   1350      2154350
   176  0 1  94.22 10028.50 2   0.0 -67.5    191123650   0   1300      1064650
   177  0 1  94.57 10030.00 2   0.0 -68.1    191961800   0   1500       838150
   178  0 1  94.57 10030.00 2   0.0 -68.8    192787550   0   1550       825750
   179  0 1  94.22 10030.00 2   0.0 -69.4    193569150   0   1450       781600
