    NO  S V  AOA    FREQ    B  FMOP  AMP      TOA      PMOP  PW         dTOA  
------ -- - ------ -------- - ----- ----- ------------ --- ------ ------------
     0  0 1  94.92 10021.00 2   0.0 -70.0            0   0   1350  42949673000
     1  0 1  95.62 10021.00 2   0.0 -69.4      1136000   0   1500      1136000
     2  0 1  94.92 10019.50 2   0.0 -68.8      2028900   0   1600       892900
     3  0 1  94.57 10018.00 2   0.0 -68.1      2888650   0   1450       859750
     4  0 1  94.57 10009.00 2   0.0 -67.5      4103000   0   1450      1214350
     5  0 1  95.62 10009.00 2   0.0 -66.3      5900250   0   1500      1797250
     6  0 1  94.22 10010.50 2   0.0 -65.6      6652550   0   1350       752300
     7  0 1  94.22 10000.00 2   0.0 -65.0      7443550   0   1350       791000
     8  0 1  95.62 10000.00 2   0.0 -64.4      8548650   0   1250      1105100
     9  0 1  94.57  9998.50 2   0.0 -63.8      9624100   0   1450      1075450
    10  0 1  95.27 10000.00 2   0.0 -63.1     10856450   0   1400      1232350
    11  0 1  94.22  9991.00 2   0.0 -62.5     11954050   0   1400      1097600
    12  0 1  94.92  9988.00 2   0.0 -61.9     12949250   0   1650       995200
    13  0 1  95.27  9988.00 2   0.0 -61.3     13782700   0   1350       833450
    14  0 1  94.92  9979.00 2   0.0 -60.0     15998950   0   1350      2216250
    15  0 1  95.27  9980.50 2   0.0 -59.4     17157250   0   1250      1158300
    16  0 1  95.27  9980.50 2   0.0 -58.8     18024500   0   1350       867250
    17  0 1  94.22  9979.00 2   0.0 -58.1     19033000   0   1300      1008500
    18  0 1  95.27  9970.00 2   0.0 -57.5     19963100   0   1600       930100
    19  0 1  95.62  9970.00 2   0.0 -57.2     21156400   0   1550      1193300
    20  0 1  94.22  9970.00 2   0.0 -56.6     22269350   0   1700      1112950
    21  0 1  94.57  9968.50 2   0.0 -55.9     23234300   0   1250       964950
    22  0 1  94.22  9958.00 2   0.0 -55.3     24163400   0   1600       929100
    23  0 1  94.22  9958.00 2   0.0 -54.1     26214600   0   1300      2051200
    24  0 1  94.22  9959.50 2   0.0 -53.4     27328850   0   1250      1114250
    25  0 1  95.27  9950.50 2   0.0 -53.1     28233550   0   1650       904700
    26  0 1  94.92  9950.50 2   0.0 -52.5     29451200   0   1650      1217650
    27  0 1  94.22  9950.50 2   0.0 -51.9     30558750   0   1350      1107550
    28  0 1  94.57  9949.00 2   0.0 -51.3     31632500   0   1350      1073750
    29  0 1  94.57 10039.00 2   0.0 -50.6     32515400   0   1350       882900
    30  0 1  94.57 10039.00 2   0.0 -50.3     33697500   0   1650      1182100
    31  0 1  95.62 10040.50 2   0.0 -49.7     34692900   0   1350       995400
    32  0 1  94.57 10028.50 2   0.0 -48.4     36913400   0   1350      2220500
    33  0 1  95.62 10028.50 2   0.0 -48.1     37813250   0   1450       899850
    34  0 1  94.57 10030.00 2   0.0 -47.5     38720350   0   1650       907100
    35  0 1  94.57 10030.00 2   0.0 -46.9     39955600   0   1350      1235250
    36  0 1  95.62 10018.00 2   0.0 -46.6     40901400   0   1250       945800
    37  0 1  95.27 10018.00 2   0.0 -45.9     41853500   0   1450       952100
    38  0 1  94.92 10021.00 2   0.0 -45.6     43053800   0   1400      1200300
    39  0 1  94.92 10019.50 2   0.0 -45.0     43840200   0   1550       786400
    40  0 1  95.62 10009.00 2   0.0 -44.4     45087850   0   1450      1247650
    41  0 1  94.92 10009.00 2   0.0 -43.4     46856150   0   1450      1768300
    42  0 1  95.27 10009.00 2   0.0 -43.1     47644450   0   1250       788300
    43  0 1  95.62 10000.00 2   0.0 -42.5     48704000   0   1500      1059550
    44  0 1  94.22 10000.00 2   0.0 -42.2     49693600   0   1350       989600
    45  0 1  94.22 10000.00 2   0.0 -41.6     50936150   0   1300      1242550
    46  0 1  95.27  9998.50 2   0.0 -41.3     51841400   0   1450       905250
    47  0 1  94.22  9989.50 2   0.0 -40.9     52735600   0   1550       894200
    48  0 1  94.22  9988.00 2   0.0 -40.3     53688400   0   1300       952800
    49  0 1  94.22  9988.00 2   0.0 -40.0     54522900   0   1250       834500
    50  0 1  94.22  9980.50 2   0.0 -39.1     56602750   0   1450      2079850
    51  0 1  94.22  9979.00 2   0.0 -38.8     57684650   0   1300      1081900
    52  0 1  94.57  9979.00 2   0.0 -38.4     58921100   0   1250      1236450
    53  0 1  94.22  9980.50 2   0.0 -38.1     60166900   0   1250      1245800
    54  0 1  94.92  9970.00 2   0.0 -37.5     61134350   0   1300       967450
    55  0 1  94.22  9970.00 2   0.0 -37.2     62023700   0   1550       889350
    56  0 1  95.62  9970.00 2   0.0 -36.9     63247500   0   1250      1223800
    57  0 1  94.57  9968.50 2   0.0 -36.6     64249650   0   1700      1002150
    58  0 1  94.57  9958.00 2   0.0 -36.3     65226900   0   1700       977250
    59  0 1  95.62  9961.00 2   0.0 -35.6     67377000   0   1700      2150100
    60  0 1  95.27  9959.50 2   0.0 -35.3     68334400   0   1500       957400
    61  0 1  94.57  9949.00 2   0.0 -35.0     69373150   0   1650      1038750
    62  0 1  94.22  9949.00 2   0.0 -34.7     70249200   0   1350       876050
    63  0 1  95.62  9950.50 2   0.0 -34.4     71035500   0   1700       786300
    64  0 1  95.62  9950.50 2   0.0 -34.1     72125550   0   1300      1090050
    65  0 1  94.57 10039.00 2   0.0 -33.8     73006000   0   1450       880450
    66  0 1  95.27 10040.50 2   0.0 -33.4     74038900   0   1250      1032900
    67  0 1  94.22 10039.00 2   0.0 -33.4     75041300   0   1250      1002400
    68  0 1  94.92 10030.00 2   0.0 -32.8     76859000   0   1550      1817700
    69  0 1  95.62 10030.00 2   0.0 -32.5     77749750   0   1400       890750
    70  0 1  95.62 10030.00 2   0.0 -32.5     78804550   0   1650      1054800
    71  0 1  94.57 10030.00 2   0.0 -32.2     79850500   0   1450      1045950
    72  0 1  95.27 10018.00 2   0.0 -31.9     81087100   0   1550      1236600
    73  0 1  95.27 10021.00 2   0.0 -31.9     82248750   0   1700      1161650
    74  0 1  94.22 10021.00 2   0.0 -31.6     83015350   0   1500       766600
    75  0 1  94.57 10021.00 2   0.0 -31.6     84127200   0   1350      1111850
    76  0 1  94.57 10010.50 2   0.0 -31.3     85022100   0   1400       894900
    77  0 1  95.27 10010.50 2   0.0 -30.9     87013250   0   1300      1991150
    78  0 1  94.92 10010.50 2   0.0 -30.9     88203150   0   1500      1189900
    79  0 1  95.62 10000.00 2   0.0 -30.6     89032800   0   1450       829650
    80  0 1  94.92 10000.00 2   0.0 -30.6     90007550   0   1300       974750
    81  0 1  94.22 10000.00 2   0.0 -30.6     90997550   0   1600       990000
    82  0 1  95.62 10000.00 2   0.0 -30.3     92090000   0   1300      1092450
    83  0 1  95.27  9989.50 2   0.0 -30.3     92967250   0   1500       877250
    84  0 1  94.22  9991.00 2   0.0 -30.3     94181600   0   1250      1214350
    85  0 1  94.57  9988.00 2   0.0 -30.3     95111550   0   1300       929950
    86  0 1  94.22  9979.00 2   0.0 -30.0     97067750   0   1650      1956200
    87  0 1  94.92  9979.00 2   0.0 -30.0     98246000   0   1300      1178250
    88  0 1  94.57  9979.00 2   0.0 -30.0     99299000   0   1350      1053000
    89  0 1  94.22  9980.50 2   0.0 -30.0    100366550   0   1400      1067550
    90  0 1  94.92  9968.50 2   0.0 -30.0    101540500   0   1400      1173950
    91  0 1  94.92  9968.50 2   0.0 -30.0    102344100   0   1450       803600
    92  0 1  95.62  9970.00 2   0.0 -30.0    103189400   0   1700       845300
    93  0 1  94.57  9968.50 2   0.0 -30.0    104255750   0   1450      1066350
    94  0 1  94.22  9961.00 2   0.0 -30.0    105442800   0   1700      1187050
    95  0 1  94.57  9958.00 2   0.0 -30.3    107587200   0   1500      2144400
    96  0 1  95.27  9961.00 2   0.0 -30.3    108539400   0   1300       952200
    97  0 1  94.57  9950.50 2   0.0 -30.3    109480350   0   1250       940950
    98  0 1  94.92  9949.00 2   0.0 -30.3    110616300   0   1350      1135950
    99  0 1  95.62  9950.50 2   0.0 -30.6    111507500   0   1400       891200
   100  0 1  94.92  9950.50 2   0.0 -30.6    112545850   0   1600      1038350
   101  0 1  95.27 10039.00 2   0.0 -30.6    113388800   0   1250       842950
   102  0 1  94.92 10040.50 2   0.0 -30.9    114174150   0   1550       785350
   103  0 1  94.92 10039.00 2   0.0 -30.9    115004550   0   1400       830400
   104  0 1  94.92 10030.00 2   0.0 -31.3    116637800   0   1550      1633250
   105  0 1  95.62 10028.50 2   0.0 -31.6    117665200   0   1350      1027400
   106  0 1  94.57 10030.00 2   0.0 -31.6    118642850   0   1350       977650
   107  0 1  94.92 10030.00 2   0.0 -31.9    119704100   0   1350      1061250
   108  0 1  95.27 10018.00 2   0.0 -31.9    120813900   0   1300      1109800
   109  0 1  94.92 10018.00 2   0.0 -32.2    122013700   0   1350      1199800
   110  0 1  94.92 10018.00 2   0.0 -32.5    123110700   0   1600      1097000
   111  0 1  94.92 10021.00 2   0.0 -32.5    124313550   0   1350      1202850
   112  0 1  95.27 10009.00 2   0.0 -32.8    125135050   0   1650       821500
   113  0 1  94.22 10009.00 2   0.0 -33.4    127258200   0   1250      2123150
   114  0 1  94.57 10010.50 2   0.0 -33.4    128123100   0   1700       864900
   115  0 1  94.92 10000.00 2   0.0 -33.8    128922550   0   1550       799450
   116  0 1  94.92  9998.50 2   0.0 -34.1    129812600   0   1250       890050
   117  0 1  94.57 10000.00 2   0.0 -34.4    130800500   0   1700       987900
   118  0 1  94.22  9998.50 2   0.0 -34.7    131746850   0   1600       946350
   119  0 1  94.57  9991.00 2   0.0 -35.0    132517200   0   1600       770350
   120  0 1  94.22  9991.00 2   0.0 -35.3    133604900   0   1550      1087700
   121  0 1  95.62  9989.50 2   0.0 -35.6    134715800   0   1500      1110900
   122  0 1  94.22  9979.00 2   0.0 -36.3    136924850   0   1250      2209050
   123  0 1  94.57  9979.00 2   0.0 -36.6    137883750   0   1450       958900
   124  0 1  95.62  9980.50 2   0.0 -36.9    138866050   0   1650       982300
   125  0 1  94.92  9980.50 2   0.0 -37.2    139728650   0   1600       862600
   126  0 1  94.92  9970.00 2   0.0 -37.5    140624650   0   1550       896000
   127  0 1  94.22  9968.50 2   0.0 -38.1    141751400   0   1250      1126750
   128  0 1  94.92  9970.00 2   0.0 -38.4    142912350   0   1500      1160950
   129  0 1  94.57  9970.00 2   0.0 -38.8    144006700   0   1600      1094350
   130  0 1  95.62  9961.00 2   0.0 -39.1    145247750   0   1300      1241050
   131  0 1  95.62  9958.00 2   0.0 -40.0    147150700   0   1350      1902950
   132  0 1  95.62  9959.50 2   0.0 -40.3    148133850   0   1300       983150
   133  0 1  94.57  9949.00 2   0.0 -40.9    149119050   0   1550       985200
   134  0 1  94.92  9949.00 2   0.0 -41.3    150339000   0   1400      1219950
   135  0 1  94.57  9949.00 2   0.0 -41.6    151259400   0   1350       920400
   136  0 1  95.62  9949.00 2   0.0 -42.2    152317350   0   1400      1057950
   137  0 1  95.27 10039.00 2   0.0 -42.5    153386600   0   1250      1069250
   138  0 1  95.62 10039.00 2   0.0 -43.1    154234050   0   1250       847450
   139  0 1  94.92 10040.50 2   0.0 -43.4    155351100   0   1700      1117050
   140  0 1  94.57 10030.00 2   0.0 -44.4    157234700   0   1350      1883600
   141  0 1  95.62 10028.50 2   0.0 -45.0    158241600   0   1450      1006900
   142  0 1  95.62 10030.00 2   0.0 -45.6    159438850   0   1600      1197250
   143  0 1  94.92 10030.00 2   0.0 -45.9    160555650   0   1450      1116800
   144  0 1  95.27 10018.00 2   0.0 -46.6    161309800   0   1450       754150
   145  0 1  95.62 10019.50 2   0.0 -46.9    162309400   0   1300       999600
   146  0 1  94.92 10019.50 2   0.0 -47.5    163468000   0   1550      1158600
   147  0 1  94.57 10021.00 2   0.0 -48.1    164636350   0   1500      1168350
   148  0 1  94.22 10010.50 2   0.0 -48.4    165748250   0   1650      1111900
   149  0 1  95.27 10009.00 2   0.0 -49.7    167906150   0   1550      2157900
   150  0 1  95.62 10009.00 2   0.0 -50.3    168838700   0   1650       932550
   151  0 1  94.57 10000.00 2   0.0 -50.6    169909300   0   1450      1070600
   152  0 1  95.62 10000.00 2   0.0 -51.3    170888850   0   1350       979550
   153  0 1  95.62  9998.50 2   0.0 -51.9    171971950   0   1500      1083100
   154  0 1  94.92  9998.50 2   0.0 -52.5    172967700   0   1450       995750
   155  0 1  95.62  9988.00 2   0.0 -53.1    173924000   0   1250       956300
   156  0 1  94.57  9988.00 2   0.0 -53.4    175149400   0   1650      1225400
   157  0 1  94.92  9989.50 2   0.0 -54.1    176110150   0   1500       960750
   158  0 1  95.27  9980.50 2   0.0 -55.3    177902150   0   1400      1792000
   159  0 1  94.22  9979.00 2   0.0 -55.9    179022450   0   1300      1120300
   160  0 1  94.57  9980.50 2   0.0 -56.6    179987500   0   1350       965050
   161  0 1  94.22  9980.50 2   0.0 -57.2    180945500   0   1700       958000
   162  0 1  94.57  9970.00 2   0.0 -57.5    181855900   0   1600       910400
   163  0 1  94.57  9968.50 2   0.0 -58.1    182713150   0   1700       857250
   164  0 1  94.57  9970.00 2   0.0 -58.8    183631450   0   1300       918300
   165  0 1  94.22  9970.00 2   0.0 -59.4    184802300   0   1250      1170850
   166  0 1  95.27  9961.00 2   0.0 -60.0    185760350   0   1550       958050
   167  0 1  95.62  9958.00 2   0.0 -61.3    187518000   0   1550      1757650
   168  0 1  94.57  9958.00 2   0.0 -61.9    188446000   0   1300       928000
   169  0 1  94.92  9949.00 2   0.0 -62.5    189355850   0   1450       909850
   170  0 1  94.22  9949.00 2   0.0 -63.1    190515250   0   1700      1159400
   171  0 1  94.22  9950.50 2   0.0 -63.8    191695900   0   1250      1180650
   172  0 1  94.22  9949.00 2   0.0 -64.4    192932250   0   1250      1236350
   173  0 1  94.92 10040.50 2   0.0 -65.0    194070000   0   1650      1137750
   174  0 1  95.62 10040.50 2   0.0 -65.6    195032400   0   1600       962400
   175  0 1  94.92 10039.00 2   0.0 -66.3    196124200   0   1450      1091800
   176  0 1  95.62 10030.00 2   0.0 -67.5    198140850   0   1400      2016650
   177  0 1  94.57 10030.00 2   0.0 -68.1    198922050   0   1400       781200
   178  0 1  95.62 10028.50 2   0.0 -68.8    199886950   0   1550       964900
   179  0 1  95.27 10030.00 2   0.0 -69.4    200998850   0   1350      1111900
