    NO  S V  AOA    FREQ    B  FMOP  AMP      TOA      PMOP  PW         dTOA  
------ -- - ------ -------- - ----- ----- ------------ --- ------ ------------
     0  0 1  95.62 10000.00 2   0.0 -70.0            0   0    850  42949673000
     1  0 1  95.62 10015.00 2   0.0 -68.8      2000700   0    850      2000700
     2  0 1  94.92 10021.00 2   0.0 -68.1      3001150   0   1100      1000450
     3  0 1  94.57 10028.50 2   0.0 -67.5      4001050   0   1150       999900
     4  0 1  95.27 10036.00 2   0.0 -66.9      5001050   0   1000      1000000
     5  0 1  94.22 10042.00 2   0.0 -66.3      6001050   0   1300      1000000
     6  0 1  95.27 10046.50 2   0.0 -65.6      7001400   0   1150      1000350
     7  0 1  94.92 10051.00 2   0.0 -65.0      8000950   0   1250       999550
     8  0 1  94.22 10055.50 2   0.0 -64.4      9001250   0    900      1000300
     9  0 1  95.27 10057.00 2   0.0 -63.8     10001000   0   1000       999750
    10  0 1  95.62 10060.00 2   0.0 -62.5     12000850   0   1100      1999850
    11  0 1  94.57 10060.00 2   0.0 -61.9     13000950   0    850      1000100
    12  0 1  95.27 10055.50 2   0.0 -61.3     14000800   0   1300       999850
    13  0 1  95.62 10052.50 2   0.0 -60.6     15001200   0   1100      1000400
    14  0 1  94.92 10049.50 2   0.0 -60.0     16000700   0   1150       999500
    15  0 1  95.62 10045.00 2   0.0 -59.4     17000900   0    850      1000200
    16  0 1  95.62 10039.00 2   0.0 -58.8     18001300   0   1150      1000400
    17  0 1  95.27 10033.00 2   0.0 -58.1     19001400   0   1050      1000100
    18  0 1  95.62 10027.00 2   0.0 -57.5     20001450   0    850      1000050
    19  0 1  95.62 10012.00 2   0.0 -56.6     22001950   0   1050      2000500
    20  0 1  94.22 10001.50 2   0.0 -55.9     23001600   0   1250       999650
    21  0 1  94.22  9995.50 2   0.0 -55.3     24001850   0    950      1000250
    22  0 1  94.22  9988.00 2   0.0 -54.7     25002000   0   1250      1000150
    23  0 1  94.57  9979.00 2   0.0 -54.1     26001800   0   1300       999800
    24  0 1  95.62  9973.00 2   0.0 -53.4     27001400   0   1000       999600
    25  0 1  94.57  9965.50 2   0.0 -53.1     28001050   0   1250       999650
    26  0 1  95.27  9958.00 2   0.0 -52.5     29000800   0   1250       999750
    27  0 1  95.62  9952.00 2   0.0 -51.9     30000850   0   1300      1000050
    28  0 1  94.92  9946.00 2   0.0 -50.6     32001350   0   1150      2000500
    29  0 1  94.57  9941.50 2   0.0 -50.3     33001300   0    900       999950
    30  0 1  94.92  9938.50 2   0.0 -49.7     34001550   0   1050      1000250
    31  0 1  94.57  9938.50 2   0.0 -49.1     35001350   0    950       999800
    32  0 1  94.22  9938.50 2   0.0 -48.4     36001250   0   1300       999900
    33  0 1  95.62  9940.00 2   0.0 -48.1     37001300   0   1150      1000050
    34  0 1  95.62  9944.50 2   0.0 -47.5     38001150   0    950       999850
    35  0 1  94.22  9946.00 2   0.0 -46.9     39001400   0    900      1000250
    36  0 1  94.57  9949.00 2   0.0 -46.6     40001150   0   1100       999750
    37  0 1  95.27  9962.50 2   0.0 -45.6     42001250   0   1050      2000100
    38  0 1  95.62  9968.50 2   0.0 -45.0     43001100   0   1250       999850
    39  0 1  94.22  9974.50 2   0.0 -44.4     44000600   0   1300       999500
    40  0 1  94.57  9982.00 2   0.0 -44.1     45000600   0    950      1000000
    41  0 1  95.27  9992.50 2   0.0 -43.4     46000950   0   1100      1000350
    42  0 1  94.57  9998.50 2   0.0 -43.1     47000550   0   1000       999600
    43  0 1  94.22 10007.50 2   0.0 -42.5     48000100   0   1050       999550
    44  0 1  94.22 10013.50 2   0.0 -42.2     48999850   0    850       999750
    45  0 1  95.62 10022.50 2   0.0 -41.6     49999400   0    900       999550
    46  0 1  94.92 10036.00 2   0.0 -40.9     51999550   0    950      2000150
    47  0 1  94.92 10042.00 2   0.0 -40.3     52999150   0   1100       999600
    48  0 1  94.92 10048.00 2   0.0 -40.0     53999100   0    850       999950
    49  0 1  95.62 10052.50 2   0.0 -39.7     54999000   0   1100       999900
    50  0 1  94.22 10054.00 2   0.0 -39.1     55999350   0   1050      1000350
    51  0 1  95.62 10057.00 2   0.0 -38.8     56999350   0   1100      1000000
    52  0 1  94.22 10057.00 2   0.0 -38.4     57999350   0   1000      1000000
    53  0 1  94.92 10058.50 2   0.0 -38.1     58999500   0   1200      1000150
    54  0 1  94.92 10058.50 2   0.0 -37.5     59999350   0    900       999850
    55  0 1  94.57 10052.50 2   0.0 -36.9     61998750   0   1150      1999400
    56  0 1  94.92 10049.50 2   0.0 -36.6     62998550   0    950       999800
    57  0 1  94.22 10043.50 2   0.0 -36.3     63998350   0    900       999800
    58  0 1  95.27 10039.00 2   0.0 -35.9     64998000   0    850       999650
    59  0 1  94.22 10031.50 2   0.0 -35.6     65998150   0   1300      1000150
    60  0 1  94.57 10027.00 2   0.0 -35.3     66998000   0   1100       999850
    61  0 1  95.27 10018.00 2   0.0 -35.0     67998300   0   1200      1000300
    62  0 1  95.27 10012.00 2   0.0 -34.7     68998400   0   1000      1000100
    63  0 1  95.62 10003.00 2   0.0 -34.4     69998750   0   1250      1000350
    64  0 1  94.92  9986.50 2   0.0 -33.8     71999250   0   1100      2000500
    65  0 1  94.57  9980.50 2   0.0 -33.4     72999650   0    950      1000400
    66  0 1  94.22  9970.00 2   0.0 -33.4     73999250   0   1150       999600
    67  0 1  95.62  9965.50 2   0.0 -33.1     74999400   0   1050      1000150
    68  0 1  94.92  9959.50 2   0.0 -32.8     75999600   0    850      1000200
    69  0 1  95.27  9953.50 2   0.0 -32.5     76999300   0   1200       999700
    70  0 1  94.22  9949.00 2   0.0 -32.5     77999200   0   1000       999900
    71  0 1  94.57  9943.00 2   0.0 -32.2     78999050   0   1000       999850
    72  0 1  95.27  9940.00 2   0.0 -31.9     79999150   0   1100      1000100
    73  0 1  95.62  9940.00 2   0.0 -31.6     81998500   0   1250      1999350
    74  0 1  95.27  9938.50 2   0.0 -31.6     82998300   0   1050       999800
    75  0 1  94.92  9940.00 2   0.0 -31.3     83997800   0    850       999500
    76  0 1  94.92  9943.00 2   0.0 -31.3     84997600   0   1300       999800
    77  0 1  94.57  9947.50 2   0.0 -30.9     85997600   0   1150      1000000
    78  0 1  95.27  9950.50 2   0.0 -30.9     86997400   0   1300       999800
    79  0 1  94.57  9956.50 2   0.0 -30.6     87996950   0   1100       999550
    80  0 1  94.22  9961.00 2   0.0 -30.6     88997250   0    900      1000300
    81  0 1  95.27  9968.50 2   0.0 -30.6     89997100   0    900       999850
    82  0 1  94.22  9985.00 2   0.0 -30.3     91997750   0    850      2000650
    83  0 1  94.92  9991.00 2   0.0 -30.3     92997700   0   1200       999950
    84  0 1  95.62  9997.00 2   0.0 -30.3     93997300   0    850       999600
    85  0 1  94.57 10006.00 2   0.0 -30.0     94996850   0   1200       999550
    86  0 1  95.27 10015.00 2   0.0 -30.0     95997300   0   1200      1000450
    87  0 1  94.57 10022.50 2   0.0 -30.0     96997550   0   1150      1000250
    88  0 1  95.62 10030.00 2   0.0 -30.0     97997200   0    850       999650
    89  0 1  94.92 10036.00 2   0.0 -30.0     98997150   0   1050       999950
    90  0 1  94.92 10042.00 2   0.0 -30.0     99996750   0   1300       999600
    91  0 1  94.57 10051.00 2   0.0 -30.0    101996650   0    900      1999900
    92  0 1  95.62 10054.00 2   0.0 -30.0    102996900   0   1250      1000250
    93  0 1  95.62 10057.00 2   0.0 -30.0    103997250   0   1250      1000350
    94  0 1  94.57 10058.50 2   0.0 -30.0    104997300   0   1150      1000050
    95  0 1  95.27 10060.00 2   0.0 -30.3    105996850   0   1000       999550
    96  0 1  95.27 10060.00 2   0.0 -30.3    106997150   0   1250      1000300
    97  0 1  95.27 10055.50 2   0.0 -30.3    107997300   0   1300      1000150
    98  0 1  95.27 10052.50 2   0.0 -30.3    108997000   0   1050       999700
    99  0 1  94.57 10049.50 2   0.0 -30.6    109996700   0   1150       999700
   100  0 1  94.22 10039.00 2   0.0 -30.6    111996250   0   1250      1999550
   101  0 1  95.27 10033.00 2   0.0 -30.9    112996550   0    900      1000300
   102  0 1  94.57 10027.00 2   0.0 -30.9    113996150   0   1100       999600
   103  0 1  94.22 10018.00 2   0.0 -31.3    114996150   0    950      1000000
   104  0 1  94.22 10012.00 2   0.0 -31.3    115995900   0    900       999750
   105  0 1  94.57 10003.00 2   0.0 -31.6    116995950   0   1250      1000050
   106  0 1  95.27  9997.00 2   0.0 -31.6    117995800   0   1200       999850
   107  0 1  95.27  9988.00 2   0.0 -31.9    118995950   0   1300      1000150
   108  0 1  94.22  9979.00 2   0.0 -31.9    119996150   0    950      1000200
   109  0 1  95.62  9965.50 2   0.0 -32.5    121995950   0   1050      1999800
   110  0 1  94.57  9958.00 2   0.0 -32.5    122995600   0    950       999650
   111  0 1  95.62  9955.00 2   0.0 -32.8    123995100   0   1100       999500
   112  0 1  95.62  9947.50 2   0.0 -33.1    124995150   0   1300      1000050
   113  0 1  95.27  9946.00 2   0.0 -33.4    125995450   0   1000      1000300
   114  0 1  94.92  9940.00 2   0.0 -33.4    126995600   0   1100      1000150
   115  0 1  95.62  9940.00 2   0.0 -33.8    127995150   0   1150       999550
   116  0 1  95.62  9940.00 2   0.0 -34.1    128994800   0   1150       999650
   117  0 1  94.92  9938.50 2   0.0 -34.4    129995200   0    950      1000400
   118  0 1  94.57  9941.50 2   0.0 -35.0    131995050   0    950      1999850
   119  0 1  94.57  9946.00 2   0.0 -35.3    132994600   0   1100       999550
   120  0 1  94.22  9949.00 2   0.0 -35.6    133994300   0   1300       999700
   121  0 1  94.22  9956.50 2   0.0 -35.9    134993800   0    850       999500
   122  0 1  95.27  9962.50 2   0.0 -36.3    135993900   0   1050      1000100
   123  0 1  94.22  9967.00 2   0.0 -36.6    136994250   0   1050      1000350
   124  0 1  94.57  9976.00 2   0.0 -36.9    137994250   0   1300      1000000
   125  0 1  95.62  9983.50 2   0.0 -37.2    138993750   0    850       999500
   126  0 1  95.27  9989.50 2   0.0 -37.5    139993900   0    900      1000150
   127  0 1  95.27 10007.50 2   0.0 -38.4    141994600   0   1150      2000700
   128  0 1  95.27 10015.00 2   0.0 -38.8    142995050   0   1150      1000450
   129  0 1  94.22 10024.00 2   0.0 -39.1    143995350   0    850      1000300
   130  0 1  94.22 10028.50 2   0.0 -39.7    144995400   0   1050      1000050
   131  0 1  95.27 10036.00 2   0.0 -40.0    145995300   0   1000       999900
   132  0 1  94.92 10042.00 2   0.0 -40.3    146995550   0   1150      1000250
   133  0 1  95.27 10046.50 2   0.0 -40.9    147995750   0    850      1000200
   134  0 1  94.22 10051.00 2   0.0 -41.3    148995450   0   1050       999700
   135  0 1  94.22 10055.50 2   0.0 -41.6    149995650   0   1250      1000200
   136  0 1  94.22 10058.50 2   0.0 -42.5    151995500   0   1200      1999850
   137  0 1  94.57 10057.00 2   0.0 -43.1    152995550   0    900      1000050
   138  0 1  95.27 10057.00 2   0.0 -43.4    153995650   0   1100      1000100
   139  0 1  94.57 10055.50 2   0.0 -44.1    154996050   0   1100      1000400
   140  0 1  94.92 10054.00 2   0.0 -44.4    155996500   0   1000      1000450
   141  0 1  95.62 10051.00 2   0.0 -45.0    156996500   0   1000      1000000
   142  0 1  95.62 10043.50 2   0.0 -45.6    157996400   0   1100       999900
   143  0 1  94.57 10040.50 2   0.0 -45.9    158996800   0    900      1000400
   144  0 1  95.62 10033.00 2   0.0 -46.6    159996300   0    950       999500
   145  0 1  95.27 10018.00 2   0.0 -47.5    161996300   0   1300      2000000
   146  0 1  94.22 10012.00 2   0.0 -48.1    162996400   0   1050      1000100
   147  0 1  95.62 10003.00 2   0.0 -48.4    163995900   0   1150       999500
   148  0 1  94.57  9994.00 2   0.0 -49.1    164995650   0    900       999750
   149  0 1  94.22  9988.00 2   0.0 -49.7    165995800   0    950      1000150
   150  0 1  95.62  9980.50 2   0.0 -50.3    166995850   0   1000      1000050
   151  0 1  94.92  9973.00 2   0.0 -50.6    167996200   0   1150      1000350
   152  0 1  95.27  9967.00 2   0.0 -51.3    168996450   0    900      1000250
   153  0 1  95.27  9959.50 2   0.0 -51.9    169996150   0   1050       999700
   154  0 1  94.22  9949.00 2   0.0 -53.1    171996100   0    950      1999950
   155  0 1  94.92  9944.50 2   0.0 -53.4    172996050   0   1250       999950
   156  0 1  94.57  9941.50 2   0.0 -54.1    173995750   0    850       999700
   157  0 1  95.62  9940.00 2   0.0 -54.7    174995400   0    850       999650
   158  0 1  94.92  9940.00 2   0.0 -55.3    175995400   0   1100      1000000
   159  0 1  95.62  9940.00 2   0.0 -55.9    176995250   0   1150       999850
   160  0 1  94.92  9940.00 2   0.0 -56.6    177995100   0   1150       999850
   161  0 1  95.27  9943.00 2   0.0 -57.2    178995050   0   1100       999950
   162  0 1  94.92  9946.00 2   0.0 -57.5    179994750   0    950       999700
   163  0 1  94.22  9955.00 2   0.0 -58.8    181994550   0    850      1999800
   164  0 1  95.62  9961.00 2   0.0 -59.4    182994550   0    950      1000000
   165  0 1  94.22  9967.00 2   0.0 -60.0    183995000   0    950      1000450
   166  0 1  95.27  9974.50 2   0.0 -60.6    184994750   0   1150       999750
   167  0 1  95.27  9982.00 2   0.0 -61.3    185994650   0   1000       999900
   168  0 1  94.92  9989.50 2   0.0 -61.9    186994400   0   1250       999750
   169  0 1  94.22  9998.50 2   0.0 -62.5    187994600   0    950      1000200
   170  0 1  94.92 10007.50 2   0.0 -63.1    188994400   0   1300       999800
   171  0 1  95.62 10013.50 2   0.0 -63.8    189994350   0    900       999950
   172  0 1  94.22 10030.00 2   0.0 -65.0    191994950   0   1250      2000600
   173  0 1  94.22 10036.00 2   0.0 -65.6    192994800   0   1250       999850
   174  0 1  94.92 10043.50 2   0.0 -66.3    193994700   0    900       999900
   175  0 1  94.22 10048.00 2   0.0 -66.9    194995000   0   1150      1000300
   176  0 1  95.62 10051.00 2   0.0 -67.5    195994550   0   1300       999550
   177  0 1  95.27 10055.50 2   0.0 -68.1    196994950   0   1200      1000400
   178  0 1  95.27 10058.50 2   0.0 -68.8    197995000   0    900      1000050
   179  0 1  95.27 10060.00 2   0.0 -69.4    198994800   0   1100       999800
