    NO  S V  AOA    FREQ    B  FMOP  AMP      TOA      PMOP  PW         dTOA  
------ -- - ------ -------- - ----- ----- ------------ --- ------ ------------
     0  0 1  95.27 10000.00 2   0.0 -70.0            0   0   1100  42949673000
     1  0 1  95.62 10007.50 2   0.0 -69.4       999800   0    950       999800
     2  0 1  94.57 10015.00 2   0.0 -68.8      1999600   0   1100       999800
     3  0 1  95.62 10021.00 2   0.0 -68.1      2999250   0    950       999650
     4  0 1  94.57 10036.00 2   0.0 -66.9      4999300   0   1300      2000050
     5  0 1  95.62 10042.00 2   0.0 -66.3      5999100   0   1300       999800
     6  0 1  94.22 10046.50 2   0.0 -65.6      6998950   0   1050       999850
     7  0 1  94.57 10052.50 2   0.0 -65.0      7999150   0   1000      1000200
     8  0 1  95.62 10054.00 2   0.0 -64.4      8999000   0   1300       999850
     9  0 1  94.92 10057.00 2   0.0 -63.8      9999100   0   1000      1000100
    10  0 1  94.57 10057.00 2   0.0 -63.1     10999450   0   1100      1000350
    11  0 1  94.57 10057.00 2   0.0 -62.5     11999600   0    950      1000150
    12  0 1  94.92 10060.00 2   0.0 -61.9     12999200   0   1100       999600
    13  0 1  94.57 10054.00 2   0.0 -60.6     14998800   0   1100      1999600
    14  0 1  94.92 10048.00 2   0.0 -60.0     15998900   0    850      1000100
    15  0 1  94.57 10045.00 2   0.0 -59.4     16998600   0   1250       999700
    16  0 1  94.92 10040.50 2   0.0 -58.8     17998900   0   1000      1000300
    17  0 1  95.62 10033.00 2   0.0 -58.1     18998650   0   1100       999750
    18  0 1  95.27 10027.00 2   0.0 -57.5     19998600   0   1200       999950
    19  0 1  95.27 10018.00 2   0.0 -57.2     20998600   0    850      1000000
    20  0 1  94.57 10009.00 2   0.0 -56.6     21998600   0   1000      1000000
    21  0 1  94.92 10003.00 2   0.0 -55.9     22998150   0   1050       999550
    22  0 1  94.57  9988.00 2   0.0 -54.7     24998600   0    850      2000450
    23  0 1  95.62  9980.50 2   0.0 -54.1     25999050   0   1000      1000450
    24  0 1  94.57  9973.00 2   0.0 -53.4     26998850   0    850       999800
    25  0 1  94.57  9967.00 2   0.0 -53.1     27998550   0    900       999700
    26  0 1  94.92  9958.00 2   0.0 -52.5     28998850   0    900      1000300
    27  0 1  94.22  9955.00 2   0.0 -51.9     29998750   0   1050       999900
    28  0 1  95.27  9947.50 2   0.0 -51.3     30998500   0   1000       999750
    29  0 1  95.27  9944.50 2   0.0 -50.6     31998400   0   1050       999900
    30  0 1  94.57  9941.50 2   0.0 -50.3     32998050   0    850       999650
    31  0 1  94.92  9940.00 2   0.0 -49.1     34998600   0   1100      2000550
    32  0 1  94.57  9938.50 2   0.0 -48.4     35998750   0    900      1000150
    33  0 1  94.22  9941.50 2   0.0 -48.1     36998750   0   1200      1000000
    34  0 1  94.92  9943.00 2   0.0 -47.5     37999200   0   1000      1000450
    35  0 1  94.57  9946.00 2   0.0 -46.9     38999450   0   1300      1000250
    36  0 1  94.57  9949.00 2   0.0 -46.6     39999400   0   1250       999950
    37  0 1  95.27  9956.50 2   0.0 -45.9     40999600   0   1250      1000200
    38  0 1  94.92  9962.50 2   0.0 -45.6     41999850   0    900      1000250
    39  0 1  94.92  9970.00 2   0.0 -45.0     42999350   0    850       999500
    40  0 1  94.92  9982.00 2   0.0 -44.1     44998700   0   1300      1999350
    41  0 1  94.57  9991.00 2   0.0 -43.4     45999100   0   1050      1000400
    42  0 1  95.27  9997.00 2   0.0 -43.1     46999350   0   1050      1000250
    43  0 1  94.92 10006.00 2   0.0 -42.5     47999650   0   1050      1000300
    44  0 1  94.57 10013.50 2   0.0 -42.2     48999750   0    850      1000100
    45  0 1  94.92 10024.00 2   0.0 -41.6     50000000   0   1250      1000250
    46  0 1  95.62 10030.00 2   0.0 -41.3     50999750   0   1300       999750
    47  0 1  95.62 10036.00 2   0.0 -40.9     51999550   0   1000       999800
    48  0 1  95.27 10042.00 2   0.0 -40.3     52999450   0    850       999900
    49  0 1  94.22 10051.00 2   0.0 -39.7     54999100   0    900      1999650
    50  0 1  94.22 10055.50 2   0.0 -39.1     55998900   0   1300       999800
    51  0 1  95.62 10057.00 2   0.0 -38.8     56998850   0   1250       999950
    52  0 1  94.57 10057.00 2   0.0 -38.4     57998750   0   1200       999900
    53  0 1  94.92 10057.00 2   0.0 -38.1     58999200   0   1150      1000450
    54  0 1  94.57 10058.50 2   0.0 -37.5     59999200   0    850      1000000
    55  0 1  95.62 10057.00 2   0.0 -37.2     60999500   0   1000      1000300
    56  0 1  95.27 10054.00 2   0.0 -36.9     61999100   0    900       999600
    57  0 1  94.22 10051.00 2   0.0 -36.6     62998850   0   1100       999750
    58  0 1  95.27 10039.00 2   0.0 -35.9     64999000   0   1100      2000150
    59  0 1  94.57 10033.00 2   0.0 -35.6     65998750   0   1050       999750
    60  0 1  95.27 10027.00 2   0.0 -35.3     66999150   0   1150      1000400
    61  0 1  94.57 10019.50 2   0.0 -35.0     67999050   0   1100       999900
    62  0 1  94.57 10009.00 2   0.0 -34.7     68998900   0   1100       999850
    63  0 1  95.62 10004.50 2   0.0 -34.4     69998500   0   1300       999600
    64  0 1  95.27  9994.00 2   0.0 -34.1     70998400   0    900       999900
    65  0 1  95.27  9986.50 2   0.0 -33.8     71998550   0   1000      1000150
    66  0 1  94.57  9979.00 2   0.0 -33.4     72998900   0   1150      1000350
    67  0 1  94.57  9965.50 2   0.0 -33.1     74998750   0   1000      1999850
    68  0 1  95.27  9958.00 2   0.0 -32.8     75998700   0   1300       999950
    69  0 1  95.62  9953.50 2   0.0 -32.5     76998650   0   1050       999950
    70  0 1  95.62  9947.50 2   0.0 -32.5     77998850   0   1150      1000200
    71  0 1  94.57  9944.50 2   0.0 -32.2     78998600   0    850       999750
    72  0 1  94.57  9943.00 2   0.0 -31.9     79998200   0    900       999600
    73  0 1  94.57  9940.00 2   0.0 -31.9     80997700   0   1050       999500
    74  0 1  94.57  9938.50 2   0.0 -31.6     81997350   0   1100       999650
    75  0 1  95.27  9940.00 2   0.0 -31.6     82997150   0   1300       999800
    76  0 1  95.62  9943.00 2   0.0 -31.3     84996300   0    950      1999150
    77  0 1  95.27  9946.00 2   0.0 -30.9     85995950   0   1000       999650
    78  0 1  94.22  9949.00 2   0.0 -30.9     86995800   0   1250       999850
    79  0 1  95.62  9956.50 2   0.0 -30.6     87995350   0   1000       999550
    80  0 1  95.62  9962.50 2   0.0 -30.6     88995000   0    900       999650
    81  0 1  95.62  9967.00 2   0.0 -30.6     89995150   0   1150      1000150
    82  0 1  94.57  9976.00 2   0.0 -30.3     90994900   0    900       999750
    83  0 1  95.27  9982.00 2   0.0 -30.3     91994650   0   1150       999750
    84  0 1  94.92  9989.50 2   0.0 -30.3     92994550   0   1000       999900
    85  0 1  94.92 10006.00 2   0.0 -30.0     94994450   0    850      1999900
    86  0 1  94.57 10013.50 2   0.0 -30.0     95994250   0    900       999800
    87  0 1  94.57 10022.50 2   0.0 -30.0     96994550   0   1100      1000300
    88  0 1  94.57 10030.00 2   0.0 -30.0     97994250   0   1050       999700
    89  0 1  95.62 10037.50 2   0.0 -30.0     98993850   0    950       999600
    90  0 1  95.27 10042.00 2   0.0 -30.0     99994200   0   1300      1000350
    91  0 1  94.22 10048.00 2   0.0 -30.0    100993700   0   1150       999500
    92  0 1  95.62 10051.00 2   0.0 -30.0    101993650   0   1150       999950
    93  0 1  95.62 10055.50 2   0.0 -30.0    102994050   0   1300      1000400
    94  0 1  94.92 10058.50 2   0.0 -30.0    104993600   0   1200      1999550
    95  0 1  95.62 10060.00 2   0.0 -30.3    105994000   0   1250      1000400
    96  0 1  94.22 10057.00 2   0.0 -30.3    106994100   0   1050      1000100
    97  0 1  94.22 10057.00 2   0.0 -30.3    107993900   0   1000       999800
    98  0 1  95.27 10052.50 2   0.0 -30.3    108994000   0   1150      1000100
    99  0 1  94.57 10051.00 2   0.0 -30.6    109994050   0   1050      1000050
   100  0 1  94.22 10043.50 2   0.0 -30.6    110994350   0   1250      1000300
   101  0 1  94.57 10039.00 2   0.0 -30.6    111994650   0    900      1000300
   102  0 1  94.22 10033.00 2   0.0 -30.9    112994450   0   1300       999800
   103  0 1  95.27 10018.00 2   0.0 -31.3    114994450   0   1200      2000000
   104  0 1  94.22 10012.00 2   0.0 -31.3    115994100   0   1150       999650
   105  0 1  95.27 10004.50 2   0.0 -31.6    116993950   0   1150       999850
   106  0 1  94.92  9994.00 2   0.0 -31.6    117993900   0    900       999950
   107  0 1  95.62  9986.50 2   0.0 -31.9    118993950   0   1100      1000050
   108  0 1  94.57  9980.50 2   0.0 -31.9    119994050   0   1000      1000100
   109  0 1  95.27  9971.50 2   0.0 -32.2    120994200   0    850      1000150
   110  0 1  95.27  9965.50 2   0.0 -32.5    121994500   0    900      1000300
   111  0 1  94.22  9958.00 2   0.0 -32.5    122994200   0    850       999700
   112  0 1  94.92  9949.00 2   0.0 -33.1    124993700   0   1200      1999500
   113  0 1  94.92  9946.00 2   0.0 -33.4    125994150   0    850      1000450
   114  0 1  95.27  9940.00 2   0.0 -33.4    126994250   0   1100      1000100
   115  0 1  95.27  9938.50 2   0.0 -33.8    127994100   0   1300       999850
   116  0 1  95.62  9940.00 2   0.0 -34.1    128994400   0    950      1000300
   117  0 1  94.57  9940.00 2   0.0 -34.4    129994700   0   1150      1000300
   118  0 1  95.62  9940.00 2   0.0 -34.7    130994900   0   1000      1000200
   119  0 1  94.22  9943.00 2   0.0 -35.0    131995100   0    850      1000200
   120  0 1  94.92  9947.50 2   0.0 -35.3    132995150   0   1250      1000050
   121  0 1  95.27  9956.50 2   0.0 -35.9    134995100   0   1200      1999950
   122  0 1  94.57  9961.00 2   0.0 -36.3    135995400   0   1200      1000300
   123  0 1  95.27  9968.50 2   0.0 -36.6    136995850   0   1300      1000450
   124  0 1  95.27  9976.00 2   0.0 -36.9    137996300   0   1250      1000450
   125  0 1  95.27  9985.00 2   0.0 -37.2    138996700   0   1200      1000400
   126  0 1  95.62  9989.50 2   0.0 -37.5    139996450   0   1200       999750
   127  0 1  94.57  9998.50 2   0.0 -38.1    140996150   0   1000       999700
   128  0 1  94.22 10006.00 2   0.0 -38.4    141995900   0   1150       999750
   129  0 1  94.22 10015.00 2   0.0 -38.8    142995800   0   1000       999900
   130  0 1  95.27 10030.00 2   0.0 -39.7    144996150   0   1250      2000350
   131  0 1  94.57 10037.50 2   0.0 -40.0    145995800   0   1250       999650
   132  0 1  95.62 10042.00 2   0.0 -40.3    146996200   0   1150      1000400
   133  0 1  94.22 10048.00 2   0.0 -40.9    147995800   0    850       999600
   134  0 1  95.62 10051.00 2   0.0 -41.3    148995900   0    950      1000100
   135  0 1  95.27 10055.50 2   0.0 -41.6    149996000   0    900      1000100
   136  0 1  95.62 10057.00 2   0.0 -42.2    150995750   0   1000       999750
   137  0 1  94.92 10058.50 2   0.0 -42.5    151995850   0   1150      1000100
   138  0 1  94.92 10060.00 2   0.0 -43.1    152996200   0   1300      1000350
   139  0 1  95.27 10055.50 2   0.0 -44.1    154996000   0   1300      1999800
   140  0 1  95.62 10052.50 2   0.0 -44.4    155996200   0   1300      1000200
   141  0 1  94.92 10049.50 2   0.0 -45.0    156996500   0   1150      1000300
   142  0 1  94.22 10045.00 2   0.0 -45.6    157996000   0   1100       999500
   143  0 1  94.57 10039.00 2   0.0 -45.9    158996200   0   1000      1000200
   144  0 1  94.22 10031.50 2   0.0 -46.6    159996300   0   1200      1000100
   145  0 1  95.27 10025.50 2   0.0 -46.9    160996050   0    900       999750
   146  0 1  94.22 10018.00 2   0.0 -47.5    161995950   0   1200       999900
   147  0 1  94.92 10012.00 2   0.0 -48.1    162995850   0    850       999900
   148  0 1  95.27  9997.00 2   0.0 -49.1    164995200   0   1200      1999350
   149  0 1  95.62  9988.00 2   0.0 -49.7    165995450   0   1050      1000250
   150  0 1  94.22  9979.00 2   0.0 -50.3    166995200   0   1050       999750
   151  0 1  95.27  9971.50 2   0.0 -50.6    167994850   0    850       999650
   152  0 1  94.57  9967.00 2   0.0 -51.3    168994400   0   1150       999550
   153  0 1  94.22  9958.00 2   0.0 -51.9    169993950   0   1100       999550
   154  0 1  94.92  9952.00 2   0.0 -52.5    170994250   0    950      1000300
   155  0 1  95.27  9949.00 2   0.0 -53.1    171994550   0    900      1000300
   156  0 1  95.62  9946.00 2   0.0 -53.4    172994100   0   1200       999550
   157  0 1  95.27  9940.00 2   0.0 -54.7    174993350   0    900      1999250
   158  0 1  94.22  9940.00 2   0.0 -55.3    175993000   0    850       999650
   159  0 1  95.62  9938.50 2   0.0 -55.9    176992900   0    950       999900
   160  0 1  94.22  9941.50 2   0.0 -56.6    177993150   0    850      1000250
   161  0 1  94.22  9943.00 2   0.0 -57.2    178992950   0    950       999800
   162  0 1  95.62  9946.00 2   0.0 -57.5    179993000   0    950      1000050
   163  0 1  94.22  9950.50 2   0.0 -58.1    180993000   0   1150      1000000
   164  0 1  94.92  9955.00 2   0.0 -58.8    181993100   0    950      1000100
   165  0 1  94.92  9961.00 2   0.0 -59.4    182993150   0   1250      1000050
   166  0 1  95.62  9974.50 2   0.0 -60.6    184992750   0   1100      1999600
   167  0 1  95.27  9985.00 2   0.0 -61.3    185992450   0   1250       999700
   168  0 1  95.27  9989.50 2   0.0 -61.9    186992000   0   1150       999550
   169  0 1  94.92  9998.50 2   0.0 -62.5    187991900   0   1100       999900
   170  0 1  94.57 10006.00 2   0.0 -63.1    188992150   0   1100      1000250
   171  0 1  95.27 10015.00 2   0.0 -63.8    189991700   0   1300       999550
   172  0 1  95.62 10022.50 2   0.0 -64.4    190991700   0   1200      1000000
   173  0 1  94.92 10030.00 2   0.0 -65.0    191991950   0   1150      1000250
   174  0 1  95.27 10036.00 2   0.0 -65.6    192991800   0   1200       999850
   175  0 1  94.92 10048.00 2   0.0 -66.9    194991200   0   1250      1999400
   176  0 1  95.62 10052.50 2   0.0 -67.5    195991650   0   1050      1000450
   177  0 1  94.92 10054.00 2   0.0 -68.1    196991900   0    850      1000250
   178  0 1  94.92 10058.50 2   0.0 -68.8    197992100   0    950      1000200
   179  0 1  94.92 10060.00 2   0.0 -69.4    198992500   0    950      1000400
