    NO  S V  AOA    FREQ    B  FMOP  AMP      TOA      PMOP  PW         dTOA  
------ -- - ------ -------- - ----- ----- ------------ --- ------ ------------
     0  0 1  95.27 10003.00 2   0.0 -70.0            0   0   1050  42949673000
     1  0 1  95.27 10003.00 2   0.0 -67.5      1000450   0   1000      1000450
     2  0 1  95.62 10003.00 2   0.0 -65.0      2000400   0   1300       999950
     3  0 1  94.22 10001.50 2   0.0 -62.5      3000350   0   1300       999950
     4  0 1  94.92 10003.00 2   0.0 -60.0      4000750   0   1100      1000400
     5  0 1  95.27 10003.00 2   0.0 -57.5      5000650   0    900       999900
     6  0 1  94.57 10003.00 2   0.0 -55.3      6000700   0   1150      1000050
     7  0 1  95.27 10003.00 2   0.0 -53.1      7000600   0   1050       999900
     8  0 1  94.57 10003.00 2   0.0 -48.4      9000100   0    850      1999500
     9  0 1  94.57 10003.00 2   0.0 -46.6     10000400   0    900      1000300
    10  0 1  94.92 10003.00 2   0.0 -44.4     11000800   0   1000      1000400
    11  0 1  94.22 10003.00 2   0.0 -42.5     12000850   0   1100      1000050
    12  0 1  95.62 10003.00 2   0.0 -40.9     13000900   0    900      1000050
    13  0 1  95.27 10003.00 2   0.0 -39.1     14000450   0   1050       999550
    14  0 1  94.22 10003.00 2   0.0 -37.5     15000200   0   1200       999750
    15  0 1  94.57 10003.00 2   0.0 -36.3     15999900   0    850       999700
    16  0 1  94.92 10001.50 2   0.0 -35.0     16999750   0    900       999850
    17  0 1  94.22 10003.00 2   0.0 -32.8     18999600   0   1200      1999850
    18  0 1  95.62 10003.00 2   0.0 -31.9     19999600   0   1000      1000000
    19  0 1  94.92 10003.00 2   0.0 -31.3     20999600   0   1100      1000000
    20  0 1  94.92 10001.50 2   0.0 -30.6     21999700   0    850      1000100
    21  0 1  94.22 10001.50 2   0.0 -30.3     23000000   0    850      1000300
    22  0 1  94.57 10001.50 2   0.0 -30.0     24000050   0   1150      1000050
    23  0 1  94.92 10001.50 2   0.0 -30.0     25000300   0   1100      1000250
    24  0 1  94.57 10003.00 2   0.0 -30.0     26000600   0   1200      1000300
    25  0 1  95.62 10001.50 2   0.0 -30.3     27001000   0    950      1000400
    26  0 1  94.57 10003.00 2   0.0 -31.3     29001200   0    950      2000200
    27  0 1  95.62 10003.00 2   0.0 -31.9     30001550   0    900      1000350
    28  0 1  94.22 10001.50 2   0.0 -32.8     31001500   0    850       999950
    29  0 1  95.62 10001.50 2   0.0 -33.8     32001100   0   1050       999600
    30  0 1  94.22 10003.00 2   0.0 -35.0     33001150   0   1250      1000050
    31  0 1  95.62 10003.00 2   0.0 -36.3     34000950   0   1200       999800
    32  0 1  94.57 10001.50 2   0.0 -37.5     35000900   0   1150       999950
    33  0 1  94.22 10001.50 2   0.0 -39.1     36000650   0   1100       999750
    34  0 1  94.92 10003.00 2   0.0 -40.9     37000900   0   1200      1000250
    35  0 1  94.22 10003.00 2   0.0 -44.4     39000300   0    950      1999400
    36  0 1  95.27 10001.50 2   0.0 -46.6     40000550   0    850      1000250
    37  0 1  95.27 10001.50 2   0.0 -48.4     41000750   0    900      1000200
    38  0 1  94.22 10003.00 2   0.0 -50.6     42000650   0   1300       999900
    39  0 1  95.62 10003.00 2   0.0 -53.1     43001000   0    850      1000350
    40  0 1  95.62 10001.50 2   0.0 -55.3     44001350   0    950      1000350
    41  0 1  94.92 10003.00 2   0.0 -57.5     45001500   0   1150      1000150
    42  0 1  94.92 10003.00 2   0.0 -60.0     46001550   0    900      1000050
    43  0 1  95.27 10003.00 2   0.0 -62.5     47001050   0    900       999500
    44  0 1  94.92 10003.00 2   0.0 -67.5     49000500   0    950      1999450
