    NO  S V  AOA    FREQ    B  FMOP  AMP      TOA      PMOP  PW         dTOA  
------ -- - ------ -------- - ----- ----- ------------ --- ------ ------------
     0  0 1  95.62 10013.50 2   0.0 -70.0            0   0   1600  42949673000
     1  0 1  94.22 10015.00 2   0.0 -67.5       912050   0   1550       912050
     2  0 1  94.22 10013.50 2   0.0 -65.0      2015600   0   1250      1103550
     3  0 1  94.57 10013.50 2   0.0 -62.5      3023400   0   1700      1007800
     4  0 1  95.62 10015.00 2   0.0 -60.0      4155000   0   1300      1131600
     5  0 1  94.22 10013.50 2   0.0 -55.3      6230850   0   1650      2075850
     6  0 1  94.92 10013.50 2   0.0 -53.1      7211350   0   1250       980500
     7  0 1  95.62 10015.00 2   0.0 -50.6      8072200   0   1300       860850
     8  0 1  94.92 10015.00 2   0.0 -48.4      9191750   0   1300      1119550
     9  0 1  95.62 10015.00 2   0.0 -46.6     10216450   0   1700      1024700
    10  0 1  94.57 10015.00 2   0.0 -44.4     11265100   0   1250      1048650
    11  0 1  95.27 10015.00 2   0.0 -42.5     12398400   0   1450      1133300
    12  0 1  95.27 10015.00 2   0.0 -40.9     13556300   0   1300      1157900
    13  0 1  95.27 10015.00 2   0.0 -39.1     14636900   0   1650      1080600
    14  0 1  95.27 10015.00 2   0.0 -36.3     16756050   0   1700      2119150
    15  0 1  94.92 10015.00 2   0.0 -35.0     17836400   0   1300      1080350
    16  0 1  95.27 10015.00 2   0.0 -33.8     18740450   0   1650       904050
    17  0 1  94.22 10015.00 2   0.0 -32.8     19707300   0   1350       966850
    18  0 1  94.57 10015.00 2   0.0 -31.9     20720600   0   1650      1013300
    19  0 1  94.92 10013.50 2   0.0 -31.3     21889450   0   1700      1168850
    20  0 1  94.22 10015.00 2   0.0 -30.6     22984850   0   1700      1095400
    21  0 1  94.57 10013.50 2   0.0 -30.3     23895950   0   1400       911100
    22  0 1  95.62 10013.50 2   0.0 -30.0     24920550   0   1600      1024600
    23  0 1  94.22 10015.00 2   0.0 -30.0     26859550   0   1450      1939000
    24  0 1  94.92 10015.00 2   0.0 -30.3     28002050   0   1350      1142500
    25  0 1  94.22 10015.00 2   0.0 -30.6     28859650   0   1650       857600
    26  0 1  95.27 10015.00 2   0.0 -31.3     29724600   0   1600       864950
    27  0 1  94.57 10015.00 2   0.0 -31.9     30657900   0   1250       933300
    28  0 1  94.57 10015.00 2   0.0 -32.8     31497950   0   1700       840050
    29  0 1  95.62 10013.50 2   0.0 -33.8     32682700   0   1500      1184750
    30  0 1  95.62 10015.00 2   0.0 -35.0     33583450   0   1650       900750
    31  0 1  94.22 10015.00 2   0.0 -36.3     34636750   0   1650      1053300
    32  0 1  94.57 10013.50 2   0.0 -39.1     36587900   0   1300      1951150
    33  0 1  95.27 10015.00 2   0.0 -40.9     37517100   0   1500       929200
    34  0 1  95.62 10015.00 2   0.0 -42.5     38620300   0   1550      1103200
    35  0 1  94.22 10015.00 2   0.0 -44.4     39817350   0   1250      1197050
    36  0 1  95.27 10015.00 2   0.0 -46.6     40627300   0   1350       809950
    37  0 1  95.62 10015.00 2   0.0 -48.4     41583950   0   1700       956650
    38  0 1  95.27 10015.00 2   0.0 -50.6     42387650   0   1650       803700
    39  0 1  94.92 10015.00 2   0.0 -53.1     43273250   0   1250       885600
    40  0 1  95.27 10013.50 2   0.0 -55.3     44263850   0   1650       990600
    41  0 1  94.57 10013.50 2   0.0 -60.0     46346850   0   1250      2083000
    42  0 1  95.62 10013.50 2   0.0 -62.5     47318250   0   1600       971400
    43  0 1  95.27 10013.50 2   0.0 -65.0     48402150   0   1600      1083900
    44  0 1  95.27 10015.00 2   0.0 -67.5     49205800   0   1350       803650
