    NO  S V  AOA    FREQ    B  FMOP  AMP      TOA      PMOP  PW         dTOA  
------ -- - ------ -------- - ----- ----- ------------ --- ------ ------------
     0  0 1  94.92 10013.50 2   0.0 -70.0            0   0   1650  42949673000
     1  0 1  95.27 10015.00 2   0.0 -67.5      1183300   0   1700      1183300
     2  0 1  94.57 10015.00 2   0.0 -65.0      2021150   0   1700       837850
     3  0 1  94.22 10015.00 2   0.0 -60.0      4222050   0   1250      2200900
     4  0 1  95.62 10015.00 2   0.0 -57.5      5360000   0   1400      1137950
     5  0 1  95.62 10015.00 2   0.0 -55.3      6225950   0   1550       865950
     6  0 1  94.57 10013.50 2   0.0 -53.1      7193500   0   1250       967550
     7  0 1  95.62 10013.50 2   0.0 -50.6      8126750   0   1600       933250
     8  0 1  95.27 10015.00 2   0.0 -48.4      9231450   0   1500      1104700
     9  0 1  95.27 10015.00 2   0.0 -46.6     10198550   0   1500       967100
    10  0 1  95.62 10013.50 2   0.0 -44.4     11265100   0   1550      1066550
    11  0 1  95.62 10015.00 2   0.0 -42.5     12205450   0   1250       940350
    12  0 1  94.22 10013.50 2   0.0 -39.1     14123950   0   1250      1918500
    13  0 1  95.62 10015.00 2   0.0 -37.5     15291700   0   1450      1167750
    14  0 1  94.92 10013.50 2   0.0 -36.3     16161900   0   1400       870200
    15  0 1  94.22 10015.00 2   0.0 -35.0     17053100   0   1650       891200
    16  0 1  94.57 10015.00 2   0.0 -33.8     18030300   0   1450       977200
    17  0 1  94.57 10015.00 2   0.0 -32.8     18979200   0   1400       948900
    18  0 1  95.62 10015.00 2   0.0 -31.9     19999350   0   1700      1020150
    19  0 1  94.92 10015.00 2   0.0 -31.3     21042000   0   1350      1042650
    20  0 1  95.62 10015.00 2   0.0 -30.6     22129300   0   1300      1087300
    21  0 1  95.27 10013.50 2   0.0 -30.0     24130850   0   1300      2001550
    22  0 1  94.22 10015.00 2   0.0 -30.0     25000350   0   1600       869500
    23  0 1  94.22 10015.00 2   0.0 -30.0     26169250   0   1350      1168900
    24  0 1  94.57 10015.00 2   0.0 -30.3     27219800   0   1450      1050550
    25  0 1  95.27 10015.00 2   0.0 -30.6     28227750   0   1700      1007950
    26  0 1  94.57 10013.50 2   0.0 -31.3     29051000   0   1550       823250
    27  0 1  95.62 10015.00 2   0.0 -31.9     29972400   0   1650       921400
    28  0 1  94.22 10013.50 2   0.0 -32.8     31110050   0   1550      1137650
    29  0 1  94.92 10015.00 2   0.0 -33.8     31925550   0   1500       815500
    30  0 1  94.92 10015.00 2   0.0 -36.3     33982900   0   1350      2057350
    31  0 1  94.92 10015.00 2   0.0 -37.5     34955650   0   1650       972750
    32  0 1  94.57 10015.00 2   0.0 -39.1     36002400   0   1250      1046750
    33  0 1  95.27 10015.00 2   0.0 -40.9     37022900   0   1250      1020500
    34  0 1  94.22 10015.00 2   0.0 -42.5     38200350   0   1600      1177450
    35  0 1  94.22 10013.50 2   0.0 -44.4     39010100   0   1250       809750
    36  0 1  95.62 10013.50 2   0.0 -46.6     40102750   0   1450      1092650
    37  0 1  94.92 10013.50 2   0.0 -48.4     41106200   0   1600      1003450
    38  0 1  94.22 10015.00 2   0.0 -50.6     41982900   0   1250       876700
    39  0 1  94.57 10015.00 2   0.0 -55.3     43644600   0   1600      1661700
    40  0 1  95.62 10013.50 2   0.0 -57.5     44747200   0   1550      1102600
    41  0 1  94.92 10013.50 2   0.0 -60.0     45809250   0   1550      1062050
    42  0 1  95.27 10015.00 2   0.0 -62.5     46962100   0   1500      1152850
    43  0 1  95.62 10013.50 2   0.0 -65.0     48074800   0   1650      1112700
    44  0 1  95.62 10013.50 2   0.0 -67.5     49046150   0   1700       971350
