    NO  S V  AOA    FREQ    B  FMOP  AMP      TOA      PMOP  PW         dTOA  
------ -- - ------ -------- - ----- ----- ------------ --- ------ ------------
     0  0 1  95.27 10015.00 2   0.0 -70.0            0   0   1250  42949673000
     1  0 1  95.62 10015.00 2   0.0 -67.5       973600   0   1300       973600
     2  0 1  95.62 10013.50 2   0.0 -65.0      2141450   0   1250      1167850
     3  0 1  94.92 10013.50 2   0.0 -62.5      3154450   0   1250      1013000
     4  0 1  94.57 10015.00 2   0.0 -60.0      4295000   0   1300      1140550
     5  0 1  94.92 10015.00 2   0.0 -55.3      6358300   0   1600      2063300
     6  0 1  94.92 10013.50 2   0.0 -53.1      7160450   0   1300       802150
     7  0 1  95.27 10015.00 2   0.0 -50.6      8287900   0   1250      1127450
     8  0 1  94.57 10015.00 2   0.0 -48.4      9317950   0   1250      1030050
     9  0 1  94.57 10015.00 2   0.0 -46.6     10452700   0   1350      1134750
    10  0 1  94.22 10015.00 2   0.0 -44.4     11311500   0   1300       858800
    11  0 1  94.57 10015.00 2   0.0 -42.5     12334700   0   1600      1023200
    12  0 1  94.22 10013.50 2   0.0 -40.9     13234400   0   1350       899700
    13  0 1  94.22 10015.00 2   0.0 -39.1     14134350   0   1650       899950
    14  0 1  94.22 10015.00 2   0.0 -36.3     16343700   0   1550      2209350
    15  0 1  94.57 10013.50 2   0.0 -35.0     17471650   0   1550      1127950
    16  0 1  95.62 10015.00 2   0.0 -33.8     18293950   0   1500       822300
    17  0 1  95.27 10015.00 2   0.0 -32.8     19144450   0   1550       850500
    18  0 1  95.62 10015.00 2   0.0 -31.9     20270550   0   1700      1126100
    19  0 1  94.57 10015.00 2   0.0 -31.3     21466300   0   1700      1195750
    20  0 1  94.57 10015.00 2   0.0 -30.6     22398600   0   1550       932300
    21  0 1  95.27 10013.50 2   0.0 -30.3     23598000   0   1450      1199400
    22  0 1  95.62 10013.50 2   0.0 -30.0     24432650   0   1600       834650
    23  0 1  95.27 10015.00 2   0.0 -30.0     26551650   0   1600      2119000
    24  0 1  95.62 10013.50 2   0.0 -30.3     27629550   0   1550      1077900
    25  0 1  94.92 10015.00 2   0.0 -30.6     28716000   0   1650      1086450
    26  0 1  94.22 10015.00 2   0.0 -31.3     29790850   0   1500      1074850
    27  0 1  94.22 10015.00 2   0.0 -31.9     30621250   0   1300       830400
    28  0 1  94.92 10013.50 2   0.0 -32.8     31734100   0   1700      1112850
    29  0 1  94.92 10013.50 2   0.0 -33.8     32612900   0   1250       878800
    30  0 1  94.92 10015.00 2   0.0 -35.0     33687900   0   1350      1075000
    31  0 1  94.92 10015.00 2   0.0 -36.3     34701100   0   1600      1013200
    32  0 1  94.92 10015.00 2   0.0 -39.1     37005450   0   1250      2304350
    33  0 1  95.62 10015.00 2   0.0 -40.9     37943000   0   1250       937550
    34  0 1  94.22 10013.50 2   0.0 -42.5     38937550   0   1700       994550
    35  0 1  95.62 10013.50 2   0.0 -44.4     39741250   0   1700       803700
    36  0 1  95.62 10015.00 2   0.0 -46.6     40938150   0   1250      1196900
    37  0 1  94.22 10015.00 2   0.0 -48.4     42014550   0   1500      1076400
    38  0 1  95.62 10013.50 2   0.0 -50.6     43128450   0   1350      1113900
    39  0 1  94.57 10015.00 2   0.0 -53.1     44049200   0   1400       920750
    40  0 1  94.57 10015.00 2   0.0 -55.3     45201800   0   1250      1152600
    41  0 1  95.62 10013.50 2   0.0 -60.0     47248800   0   1700      2047000
    42  0 1  94.57 10015.00 2   0.0 -62.5     48139000   0   1300       890200
    43  0 1  95.62 10015.00 2   0.0 -65.0     49098400   0   1450       959400
    44  0 1  94.22 10015.00 2   0.0 -67.5     50024550   0   1250       926150
