    NO  S V  AOA    FREQ    B  FMOP  AMP      TOA      PMOP  PW         dTOA  
------ -- - ------ -------- - ----- ----- ------------ --- ------ ------------
     0  0 1  94.22 10015.00 2   0.0 -70.0            0   0   1300  42949673000
     1  0 1  94.92 10013.50 2   0.0 -67.5       819700   0   1400       819700
     2  0 1  95.27 10015.00 2   0.0 -62.5      2832050   0   1550      2012350
     3  0 1  94.92 10015.00 2   0.0 -60.0      3838700   0   1600      1006650
     4  0 1  95.62 10015.00 2   0.0 -57.5      4697050   0   1300       858350
     5  0 1  95.62 10015.00 2   0.0 -55.3      5600600   0   1300       903550
     6  0 1  94.22 10013.50 2   0.0 -53.1      6473800   0   1700       873200
     7  0 1  95.62 10015.00 2   0.0 -50.6      7341450   0   1250       867650
     8  0 1  95.62 10015.00 2   0.0 -48.4      8441150   0   1600      1099700
     9  0 1  94.57 10015.00 2   0.0 -46.6      9537300   0   1550      1096150
    10  0 1  94.22 10015.00 2   0.0 -44.4     10650400   0   1650      1113100
    11  0 1  95.27 10013.50 2   0.0 -40.9     12899300   0   1700      2248900
    12  0 1  94.22 10015.00 2   0.0 -39.1     14098600   0   1700      1199300
    13  0 1  94.57 10015.00 2   0.0 -37.5     15073850   0   1300       975250
    14  0 1  95.62 10015.00 2   0.0 -36.3     15940150   0   1450       866300
    15  0 1  94.92 10015.00 2   0.0 -35.0     16990900   0   1300      1050750
    16  0 1  94.22 10015.00 2   0.0 -33.8     18000850   0   1500      1009950
    17  0 1  95.27 10015.00 2   0.0 -32.8     19086600   0   1550      1085750
    18  0 1  95.27 10013.50 2   0.0 -31.9     20259200   0   1450      1172600
    19  0 1  95.62 10015.00 2   0.0 -31.3     21422850   0   1450      1163650
    20  0 1  95.62 10015.00 2   0.0 -30.3     23419850   0   1400      1997000
    21  0 1  94.92 10015.00 2   0.0 -30.0     24462550   0   1500      1042700
    22  0 1  94.57 10015.00 2   0.0 -30.0     25382600   0   1450       920050
    23  0 1  94.22 10013.50 2   0.0 -30.0     26480350   0   1500      1097750
    24  0 1  95.62 10015.00 2   0.0 -30.3     27466250   0   1250       985900
    25  0 1  95.27 10015.00 2   0.0 -30.6     28523850   0   1250      1057600
    26  0 1  95.27 10015.00 2   0.0 -31.3     29484250   0   1550       960400
    27  0 1  94.92 10015.00 2   0.0 -31.9     30431600   0   1350       947350
    28  0 1  94.22 10013.50 2   0.0 -32.8     31263400   0   1650       831800
    29  0 1  94.92 10015.00 2   0.0 -35.0     33031950   0   1350      1768550
    30  0 1  95.27 10015.00 2   0.0 -36.3     34064100   0   1600      1032150
    31  0 1  95.27 10015.00 2   0.0 -37.5     35240750   0   1250      1176650
    32  0 1  94.92 10015.00 2   0.0 -39.1     36312150   0   1550      1071400
    33  0 1  94.92 10013.50 2   0.0 -40.9     37344250   0   1650      1032100
    34  0 1  94.22 10015.00 2   0.0 -42.5     38431650   0   1550      1087400
    35  0 1  95.62 10013.50 2   0.0 -44.4     39458350   0   1450      1026700
    36  0 1  95.27 10013.50 2   0.0 -46.6     40575200   0   1450      1116850
    37  0 1  94.22 10015.00 2   0.0 -48.4     41518150   0   1550       942950
    38  0 1  94.22 10013.50 2   0.0 -53.1     43424550   0   1700      1906400
    39  0 1  94.57 10015.00 2   0.0 -55.3     44291500   0   1650       866950
    40  0 1  94.57 10015.00 2   0.0 -57.5     45439200   0   1550      1147700
    41  0 1  95.27 10015.00 2   0.0 -60.0     46500850   0   1250      1061650
    42  0 1  95.27 10015.00 2   0.0 -62.5     47487650   0   1450       986800
    43  0 1  94.22 10015.00 2   0.0 -65.0     48676700   0   1450      1189050
    44  0 1  94.57 10015.00 2   0.0 -67.5     49568950   0   1300       892250
