    NO  S V  AOA    FREQ    B  FMOP  AMP      TOA      PMOP  PW         dTOA  
------ -- - ------ -------- - ----- ----- ------------ --- ------ ------------
     0  0 1  94.57 10013.50 2   0.0 -70.0            0   0   1450  42949673000
     1  0 1  95.27 10013.50 2   0.0 -67.5       859950   0   1500       859950
     2  0 1  95.62 10015.00 2   0.0 -65.0      1764950   0   1400       905000
     3  0 1  94.92 10015.00 2   0.0 -62.5      2634050   0   1700       869100
     4  0 1  94.92 10015.00 2   0.0 -60.0      3716000   0   1300      1081950
     5  0 1  94.22 10013.50 2   0.0 -57.5      4818350   0   1700      1102350
     6  0 1  94.92 10015.00 2   0.0 -55.3      5905750   0   1250      1087400
     7  0 1  94.22 10015.00 2   0.0 -53.1      6824550   0   1550       918800
     8  0 1  95.62 10015.00 2   0.0 -50.6      7763700   0   1600       939150
     9  0 1  94.92 10015.00 2   0.0 -46.6      9802400   0   1250      2038700
    10  0 1  94.57 10015.00 2   0.0 -44.4     10858300   0   1400      1055900
    11  0 1  94.22 10013.50 2   0.0 -42.5     11805100   0   1450       946800
    12  0 1  94.22 10015.00 2   0.0 -40.9     12758800   0   1450       953700
    13  0 1  95.27 10013.50 2   0.0 -39.1     13721550   0   1500       962750
    14  0 1  95.62 10015.00 2   0.0 -37.5     14839650   0   1400      1118100
    15  0 1  95.62 10013.50 2   0.0 -36.3     15976800   0   1550      1137150
    16  0 1  94.57 10015.00 2   0.0 -35.0     17143750   0   1650      1166950
    17  0 1  95.27 10015.00 2   0.0 -33.8     18309000   0   1450      1165250
    18  0 1  94.22 10015.00 2   0.0 -31.9     20370300   0   1700      2061300
    19  0 1  95.27 10015.00 2   0.0 -31.3     21369400   0   1600       999100
    20  0 1  95.62 10015.00 2   0.0 -30.6     22341200   0   1500       971800
    21  0 1  94.57 10013.50 2   0.0 -30.3     23425900   0   1550      1084700
    22  0 1  94.92 10015.00 2   0.0 -30.0     24329950   0   1550       904050
    23  0 1  94.57 10013.50 2   0.0 -30.0     25495400   0   1300      1165450
    24  0 1  95.62 10015.00 2   0.0 -30.0     26443100   0   1300       947700
    25  0 1  95.27 10015.00 2   0.0 -30.3     27397450   0   1700       954350
    26  0 1  95.62 10015.00 2   0.0 -30.6     28547800   0   1700      1150350
    27  0 1  94.92 10015.00 2   0.0 -31.9     30376650   0   1400      1828850
    28  0 1  94.57 10015.00 2   0.0 -32.8     31334600   0   1500       957950
    29  0 1  94.92 10015.00 2   0.0 -33.8     32417400   0   1300      1082800
    30  0 1  95.62 10015.00 2   0.0 -35.0     33334700   0   1500       917300
    31  0 1  94.22 10015.00 2   0.0 -36.3     34391950   0   1300      1057250
    32  0 1  95.62 10015.00 2   0.0 -37.5     35255450   0   1500       863500
    33  0 1  94.22 10015.00 2   0.0 -39.1     36379500   0   1350      1124050
    34  0 1  95.62 10015.00 2   0.0 -40.9     37546750   0   1400      1167250
    35  0 1  95.27 10015.00 2   0.0 -42.5     38446250   0   1500       899500
    36  0 1  95.62 10015.00 2   0.0 -46.6     40342650   0   1300      1896400
    37  0 1  95.62 10013.50 2   0.0 -48.4     41366050   0   1450      1023400
    38  0 1  94.22 10013.50 2   0.0 -50.6     42172300   0   1600       806250
    39  0 1  95.62 10015.00 2   0.0 -53.1     43104950   0   1700       932650
    40  0 1  94.92 10015.00 2   0.0 -55.3     44150700   0   1300      1045750
    41  0 1  94.57 10015.00 2   0.0 -57.5     45136000   0   1600       985300
    42  0 1  94.57 10013.50 2   0.0 -60.0     46153050   0   1250      1017050
    43  0 1  95.27 10015.00 2   0.0 -62.5     47039400   0   1650       886350
    44  0 1  95.62 10013.50 2   0.0 -65.0     47984000   0   1250       944600
