    NO  S V  AOA    FREQ    B  FMOP  AMP      TOA      PMOP  PW         dTOA  
------ -- - ------ -------- - ----- ----- ------------ --- ------ ------------
     0  0 1  94.92 10015.00 2   0.0 -70.0            0   0   1250  42949673000
     1  0 1  94.57 10013.50 2   0.0 -67.5      1037300   0   1500      1037300
     2  0 1  94.22 10013.50 2   0.0 -65.0      2049100   0   1700      1011800
     3  0 1  95.62 10013.50 2   0.0 -62.5      3104150   0   1550      1055050
     4  0 1  95.62 10015.00 2   0.0 -60.0      4052300   0   1250       948150
     5  0 1  94.92 10013.50 2   0.0 -57.5      4951600   0   1700       899300
     6  0 1  94.22 10015.00 2   0.0 -55.3      6139300   0   1250      1187700
     7  0 1  94.92 10015.00 2   0.0 -53.1      7277450   0   1350      1138150
     8  0 1  94.22 10015.00 2   0.0 -48.4      9060150   0   1700      1782700
     9  0 1  95.27 10013.50 2   0.0 -46.6     10189050   0   1250      1128900
    10  0 1  94.57 10015.00 2   0.0 -44.4     11293500   0   1650      1104450
    11  0 1  95.62 10015.00 2   0.0 -42.5     12222300   0   1350       928800
    12  0 1  94.92 10013.50 2   0.0 -40.9     13309650   0   1700      1087350
    13  0 1  94.22 10015.00 2   0.0 -39.1     14249450   0   1550       939800
    14  0 1  95.62 10015.00 2   0.0 -37.5     15075200   0   1250       825750
    15  0 1  95.62 10013.50 2   0.0 -36.3     16190850   0   1250      1115650
    16  0 1  94.22 10013.50 2   0.0 -35.0     17315150   0   1550      1124300
    17  0 1  95.27 10015.00 2   0.0 -32.8     19379250   0   1700      2064100
    18  0 1  94.57 10015.00 2   0.0 -31.9     20197400   0   1600       818150
    19  0 1  94.22 10013.50 2   0.0 -31.3     21133400   0   1700       936000
    20  0 1  94.57 10015.00 2   0.0 -30.6     22009300   0   1550       875900
    21  0 1  95.62 10013.50 2   0.0 -30.3     23044200   0   1700      1034900
    22  0 1  94.22 10013.50 2   0.0 -30.0     23975650   0   1250       931450
    23  0 1  95.62 10015.00 2   0.0 -30.0     24784450   0   1650       808800
    24  0 1  95.27 10013.50 2   0.0 -30.0     25969650   0   1400      1185200
    25  0 1  94.92 10015.00 2   0.0 -30.3     26995950   0   1350      1026300
    26  0 1  94.92 10015.00 2   0.0 -31.3     28986700   0   1350      1990750
    27  0 1  94.57 10013.50 2   0.0 -31.9     30090000   0   1600      1103300
    28  0 1  95.27 10013.50 2   0.0 -32.8     31079850   0   1350       989850
    29  0 1  95.27 10015.00 2   0.0 -33.8     31987700   0   1300       907850
    30  0 1  94.22 10015.00 2   0.0 -35.0     33089850   0   1500      1102150
    31  0 1  95.62 10013.50 2   0.0 -36.3     34031350   0   1700       941500
    32  0 1  95.62 10013.50 2   0.0 -37.5     34966700   0   1300       935350
    33  0 1  94.22 10013.50 2   0.0 -39.1     35995300   0   1550      1028600
    34  0 1  94.92 10015.00 2   0.0 -40.9     37112450   0   1600      1117150
    35  0 1  94.92 10015.00 2   0.0 -44.4     39009800   0   1250      1897350
    36  0 1  94.22 10015.00 2   0.0 -46.6     39958450   0   1700       948650
    37  0 1  94.57 10015.00 2   0.0 -48.4     41008700   0   1600      1050250
    38  0 1  95.62 10013.50 2   0.0 -50.6     42111600   0   1650      1102900
    39  0 1  94.22 10013.50 2   0.0 -53.1     43173000   0   1300      1061400
    40  0 1  95.27 10013.50 2   0.0 -55.3     44202450   0   1450      1029450
    41  0 1  94.22 10013.50 2   0.0 -57.5     45075850   0   1700       873400
    42  0 1  94.57 10015.00 2   0.0 -60.0     46159400   0   1600      1083550
    43  0 1  95.27 10015.00 2   0.0 -62.5     47226800   0   1700      1067400
    44  0 1  94.92 10015.00 2   0.0 -67.5     49555650   0   1700      2328850
