    NO  S V  AOA    FREQ    B  FMOP  AMP      TOA      PMOP  PW         dTOA  
------ -- - ------ -------- - ----- ----- ------------ --- ------ ------------
     0  0 1  94.57  9968.50 2   0.0 -70.0            0   0   1750  42949673000
     1  0 1  95.27  9970.00 2   0.0 -69.4       950300   0   1900       950300
     2  0 1  95.62  9968.50 2   0.0 -68.8      1900350   0   1600       950050
     3  0 1  94.22  9968.50 2   0.0 -68.1      2930750   0   1950      1030400
     4  0 1  94.22  9958.00 2   0.0 -67.5      3960450   0   1700      1029700
     5  0 1  95.62  9958.00 2   0.0 -66.9      4990400   0   1800      1029950
     6  0 1  94.92  9961.00 2   0.0 -66.3      6020450   0   2000      1030050
     7  0 1  95.27  9968.50 2   0.0 -65.0      8089900   0   1550      2069450
     8  0 1  94.57  9968.50 2   0.0 -64.4      9130300   0   1750      1040400
     9  0 1  94.22  9970.00 2   0.0 -63.8     10170150   0   2000      1039850
    10  0 1  95.27  9968.50 2   0.0 -63.1     11209800   0   1800      1039650
    11  0 1  94.57  9979.00 2   0.0 -62.5     12250200   0   1950      1040400
    12  0 1  94.57  9979.00 2   0.0 -61.9     13259700   0   1750      1009500
    13  0 1  94.92  9980.50 2   0.0 -61.3     14269400   0   1550      1009700
    14  0 1  94.57  9979.00 2   0.0 -60.6     15279250   0   1650      1009850
    15  0 1  95.27  9989.50 2   0.0 -60.0     16288850   0   1600      1009600
    16  0 1  94.57  9989.50 2   0.0 -58.8     18318850   0   1550      2030000
    17  0 1  94.22  9991.00 2   0.0 -58.1     19339200   0   1850      1020350
    18  0 1  95.62 10000.00 2   0.0 -57.5     20359050   0   1650      1019850
    19  0 1  94.92  9998.50 2   0.0 -57.2     21378700   0   1850      1019650
    20  0 1  94.57  9998.50 2   0.0 -56.6     22398300   0   1900      1019600
    21  0 1  95.62 10000.00 2   0.0 -55.9     23367950   0   1750       969650
    22  0 1  94.92 10009.00 2   0.0 -55.3     24337700   0   1700       969750
    23  0 1  94.92 10010.50 2   0.0 -54.7     25308100   0   1950       970400
    24  0 1  94.92 10009.00 2   0.0 -54.1     26278450   0   1650       970350
    25  0 1  94.92 10019.50 2   0.0 -53.1     28238450   0   1850      1960000
    26  0 1  94.92 10018.00 2   0.0 -52.5     29228850   0   1750       990400
    27  0 1  95.27 10018.00 2   0.0 -51.9     30219200   0   1650       990350
    28  0 1  94.57 10018.00 2   0.0 -51.3     31209100   0   1650       989900
    29  0 1  94.92 10030.00 2   0.0 -50.6     32198950   0   1800       989850
    30  0 1  94.92 10030.00 2   0.0 -50.3     33199050   0   2000      1000100
    31  0 1  95.27 10030.00 2   0.0 -49.7     34199100   0   1650      1000050
    32  0 1  95.62 10030.00 2   0.0 -49.1     35199100   0   1600      1000000
    33  0 1  95.62 10039.00 2   0.0 -48.4     36199300   0   1650      1000200
    34  0 1  94.92 10039.00 2   0.0 -47.5     38209300   0   1550      2010000
    35  0 1  94.92 10039.00 2   0.0 -46.9     39219200   0   1800      1009900
    36  0 1  94.92 10049.50 2   0.0 -46.6     40228700   0   1650      1009500
    37  0 1  94.92 10049.50 2   0.0 -45.9     41238450   0   1650      1009750
    38  0 1  95.62 10051.00 2   0.0 -45.6     42248650   0   1650      1010200
    39  0 1  94.22 10051.00 2   0.0 -45.0     43219050   0   1650       970400
    40  0 1  94.92 10060.00 2   0.0 -44.4     44189100   0   1900       970050
    41  0 1  94.22 10058.50 2   0.0 -44.1     45159550   0   1700       970450
    42  0 1  94.92 10058.50 2   0.0 -43.4     46129050   0   1900       969500
    43  0 1  94.92 10069.00 2   0.0 -42.5     48069100   0   1700      1940050
    44  0 1  95.62 10069.00 2   0.0 -42.2     49039300   0   1950       970200
    45  0 1  95.62 10069.00 2   0.0 -41.6     50009450   0   1850       970150
    46  0 1  94.57 10070.50 2   0.0 -41.3     50979300   0   1750       969850
    47  0 1  95.62  9958.00 2   0.0 -40.9     51949550   0   1800       970250
    48  0 1  94.22  9958.00 2   0.0 -40.3     52909700   0   1700       960150
    49  0 1  94.57  9961.00 2   0.0 -40.0     53870100   0   1900       960400
    50  0 1  94.22  9958.00 2   0.0 -39.7     54830250   0   1850       960150
    51  0 1  94.22  9970.00 2   0.0 -39.1     55790250   0   1550       960000
    52  0 1  94.57  9970.00 2   0.0 -38.4     57700900   0   2000      1910650
    53  0 1  95.27  9970.00 2   0.0 -38.1     58650750   0   1600       949850
    54  0 1  94.22  9958.00 2   0.0 -37.5     59600950   0   1900       950200
    55  0 1  95.62  9958.00 2   0.0 -37.2     60550950   0   2000       950000
    56  0 1  94.92  9961.00 2   0.0 -36.9     61501400   0   1950       950450
    57  0 1  95.27  9958.00 2   0.0 -36.6     62531600   0   1950      1030200
    58  0 1  95.62  9970.00 2   0.0 -36.3     63561300   0   1600      1029700
    59  0 1  94.22  9970.00 2   0.0 -35.9     64590800   0   1950      1029500
    60  0 1  94.57  9970.00 2   0.0 -35.6     65620450   0   1600      1029650
    61  0 1  95.27  9980.50 2   0.0 -35.0     67689650   0   1700      2069200
    62  0 1  95.27  9980.50 2   0.0 -34.7     68729350   0   2000      1039700
    63  0 1  95.27  9979.00 2   0.0 -34.4     69769350   0   1900      1040000
    64  0 1  94.57  9979.00 2   0.0 -34.1     70809100   0   1700      1039750
    65  0 1  95.27  9991.00 2   0.0 -33.8     71848600   0   1900      1039500
    66  0 1  95.27  9989.50 2   0.0 -33.4     72858100   0   2000      1009500
    67  0 1  95.62  9988.00 2   0.0 -33.4     73867850   0   1900      1009750
    68  0 1  94.92  9988.00 2   0.0 -33.1     74877850   0   1800      1010000
    69  0 1  94.92 10000.00 2   0.0 -32.8     75887550   0   1950      1009700
    70  0 1  95.62  9998.50 2   0.0 -32.5     77917550   0   1650      2030000
    71  0 1  95.27  9998.50 2   0.0 -32.2     78937500   0   1800      1019950
    72  0 1  95.62 10009.00 2   0.0 -31.9     79957550   0   1700      1020050
    73  0 1  94.57 10009.00 2   0.0 -31.9     80977900   0   1850      1020350
    74  0 1  94.22 10009.00 2   0.0 -31.6     81997800   0   1800      1019900
    75  0 1  95.62 10009.00 2   0.0 -31.6     82967650   0   1550       969850
    76  0 1  94.22 10018.00 2   0.0 -31.3     83937550   0   2000       969900
    77  0 1  95.27 10021.00 2   0.0 -31.3     84907200   0   1700       969650
    78  0 1  94.22 10018.00 2   0.0 -30.9     85877600   0   1850       970400
    79  0 1  94.57 10028.50 2   0.0 -30.6     87838000   0   1900      1960400
    80  0 1  94.22 10030.00 2   0.0 -30.6     88827750   0   1550       989750
    81  0 1  95.27 10030.00 2   0.0 -30.6     89817450   0   2000       989700
    82  0 1  94.92 10028.50 2   0.0 -30.3     90807400   0   1900       989950
    83  0 1  94.22 10039.00 2   0.0 -30.3     91797600   0   2000       990200
    84  0 1  94.92 10039.00 2   0.0 -30.3     92797500   0   1850       999900
    85  0 1  95.27 10040.50 2   0.0 -30.3     93797550   0   2000      1000050
    86  0 1  94.22 10040.50 2   0.0 -30.0     94797050   0   1900       999500
    87  0 1  94.92 10051.00 2   0.0 -30.0     95797200   0   1600      1000150
    88  0 1  95.27 10051.00 2   0.0 -30.0     97806500   0   2000      2009300
    89  0 1  95.62 10051.00 2   0.0 -30.0     98816100   0   1550      1009600
    90  0 1  94.92 10060.00 2   0.0 -30.0     99826150   0   1700      1010050
    91  0 1  94.22 10060.00 2   0.0 -30.0    100836500   0   1600      1010350
    92  0 1  94.57 10060.00 2   0.0 -30.0    101846450   0   1950      1009950
    93  0 1  94.22 10060.00 2   0.0 -30.0    102816650   0   1600       970200
    94  0 1  95.62 10069.00 2   0.0 -30.0    103786800   0   1800       970150
    95  0 1  95.62 10069.00 2   0.0 -30.0    104756950   0   2000       970150
    96  0 1  94.22 10069.00 2   0.0 -30.3    105727150   0   1900       970200
    97  0 1  94.92  9958.00 2   0.0 -30.3    107666500   0   1900      1939350
    98  0 1  95.27  9959.50 2   0.0 -30.3    108636300   0   1750       969800
    99  0 1  94.92  9961.00 2   0.0 -30.6    109605800   0   1600       969500
   100  0 1  94.22  9958.00 2   0.0 -30.6    110575600   0   1550       969800
   101  0 1  94.92  9970.00 2   0.0 -30.6    111545850   0   1700       970250
   102  0 1  94.22  9970.00 2   0.0 -30.9    112506200   0   1850       960350
   103  0 1  94.92  9970.00 2   0.0 -30.9    113466300   0   1550       960100
   104  0 1  95.27  9968.50 2   0.0 -31.3    114426200   0   1700       959900
   105  0 1  95.62  9958.00 2   0.0 -31.3    115386350   0   1950       960150
   106  0 1  95.27  9961.00 2   0.0 -31.6    117296050   0   1650      1909700
   107  0 1  94.92  9961.00 2   0.0 -31.9    118245950   0   1950       949900
   108  0 1  94.22  9968.50 2   0.0 -31.9    119195850   0   2000       949900
   109  0 1  95.62  9970.00 2   0.0 -32.2    120145350   0   1800       949500
   110  0 1  94.92  9970.00 2   0.0 -32.5    121095600   0   1550       950250
   111  0 1  94.92  9968.50 2   0.0 -32.5    122125150   0   1700      1029550
   112  0 1  95.27  9979.00 2   0.0 -32.8    123155400   0   2000      1030250
   113  0 1  94.57  9979.00 2   0.0 -33.1    124185450   0   1550      1030050
   114  0 1  94.57  9980.50 2   0.0 -33.4    125215550   0   2000      1030100
   115  0 1  95.62  9988.00 2   0.0 -33.8    127285750   0   2000      2070200
   116  0 1  94.92  9988.00 2   0.0 -34.1    128325800   0   1700      1040050
   117  0 1  94.57  9988.00 2   0.0 -34.4    129365450   0   1800      1039650
   118  0 1  95.27  9988.00 2   0.0 -34.7    130405400   0   1750      1039950
   119  0 1  94.92  9998.50 2   0.0 -35.0    131445850   0   2000      1040450
   120  0 1  95.62 10000.00 2   0.0 -35.3    132456100   0   1650      1010250
   121  0 1  94.57 10000.00 2   0.0 -35.6    133465850   0   1600      1009750
   122  0 1  94.57 10000.00 2   0.0 -35.9    134475400   0   1550      1009550
   123  0 1  94.22 10009.00 2   0.0 -36.3    135485200   0   1650      1009800
   124  0 1  94.92 10010.50 2   0.0 -36.9    137515700   0   1600      2030500
   125  0 1  94.57 10009.00 2   0.0 -37.2    138535300   0   1700      1019600
   126  0 1  94.92 10021.00 2   0.0 -37.5    139554900   0   1850      1019600
   127  0 1  95.62 10018.00 2   0.0 -38.1    140575350   0   1950      1020450
   128  0 1  95.27 10021.00 2   0.0 -38.4    141595000   0   2000      1019650
   129  0 1  94.22 10021.00 2   0.0 -38.8    142565300   0   1850       970300
   130  0 1  94.92 10028.50 2   0.0 -39.1    143535400   0   1750       970100
   131  0 1  94.57 10030.00 2   0.0 -39.7    144505350   0   1650       969950
   132  0 1  95.27 10030.00 2   0.0 -40.0    145474900   0   1800       969550
   133  0 1  95.27 10039.00 2   0.0 -40.9    147435350   0   1600      1960450
   134  0 1  94.22 10039.00 2   0.0 -41.3    148425600   0   1950       990250
   135  0 1  94.22 10039.00 2   0.0 -41.6    149416000   0   1550       990400
   136  0 1  95.62 10039.00 2   0.0 -42.2    150405950   0   2000       989950
   137  0 1  94.22 10048.00 2   0.0 -42.5    151395650   0   1700       989700
   138  0 1  94.57 10048.00 2   0.0 -43.1    152395350   0   1900       999700
   139  0 1  95.27 10048.00 2   0.0 -43.4    153395800   0   1650      1000450
   140  0 1  95.62 10051.00 2   0.0 -44.1    154396000   0   1750      1000200
   141  0 1  95.27 10058.50 2   0.0 -44.4    155396350   0   1700      1000350
   142  0 1  94.92 10060.00 2   0.0 -45.6    157406350   0   1550      2010000
   143  0 1  95.62 10060.00 2   0.0 -45.9    158415850   0   1600      1009500
   144  0 1  95.27 10069.00 2   0.0 -46.6    159425500   0   1850      1009650
   145  0 1  95.27 10069.00 2   0.0 -46.9    160435550   0   1750      1010050
   146  0 1  94.22 10069.00 2   0.0 -47.5    161445950   0   2000      1010400
   147  0 1  95.27 10069.00 2   0.0 -48.1    162415900   0   1750       969950
   148  0 1  94.57  9959.50 2   0.0 -48.4    163385600   0   1850       969700
   149  0 1  94.92  9959.50 2   0.0 -49.1    164356000   0   2000       970400
   150  0 1  95.62  9959.50 2   0.0 -49.7    165326400   0   1850       970400
   151  0 1  95.27  9968.50 2   0.0 -50.6    167266300   0   1900      1939900
   152  0 1  94.92  9968.50 2   0.0 -51.3    168236250   0   1600       969950
   153  0 1  95.27  9968.50 2   0.0 -51.9    169206050   0   1650       969800
   154  0 1  94.57  9970.00 2   0.0 -52.5    170176400   0   1900       970350
   155  0 1  94.22  9958.00 2   0.0 -53.1    171146850   0   2000       970450
   156  0 1  94.22  9961.00 2   0.0 -53.4    172107200   0   1850       960350
   157  0 1  94.92  9958.00 2   0.0 -54.1    173067500   0   1550       960300
   158  0 1  94.22  9961.00 2   0.0 -54.7    174027150   0   1750       959650
   159  0 1  95.62  9968.50 2   0.0 -55.3    174987550   0   1600       960400
   160  0 1  95.62  9968.50 2   0.0 -56.6    176897050   0   1600      1909500
   161  0 1  94.92  9970.00 2   0.0 -57.2    177846950   0   1600       949900
   162  0 1  95.62  9980.50 2   0.0 -57.5    178797050   0   2000       950100
   163  0 1  94.57  9980.50 2   0.0 -58.1    179747150   0   1600       950100
   164  0 1  94.92  9980.50 2   0.0 -58.8    180696750   0   2000       949600
   165  0 1  95.27  9980.50 2   0.0 -59.4    181726850   0   1900      1030100
   166  0 1  95.27  9991.00 2   0.0 -60.0    182756650   0   1600      1029800
   167  0 1  94.92  9989.50 2   0.0 -60.6    183787000   0   2000      1030350
   168  0 1  95.27  9991.00 2   0.0 -61.3    184816950   0   1650      1029950
   169  0 1  94.92  9998.50 2   0.0 -62.5    186887150   0   1700      2070200
   170  0 1  94.22 10000.00 2   0.0 -63.1    187927400   0   1700      1040250
   171  0 1  95.62 10000.00 2   0.0 -63.8    188967150   0   2000      1039750
   172  0 1  95.62 10000.00 2   0.0 -64.4    190006750   0   1850      1039600
   173  0 1  95.62 10009.00 2   0.0 -65.0    191046450   0   1850      1039700
   174  0 1  95.27 10010.50 2   0.0 -65.6    192056300   0   1850      1009850
   175  0 1  94.22 10010.50 2   0.0 -66.3    193066550   0   1900      1010250
   176  0 1  95.27 10009.00 2   0.0 -66.9    194076150   0   1900      1009600
   177  0 1  95.27 10019.50 2   0.0 -67.5    195086200   0   1850      1010050
   178  0 1  94.92 10018.00 2   0.0 -68.8    197115500   0   1950      2029300
   179  0 1  95.27 10018.00 2   0.0 -69.4    198135050   0   1700      1019550
