    NO  S V  AOA    FREQ    B  FMOP  AMP      TOA      PMOP  PW         dTOA  
------ -- - ------ -------- - ----- ----- ------------ --- ------ ------------
     0  0 1  94.92  9970.00 2   0.0 -70.0            0   0   1550  42949673000
     1  0 1  95.62  9968.50 2   0.0 -69.4      1020150   0   1600      1020150
     2  0 1  94.92  9970.00 2   0.0 -68.8      2040150   0   1650      1020000
     3  0 1  94.92  9970.00 2   0.0 -68.1      3010400   0   1550       970250
     4  0 1  95.27  9959.50 2   0.0 -67.5      3980500   0   1900       970100
     5  0 1  95.62  9961.00 2   0.0 -66.9      4950400   0   1650       969900
     6  0 1  95.62  9958.00 2   0.0 -66.3      5920400   0   1800       970000
     7  0 1  94.22  9958.00 2   0.0 -65.6      6890600   0   1800       970200
     8  0 1  94.22  9970.00 2   0.0 -65.0      7880500   0   1600       989900
     9  0 1  94.92  9970.00 2   0.0 -63.8      9860100   0   2000      1979600
    10  0 1  95.27  9970.00 2   0.0 -63.1     10850000   0   1750       989900
    11  0 1  94.22  9979.00 2   0.0 -62.5     11839600   0   1700       989600
    12  0 1  95.62  9979.00 2   0.0 -61.9     12839550   0   1550       999950
    13  0 1  94.92  9979.00 2   0.0 -61.3     13839850   0   1800      1000300
    14  0 1  94.57  9979.00 2   0.0 -60.6     14839600   0   1650       999750
    15  0 1  95.62  9989.50 2   0.0 -60.0     15839300   0   1850       999700
    16  0 1  94.57  9988.00 2   0.0 -59.4     16839250   0   1850       999950
    17  0 1  95.27  9989.50 2   0.0 -58.8     17848800   0   1900      1009550
    18  0 1  94.92 10000.00 2   0.0 -57.5     19869200   0   2000      2020400
    19  0 1  95.27 10000.00 2   0.0 -57.2     20879450   0   1700      1010250
    20  0 1  94.92 10000.00 2   0.0 -56.6     21889900   0   1600      1010450
    21  0 1  95.27 10000.00 2   0.0 -55.9     22860250   0   1800       970350
    22  0 1  94.57 10010.50 2   0.0 -55.3     23830650   0   1550       970400
    23  0 1  95.27 10010.50 2   0.0 -54.7     24800850   0   1600       970200
    24  0 1  94.57 10010.50 2   0.0 -54.1     25770350   0   1700       969500
    25  0 1  94.92 10009.00 2   0.0 -53.4     26740400   0   1650       970050
    26  0 1  94.57 10019.50 2   0.0 -53.1     27710150   0   1700       969750
    27  0 1  94.92 10019.50 2   0.0 -51.9     29649750   0   2000      1939600
    28  0 1  95.62 10019.50 2   0.0 -51.3     30619450   0   1700       969700
    29  0 1  95.27 10028.50 2   0.0 -50.6     31589750   0   1900       970300
    30  0 1  95.62 10030.00 2   0.0 -50.3     32549950   0   1850       960200
    31  0 1  95.27 10028.50 2   0.0 -49.7     33510200   0   1800       960250
    32  0 1  94.22 10028.50 2   0.0 -49.1     34470150   0   1600       959950
    33  0 1  95.62 10039.00 2   0.0 -48.4     35430600   0   1800       960450
    34  0 1  95.27 10040.50 2   0.0 -48.1     36390350   0   1700       959750
    35  0 1  95.27 10039.00 2   0.0 -47.5     37339850   0   1900       949500
    36  0 1  94.57 10048.00 2   0.0 -46.6     39239250   0   1800      1899400
    37  0 1  94.57 10051.00 2   0.0 -45.9     40189000   0   2000       949750
    38  0 1  95.62 10051.00 2   0.0 -45.6     41139100   0   1800       950100
    39  0 1  95.62 10051.00 2   0.0 -45.0     42168650   0   1600      1029550
    40  0 1  94.92 10060.00 2   0.0 -44.4     43198950   0   1550      1030300
    41  0 1  95.62 10058.50 2   0.0 -44.1     44229300   0   1800      1030350
    42  0 1  95.27 10060.00 2   0.0 -43.4     45259100   0   1800      1029800
    43  0 1  94.92 10060.00 2   0.0 -43.1     46289500   0   1600      1030400
    44  0 1  94.22 10070.50 2   0.0 -42.5     47329550   0   1600      1040050
    45  0 1  95.62 10069.00 2   0.0 -41.6     49410050   0   1650      2080500
    46  0 1  95.27 10069.00 2   0.0 -41.3     50450100   0   1750      1040050
    47  0 1  94.92  9958.00 2   0.0 -40.9     51489800   0   1950      1039700
    48  0 1  94.22  9959.50 2   0.0 -40.3     52500200   0   1850      1010400
    49  0 1  95.27  9959.50 2   0.0 -40.0     53510150   0   1900      1009950
    50  0 1  95.62  9958.00 2   0.0 -39.7     54519900   0   1550      1009750
    51  0 1  94.57  9970.00 2   0.0 -39.1     55529650   0   2000      1009750
    52  0 1  94.22  9970.00 2   0.0 -38.8     56539550   0   2000      1009900
    53  0 1  95.27  9970.00 2   0.0 -38.4     57559800   0   1850      1020250
    54  0 1  94.92  9959.50 2   0.0 -37.5     59599600   0   1750      2039800
    55  0 1  94.57  9961.00 2   0.0 -37.2     60619400   0   1800      1019800
    56  0 1  94.57  9961.00 2   0.0 -36.9     61639300   0   1850      1019900
    57  0 1  94.22  9961.00 2   0.0 -36.6     62608950   0   1700       969650
    58  0 1  94.22  9970.00 2   0.0 -36.3     63578750   0   1800       969800
    59  0 1  95.62  9968.50 2   0.0 -35.9     64548250   0   1550       969500
    60  0 1  95.27  9970.00 2   0.0 -35.6     65518050   0   1700       969800
    61  0 1  95.27  9970.00 2   0.0 -35.3     66488150   0   1650       970100
    62  0 1  94.22  9979.00 2   0.0 -35.0     67478600   0   1850       990450
    63  0 1  94.57  9980.50 2   0.0 -34.4     69457900   0   1550      1979300
    64  0 1  94.57  9979.00 2   0.0 -34.1     70447900   0   2000       990000
    65  0 1  95.62  9991.00 2   0.0 -33.8     71437900   0   1950       990000
    66  0 1  94.22  9989.50 2   0.0 -33.4     72438350   0   1850      1000450
    67  0 1  95.27  9988.00 2   0.0 -33.4     73437900   0   2000       999550
    68  0 1  95.27  9991.00 2   0.0 -33.1     74438150   0   1850      1000250
    69  0 1  95.62 10000.00 2   0.0 -32.8     75438600   0   1550      1000450
    70  0 1  94.22  9998.50 2   0.0 -32.5     76438600   0   1950      1000000
    71  0 1  94.57 10000.00 2   0.0 -32.5     77448350   0   1800      1009750
    72  0 1  94.92 10009.00 2   0.0 -31.9     79468500   0   1750      2020150
    73  0 1  95.27 10009.00 2   0.0 -31.9     80478450   0   1850      1009950
    74  0 1  95.27 10010.50 2   0.0 -31.6     81488600   0   1550      1010150
    75  0 1  94.22 10009.00 2   0.0 -31.6     82458300   0   1600       969700
    76  0 1  94.92 10019.50 2   0.0 -31.3     83428700   0   1550       970400
    77  0 1  94.57 10018.00 2   0.0 -31.3     84398700   0   1750       970000
    78  0 1  94.92 10018.00 2   0.0 -30.9     85368350   0   1900       969650
    79  0 1  94.22 10018.00 2   0.0 -30.9     86338150   0   1900       969800
    80  0 1  95.27 10030.00 2   0.0 -30.6     87307900   0   1700       969750
    81  0 1  95.27 10028.50 2   0.0 -30.6     89247850   0   1550      1939950
    82  0 1  95.62 10030.00 2   0.0 -30.3     90217900   0   1600       970050
    83  0 1  95.62 10040.50 2   0.0 -30.3     91187400   0   1900       969500
    84  0 1  95.62 10039.00 2   0.0 -30.3     92147150   0   1800       959750
    85  0 1  94.57 10039.00 2   0.0 -30.3     93107350   0   1950       960200
    86  0 1  94.57 10039.00 2   0.0 -30.0     94067800   0   1900       960450
    87  0 1  94.92 10051.00 2   0.0 -30.0     95027800   0   1550       960000
    88  0 1  94.57 10049.50 2   0.0 -30.0     95987850   0   1600       960050
    89  0 1  94.57 10048.00 2   0.0 -30.0     96937400   0   1600       949550
    90  0 1  95.62 10060.00 2   0.0 -30.0     98837400   0   1550      1900000
    91  0 1  94.57 10060.00 2   0.0 -30.0     99787350   0   1650       949950
    92  0 1  95.62 10060.00 2   0.0 -30.0    100737500   0   1800       950150
    93  0 1  94.92 10060.00 2   0.0 -30.0    101767300   0   2000      1029800
    94  0 1  94.92 10069.00 2   0.0 -30.0    102797000   0   1550      1029700
    95  0 1  94.92 10070.50 2   0.0 -30.0    103827350   0   1850      1030350
    96  0 1  94.57 10069.00 2   0.0 -30.3    104857050   0   1650      1029700
    97  0 1  94.22 10069.00 2   0.0 -30.3    105887050   0   1900      1030000
    98  0 1  94.22  9958.00 2   0.0 -30.3    106926900   0   1650      1039850
    99  0 1  94.22  9959.50 2   0.0 -30.6    109007350   0   1900      2080450
   100  0 1  94.57  9959.50 2   0.0 -30.6    110047750   0   1600      1040400
   101  0 1  95.62  9968.50 2   0.0 -30.6    111087550   0   1550      1039800
   102  0 1  94.57  9970.00 2   0.0 -30.9    112097200   0   1850      1009650
   103  0 1  95.62  9970.00 2   0.0 -30.9    113106850   0   2000      1009650
   104  0 1  95.27  9970.00 2   0.0 -31.3    114117250   0   2000      1010400
   105  0 1  94.92  9961.00 2   0.0 -31.3    115127200   0   1700      1009950
   106  0 1  95.62  9961.00 2   0.0 -31.6    116137250   0   2000      1010050
   107  0 1  94.92  9959.50 2   0.0 -31.6    117157250   0   2000      1020000
   108  0 1  94.92  9968.50 2   0.0 -31.9    119196800   0   1650      2039550
   109  0 1  94.57  9970.00 2   0.0 -32.2    120216550   0   1900      1019750
   110  0 1  94.22  9970.00 2   0.0 -32.5    121236850   0   1850      1020300
   111  0 1  94.57  9970.00 2   0.0 -32.5    122206750   0   1950       969900
   112  0 1  95.62  9979.00 2   0.0 -32.8    123177150   0   1850       970400
   113  0 1  95.27  9979.00 2   0.0 -33.1    124146950   0   1600       969800
   114  0 1  94.22  9980.50 2   0.0 -33.4    125117050   0   2000       970100
   115  0 1  95.62  9980.50 2   0.0 -33.4    126086950   0   1600       969900
   116  0 1  94.92  9988.00 2   0.0 -33.8    127077350   0   1750       990400
   117  0 1  95.62  9988.00 2   0.0 -34.4    129057350   0   1850      1980000
   118  0 1  95.27  9991.00 2   0.0 -34.7    130047650   0   1550       990300
   119  0 1  94.57 10000.00 2   0.0 -35.0    131037850   0   1600       990200
   120  0 1  95.62 10000.00 2   0.0 -35.3    132037950   0   1800      1000100
   121  0 1  94.22  9998.50 2   0.0 -35.6    133038200   0   1750      1000250
   122  0 1  94.57 10000.00 2   0.0 -35.9    134037800   0   1800       999600
   123  0 1  95.27 10010.50 2   0.0 -36.3    135037900   0   2000      1000100
   124  0 1  94.92 10010.50 2   0.0 -36.6    136038200   0   2000      1000300
   125  0 1  94.92 10009.00 2   0.0 -36.9    137048050   0   1900      1009850
   126  0 1  94.92 10021.00 2   0.0 -37.5    139067400   0   1850      2019350
   127  0 1  94.57 10019.50 2   0.0 -38.1    140077650   0   1700      1010250
   128  0 1  94.57 10021.00 2   0.0 -38.4    141087650   0   1700      1010000
   129  0 1  95.27 10018.00 2   0.0 -38.8    142057250   0   1600       969600
   130  0 1  94.57 10030.00 2   0.0 -39.1    143027600   0   1700       970350
   131  0 1  95.62 10030.00 2   0.0 -39.7    143997400   0   1600       969800
   132  0 1  95.27 10030.00 2   0.0 -40.0    144967600   0   1550       970200
   133  0 1  95.62 10030.00 2   0.0 -40.3    145937800   0   1950       970200
   134  0 1  94.92 10039.00 2   0.0 -40.9    146907400   0   1750       969600
   135  0 1  94.22 10039.00 2   0.0 -41.6    148847000   0   1550      1939600
   136  0 1  94.57 10039.00 2   0.0 -42.2    149817450   0   1900       970450
   137  0 1  94.57 10048.00 2   0.0 -42.5    150787200   0   1950       969750
   138  0 1  94.92 10051.00 2   0.0 -43.1    151747450   0   2000       960250
   139  0 1  95.27 10051.00 2   0.0 -43.4    152707650   0   1800       960200
   140  0 1  95.62 10048.00 2   0.0 -44.1    153667500   0   1850       959850
   141  0 1  94.57 10060.00 2   0.0 -44.4    154627700   0   1650       960200
   142  0 1  94.57 10060.00 2   0.0 -45.0    155587950   0   1550       960250
   143  0 1  94.92 10058.50 2   0.0 -45.6    156538050   0   1550       950100
   144  0 1  95.62 10070.50 2   0.0 -46.6    158438100   0   1750      1900050
   145  0 1  94.92 10070.50 2   0.0 -46.9    159388200   0   1750       950100
   146  0 1  95.27 10069.00 2   0.0 -47.5    160338600   0   1850       950400
   147  0 1  94.92 10070.50 2   0.0 -48.1    161368800   0   1950      1030200
   148  0 1  94.57  9958.00 2   0.0 -48.4    162398950   0   1550      1030150
   149  0 1  94.57  9961.00 2   0.0 -49.1    163429100   0   1950      1030150
   150  0 1  94.22  9959.50 2   0.0 -49.7    164458700   0   1550      1029600
   151  0 1  94.22  9961.00 2   0.0 -50.3    165488750   0   1800      1030050
   152  0 1  94.92  9970.00 2   0.0 -50.6    166528500   0   1550      1039750
   153  0 1  94.22  9968.50 2   0.0 -51.9    168608650   0   1600      2080150
   154  0 1  95.27  9970.00 2   0.0 -52.5    169648300   0   1750      1039650
   155  0 1  94.92  9959.50 2   0.0 -53.1    170688150   0   1700      1039850
   156  0 1  95.62  9958.00 2   0.0 -53.4    171698000   0   1850      1009850
   157  0 1  95.62  9961.00 2   0.0 -54.1    172708300   0   1550      1010300
   158  0 1  95.27  9959.50 2   0.0 -54.7    173718300   0   1600      1010000
   159  0 1  94.92  9970.00 2   0.0 -55.3    174728450   0   1850      1010150
   160  0 1  95.27  9970.00 2   0.0 -55.9    175738600   0   2000      1010150
   161  0 1  94.92  9968.50 2   0.0 -56.6    176758550   0   1650      1019950
   162  0 1  94.22  9980.50 2   0.0 -57.5    178798800   0   1650      2040250
   163  0 1  94.92  9979.00 2   0.0 -58.1    179818300   0   1650      1019500
   164  0 1  95.27  9980.50 2   0.0 -58.8    180837800   0   1700      1019500
   165  0 1  94.92  9980.50 2   0.0 -59.4    181807650   0   1600       969850
   166  0 1  95.62  9989.50 2   0.0 -60.0    182777950   0   1600       970300
   167  0 1  94.92  9989.50 2   0.0 -60.6    183747900   0   1550       969950
   168  0 1  94.57  9989.50 2   0.0 -61.3    184717800   0   1550       969900
   169  0 1  94.57  9989.50 2   0.0 -61.9    185688050   0   1800       970250
   170  0 1  94.92  9998.50 2   0.0 -62.5    186677700   0   1950       989650
   171  0 1  95.27  9998.50 2   0.0 -63.8    188657000   0   2000      1979300
   172  0 1  95.27 10000.00 2   0.0 -64.4    189647200   0   2000       990200
   173  0 1  94.22 10010.50 2   0.0 -65.0    190637200   0   1650       990000
   174  0 1  95.62 10009.00 2   0.0 -65.6    191637600   0   1800      1000400
   175  0 1  95.27 10009.00 2   0.0 -66.3    192637500   0   2000       999900
   176  0 1  94.92 10010.50 2   0.0 -66.9    193637250   0   1750       999750
   177  0 1  94.57 10021.00 2   0.0 -67.5    194637000   0   1700       999750
   178  0 1  95.27 10019.50 2   0.0 -68.1    195637450   0   1950      1000450
   179  0 1  94.92 10021.00 2   0.0 -68.8    196647200   0   1800      1009750
