    NO  S V  AOA    FREQ    B  FMOP  AMP      TOA      PMOP  PW         dTOA  
------ -- - ------ -------- - ----- ----- ------------ --- ------ ------------
     0  0 1  95.27  9970.00 2   0.0 -69.4      1010250   0   1600  42950683250
     1  0 1  95.62  9970.00 2   0.0 -68.8      2019850   0   1950      1009600
     2  0 1  95.62  9970.00 2   0.0 -68.1      2989650   0   1750       969800
     3  0 1  94.22  9961.00 2   0.0 -67.5      3959950   0   1700       970300
     4  0 1  95.27  9958.00 2   0.0 -66.9      4929900   0   1600       969950
     5  0 1  94.57  9958.00 2   0.0 -66.3      5899600   0   1750       969700
     6  0 1  94.57  9961.00 2   0.0 -65.6      6869350   0   1550       969750
     7  0 1  95.62  9968.50 2   0.0 -65.0      7839800   0   1550       970450
     8  0 1  94.57  9970.00 2   0.0 -64.4      8809350   0   1750       969550
     9  0 1  95.27  9970.00 2   0.0 -63.1     10749300   0   1900      1939950
    10  0 1  94.92  9980.50 2   0.0 -62.5     11718900   0   1850       969600
    11  0 1  94.22  9979.00 2   0.0 -61.9     12678750   0   1750       959850
    12  0 1  94.57  9980.50 2   0.0 -61.3     13639200   0   1850       960450
    13  0 1  95.27  9980.50 2   0.0 -60.6     14598750   0   1950       959550
    14  0 1  95.27  9991.00 2   0.0 -60.0     15558350   0   2000       959600
    15  0 1  94.57  9988.00 2   0.0 -59.4     16518450   0   1550       960100
    16  0 1  95.62  9989.50 2   0.0 -58.8     17468850   0   1600       950400
    17  0 1  95.62  9988.00 2   0.0 -58.1     18418950   0   1900       950100
    18  0 1  94.92  9998.50 2   0.0 -57.2     20318800   0   2000      1899850
    19  0 1  94.57 10000.00 2   0.0 -56.6     21268850   0   1600       950050
    20  0 1  95.27 10000.00 2   0.0 -55.9     22299100   0   1700      1030250
    21  0 1  94.92 10009.00 2   0.0 -55.3     23329250   0   1550      1030150
    22  0 1  95.62 10009.00 2   0.0 -54.7     24359100   0   2000      1029850
    23  0 1  94.57 10009.00 2   0.0 -54.1     25389150   0   1550      1030050
    24  0 1  94.57 10009.00 2   0.0 -53.4     26419450   0   1900      1030300
    25  0 1  95.27 10019.50 2   0.0 -53.1     27459600   0   1800      1040150
    26  0 1  95.27 10019.50 2   0.0 -52.5     28499250   0   1900      1039650
    27  0 1  94.92 10018.00 2   0.0 -51.3     30579600   0   2000      2080350
    28  0 1  95.62 10030.00 2   0.0 -50.6     31619600   0   1700      1040000
    29  0 1  94.57 10030.00 2   0.0 -50.3     32629200   0   1950      1009600
    30  0 1  94.22 10030.00 2   0.0 -49.7     33639600   0   1800      1010400
    31  0 1  94.57 10030.00 2   0.0 -49.1     34649800   0   1750      1010200
    32  0 1  95.27 10039.00 2   0.0 -48.4     35659950   0   1550      1010150
    33  0 1  95.62 10039.00 2   0.0 -48.1     36670100   0   1650      1010150
    34  0 1  94.57 10040.50 2   0.0 -47.5     37690550   0   1900      1020450
    35  0 1  94.92 10039.00 2   0.0 -46.9     38710950   0   1650      1020400
    36  0 1  94.22 10049.50 2   0.0 -45.9     40751550   0   1550      2040600
    37  0 1  94.92 10049.50 2   0.0 -45.6     41771550   0   1650      1020000
    38  0 1  94.57 10048.00 2   0.0 -45.0     42741400   0   1900       969850
    39  0 1  94.22 10060.00 2   0.0 -44.4     43711350   0   1600       969950
    40  0 1  94.22 10060.00 2   0.0 -44.1     44681250   0   1850       969900
    41  0 1  94.22 10060.00 2   0.0 -43.4     45651050   0   1700       969800
    42  0 1  94.22 10060.00 2   0.0 -43.1     46620900   0   1800       969850
    43  0 1  94.92 10070.50 2   0.0 -42.5     47611200   0   1650       990300
    44  0 1  94.22 10069.00 2   0.0 -42.2     48600950   0   1950       989750
    45  0 1  94.57 10069.00 2   0.0 -41.3     50580900   0   1650      1979950
    46  0 1  95.27  9959.50 2   0.0 -40.9     51570800   0   1550       989900
    47  0 1  94.22  9961.00 2   0.0 -40.3     52571250   0   1900      1000450
    48  0 1  95.27  9961.00 2   0.0 -40.0     53570750   0   1600       999500
    49  0 1  94.22  9961.00 2   0.0 -39.7     54570800   0   2000      1000050
    50  0 1  94.92  9968.50 2   0.0 -39.1     55570300   0   2000       999500
    51  0 1  94.22  9970.00 2   0.0 -38.8     56570100   0   1900       999800
    52  0 1  94.57  9970.00 2   0.0 -38.4     57580550   0   1800      1010450
    53  0 1  94.92  9970.00 2   0.0 -38.1     58590050   0   1600      1009500
    54  0 1  95.27  9959.50 2   0.0 -37.2     60610300   0   1650      2020250
    55  0 1  95.27  9959.50 2   0.0 -36.9     61620300   0   1550      1010000
    56  0 1  95.27  9959.50 2   0.0 -36.6     62589800   0   1750       969500
    57  0 1  95.27  9970.00 2   0.0 -36.3     63559450   0   1900       969650
    58  0 1  95.27  9968.50 2   0.0 -35.9     64529250   0   1950       969800
    59  0 1  94.57  9970.00 2   0.0 -35.6     65499100   0   1700       969850
    60  0 1  94.57  9970.00 2   0.0 -35.3     66468800   0   1950       969700
    61  0 1  94.92  9979.00 2   0.0 -35.0     67438500   0   1700       969700
    62  0 1  95.27  9979.00 2   0.0 -34.7     68408500   0   1650       970000
    63  0 1  95.62  9979.00 2   0.0 -34.1     70348400   0   1800      1939900
    64  0 1  95.27  9988.00 2   0.0 -33.8     71317950   0   1850       969550
    65  0 1  95.27  9989.50 2   0.0 -33.4     72278400   0   1600       960450
    66  0 1  95.62  9988.00 2   0.0 -33.4     73238700   0   1600       960300
    67  0 1  94.57  9989.50 2   0.0 -33.1     74198900   0   1550       960200
    68  0 1  95.62  9998.50 2   0.0 -32.8     75159250   0   1600       960350
    69  0 1  95.27 10000.00 2   0.0 -32.5     76119250   0   1750       960000
    70  0 1  95.27 10000.00 2   0.0 -32.5     77069100   0   1950       949850
    71  0 1  95.27 10000.00 2   0.0 -32.2     78018750   0   1550       949650
    72  0 1  95.27 10010.50 2   0.0 -31.9     79919300   0   1850      1900550
    73  0 1  94.22 10009.00 2   0.0 -31.6     80869150   0   1800       949850
    74  0 1  95.27 10010.50 2   0.0 -31.6     81898800   0   1900      1029650
    75  0 1  94.22 10019.50 2   0.0 -31.3     82928400   0   1900      1029600
    76  0 1  94.22 10021.00 2   0.0 -31.3     83958400   0   1950      1030000
    77  0 1  95.62 10018.00 2   0.0 -30.9     84988550   0   1800      1030150
    78  0 1  94.57 10021.00 2   0.0 -30.9     86019000   0   1600      1030450
    79  0 1  95.62 10030.00 2   0.0 -30.6     87059100   0   1900      1040100
    80  0 1  94.92 10030.00 2   0.0 -30.6     88099250   0   1550      1040150
    81  0 1  94.57 10030.00 2   0.0 -30.3     90180050   0   1750      2080800
    82  0 1  94.57 10039.00 2   0.0 -30.3     91220400   0   1700      1040350
    83  0 1  95.62 10039.00 2   0.0 -30.3     92230250   0   1600      1009850
    84  0 1  95.62 10039.00 2   0.0 -30.3     93239800   0   1700      1009550
    85  0 1  94.92 10040.50 2   0.0 -30.0     94250200   0   1600      1010400
    86  0 1  95.62 10051.00 2   0.0 -30.0     95259700   0   1800      1009500
    87  0 1  95.62 10049.50 2   0.0 -30.0     96269950   0   2000      1010250
    88  0 1  95.62 10051.00 2   0.0 -30.0     97289850   0   1650      1019900
    89  0 1  94.92 10048.00 2   0.0 -30.0     98310050   0   1700      1020200
    90  0 1  94.57 10060.00 2   0.0 -30.0    100350450   0   1750      2040400
    91  0 1  95.62 10058.50 2   0.0 -30.0    101370450   0   1900      1020000
    92  0 1  95.27 10060.00 2   0.0 -30.0    102340100   0   1550       969650
    93  0 1  94.92 10069.00 2   0.0 -30.0    103309600   0   1700       969500
    94  0 1  95.27 10069.00 2   0.0 -30.0    104279350   0   1900       969750
    95  0 1  94.22 10069.00 2   0.0 -30.3    105249400   0   1600       970050
    96  0 1  95.62 10069.00 2   0.0 -30.3    106219400   0   1700       970000
    97  0 1  95.62  9958.00 2   0.0 -30.3    107209050   0   1950       989650
    98  0 1  94.22  9958.00 2   0.0 -30.3    108198600   0   1850       989550
    99  0 1  94.22  9959.50 2   0.0 -30.6    110178550   0   1600      1979950
   100  0 1  94.92  9968.50 2   0.0 -30.6    111168550   0   1650       990000
   101  0 1  95.27  9968.50 2   0.0 -30.9    112168450   0   1750       999900
   102  0 1  95.62  9970.00 2   0.0 -30.9    113168700   0   1650      1000250
   103  0 1  94.22  9968.50 2   0.0 -31.3    114169000   0   1850      1000300
   104  0 1  95.62  9961.00 2   0.0 -31.3    115168700   0   2000       999700
   105  0 1  95.62  9961.00 2   0.0 -31.6    116168950   0   1850      1000250
   106  0 1  95.27  9959.50 2   0.0 -31.6    117179050   0   1850      1010100
   107  0 1  94.92  9961.00 2   0.0 -31.9    118189400   0   1800      1010350
   108  0 1  95.62  9968.50 2   0.0 -32.2    120209950   0   1850      2020550
   109  0 1  94.22  9970.00 2   0.0 -32.5    121219650   0   1550      1009700
   110  0 1  95.62  9970.00 2   0.0 -32.5    122189750   0   1850       970100
   111  0 1  94.92  9979.00 2   0.0 -32.8    123159500   0   1550       969750
   112  0 1  94.22  9980.50 2   0.0 -33.1    124129200   0   1800       969700
   113  0 1  95.62  9979.00 2   0.0 -33.4    125099550   0   1750       970350
   114  0 1  95.27  9980.50 2   0.0 -33.4    126069100   0   1750       969550
   115  0 1  94.57  9991.00 2   0.0 -33.8    127038900   0   1950       969800
   116  0 1  94.22  9991.00 2   0.0 -34.1    128008450   0   1900       969550
   117  0 1  95.62  9989.50 2   0.0 -34.7    129948500   0   1900      1940050
   118  0 1  95.27 10000.00 2   0.0 -35.0    130918250   0   1550       969750
   119  0 1  94.92  9998.50 2   0.0 -35.3    131878500   0   1550       960250
   120  0 1  94.57  9998.50 2   0.0 -35.6    132838550   0   1900       960050
   121  0 1  95.62 10000.00 2   0.0 -35.9    133798200   0   2000       959650
   122  0 1  94.22 10009.00 2   0.0 -36.3    134758450   0   1900       960250
   123  0 1  95.62 10010.50 2   0.0 -36.6    135718000   0   1650       959550
   124  0 1  95.27 10009.00 2   0.0 -36.9    136668250   0   1650       950250
   125  0 1  95.27 10009.00 2   0.0 -37.2    137618300   0   1850       950050
   126  0 1  94.57 10021.00 2   0.0 -38.1    139518000   0   1650      1899700
   127  0 1  95.62 10019.50 2   0.0 -38.4    140467850   0   2000       949850
   128  0 1  95.27 10018.00 2   0.0 -38.8    141497350   0   1850      1029500
   129  0 1  94.22 10030.00 2   0.0 -39.1    142527200   0   1700      1029850
   130  0 1  95.62 10030.00 2   0.0 -39.7    143556900   0   2000      1029700
   131  0 1  95.62 10028.50 2   0.0 -40.0    144587200   0   1850      1030300
   132  0 1  94.22 10028.50 2   0.0 -40.3    145617400   0   1800      1030200
   133  0 1  95.27 10039.00 2   0.0 -40.9    146657100   0   1600      1039700
   134  0 1  94.92 10040.50 2   0.0 -41.3    147696600   0   1600      1039500
   135  0 1  94.92 10039.00 2   0.0 -42.2    149776350   0   1650      2079750
   136  0 1  95.27 10048.00 2   0.0 -42.5    150816800   0   1650      1040450
   137  0 1  94.92 10048.00 2   0.0 -43.1    151826900   0   1600      1010100
   138  0 1  94.57 10048.00 2   0.0 -43.4    152837350   0   1600      1010450
   139  0 1  95.62 10049.50 2   0.0 -44.1    153847600   0   1600      1010250
   140  0 1  94.22 10058.50 2   0.0 -44.4    154857800   0   1550      1010200
   141  0 1  95.27 10058.50 2   0.0 -45.0    155867850   0   1900      1010050
   142  0 1  95.27 10060.00 2   0.0 -45.6    156888250   0   1650      1020400
   143  0 1  95.62 10060.00 2   0.0 -45.9    157908600   0   1750      1020350
   144  0 1  94.22 10069.00 2   0.0 -46.9    159948300   0   1750      2039700
   145  0 1  94.92 10070.50 2   0.0 -47.5    160967950   0   2000      1019650
   146  0 1  95.27 10070.50 2   0.0 -48.1    161938150   0   1950       970200
   147  0 1  94.92  9961.00 2   0.0 -48.4    162908600   0   1800       970450
   148  0 1  95.62  9961.00 2   0.0 -49.1    163879000   0   1950       970400
   149  0 1  94.57  9958.00 2   0.0 -49.7    164848550   0   2000       969550
   150  0 1  94.92  9958.00 2   0.0 -50.3    165818900   0   1650       970350
   151  0 1  94.92  9970.00 2   0.0 -50.6    166809000   0   1950       990100
   152  0 1  94.22  9970.00 2   0.0 -51.3    167799350   0   1850       990350
   153  0 1  95.27  9970.00 2   0.0 -52.5    169778950   0   1600      1979600
   154  0 1  94.92  9961.00 2   0.0 -53.1    170769050   0   1550       990100
   155  0 1  94.57  9959.50 2   0.0 -53.4    171768850   0   2000       999800
   156  0 1  95.62  9959.50 2   0.0 -54.1    172769050   0   1550      1000200
   157  0 1  94.92  9961.00 2   0.0 -54.7    173768700   0   1650       999650
   158  0 1  94.92  9970.00 2   0.0 -55.3    174768450   0   1600       999750
   159  0 1  95.27  9970.00 2   0.0 -55.9    175768450   0   1550      1000000
   160  0 1  94.22  9970.00 2   0.0 -56.6    176778850   0   1850      1010400
   161  0 1  94.57  9970.00 2   0.0 -57.2    177788400   0   1800      1009550
   162  0 1  95.27  9979.00 2   0.0 -58.1    179808700   0   1700      2020300
   163  0 1  94.57  9979.00 2   0.0 -58.8    180818600   0   1600      1009900
   164  0 1  95.62  9979.00 2   0.0 -59.4    181788250   0   2000       969650
   165  0 1  94.92  9991.00 2   0.0 -60.0    182758650   0   1550       970400
   166  0 1  94.22  9988.00 2   0.0 -60.6    183728900   0   1800       970250
   167  0 1  94.57  9991.00 2   0.0 -61.3    184698900   0   1550       970000
   168  0 1  94.92  9989.50 2   0.0 -61.9    185669150   0   1950       970250
   169  0 1  94.92 10000.00 2   0.0 -62.5    186639400   0   1650       970250
   170  0 1  94.92  9998.50 2   0.0 -63.1    187609250   0   1750       969850
   171  0 1  94.92 10000.00 2   0.0 -64.4    189548550   0   1800      1939300
   172  0 1  94.22 10009.00 2   0.0 -65.0    190518350   0   1550       969800
   173  0 1  95.62 10010.50 2   0.0 -65.6    191478700   0   1900       960350
   174  0 1  95.27 10010.50 2   0.0 -66.3    192438550   0   1600       959850
   175  0 1  95.27 10010.50 2   0.0 -66.9    193398050   0   1950       959500
   176  0 1  94.22 10018.00 2   0.0 -67.5    194358250   0   1700       960200
   177  0 1  95.27 10019.50 2   0.0 -68.1    195318500   0   1850       960250
   178  0 1  95.27 10021.00 2   0.0 -68.8    196268250   0   1950       949750
   179  0 1  94.57 10019.50 2   0.0 -69.4    197218300   0   1850       950050
