    NO  S V  AOA    FREQ    B  FMOP  AMP      TOA      PMOP  PW         dTOA  
------ -- - ------ -------- - ----- ----- ------------ --- ------ ------------
     0  0 1  94.57  9961.00 2   0.0 -70.0            0   0   1900  42949673000
     1  0 1  95.62  9961.00 2   0.0 -69.4       999900   0   1750       999900
     2  0 1  95.62  9959.50 2   0.0 -68.8      2046050   0   1600      1046150
     3  0 1  94.57  9959.50 2   0.0 -68.1      3134900   0   1700      1088850
     4  0 1  95.62  9958.00 2   0.0 -67.5      4259150   0   1450      1124250
     5  0 1  94.57  9970.00 2   0.0 -66.9      5404150   0   1550      1145000
     6  0 1  94.57  9970.00 2   0.0 -66.3      6551700   0   1600      1147550
     7  0 1  94.22  9970.00 2   0.0 -65.6      7684150   0   1650      1132450
     8  0 1  94.22  9968.50 2   0.0 -64.4      9838700   0   1650      2154550
     9  0 1  94.22 10000.00 2   0.0 -63.8     10845800   0   1700      1007100
    10  0 1  95.27  9998.50 2   0.0 -63.1     11805300   0   1550       959500
    11  0 1  95.62 10000.00 2   0.0 -62.5     12723850   0   1900       918550
    12  0 1  94.57  9998.50 2   0.0 -61.9     13609600   0   1500       885750
    13  0 1  95.27 10000.00 2   0.0 -61.3     14473200   0   1600       863600
    14  0 1  95.27 10019.50 2   0.0 -60.6     15325450   0   1600       852250
    15  0 1  95.62 10018.00 2   0.0 -60.0     16175300   0   1500       849850
    16  0 1  94.57 10018.00 2   0.0 -59.4     17035150   0   1550       859850
    17  0 1  94.22 10021.00 2   0.0 -58.1     18821800   0   1650      1786650
    18  0 1  94.57 10021.00 2   0.0 -57.5     19766800   0   1700       945000
    19  0 1  94.22 10019.50 2   0.0 -57.2     20755900   0   1550       989100
    20  0 1  94.57 10019.50 2   0.0 -56.6     21791250   0   1700      1035350
    21  0 1  94.57 10021.00 2   0.0 -55.9     22871400   0   1800      1080150
    22  0 1  94.57 10019.50 2   0.0 -55.3     23988450   0   1850      1117050
    23  0 1  95.27  9979.00 2   0.0 -54.7     25130000   0   1650      1141550
    24  0 1  94.57  9979.00 2   0.0 -54.1     26279250   0   1750      1149250
    25  0 1  95.27  9980.50 2   0.0 -53.4     27416850   0   1850      1137600
    26  0 1  95.62  9979.00 2   0.0 -52.5     29591950   0   1650      2175100
    27  0 1  94.22 10028.50 2   0.0 -51.9     30610650   0   1800      1018700
    28  0 1  95.62 10028.50 2   0.0 -51.3     31581400   0   1650       970750
    29  0 1  95.62 10030.00 2   0.0 -50.6     32509000   0   1750       927600
    30  0 1  95.62 10030.00 2   0.0 -50.3     33402250   0   1850       893250
    31  0 1  94.57 10030.00 2   0.0 -49.7     34270050   0   1750       867800
    32  0 1  94.57 10028.50 2   0.0 -49.1     35123300   0   1600       853250
    33  0 1  95.27 10030.00 2   0.0 -48.4     35973550   0   1500       850250
    34  0 1  95.62 10030.00 2   0.0 -48.1     36829750   0   1600       856200
    35  0 1  94.57 10030.00 2   0.0 -46.9     38603000   0   1850      1773250
    36  0 1  95.27  9970.00 2   0.0 -46.6     39538550   0   1500       935550
    37  0 1  94.92  9970.00 2   0.0 -45.9     40516700   0   1450       978150
    38  0 1  94.57  9970.00 2   0.0 -45.6     41541150   0   1500      1024450
    39  0 1  94.22  9968.50 2   0.0 -45.0     42610350   0   1750      1069200
    40  0 1  95.62  9968.50 2   0.0 -44.4     43718950   0   1700      1108600
    41  0 1  95.27 10000.00 2   0.0 -44.1     44856750   0   1900      1137800
    42  0 1  94.92 10000.00 2   0.0 -43.4     46005450   0   1500      1148700
    43  0 1  94.22  9998.50 2   0.0 -43.1     47147400   0   1900      1141950
    44  0 1  94.57  9998.50 2   0.0 -42.2     49341750   0   1550      2194350
    45  0 1  95.27 10018.00 2   0.0 -41.6     50372100   0   1900      1030350
    46  0 1  94.22 10018.00 2   0.0 -41.3     51354550   0   1550       982450
    47  0 1  94.22 10018.00 2   0.0 -40.9     52292250   0   1850       937700
    48  0 1  94.57 10021.00 2   0.0 -40.3     53193250   0   1600       901000
    49  0 1  95.62 10019.50 2   0.0 -40.0     54066500   0   1650       873250
    50  0 1  94.22  9979.00 2   0.0 -39.7     54922050   0   1900       855550
    51  0 1  95.27  9979.00 2   0.0 -39.1     55772150   0   1800       850100
    52  0 1  94.57  9979.00 2   0.0 -38.8     56626400   0   1700       854250
    53  0 1  94.22  9980.50 2   0.0 -38.1     58388150   0   1650      1761750
    54  0 1  94.57  9958.00 2   0.0 -37.5     59315150   0   1850       927000
    55  0 1  94.22  9959.50 2   0.0 -37.2     60281950   0   1450       966800
    56  0 1  94.22  9961.00 2   0.0 -36.9     61294650   0   1850      1012700
    57  0 1  94.92  9959.50 2   0.0 -36.6     62353250   0   1850      1058600
    58  0 1  94.57  9958.00 2   0.0 -36.3     63454350   0   1500      1101100
    59  0 1  94.57  9970.00 2   0.0 -35.9     64586400   0   1550      1132050
    60  0 1  95.27  9970.00 2   0.0 -35.6     65734150   0   1750      1147750
    61  0 1  94.57  9970.00 2   0.0 -35.3     66879650   0   1850      1145500
    62  0 1  95.62  9970.00 2   0.0 -34.7     69092550   0   1800      2212900
    63  0 1  94.57  9998.50 2   0.0 -34.4     70134200   0   1900      1041650
    64  0 1  95.62 10000.00 2   0.0 -34.1     71127000   0   1450       992800
    65  0 1  94.92 10000.00 2   0.0 -33.8     72074100   0   1900       947100
    66  0 1  94.92 10000.00 2   0.0 -33.4     72982950   0   1700       908850
    67  0 1  94.22  9998.50 2   0.0 -33.4     73861600   0   1500       878650
    68  0 1  94.92 10021.00 2   0.0 -33.1     74720550   0   1800       858950
    69  0 1  94.22 10018.00 2   0.0 -32.8     75570250   0   1600       849700
    70  0 1  95.62 10019.50 2   0.0 -32.5     76421950   0   1450       851700
    71  0 1  95.62 10018.00 2   0.0 -32.2     78173450   0   1550      1751500
    72  0 1  94.57 10021.00 2   0.0 -31.9     79091700   0   1600       918250
    73  0 1  94.92 10019.50 2   0.0 -31.9     80049150   0   1500       957450
    74  0 1  94.22 10018.00 2   0.0 -31.6     81051150   0   1850      1002000
    75  0 1  94.57 10021.00 2   0.0 -31.6     82099000   0   1700      1047850
    76  0 1  94.22 10021.00 2   0.0 -31.3     83189500   0   1800      1090500
    77  0 1  94.22  9980.50 2   0.0 -31.3     84315650   0   1550      1126150
    78  0 1  94.57  9979.00 2   0.0 -30.9     85461700   0   1750      1146050
    79  0 1  94.57  9979.00 2   0.0 -30.9     86609250   0   1500      1147550
    80  0 1  94.92  9979.00 2   0.0 -30.6     88836700   0   1800      2227450
    81  0 1  95.62 10028.50 2   0.0 -30.6     89889700   0   1600      1053000
    82  0 1  94.57 10030.00 2   0.0 -30.3     90894600   0   1750      1004900
    83  0 1  94.22 10030.00 2   0.0 -30.3     91852450   0   1500       957850
    84  0 1  94.57 10030.00 2   0.0 -30.3     92769900   0   1700       917450
    85  0 1  95.62 10030.00 2   0.0 -30.3     93654450   0   1750       884550
    86  0 1  94.22 10028.50 2   0.0 -30.0     94517750   0   1650       863300
    87  0 1  94.57 10030.00 2   0.0 -30.0     95368450   0   1550       850700
    88  0 1  95.27 10030.00 2   0.0 -30.0     96219750   0   1550       851300
    89  0 1  95.27 10030.00 2   0.0 -30.0     97959500   0   1650      1739750
    90  0 1  94.92  9970.00 2   0.0 -30.0     98869250   0   1500       909750
    91  0 1  94.57  9970.00 2   0.0 -30.0     99816350   0   1900       947100
    92  0 1  94.92  9968.50 2   0.0 -30.0    100807300   0   1800       990950
    93  0 1  94.57  9968.50 2   0.0 -30.0    101844250   0   1850      1036950
    94  0 1  95.27  9970.00 2   0.0 -30.0    102926600   0   1650      1082350
    95  0 1  94.57 10000.00 2   0.0 -30.0    104045750   0   1750      1119150
    96  0 1  94.92  9998.50 2   0.0 -30.3    105189200   0   1750      1143450
    97  0 1  94.92 10000.00 2   0.0 -30.3    106337700   0   1800      1148500
    98  0 1  94.22 10000.00 2   0.0 -30.3    108580200   0   1550      2242500
    99  0 1  95.27 10018.00 2   0.0 -30.6    109643750   0   1500      1063550
   100  0 1  94.92 10021.00 2   0.0 -30.6    110659700   0   1800      1015950
   101  0 1  94.57 10019.50 2   0.0 -30.6    111628650   0   1850       968950
   102  0 1  94.92 10021.00 2   0.0 -30.9    112554850   0   1850       926200
   103  0 1  95.62 10018.00 2   0.0 -30.9    113446550   0   1450       891700
   104  0 1  94.92  9979.00 2   0.0 -31.3    114313050   0   1650       866500
   105  0 1  95.62  9979.00 2   0.0 -31.3    115165550   0   1650       852500
   106  0 1  94.92  9979.00 2   0.0 -31.6    116015100   0   1550       849550
   107  0 1  94.57  9980.50 2   0.0 -31.9    117747050   0   1500      1731950
   108  0 1  95.62  9959.50 2   0.0 -31.9    118648800   0   1500       901750
   109  0 1  94.57  9958.00 2   0.0 -32.2    119586900   0   1550       938100
   110  0 1  95.27  9961.00 2   0.0 -32.5    120566900   0   1550       980000
   111  0 1  94.57  9959.50 2   0.0 -32.5    121593100   0   1500      1026200
   112  0 1  94.22  9959.50 2   0.0 -32.8    122664200   0   1500      1071100
   113  0 1  95.62  9970.00 2   0.0 -33.1    123774700   0   1600      1110500
   114  0 1  95.27  9970.00 2   0.0 -33.4    124913750   0   1450      1139050
   115  0 1  94.22  9968.50 2   0.0 -33.4    126063000   0   1900      1149250
   116  0 1  94.22  9968.50 2   0.0 -34.1    128318900   0   1650      2255900
   117  0 1  94.92 10000.00 2   0.0 -34.4    129394050   0   1450      1075150
   118  0 1  94.57 10000.00 2   0.0 -34.7    130422450   0   1850      1028400
   119  0 1  95.62 10000.00 2   0.0 -35.0    131402550   0   1650       980100
   120  0 1  94.57 10000.00 2   0.0 -35.3    132339000   0   1850       936450
   121  0 1  94.22 10000.00 2   0.0 -35.6    133237500   0   1850       898500
   122  0 1  95.27 10019.50 2   0.0 -35.9    134109250   0   1550       871750
   123  0 1  94.92 10021.00 2   0.0 -36.3    134963850   0   1650       854600
   124  0 1  94.22 10019.50 2   0.0 -36.6    135813750   0   1700       849900
   125  0 1  95.27 10021.00 2   0.0 -37.2    137537450   0   1500      1723700
   126  0 1  95.27 10021.00 2   0.0 -37.5    138432100   0   1600       894650
   127  0 1  94.57 10021.00 2   0.0 -38.1    139360950   0   1600       928850
   128  0 1  94.92 10021.00 2   0.0 -38.4    140331150   0   1600       970200
   129  0 1  94.92 10018.00 2   0.0 -38.8    141345750   0   1600      1014600
   130  0 1  94.57 10018.00 2   0.0 -39.1    142406650   0   1700      1060900
   131  0 1  95.62  9979.00 2   0.0 -39.7    143509100   0   1500      1102450
   132  0 1  94.22  9980.50 2   0.0 -40.0    144642550   0   1550      1133450
   133  0 1  95.62  9979.00 2   0.0 -40.3    145791750   0   1500      1149200
   134  0 1  95.27  9979.00 2   0.0 -41.3    148059300   0   1750      2267550
   135  0 1  94.57 10028.50 2   0.0 -41.6    149144250   0   1650      1084950
   136  0 1  95.62 10028.50 2   0.0 -42.2    150183600   0   1900      1039350
   137  0 1  95.27 10028.50 2   0.0 -42.5    151174150   0   1850       990550
   138  0 1  94.92 10028.50 2   0.0 -43.1    152118750   0   1800       944600
   139  0 1  95.27 10028.50 2   0.0 -43.4    153025550   0   1700       906800
   140  0 1  95.27 10030.00 2   0.0 -44.1    153902700   0   1600       877150
   141  0 1  94.57 10030.00 2   0.0 -44.4    154760550   0   1500       857850
   142  0 1  94.92 10030.00 2   0.0 -45.0    155610200   0   1750       849650
   143  0 1  95.62 10030.00 2   0.0 -45.9    157327250   0   1600      1717050
   144  0 1  94.92  9970.00 2   0.0 -46.6    158215400   0   1550       888150
   145  0 1  94.22  9970.00 2   0.0 -46.9    159135150   0   1700       919750
   146  0 1  94.22  9968.50 2   0.0 -47.5    160094350   0   1550       959200
   147  0 1  95.62  9970.00 2   0.0 -48.1    161098400   0   1450      1004050
   148  0 1  94.57  9970.00 2   0.0 -48.4    162148700   0   1550      1050300
   149  0 1  94.57 10000.00 2   0.0 -49.1    163241350   0   1650      1092650
   150  0 1  95.62  9998.50 2   0.0 -49.7    164367850   0   1800      1126500
   151  0 1  94.57  9998.50 2   0.0 -50.3    165514850   0   1800      1147000
   152  0 1  95.27  9998.50 2   0.0 -51.3    167792550   0   1500      2277700
   153  0 1  94.92 10019.50 2   0.0 -51.9    168887250   0   1750      1094700
   154  0 1  94.22 10021.00 2   0.0 -52.5    169938450   0   1700      1051200
   155  0 1  94.92 10019.50 2   0.0 -53.1    170940750   0   1800      1002300
   156  0 1  95.62 10018.00 2   0.0 -53.4    171896250   0   1550       955500
   157  0 1  95.27 10021.00 2   0.0 -54.1    172811100   0   1700       914850
   158  0 1  95.27  9980.50 2   0.0 -54.7    173694600   0   1850       883500
   159  0 1  94.92  9979.00 2   0.0 -55.3    174556250   0   1650       861650
   160  0 1  94.57  9980.50 2   0.0 -55.9    175407400   0   1900       851150
   161  0 1  94.57  9979.00 2   0.0 -57.2    177119400   0   1850      1712000
   162  0 1  94.57  9959.50 2   0.0 -57.5    178001300   0   1650       881900
   163  0 1  95.27  9958.00 2   0.0 -58.1    178912450   0   1750       911150
   164  0 1  94.92  9961.00 2   0.0 -58.8    179861550   0   1500       949100
   165  0 1  95.27  9959.50 2   0.0 -59.4    180854700   0   1600       993150
   166  0 1  94.22  9959.50 2   0.0 -60.0    181893500   0   1500      1038800
   167  0 1  95.27  9970.00 2   0.0 -60.6    182977650   0   1550      1084150
   168  0 1  94.57  9968.50 2   0.0 -61.3    184097500   0   1450      1119850
   169  0 1  94.57  9968.50 2   0.0 -61.9    185241050   0   1600      1143550
   170  0 1  94.57  9970.00 2   0.0 -63.1    187525450   0   1450      2284400
   171  0 1  94.57 10000.00 2   0.0 -63.8    188630850   0   1750      1105400
   172  0 1  95.62 10000.00 2   0.0 -64.4    189693300   0   1450      1062450
   173  0 1  95.27 10000.00 2   0.0 -65.0    190707550   0   1850      1014250
   174  0 1  94.57 10000.00 2   0.0 -65.6    191673500   0   1800       965950
   175  0 1  94.57 10000.00 2   0.0 -66.3    192597450   0   1450       923950
   176  0 1  95.27 10021.00 2   0.0 -66.9    193487350   0   1650       889900
   177  0 1  95.62 10019.50 2   0.0 -67.5    194353500   0   1850       866150
   178  0 1  94.57 10021.00 2   0.0 -68.1    195206800   0   1650       853300
   179  0 1  94.92 10021.00 2   0.0 -69.4    196913850   0   1450      1707050
