    NO  S V  AOA    FREQ    B  FMOP  AMP      TOA      PMOP  PW         dTOA  
------ -- - ------ -------- - ----- ----- ------------ --- ------ ------------
     0  0 1  94.92  9958.00 2   0.0 -70.0            0   0   1750  42949673000
     1  0 1  94.22  9959.50 2   0.0 -69.4       999550   0   1700       999550
     2  0 1  95.62  9961.00 2   0.0 -68.8      2045400   0   1550      1045850
     3  0 1  94.92  9959.50 2   0.0 -68.1      3134100   0   1700      1088700
     4  0 1  94.22  9959.50 2   0.0 -67.5      4257850   0   1450      1123750
     5  0 1  95.62  9970.00 2   0.0 -66.9      5402450   0   1900      1144600
     6  0 1  94.22  9968.50 2   0.0 -66.3      6549950   0   1450      1147500
     7  0 1  95.62  9970.00 2   0.0 -65.6      7682150   0   1600      1132200
     8  0 1  95.62  9970.00 2   0.0 -64.4      9837350   0   1700      2155200
     9  0 1  94.57 10000.00 2   0.0 -63.8     10844100   0   1700      1006750
    10  0 1  94.22  9998.50 2   0.0 -63.1     11804000   0   1500       959900
    11  0 1  94.22 10000.00 2   0.0 -62.5     12722950   0   1700       918950
    12  0 1  94.22  9998.50 2   0.0 -61.9     13608600   0   1500       885650
    13  0 1  94.22 10000.00 2   0.0 -61.3     14472400   0   1600       863800
    14  0 1  94.92 10021.00 2   0.0 -60.6     15324200   0   1550       851800
    15  0 1  94.92 10018.00 2   0.0 -60.0     16174200   0   1600       850000
    16  0 1  95.27 10019.50 2   0.0 -59.4     17033750   0   1500       859550
    17  0 1  95.62 10019.50 2   0.0 -58.1     18820500   0   1450      1786750
    18  0 1  94.57 10021.00 2   0.0 -57.5     19765850   0   1550       945350
    19  0 1  94.22 10019.50 2   0.0 -57.2     20753850   0   1600       988000
    20  0 1  94.22 10019.50 2   0.0 -56.6     21789050   0   1750      1035200
    21  0 1  94.22 10019.50 2   0.0 -55.9     22868200   0   1500      1079150
    22  0 1  94.57 10021.00 2   0.0 -55.3     23985050   0   1500      1116850
    23  0 1  94.22  9980.50 2   0.0 -54.7     25126800   0   1700      1141750
    24  0 1  94.57  9979.00 2   0.0 -54.1     26275800   0   1450      1149000
    25  0 1  94.57  9979.00 2   0.0 -53.4     27414250   0   1600      1138450
    26  0 1  94.57  9979.00 2   0.0 -52.5     29588700   0   1750      2174450
    27  0 1  94.92 10030.00 2   0.0 -51.9     30607600   0   1600      1018900
    28  0 1  94.22 10030.00 2   0.0 -51.3     31578600   0   1550       971000
    29  0 1  95.62 10028.50 2   0.0 -50.6     32506650   0   1650       928050
    30  0 1  94.57 10030.00 2   0.0 -50.3     33400000   0   1550       893350
    31  0 1  95.62 10028.50 2   0.0 -49.7     34268000   0   1500       868000
    32  0 1  95.27 10030.00 2   0.0 -49.1     35121250   0   1750       853250
    33  0 1  94.57 10028.50 2   0.0 -48.4     35970750   0   1850       849500
    34  0 1  94.92 10030.00 2   0.0 -48.1     36826850   0   1800       856100
    35  0 1  94.57 10030.00 2   0.0 -46.9     38601750   0   1500      1774900
    36  0 1  95.27  9970.00 2   0.0 -46.6     39537800   0   1450       936050
    37  0 1  94.92  9970.00 2   0.0 -45.9     40516050   0   1850       978250
    38  0 1  94.22  9968.50 2   0.0 -45.6     41539900   0   1600      1023850
    39  0 1  94.22  9970.00 2   0.0 -45.0     42608500   0   1850      1068600
    40  0 1  95.62  9968.50 2   0.0 -44.4     43717550   0   1800      1109050
    41  0 1  94.92  9998.50 2   0.0 -44.1     44854700   0   1500      1137150
    42  0 1  95.62  9998.50 2   0.0 -43.4     46004000   0   1650      1149300
    43  0 1  95.27 10000.00 2   0.0 -43.1     47145600   0   1800      1141600
    44  0 1  95.62 10000.00 2   0.0 -42.2     49339600   0   1500      2194000
    45  0 1  95.27 10019.50 2   0.0 -41.6     50370050   0   1850      1030450
    46  0 1  95.27 10019.50 2   0.0 -41.3     51351700   0   1550       981650
    47  0 1  94.22 10019.50 2   0.0 -40.9     52290100   0   1600       938400
    48  0 1  94.57 10019.50 2   0.0 -40.3     53190700   0   1900       900600
    49  0 1  95.27 10019.50 2   0.0 -40.0     54063950   0   1900       873250
    50  0 1  94.57  9979.00 2   0.0 -39.7     54919600   0   1600       855650
    51  0 1  94.92  9979.00 2   0.0 -39.1     55769250   0   1500       849650
    52  0 1  95.62  9979.00 2   0.0 -38.8     56623700   0   1550       854450
    53  0 1  95.27  9980.50 2   0.0 -38.1     58386100   0   1700      1762400
    54  0 1  95.62  9959.50 2   0.0 -37.5     59312600   0   1900       926500
    55  0 1  95.27  9961.00 2   0.0 -37.2     60279150   0   1450       966550
    56  0 1  95.27  9958.00 2   0.0 -36.9     61292450   0   1900      1013300
    57  0 1  95.27  9959.50 2   0.0 -36.6     62350950   0   1600      1058500
    58  0 1  95.62  9959.50 2   0.0 -36.3     63450600   0   1450      1099650
    59  0 1  95.62  9970.00 2   0.0 -35.9     64583050   0   1750      1132450
    60  0 1  94.22  9970.00 2   0.0 -35.6     65731250   0   1650      1148200
    61  0 1  94.92  9970.00 2   0.0 -35.3     66877100   0   1700      1145850
    62  0 1  94.57  9968.50 2   0.0 -34.7     69089850   0   1450      2212750
    63  0 1  94.22  9998.50 2   0.0 -34.4     70132100   0   1900      1042250
    64  0 1  95.27 10000.00 2   0.0 -34.1     71124800   0   1600       992700
    65  0 1  94.92 10000.00 2   0.0 -33.8     72072800   0   1900       948000
    66  0 1  95.62 10000.00 2   0.0 -33.4     72981300   0   1850       908500
    67  0 1  94.22 10000.00 2   0.0 -33.4     73860550   0   1700       879250
    68  0 1  94.57 10021.00 2   0.0 -33.1     74719900   0   1750       859350
    69  0 1  95.62 10018.00 2   0.0 -32.8     75569450   0   1850       849550
    70  0 1  95.62 10018.00 2   0.0 -32.5     76421750   0   1700       852300
    71  0 1  94.57 10021.00 2   0.0 -32.2     78172250   0   1900      1750500
    72  0 1  94.92 10021.00 2   0.0 -31.9     79090200   0   1450       917950
    73  0 1  94.92 10019.50 2   0.0 -31.9     80046750   0   1500       956550
    74  0 1  95.62 10019.50 2   0.0 -31.6     81048350   0   1700      1001600
    75  0 1  95.62 10018.00 2   0.0 -31.6     82096100   0   1600      1047750
    76  0 1  94.92 10019.50 2   0.0 -31.3     83187350   0   1450      1091250
    77  0 1  95.27  9979.00 2   0.0 -31.3     84313050   0   1450      1125700
    78  0 1  94.57  9980.50 2   0.0 -30.9     85459050   0   1450      1146000
    79  0 1  95.27  9980.50 2   0.0 -30.9     86607100   0   1700      1148050
    80  0 1  94.92  9979.00 2   0.0 -30.6     88834850   0   1500      2227750
    81  0 1  94.92 10030.00 2   0.0 -30.6     89887850   0   1850      1053000
    82  0 1  94.57 10030.00 2   0.0 -30.3     90893200   0   1550      1005350
    83  0 1  95.27 10028.50 2   0.0 -30.3     91850950   0   1450       957750
    84  0 1  94.92 10030.00 2   0.0 -30.3     92768350   0   1500       917400
    85  0 1  95.27 10030.00 2   0.0 -30.3     93653550   0   1600       885200
    86  0 1  95.62 10030.00 2   0.0 -30.0     94517000   0   1450       863450
    87  0 1  95.62 10028.50 2   0.0 -30.0     95367850   0   1800       850850
    88  0 1  95.62 10028.50 2   0.0 -30.0     96219250   0   1850       851400
    89  0 1  95.27 10028.50 2   0.0 -30.0     97958800   0   1500      1739550
    90  0 1  94.57  9970.00 2   0.0 -30.0     98869250   0   1800       910450
    91  0 1  94.92  9970.00 2   0.0 -30.0     99816350   0   1900       947100
    92  0 1  95.27  9970.00 2   0.0 -30.0    100806850   0   1650       990500
    93  0 1  95.62  9970.00 2   0.0 -30.0    101844050   0   1650      1037200
    94  0 1  94.22  9968.50 2   0.0 -30.0    102926450   0   1650      1082400
    95  0 1  94.57  9998.50 2   0.0 -30.0    104045450   0   1800      1119000
    96  0 1  94.92 10000.00 2   0.0 -30.3    105187950   0   1550      1142500
    97  0 1  94.22 10000.00 2   0.0 -30.3    106337250   0   1700      1149300
    98  0 1  94.22  9998.50 2   0.0 -30.3    108579250   0   1550      2242000
    99  0 1  95.62 10018.00 2   0.0 -30.6    109642750   0   1700      1063500
   100  0 1  94.22 10018.00 2   0.0 -30.6    110658450   0   1450      1015700
   101  0 1  94.92 10021.00 2   0.0 -30.6    111627350   0   1450       968900
   102  0 1  95.27 10018.00 2   0.0 -30.9    112553550   0   1850       926200
   103  0 1  95.62 10018.00 2   0.0 -30.9    113445900   0   1450       892350
   104  0 1  95.62  9979.00 2   0.0 -31.3    114312800   0   1750       866900
   105  0 1  95.62  9979.00 2   0.0 -31.3    115165800   0   1800       853000
   106  0 1  94.92  9979.00 2   0.0 -31.6    116016050   0   1900       850250
   107  0 1  95.27  9980.50 2   0.0 -31.9    117747750   0   1450      1731700
   108  0 1  95.27  9958.00 2   0.0 -31.9    118649400   0   1550       901650
   109  0 1  94.57  9958.00 2   0.0 -32.2    119587300   0   1450       937900
   110  0 1  95.27  9961.00 2   0.0 -32.5    120567650   0   1750       980350
   111  0 1  94.22  9959.50 2   0.0 -32.5    121593500   0   1600      1025850
   112  0 1  95.62  9961.00 2   0.0 -32.8    122664550   0   1850      1071050
   113  0 1  94.57  9970.00 2   0.0 -33.1    123775450   0   1650      1110900
   114  0 1  95.27  9970.00 2   0.0 -33.4    124914200   0   1800      1138750
   115  0 1  95.27  9970.00 2   0.0 -33.4    126062850   0   1600      1148650
   116  0 1  94.22  9970.00 2   0.0 -34.1    128318400   0   1550      2255550
   117  0 1  94.22 10000.00 2   0.0 -34.4    129393400   0   1550      1075000
   118  0 1  94.92 10000.00 2   0.0 -34.7    130420950   0   1700      1027550
   119  0 1  95.62 10000.00 2   0.0 -35.0    131400450   0   1600       979500
   120  0 1  95.62  9998.50 2   0.0 -35.3    132336650   0   1900       936200
   121  0 1  94.22  9998.50 2   0.0 -35.6    133236050   0   1450       899400
   122  0 1  94.57 10018.00 2   0.0 -35.9    134108400   0   1800       872350
   123  0 1  94.57 10018.00 2   0.0 -36.3    134963450   0   1450       855050
   124  0 1  95.27 10021.00 2   0.0 -36.6    135813600   0   1900       850150
   125  0 1  94.57 10021.00 2   0.0 -37.2    137538100   0   1450      1724500
   126  0 1  94.22 10019.50 2   0.0 -37.5    138433450   0   1850       895350
   127  0 1  94.22 10019.50 2   0.0 -38.1    139362750   0   1450       929300
   128  0 1  94.22 10021.00 2   0.0 -38.4    140332700   0   1850       969950
   129  0 1  95.62 10018.00 2   0.0 -38.8    141347300   0   1750      1014600
   130  0 1  95.62 10019.50 2   0.0 -39.1    142407850   0   1900      1060550
   131  0 1  94.22  9979.00 2   0.0 -39.7    143509550   0   1500      1101700
   132  0 1  94.57  9979.00 2   0.0 -40.0    144642150   0   1500      1132600
   133  0 1  94.57  9979.00 2   0.0 -40.3    145791050   0   1650      1148900
   134  0 1  95.62  9980.50 2   0.0 -41.3    148059300   0   1900      2268250
   135  0 1  94.92 10030.00 2   0.0 -41.6    149144300   0   1800      1085000
   136  0 1  94.22 10028.50 2   0.0 -42.2    150183100   0   1600      1038800
   137  0 1  95.62 10030.00 2   0.0 -42.5    151174100   0   1800       991000
   138  0 1  95.27 10028.50 2   0.0 -43.1    152118850   0   1600       944750
   139  0 1  94.57 10030.00 2   0.0 -43.4    153026200   0   1800       907350
   140  0 1  94.22 10028.50 2   0.0 -44.1    153902850   0   1550       876650
   141  0 1  95.27 10030.00 2   0.0 -44.4    154761050   0   1600       858200
   142  0 1  94.57 10028.50 2   0.0 -45.0    155611300   0   1900       850250
   143  0 1  95.62 10028.50 2   0.0 -45.9    157327350   0   1450      1716050
   144  0 1  94.92  9970.00 2   0.0 -46.6    158215050   0   1500       887700
   145  0 1  94.22  9970.00 2   0.0 -46.9    159135250   0   1900       920200
   146  0 1  94.57  9970.00 2   0.0 -47.5    160094050   0   1850       958800
   147  0 1  94.22  9970.00 2   0.0 -48.1    161098100   0   1600      1004050
   148  0 1  94.57  9970.00 2   0.0 -48.4    162148550   0   1650      1050450
   149  0 1  94.22  9998.50 2   0.0 -49.1    163241650   0   1450      1093100
   150  0 1  95.62 10000.00 2   0.0 -49.7    164368400   0   1650      1126750
   151  0 1  94.92  9998.50 2   0.0 -50.3    165515750   0   1500      1147350
   152  0 1  94.22 10000.00 2   0.0 -51.3    167792450   0   1650      2276700
   153  0 1  94.92 10019.50 2   0.0 -51.9    168887150   0   1450      1094700
   154  0 1  94.22 10018.00 2   0.0 -52.5    169938000   0   1800      1050850
   155  0 1  94.57 10018.00 2   0.0 -53.1    170939650   0   1650      1001650
   156  0 1  95.27 10019.50 2   0.0 -53.4    171895850   0   1750       956200
   157  0 1  94.57 10021.00 2   0.0 -54.1    172810350   0   1450       914500
   158  0 1  94.92  9980.50 2   0.0 -54.7    173694300   0   1600       883950
   159  0 1  95.62  9980.50 2   0.0 -55.3    174556100   0   1550       861800
   160  0 1  95.62  9979.00 2   0.0 -55.9    175406800   0   1550       850700
   161  0 1  94.92  9979.00 2   0.0 -57.2    177118700   0   1750      1711900
   162  0 1  94.57  9958.00 2   0.0 -57.5    178000750   0   1550       882050
   163  0 1  95.62  9959.50 2   0.0 -58.1    178911650   0   1550       910900
   164  0 1  94.22  9959.50 2   0.0 -58.8    179860350   0   1750       948700
   165  0 1  95.62  9961.00 2   0.0 -59.4    180853050   0   1900       992700
   166  0 1  94.22  9961.00 2   0.0 -60.0    181892300   0   1900      1039250
   167  0 1  94.57  9968.50 2   0.0 -60.6    182976600   0   1800      1084300
   168  0 1  94.92  9968.50 2   0.0 -61.3    184096600   0   1550      1120000
   169  0 1  95.62  9970.00 2   0.0 -61.9    185240050   0   1500      1143450
   170  0 1  95.27  9970.00 2   0.0 -63.1    187524100   0   1600      2284050
   171  0 1  95.62 10000.00 2   0.0 -63.8    188628900   0   1450      1104800
   172  0 1  95.27 10000.00 2   0.0 -64.4    189690500   0   1850      1061600
   173  0 1  94.57 10000.00 2   0.0 -65.0    190704950   0   1700      1014450
   174  0 1  94.22  9998.50 2   0.0 -65.6    191671650   0   1450       966700
   175  0 1  95.62 10000.00 2   0.0 -66.3    192595450   0   1850       923800
   176  0 1  94.22 10018.00 2   0.0 -66.9    193485300   0   1700       889850
   177  0 1  94.92 10019.50 2   0.0 -67.5    194351500   0   1900       866200
   178  0 1  94.92 10019.50 2   0.0 -68.1    195204750   0   1650       853250
   179  0 1  94.22 10019.50 2   0.0 -69.4    196912750   0   1900      1708000
