    NO  S V  AOA    FREQ    B  FMOP  AMP      TOA      PMOP  PW         dTOA  
------ -- - ------ -------- - ----- ----- ------------ --- ------ ------------
     0  0 1  94.92  9961.00 2   0.0 -70.0            0   0   1600  42949673000
     1  0 1  94.57  9961.00 2   0.0 -69.4       999600   0   1550       999600
     2  0 1  95.62  9959.50 2   0.0 -68.8      2045900   0   1700      1046300
     3  0 1  94.57  9959.50 2   0.0 -68.1      3134750   0   1450      1088850
     4  0 1  94.57  9958.00 2   0.0 -67.5      4259000   0   1500      1124250
     5  0 1  94.57  9970.00 2   0.0 -66.9      5404200   0   1850      1145200
     6  0 1  94.22  9968.50 2   0.0 -65.6      7683700   0   1600      2279500
     7  0 1  95.27  9970.00 2   0.0 -65.0      8782700   0   1550      1099000
     8  0 1  95.62  9970.00 2   0.0 -64.4      9837750   0   1750      1055050
     9  0 1  94.92  9998.50 2   0.0 -63.8     10844800   0   1600      1007050
    10  0 1  95.62  9998.50 2   0.0 -63.1     11805050   0   1750       960250
    11  0 1  94.92 10000.00 2   0.0 -62.5     12723850   0   1650       918800
    12  0 1  95.62  9998.50 2   0.0 -61.9     13609600   0   1750       885750
    13  0 1  94.57  9998.50 2   0.0 -61.3     14474050   0   1500       864450
    14  0 1  94.92 10019.50 2   0.0 -60.6     15325550   0   1600       851500
    15  0 1  94.92 10019.50 2   0.0 -59.4     17035900   0   1700      1710350
    16  0 1  94.57 10019.50 2   0.0 -58.8     17914950   0   1650       879050
    17  0 1  95.62 10018.00 2   0.0 -58.1     18822700   0   1850       907750
    18  0 1  94.92 10018.00 2   0.0 -57.5     19768150   0   1500       945450
    19  0 1  95.27 10019.50 2   0.0 -57.2     20757500   0   1500       989350
    20  0 1  94.92 10018.00 2   0.0 -56.6     21792900   0   1700      1035400
    21  0 1  94.57 10018.00 2   0.0 -55.9     22873300   0   1550      1080400
    22  0 1  95.62 10018.00 2   0.0 -55.3     23990300   0   1600      1117000
    23  0 1  95.62  9980.50 2   0.0 -54.7     25132600   0   1650      1142300
    24  0 1  94.92  9980.50 2   0.0 -53.4     27419200   0   1750      2286600
    25  0 1  95.27  9979.00 2   0.0 -53.1     28527050   0   1800      1107850
    26  0 1  95.62  9980.50 2   0.0 -52.5     29592550   0   1850      1065500
    27  0 1  95.62 10028.50 2   0.0 -51.9     30611350   0   1850      1018800
    28  0 1  95.27 10030.00 2   0.0 -51.3     31581950   0   1500       970600
    29  0 1  95.27 10030.00 2   0.0 -50.6     32510350   0   1650       928400
    30  0 1  95.62 10028.50 2   0.0 -50.3     33403650   0   1550       893300
    31  0 1  95.27 10030.00 2   0.0 -49.7     34271150   0   1800       867500
    32  0 1  94.22 10028.50 2   0.0 -49.1     35123750   0   1550       852600
    33  0 1  95.62 10030.00 2   0.0 -48.1     36830150   0   1850      1706400
    34  0 1  95.62 10030.00 2   0.0 -47.5     37704400   0   1500       874250
    35  0 1  94.92 10028.50 2   0.0 -46.9     38604050   0   1600       899650
    36  0 1  95.62  9970.00 2   0.0 -46.6     39539800   0   1650       935750
    37  0 1  94.92  9968.50 2   0.0 -45.9     40517300   0   1450       977500
    38  0 1  95.27  9970.00 2   0.0 -45.6     41541300   0   1550      1024000
    39  0 1  94.92  9970.00 2   0.0 -45.0     42609850   0   1500      1068550
    40  0 1  95.27  9970.00 2   0.0 -44.4     43718900   0   1600      1109050
    41  0 1  95.62  9998.50 2   0.0 -44.1     44856700   0   1650      1137800
    42  0 1  94.92 10000.00 2   0.0 -43.1     47147800   0   1700      2291100
    43  0 1  95.62 10000.00 2   0.0 -42.5     48264450   0   1500      1116650
    44  0 1  94.92  9998.50 2   0.0 -42.2     49341150   0   1550      1076700
    45  0 1  94.57 10019.50 2   0.0 -41.6     50371100   0   1900      1029950
    46  0 1  94.22 10021.00 2   0.0 -41.3     51353100   0   1850       982000
    47  0 1  94.92 10019.50 2   0.0 -40.9     52291550   0   1850       938450
    48  0 1  95.62 10019.50 2   0.0 -40.3     53192900   0   1850       901350
    49  0 1  94.22 10021.00 2   0.0 -40.0     54065900   0   1500       873000
    50  0 1  95.27  9979.00 2   0.0 -39.7     54921750   0   1800       855850
    51  0 1  94.57  9979.00 2   0.0 -38.8     56626300   0   1900      1704550
    52  0 1  94.22  9980.50 2   0.0 -38.4     57495250   0   1900       868950
    53  0 1  94.57  9979.00 2   0.0 -38.1     58388200   0   1550       892950
    54  0 1  94.57  9959.50 2   0.0 -37.5     59315600   0   1900       927400
    55  0 1  94.22  9961.00 2   0.0 -37.2     60282650   0   1900       967050
    56  0 1  95.62  9958.00 2   0.0 -36.9     61296000   0   1450      1013350
    57  0 1  94.57  9961.00 2   0.0 -36.6     62354800   0   1600      1058800
    58  0 1  94.22  9959.50 2   0.0 -36.3     63456250   0   1700      1101450
    59  0 1  95.62  9970.00 2   0.0 -35.9     64588500   0   1450      1132250
    60  0 1  95.62  9970.00 2   0.0 -35.3     66882850   0   1700      2294350
    61  0 1  94.22  9968.50 2   0.0 -35.0     68006350   0   1600      1123500
    62  0 1  95.27  9970.00 2   0.0 -34.7     69093350   0   1450      1087000
    63  0 1  94.22 10000.00 2   0.0 -34.4     70135500   0   1500      1042150
    64  0 1  94.57 10000.00 2   0.0 -34.1     71128500   0   1500       993000
    65  0 1  95.27 10000.00 2   0.0 -33.8     72075300   0   1750       946800
    66  0 1  95.27  9998.50 2   0.0 -33.4     72983300   0   1550       908000
    67  0 1  95.62 10000.00 2   0.0 -33.4     73862300   0   1750       879000
    68  0 1  94.22 10021.00 2   0.0 -33.1     74721400   0   1750       859100
    69  0 1  95.62 10018.00 2   0.0 -32.5     76423250   0   1550      1701850
    70  0 1  94.22 10019.50 2   0.0 -32.5     77287250   0   1700       864000
    71  0 1  95.62 10019.50 2   0.0 -32.2     78174200   0   1800       886950
    72  0 1  94.57 10018.00 2   0.0 -31.9     79091850   0   1850       917650
    73  0 1  94.57 10018.00 2   0.0 -31.9     80049000   0   1450       957150
    74  0 1  95.27 10021.00 2   0.0 -31.6     81051350   0   1550      1002350
    75  0 1  94.22 10021.00 2   0.0 -31.6     82099650   0   1800      1048300
    76  0 1  94.92 10021.00 2   0.0 -31.3     83190550   0   1600      1090900
    77  0 1  94.22  9979.00 2   0.0 -31.3     84316750   0   1700      1126200
    78  0 1  95.27  9979.00 2   0.0 -30.9     86610150   0   1450      2293400
    79  0 1  95.27  9980.50 2   0.0 -30.6     87741000   0   1550      1130850
    80  0 1  95.62  9979.00 2   0.0 -30.6     88838300   0   1900      1097300
    81  0 1  95.27 10030.00 2   0.0 -30.6     89890950   0   1600      1052650
    82  0 1  95.27 10030.00 2   0.0 -30.3     90895950   0   1850      1005000
    83  0 1  94.57 10030.00 2   0.0 -30.3     91853600   0   1500       957650
    84  0 1  94.22 10030.00 2   0.0 -30.3     92770100   0   1800       916500
    85  0 1  94.92 10030.00 2   0.0 -30.3     93655500   0   1700       885400
    86  0 1  94.92 10030.00 2   0.0 -30.0     94518150   0   1500       862650
    87  0 1  94.57 10030.00 2   0.0 -30.0     96220800   0   1750      1702650
    88  0 1  94.92 10030.00 2   0.0 -30.0     97081050   0   1900       860250
    89  0 1  95.27 10030.00 2   0.0 -30.0     97961450   0   1850       880400
    90  0 1  94.92  9970.00 2   0.0 -30.0     98870950   0   1800       909500
    91  0 1  95.62  9970.00 2   0.0 -30.0     99817900   0   1600       946950
    92  0 1  95.62  9970.00 2   0.0 -30.0    100808850   0   1700       990950
    93  0 1  95.62  9968.50 2   0.0 -30.0    101846250   0   1800      1037400
    94  0 1  95.62  9970.00 2   0.0 -30.0    102928700   0   1800      1082450
    95  0 1  95.27  9998.50 2   0.0 -30.0    104047250   0   1450      1118550
    96  0 1  94.57  9998.50 2   0.0 -30.3    106339650   0   1600      2292400
    97  0 1  94.57 10000.00 2   0.0 -30.3    107475950   0   1550      1136300
    98  0 1  95.27 10000.00 2   0.0 -30.3    108582200   0   1700      1106250
    99  0 1  95.62 10018.00 2   0.0 -30.6    109646550   0   1850      1064350
   100  0 1  95.62 10018.00 2   0.0 -30.6    110662250   0   1700      1015700
   101  0 1  95.62 10018.00 2   0.0 -30.6    111630750   0   1450       968500
   102  0 1  94.57 10021.00 2   0.0 -30.9    112557000   0   1900       926250
   103  0 1  94.57 10019.50 2   0.0 -30.9    113449150   0   1600       892150
   104  0 1  95.27  9979.00 2   0.0 -31.3    114316450   0   1800       867300
   105  0 1  94.57  9979.00 2   0.0 -31.6    116018800   0   1900      1702350
   106  0 1  95.27  9980.50 2   0.0 -31.6    116876200   0   1500       857400
   107  0 1  95.62  9979.00 2   0.0 -31.9    117751300   0   1450       875100
   108  0 1  95.62  9961.00 2   0.0 -31.9    118652950   0   1600       901650
   109  0 1  94.92  9961.00 2   0.0 -32.2    119590500   0   1650       937550
   110  0 1  94.22  9961.00 2   0.0 -32.5    120570350   0   1550       979850
   111  0 1  94.22  9958.00 2   0.0 -32.5    121596100   0   1750      1025750
   112  0 1  94.57  9958.00 2   0.0 -32.8    122668400   0   1450      1072300
   113  0 1  95.62  9968.50 2   0.0 -33.1    123779550   0   1750      1111150
   114  0 1  94.57  9970.00 2   0.0 -33.4    126067950   0   1500      2288400
   115  0 1  94.22  9968.50 2   0.0 -33.8    127208700   0   1800      1140750
   116  0 1  94.92  9970.00 2   0.0 -34.1    128323350   0   1450      1114650
   117  0 1  94.22  9998.50 2   0.0 -34.4    129398550   0   1750      1075200
   118  0 1  95.62  9998.50 2   0.0 -34.7    130426450   0   1850      1027900
   119  0 1  94.22 10000.00 2   0.0 -35.0    131405400   0   1700       978950
   120  0 1  94.92  9998.50 2   0.0 -35.3    132340400   0   1800       935000
   121  0 1  95.27 10000.00 2   0.0 -35.6    133239800   0   1450       899400
   122  0 1  95.27 10021.00 2   0.0 -35.9    134111300   0   1600       871500
   123  0 1  94.57 10018.00 2   0.0 -36.6    135815450   0   1750      1704150
   124  0 1  94.92 10019.50 2   0.0 -36.9    136669250   0   1750       853800
   125  0 1  94.22 10019.50 2   0.0 -37.2    137539400   0   1500       870150
   126  0 1  95.27 10019.50 2   0.0 -37.5    138434300   0   1450       894900
   127  0 1  94.57 10019.50 2   0.0 -38.1    139363700   0   1750       929400
   128  0 1  94.22 10019.50 2   0.0 -38.4    140333650   0   1750       969950
   129  0 1  94.92 10021.00 2   0.0 -38.8    141348800   0   1700      1015150
   130  0 1  94.57 10019.50 2   0.0 -39.1    142409350   0   1500      1060550
   131  0 1  94.92  9979.00 2   0.0 -39.7    143512200   0   1450      1102850
   132  0 1  95.62  9979.00 2   0.0 -40.3    145794750   0   1650      2282550
   133  0 1  95.62  9979.00 2   0.0 -40.9    146939550   0   1900      1144800
   134  0 1  95.62  9979.00 2   0.0 -41.3    148062600   0   1550      1123050
   135  0 1  95.62 10030.00 2   0.0 -41.6    149147350   0   1500      1084750
   136  0 1  94.22 10028.50 2   0.0 -42.2    150186000   0   1600      1038650
   137  0 1  94.57 10028.50 2   0.0 -42.5    151177300   0   1600       991300
   138  0 1  94.22 10030.00 2   0.0 -43.1    152122600   0   1600       945300
   139  0 1  95.27 10028.50 2   0.0 -43.4    153029900   0   1850       907300
   140  0 1  94.22 10030.00 2   0.0 -44.1    153907200   0   1850       877300
   141  0 1  95.27 10028.50 2   0.0 -45.0    155615700   0   1650      1708500
   142  0 1  94.22 10028.50 2   0.0 -45.6    156467700   0   1500       852000
   143  0 1  95.27 10030.00 2   0.0 -45.9    157333000   0   1700       865300
   144  0 1  94.22  9970.00 2   0.0 -46.6    158221350   0   1500       888350
   145  0 1  94.22  9968.50 2   0.0 -46.9    159141700   0   1650       920350
   146  0 1  94.57  9970.00 2   0.0 -47.5    160101900   0   1500       960200
   147  0 1  94.92  9968.50 2   0.0 -48.1    161105750   0   1850      1003850
   148  0 1  94.22  9970.00 2   0.0 -48.4    162157200   0   1900      1051450
   149  0 1  95.62 10000.00 2   0.0 -49.1    163251050   0   1500      1093850
   150  0 1  94.57  9998.50 2   0.0 -50.3    165525300   0   1750      2274250
   151  0 1  94.22 10000.00 2   0.0 -50.6    166672650   0   1800      1147350
   152  0 1  94.57 10000.00 2   0.0 -51.3    167802050   0   1450      1129400
   153  0 1  95.27 10018.00 2   0.0 -51.9    168896600   0   1850      1094550
   154  0 1  94.92 10018.00 2   0.0 -52.5    169946450   0   1550      1049850
   155  0 1  94.57 10021.00 2   0.0 -53.1    170948200   0   1900      1001750
   156  0 1  94.92 10018.00 2   0.0 -53.4    171903650   0   1600       955450
   157  0 1  94.57 10019.50 2   0.0 -54.1    172819050   0   1500       915400
   158  0 1  94.92  9980.50 2   0.0 -54.7    173701650   0   1550       882600
   159  0 1  94.57  9979.00 2   0.0 -55.9    175414800   0   1450      1713150
   160  0 1  94.22  9979.00 2   0.0 -56.6    176265950   0   1550       851150
   161  0 1  94.92  9980.50 2   0.0 -57.2    177126900   0   1500       860950
   162  0 1  95.27  9961.00 2   0.0 -57.5    178009100   0   1550       882200
   163  0 1  94.22  9961.00 2   0.0 -58.1    178921550   0   1650       912450
   164  0 1  95.27  9959.50 2   0.0 -58.8    179871900   0   1450       950350
   165  0 1  94.57  9961.00 2   0.0 -59.4    180864800   0   1500       992900
   166  0 1  94.57  9959.50 2   0.0 -60.0    181904800   0   1900      1040000
   167  0 1  95.27  9970.00 2   0.0 -60.6    182989100   0   1700      1084300
   168  0 1  94.57  9968.50 2   0.0 -61.9    185253650   0   1850      2264550
   169  0 1  94.22  9968.50 2   0.0 -62.5    186402500   0   1500      1148850
   170  0 1  95.27  9970.00 2   0.0 -63.1    187537900   0   1550      1135400
   171  0 1  94.22 10000.00 2   0.0 -63.8    188641450   0   1450      1103550
   172  0 1  94.22 10000.00 2   0.0 -64.4    189703350   0   1500      1061900
   173  0 1  94.57  9998.50 2   0.0 -65.0    190716750   0   1500      1013400
   174  0 1  94.57 10000.00 2   0.0 -65.6    191682250   0   1750       965500
   175  0 1  95.27 10000.00 2   0.0 -66.3    192606100   0   1850       923850
   176  0 1  95.27 10019.50 2   0.0 -66.9    193496500   0   1700       890400
   177  0 1  94.57 10019.50 2   0.0 -68.1    195214450   0   1850      1717950
   178  0 1  94.57 10018.00 2   0.0 -68.8    196064650   0   1900       850200
   179  0 1  94.22 10018.00 2   0.0 -69.4    196922600   0   1900       857950
