    NO  S V  AOA    FREQ    B  FMOP  AMP      TOA      PMOP  PW         dTOA  
------ -- - ------ -------- - ----- ----- ------------ --- ------ ------------
     0  0 1  95.62  9959.50 2   0.0 -70.0            0   0   1450  42949673000
     1  0 1  95.62  9961.00 2   0.0 -69.4       979850   0   1500       979850
     2  0 1  95.27  9961.00 2   0.0 -68.8      2019600   0   1150      1039750
     3  0 1  94.57  9959.50 2   0.0 -68.1      2999800   0   1050       980200
     4  0 1  94.57  9959.50 2   0.0 -67.5      4039850   0   1200      1040050
     5  0 1  94.22  9959.50 2   0.0 -66.9      5080100   0   1050      1040250
     6  0 1  94.92  9959.50 2   0.0 -65.6      7100150   0   1450      2020050
     7  0 1  95.62  9968.50 2   0.0 -65.0      8070550   0   1400       970400
     8  0 1  95.62  9970.00 2   0.0 -64.4      9040350   0   1500       969800
     9  0 1  95.62  9968.50 2   0.0 -63.8     10080650   0   1400      1040300
    10  0 1  94.22  9970.00 2   0.0 -63.1     10080150   0   1450 214748364300
    11  0 1  95.27  9970.00 2   0.0 -62.5     10079900   0   1450 214748364550
    12  0 1  94.22  9970.00 2   0.0 -61.9     11060150   0   1250       980250
    13  0 1  94.92  9970.00 2   0.0 -61.3     12100300   0   1400      1040150
    14  0 1  95.62  9968.50 2   0.0 -60.6     13080600   0   1250       980300
    15  0 1  95.27  9998.50 2   0.0 -59.4     15160600   0   1400      2080000
    16  0 1  95.62 10000.00 2   0.0 -58.8     16140700   0   1100       980100
    17  0 1  95.62 10000.00 2   0.0 -58.1     17180550   0   1500      1039850
    18  0 1  95.27  9998.50 2   0.0 -57.5     18150150   0   1100       969600
    19  0 1  95.27 10000.00 2   0.0 -57.2     19119850   0   1250       969700
    20  0 1  95.62 10000.00 2   0.0 -56.6     20160300   0   1050      1040450
    21  0 1  95.27 10000.00 2   0.0 -55.9     20160300   0   1250            0
    22  0 1  95.62 10021.00 2   0.0 -55.3     20160050   0   1400 214748364550
    23  0 1  95.27 10018.00 2   0.0 -54.7     21140400   0   1200       980350
    24  0 1  94.57 10019.50 2   0.0 -53.4     23160100   0   1500      2019700
    25  0 1  94.57 10018.00 2   0.0 -53.1     24200250   0   1350      1040150
    26  0 1  94.22 10021.00 2   0.0 -52.5     25239950   0   1050      1039700
    27  0 1  94.22 10021.00 2   0.0 -51.9     26219700   0   1450       979750
    28  0 1  95.27 10019.50 2   0.0 -51.3     27259650   0   1350      1039950
    29  0 1  94.57 10019.50 2   0.0 -50.6     28229700   0   1100       970050
    30  0 1  94.57 10021.00 2   0.0 -50.3     29200000   0   1500       970300
    31  0 1  94.22 10019.50 2   0.0 -49.7     30240250   0   1150      1040250
    32  0 1  94.92 10019.50 2   0.0 -49.1     30239950   0   1100 214748364500
    33  0 1  94.22 10018.00 2   0.0 -48.1     31219700   0   1050       979750
    34  0 1  94.92 10019.50 2   0.0 -47.5     32259800   0   1100      1040100
    35  0 1  94.92 10021.00 2   0.0 -46.9     33239450   0   1200       979650
    36  0 1  94.92  9979.00 2   0.0 -46.6     34279300   0   1200      1039850
    37  0 1  95.27  9980.50 2   0.0 -45.9     35319750   0   1200      1040450
    38  0 1  94.22  9979.00 2   0.0 -45.6     36299950   0   1450       980200
    39  0 1  94.22  9979.00 2   0.0 -45.0     37340100   0   1250      1040150
    40  0 1  94.57  9979.00 2   0.0 -44.4     38310200   0   1350       970100
    41  0 1  95.62  9980.50 2   0.0 -44.1     39280100   0   1200       969900
    42  0 1  95.27  9979.00 2   0.0 -43.1     40319600   0   1500      1039500
    43  0 1  94.92 10030.00 2   0.0 -42.5     40319850   0   1500          250
    44  0 1  94.22 10030.00 2   0.0 -42.2     41300250   0   1350       980400
    45  0 1  94.22 10028.50 2   0.0 -41.6     42340000   0   1200      1039750
    46  0 1  94.92 10030.00 2   0.0 -41.3     43320300   0   1250       980300
    47  0 1  95.27 10030.00 2   0.0 -40.9     44360400   0   1350      1040100
    48  0 1  95.62 10030.00 2   0.0 -40.3     45400500   0   1350      1040100
    49  0 1  95.62 10028.50 2   0.0 -40.0     46380650   0   1150       980150
    50  0 1  94.22 10030.00 2   0.0 -39.7     47420700   0   1150      1040050
    51  0 1  94.57  9979.00 2   0.0 -38.8     49360200   0   1100      1939500
    52  0 1  94.92  9980.50 2   0.0 -38.4     50399750   0   1100      1039550
    53  0 1  95.27  9979.00 2   0.0 -38.1     50399500   0   1300 214748364550
    54  0 1  95.27  9980.50 2   0.0 -37.5     50399900   0   1050          400
    55  0 1  94.22  9979.00 2   0.0 -37.2     51380350   0   1400       980450
    56  0 1  95.27  9979.00 2   0.0 -36.9     52420350   0   1300      1040000
    57  0 1  95.27  9980.50 2   0.0 -36.6     53400500   0   1050       980150
    58  0 1  95.62  9958.00 2   0.0 -36.3     54440500   0   1050      1040000
    59  0 1  95.62  9959.50 2   0.0 -35.9     55480550   0   1150      1040050
    60  0 1  94.22  9958.00 2   0.0 -35.3     57500250   0   1050      2019700
    61  0 1  94.57  9961.00 2   0.0 -35.0     58469750   0   1400       969500
    62  0 1  95.62  9958.00 2   0.0 -34.7     59439950   0   1100       970200
    63  0 1  94.22  9958.00 2   0.0 -34.4     60479700   0   1500      1039750
    64  0 1  95.62  9959.50 2   0.0 -34.1     60480100   0   1100          400
    65  0 1  94.22  9970.00 2   0.0 -33.8     60479900   0   1450 214748364600
    66  0 1  95.27  9970.00 2   0.0 -33.4     61459850   0   1250       979950
    67  0 1  94.22  9970.00 2   0.0 -33.4     62499750   0   1500      1039900
    68  0 1  95.27  9970.00 2   0.0 -33.1     63480050   0   1200       980300
    69  0 1  94.57  9970.00 2   0.0 -32.5     65560300   0   1250      2080250
    70  0 1  94.92  9970.00 2   0.0 -32.5     66539800   0   1450       979500
    71  0 1  95.27  9968.50 2   0.0 -32.2     67579500   0   1250      1039700
    72  0 1  95.27 10000.00 2   0.0 -31.9     68549800   0   1300       970300
    73  0 1  95.27 10000.00 2   0.0 -31.9     69519650   0   1400       969850
    74  0 1  94.92 10000.00 2   0.0 -31.6     70560050   0   1150      1040400
    75  0 1  94.57 10000.00 2   0.0 -31.6     70560100   0   1250           50
    76  0 1  94.57 10000.00 2   0.0 -31.3     70559750   0   1500 214748364450
    77  0 1  95.62  9998.50 2   0.0 -31.3     71539450   0   1050       979700
    78  0 1  94.22  9998.50 2   0.0 -30.9     73559050   0   1150      2019600
    79  0 1  95.27 10018.00 2   0.0 -30.6     74598650   0   1300      1039600
    80  0 1  94.92 10018.00 2   0.0 -30.6     75638400   0   1250      1039750
    81  0 1  95.27 10018.00 2   0.0 -30.6     76618600   0   1350       980200
    82  0 1  94.92 10019.50 2   0.0 -30.3     77659050   0   1050      1040450
    83  0 1  94.57 10021.00 2   0.0 -30.3     78629400   0   1100       970350
    84  0 1  95.62 10019.50 2   0.0 -30.3     79599650   0   1350       970250
    85  0 1  94.57 10018.00 2   0.0 -30.3     80639200   0   1400      1039550
    86  0 1  95.62 10019.50 2   0.0 -30.0     80639400   0   1400          200
    87  0 1  94.22 10021.00 2   0.0 -30.0     81619450   0   1350       980050
    88  0 1  94.57 10019.50 2   0.0 -30.0     82659050   0   1400      1039600
    89  0 1  94.57 10019.50 2   0.0 -30.0     83639150   0   1350       980100
    90  0 1  95.27 10019.50 2   0.0 -30.0     84679350   0   1250      1040200
    91  0 1  94.92 10021.00 2   0.0 -30.0     85719350   0   1050      1040000
    92  0 1  94.22 10019.50 2   0.0 -30.0     86699750   0   1150       980400
    93  0 1  94.92 10018.00 2   0.0 -30.0     87739750   0   1300      1040000
    94  0 1  94.57  9979.00 2   0.0 -30.0     88709500   0   1250       969750
    95  0 1  95.27  9980.50 2   0.0 -30.0     89679200   0   1250       969700
    96  0 1  95.27  9979.00 2   0.0 -30.3     90719350   0   1250      1040150
    97  0 1  95.62  9979.00 2   0.0 -30.3     90718900   0   1450 214748364350
    98  0 1  94.22  9979.00 2   0.0 -30.3     91698400   0   1150       979500
    99  0 1  95.62  9979.00 2   0.0 -30.6     92738750   0   1150      1040350
   100  0 1  94.92  9980.50 2   0.0 -30.6     93719050   0   1050       980300
   101  0 1  95.27 10028.50 2   0.0 -30.6     94759300   0   1350      1040250
   102  0 1  95.27 10030.00 2   0.0 -30.9     95799500   0   1400      1040200
   103  0 1  95.27 10030.00 2   0.0 -30.9     96779850   0   1200       980350
   104  0 1  94.57 10030.00 2   0.0 -31.3     97820250   0   1450      1040400
   105  0 1  94.22 10030.00 2   0.0 -31.6     99760100   0   1300      1939850
   106  0 1  94.57 10028.50 2   0.0 -31.6    100799600   0   1150      1039500
   107  0 1  95.62 10030.00 2   0.0 -31.9    100799850   0   1350          250
   108  0 1  95.62  9979.00 2   0.0 -31.9    100799350   0   1150 214748364300
   109  0 1  94.92  9979.00 2   0.0 -32.2    101779400   0   1050       980050
   110  0 1  94.57  9980.50 2   0.0 -32.5    102819850   0   1300      1040450
   111  0 1  94.22  9979.00 2   0.0 -32.5    103799400   0   1100       979550
   112  0 1  95.27  9979.00 2   0.0 -32.8    104838900   0   1500      1039500
   113  0 1  94.57  9979.00 2   0.0 -33.1    105878400   0   1300      1039500
   114  0 1  94.57  9980.50 2   0.0 -33.4    107898600   0   1200      2020200
   115  0 1  94.22  9959.50 2   0.0 -33.8    108868250   0   1450       969650
   116  0 1  95.27  9959.50 2   0.0 -34.1    109838550   0   1200       970300
   117  0 1  94.22  9958.00 2   0.0 -34.4    110879000   0   1250      1040450
   118  0 1  94.22  9959.50 2   0.0 -34.7    110879400   0   1150          400
   119  0 1  95.62  9961.00 2   0.0 -35.0    110878900   0   1300 214748364300
   120  0 1  94.57  9961.00 2   0.0 -35.3    111858900   0   1150       980000
   121  0 1  94.22  9961.00 2   0.0 -35.6    112898650   0   1050      1039750
   122  0 1  94.57  9959.50 2   0.0 -35.9    113878500   0   1450       979850
   123  0 1  95.62  9968.50 2   0.0 -36.6    115958950   0   1500      2080450
   124  0 1  94.57  9970.00 2   0.0 -36.9    116939000   0   1350       980050
   125  0 1  94.57  9970.00 2   0.0 -37.2    117978550   0   1500      1039550
   126  0 1  94.92  9968.50 2   0.0 -37.5    118948800   0   1400       970250
   127  0 1  95.62  9970.00 2   0.0 -38.1    119919100   0   1450       970300
   128  0 1  94.22  9968.50 2   0.0 -38.4    120959500   0   1050      1040400
   129  0 1  95.62  9968.50 2   0.0 -38.8    120959400   0   1400 214748364700
   130  0 1  94.57  9998.50 2   0.0 -39.1    120959200   0   1400 214748364600
   131  0 1  95.27  9998.50 2   0.0 -39.7    121938950   0   1250       979750
   132  0 1  94.92 10000.00 2   0.0 -40.3    123958450   0   1200      2019500
   133  0 1  95.62 10000.00 2   0.0 -40.9    124998200   0   1250      1039750
   134  0 1  94.22  9998.50 2   0.0 -41.3    126038550   0   1250      1040350
   135  0 1  94.57 10000.00 2   0.0 -41.6    127018300   0   1500       979750
   136  0 1  95.62 10000.00 2   0.0 -42.2    128057950   0   1150      1039650
   137  0 1  94.57 10019.50 2   0.0 -42.5    129027950   0   1450       970000
   138  0 1  94.57 10019.50 2   0.0 -43.1    129997700   0   1250       969750
   139  0 1  94.57 10019.50 2   0.0 -43.4    131037700   0   1150      1040000
   140  0 1  94.92 10021.00 2   0.0 -44.1    131038000   0   1050          300
   141  0 1  95.27 10019.50 2   0.0 -45.0    132017750   0   1450       979750
   142  0 1  94.57 10019.50 2   0.0 -45.6    133057850   0   1100      1040100
   143  0 1  95.27 10018.00 2   0.0 -45.9    134037900   0   1050       980050
   144  0 1  95.62 10021.00 2   0.0 -46.6    135077850   0   1050      1039950
   145  0 1  94.57 10021.00 2   0.0 -46.9    136117400   0   1450      1039550
   146  0 1  94.92 10019.50 2   0.0 -47.5    137097150   0   1100       979750
   147  0 1  94.57 10021.00 2   0.0 -48.1    138137500   0   1250      1040350
   148  0 1  95.27 10018.00 2   0.0 -48.4    139107400   0   1400       969900
   149  0 1  95.27 10021.00 2   0.0 -49.1    140077850   0   1100       970450
   150  0 1  94.22 10018.00 2   0.0 -50.3    141117700   0   1400      1039850
   151  0 1  94.22  9980.50 2   0.0 -50.6    141117550   0   1300 214748364650
   152  0 1  94.22  9979.00 2   0.0 -51.3    142097700   0   1250       980150
   153  0 1  94.22  9979.00 2   0.0 -51.9    143137800   0   1200      1040100
   154  0 1  94.92  9980.50 2   0.0 -52.5    144118050   0   1400       980250
   155  0 1  94.92  9979.00 2   0.0 -53.1    145158050   0   1400      1040000
   156  0 1  95.27  9979.00 2   0.0 -53.4    146197550   0   1100      1039500
   157  0 1  95.27  9979.00 2   0.0 -54.1    147177900   0   1400       980350
   158  0 1  94.22  9980.50 2   0.0 -54.7    148217650   0   1300      1039750
   159  0 1  94.57 10030.00 2   0.0 -55.9    150157850   0   1100      1940200
   160  0 1  94.57 10028.50 2   0.0 -56.6    151198200   0   1450      1040350
   161  0 1  94.22 10030.00 2   0.0 -57.2    151198650   0   1100          450
   162  0 1  95.27 10030.00 2   0.0 -57.5    151199100   0   1050          450
   163  0 1  94.92 10030.00 2   0.0 -58.1    152178850   0   1250       979750
   164  0 1  94.57 10030.00 2   0.0 -58.8    153218500   0   1500      1039650
   165  0 1  94.57 10030.00 2   0.0 -59.4    154198950   0   1200       980450
   166  0 1  94.22  9979.00 2   0.0 -60.0    155238750   0   1300      1039800
   167  0 1  94.57  9980.50 2   0.0 -60.6    156278700   0   1150      1039950
   168  0 1  95.62  9979.00 2   0.0 -61.9    158298400   0   1400      2019700
   169  0 1  95.62  9979.00 2   0.0 -62.5    159268600   0   1050       970200
   170  0 1  95.27  9980.50 2   0.0 -63.1    160239000   0   1500       970400
   171  0 1  94.92  9979.00 2   0.0 -63.8    161278600   0   1150      1039600
   172  0 1  94.57  9980.50 2   0.0 -64.4    161278250   0   1500 214748364450
   173  0 1  95.27  9959.50 2   0.0 -65.0    161278150   0   1250 214748364700
   174  0 1  94.22  9961.00 2   0.0 -65.6    162258450   0   1400       980300
   175  0 1  94.57  9958.00 2   0.0 -66.3    163298550   0   1050      1040100
   176  0 1  94.92  9959.50 2   0.0 -66.9    164278650   0   1300       980100
   177  0 1  95.62  9959.50 2   0.0 -68.1    166359000   0   1150      2080350
   178  0 1  94.92  9959.50 2   0.0 -68.8    167339150   0   1350       980150
   179  0 1  95.62  9961.00 2   0.0 -69.4    168379500   0   1300      1040350
