    NO  S V  AOA    FREQ    B  FMOP  AMP      TOA      PMOP  PW         dTOA  
------ -- - ------ -------- - ----- ----- ------------ --- ------ ------------
     0  0 1  94.22  9958.00 2   0.0 -70.0            0   0   1100  42949673000
     1  0 1  94.92  9959.50 2   0.0 -69.4       980400   0   1300       980400
     2  0 1  94.92  9961.00 2   0.0 -68.8      2020050   0   1250      1039650
     3  0 1  94.22  9959.50 2   0.0 -68.1      3000050   0   1300       980000
     4  0 1  94.92  9961.00 2   0.0 -67.5      4040000   0   1300      1039950
     5  0 1  94.57  9961.00 2   0.0 -66.3      6059800   0   1500      2019800
     6  0 1  95.62  9961.00 2   0.0 -65.6      7099650   0   1350      1039850
     7  0 1  95.27  9968.50 2   0.0 -65.0      8069300   0   1250       969650
     8  0 1  94.57  9970.00 2   0.0 -64.4      9038950   0   1250       969650
     9  0 1  95.62  9970.00 2   0.0 -63.8     10079250   0   1500      1040300
    10  0 1  94.57  9968.50 2   0.0 -63.1     10079650   0   1150          400
    11  0 1  94.57  9970.00 2   0.0 -62.5     10079500   0   1450 214748364650
    12  0 1  94.57  9970.00 2   0.0 -61.9     11059050   0   1150       979550
    13  0 1  94.92  9970.00 2   0.0 -61.3     12099300   0   1150      1040250
    14  0 1  94.22 10000.00 2   0.0 -60.0     14119250   0   1250      2019950
    15  0 1  94.57  9998.50 2   0.0 -59.4     15158900   0   1250      1039650
    16  0 1  94.57  9998.50 2   0.0 -58.8     16139000   0   1100       980100
    17  0 1  95.62 10000.00 2   0.0 -58.1     17178650   0   1050      1039650
    18  0 1  94.92  9998.50 2   0.0 -57.5     18148850   0   1050       970200
    19  0 1  94.92 10000.00 2   0.0 -57.2     19118700   0   1400       969850
    20  0 1  95.62 10000.00 2   0.0 -56.6     20158500   0   1250      1039800
    21  0 1  95.62 10000.00 2   0.0 -55.9     20158500   0   1100            0
    22  0 1  94.22 10019.50 2   0.0 -55.3     20158400   0   1050 214748364700
    23  0 1  95.27 10018.00 2   0.0 -54.1     22178050   0   1300      2019650
    24  0 1  94.57 10019.50 2   0.0 -53.4     23157550   0   1500       979500
    25  0 1  94.57 10018.00 2   0.0 -53.1     24197400   0   1150      1039850
    26  0 1  94.57 10021.00 2   0.0 -52.5     25237650   0   1250      1040250
    27  0 1  95.62 10018.00 2   0.0 -51.9     26217350   0   1450       979700
    28  0 1  94.22 10019.50 2   0.0 -51.3     27257350   0   1100      1040000
    29  0 1  94.57 10021.00 2   0.0 -50.6     28227250   0   1100       969900
    30  0 1  94.22 10019.50 2   0.0 -50.3     29197450   0   1450       970200
    31  0 1  94.22 10021.00 2   0.0 -49.7     30237100   0   1350      1039650
    32  0 1  95.27 10019.50 2   0.0 -48.4     30236450   0   1050 214748364150
    33  0 1  95.62 10019.50 2   0.0 -48.1     31216650   0   1050       980200
    34  0 1  94.57 10019.50 2   0.0 -47.5     32256400   0   1200      1039750
    35  0 1  95.62 10019.50 2   0.0 -46.9     33236850   0   1050       980450
    36  0 1  95.27  9979.00 2   0.0 -46.6     34276450   0   1300      1039600
    37  0 1  95.62  9980.50 2   0.0 -45.9     35316000   0   1500      1039550
    38  0 1  94.57  9980.50 2   0.0 -45.6     36295550   0   1200       979550
    39  0 1  94.92  9980.50 2   0.0 -45.0     37335800   0   1400      1040250
    40  0 1  95.62  9979.00 2   0.0 -44.4     38305300   0   1300       969500
    41  0 1  94.22  9979.00 2   0.0 -43.4     40314950   0   1400      2009650
    42  0 1  94.92  9979.00 2   0.0 -43.1     40314650   0   1200 214748364500
    43  0 1  95.27 10028.50 2   0.0 -42.5     40314600   0   1050 214748364750
    44  0 1  95.27 10028.50 2   0.0 -42.2     41294800   0   1350       980200
    45  0 1  95.27 10030.00 2   0.0 -41.6     42334400   0   1450      1039600
    46  0 1  94.57 10030.00 2   0.0 -41.3     43314550   0   1450       980150
    47  0 1  94.92 10030.00 2   0.0 -40.9     44354900   0   1300      1040350
    48  0 1  94.22 10030.00 2   0.0 -40.3     45395300   0   1300      1040400
    49  0 1  94.57 10028.50 2   0.0 -40.0     46375300   0   1050       980000
    50  0 1  94.22  9979.00 2   0.0 -39.1     48384800   0   1050      2009500
    51  0 1  95.62  9979.00 2   0.0 -38.8     49354950   0   1250       970150
    52  0 1  95.62  9979.00 2   0.0 -38.4     50394800   0   1150      1039850
    53  0 1  95.62  9979.00 2   0.0 -38.1     50395050   0   1300          250
    54  0 1  95.62  9979.00 2   0.0 -37.5     50394900   0   1350 214748364650
    55  0 1  94.22  9980.50 2   0.0 -37.2     51374600   0   1050       979700
    56  0 1  94.22  9980.50 2   0.0 -36.9     52414600   0   1350      1040000
    57  0 1  95.62  9979.00 2   0.0 -36.6     53394600   0   1050       980000
    58  0 1  95.62  9958.00 2   0.0 -36.3     54435000   0   1250      1040400
    59  0 1  94.22  9958.00 2   0.0 -35.6     56455100   0   1150      2020100
    60  0 1  94.57  9961.00 2   0.0 -35.3     57494900   0   1250      1039800
    61  0 1  94.57  9959.50 2   0.0 -35.0     58464500   0   1250       969600
    62  0 1  95.62  9961.00 2   0.0 -34.7     59434600   0   1350       970100
    63  0 1  95.62  9961.00 2   0.0 -34.4     60474300   0   1300      1039700
    64  0 1  95.62  9961.00 2   0.0 -34.1     60474600   0   1100          300
    65  0 1  94.92  9970.00 2   0.0 -33.8     60474750   0   1100          150
    66  0 1  94.57  9968.50 2   0.0 -33.4     61454600   0   1150       979850
    67  0 1  94.22  9970.00 2   0.0 -33.4     62494850   0   1250      1040250
    68  0 1  94.92  9968.50 2   0.0 -32.8     64514400   0   1250      2019550
    69  0 1  95.62  9968.50 2   0.0 -32.5     65554000   0   1200      1039600
    70  0 1  95.27  9970.00 2   0.0 -32.5     66534400   0   1100       980400
    71  0 1  94.92  9970.00 2   0.0 -32.2     67574800   0   1200      1040400
    72  0 1  94.22 10000.00 2   0.0 -31.9     68544750   0   1200       969950
    73  0 1  95.27 10000.00 2   0.0 -31.9     69515100   0   1300       970350
    74  0 1  94.57 10000.00 2   0.0 -31.6     70555250   0   1250      1040150
    75  0 1  95.62 10000.00 2   0.0 -31.6     70554950   0   1300 214748364500
    76  0 1  94.57  9998.50 2   0.0 -31.3     70555050   0   1300          100
    77  0 1  95.27 10000.00 2   0.0 -30.9     72574550   0   1150      2019500
    78  0 1  94.92 10000.00 2   0.0 -30.9     73554250   0   1200       979700
    79  0 1  95.27 10019.50 2   0.0 -30.6     74594300   0   1300      1040050
    80  0 1  94.92 10019.50 2   0.0 -30.6     75634300   0   1150      1040000
    81  0 1  94.22 10021.00 2   0.0 -30.6     76614150   0   1250       979850
    82  0 1  95.62 10018.00 2   0.0 -30.3     77653650   0   1250      1039500
    83  0 1  94.22 10021.00 2   0.0 -30.3     78623300   0   1450       969650
    84  0 1  94.22 10019.50 2   0.0 -30.3     79593050   0   1350       969750
    85  0 1  94.92 10018.00 2   0.0 -30.3     80633200   0   1350      1040150
    86  0 1  95.27 10019.50 2   0.0 -30.0     80632850   0   1250 214748364450
    87  0 1  94.22 10018.00 2   0.0 -30.0     81613200   0   1150       980350
    88  0 1  94.57 10018.00 2   0.0 -30.0     82652750   0   1350      1039550
    89  0 1  95.27 10019.50 2   0.0 -30.0     83632400   0   1400       979650
    90  0 1  94.57 10018.00 2   0.0 -30.0     84672100   0   1050      1039700
    91  0 1  95.27 10021.00 2   0.0 -30.0     85711900   0   1300      1039800
    92  0 1  94.92 10019.50 2   0.0 -30.0     86692250   0   1200       980350
    93  0 1  94.92 10021.00 2   0.0 -30.0     87732250   0   1150      1040000
    94  0 1  95.27  9980.50 2   0.0 -30.0     88702250   0   1150       970000
    95  0 1  95.27  9980.50 2   0.0 -30.3     90712200   0   1500      2009950
    96  0 1  94.92  9979.00 2   0.0 -30.3     90712100   0   1150 214748364700
    97  0 1  94.92  9979.00 2   0.0 -30.3     90711850   0   1150 214748364550
    98  0 1  95.62  9980.50 2   0.0 -30.3     91691850   0   1350       980000
    99  0 1  94.22  9980.50 2   0.0 -30.6     92731950   0   1200      1040100
   100  0 1  94.92  9979.00 2   0.0 -30.6     93711500   0   1100       979550
   101  0 1  95.62 10028.50 2   0.0 -30.6     94751950   0   1200      1040450
   102  0 1  95.27 10030.00 2   0.0 -30.9     95792350   0   1350      1040400
   103  0 1  94.22 10028.50 2   0.0 -30.9     96772500   0   1200       980150
   104  0 1  95.27 10030.00 2   0.0 -31.3     98783100   0   1450      2010600
   105  0 1  94.57 10030.00 2   0.0 -31.6     99752600   0   1350       969500
   106  0 1  94.92 10030.00 2   0.0 -31.6    100792850   0   1100      1040250
   107  0 1  95.27 10030.00 2   0.0 -31.9    100792600   0   1050 214748364550
   108  0 1  94.92  9979.00 2   0.0 -31.9    100793000   0   1500          400
   109  0 1  94.22  9979.00 2   0.0 -32.2    101773300   0   1350       980300
   110  0 1  95.62  9980.50 2   0.0 -32.5    102813650   0   1150      1040350
   111  0 1  94.22  9980.50 2   0.0 -32.5    103793400   0   1500       979750
   112  0 1  95.27  9980.50 2   0.0 -32.8    104833350   0   1050      1039950
   113  0 1  95.27  9979.00 2   0.0 -33.4    106852550   0   1250      2019200
   114  0 1  94.57  9979.00 2   0.0 -33.4    107892100   0   1350      1039550
   115  0 1  95.62  9959.50 2   0.0 -33.8    108862300   0   1200       970200
   116  0 1  94.57  9958.00 2   0.0 -34.1    109831800   0   1150       969500
   117  0 1  94.22  9959.50 2   0.0 -34.4    110871650   0   1450      1039850
   118  0 1  94.57  9958.00 2   0.0 -34.7    110871450   0   1450 214748364600
   119  0 1  94.22  9958.00 2   0.0 -35.0    110871850   0   1250          400
   120  0 1  95.27  9959.50 2   0.0 -35.3    111852250   0   1050       980400
   121  0 1  94.57  9959.50 2   0.0 -35.6    112891850   0   1050      1039600
   122  0 1  95.62  9970.00 2   0.0 -36.3    114912450   0   1300      2020600
   123  0 1  94.92  9970.00 2   0.0 -36.6    115952300   0   1500      1039850
   124  0 1  94.57  9970.00 2   0.0 -36.9    116932050   0   1400       979750
   125  0 1  94.92  9968.50 2   0.0 -37.2    117972100   0   1150      1040050
   126  0 1  95.27  9970.00 2   0.0 -37.5    118942250   0   1450       970150
   127  0 1  95.62  9970.00 2   0.0 -38.1    119911900   0   1300       969650
   128  0 1  94.57  9970.00 2   0.0 -38.4    120952300   0   1050      1040400
   129  0 1  95.27  9970.00 2   0.0 -38.8    120951900   0   1400 214748364400
   130  0 1  95.62 10000.00 2   0.0 -39.1    120951900   0   1050            0
   131  0 1  94.57 10000.00 2   0.0 -40.0    122971400   0   1350      2019500
   132  0 1  94.92  9998.50 2   0.0 -40.3    123951750   0   1400       980350
   133  0 1  95.62  9998.50 2   0.0 -40.9    124991350   0   1050      1039600
   134  0 1  94.57  9998.50 2   0.0 -41.3    126031750   0   1350      1040400
   135  0 1  94.92 10000.00 2   0.0 -41.6    127011750   0   1100       980000
   136  0 1  95.27 10000.00 2   0.0 -42.2    128052150   0   1450      1040400
   137  0 1  94.92 10021.00 2   0.0 -42.5    129021750   0   1250       969600
   138  0 1  95.27 10018.00 2   0.0 -43.1    129991800   0   1350       970050
   139  0 1  94.22 10018.00 2   0.0 -43.4    131031850   0   1050      1040050
   140  0 1  94.92 10021.00 2   0.0 -44.4    131031550   0   1200 214748364500
   141  0 1  94.92 10019.50 2   0.0 -45.0    132011800   0   1150       980250
   142  0 1  94.22 10018.00 2   0.0 -45.6    133051750   0   1250      1039950
   143  0 1  94.22 10019.50 2   0.0 -45.9    134031850   0   1400       980100
   144  0 1  95.62 10018.00 2   0.0 -46.6    135071500   0   1200      1039650
   145  0 1  94.22 10019.50 2   0.0 -46.9    136111400   0   1400      1039900
   146  0 1  94.57 10021.00 2   0.0 -47.5    137091450   0   1450       980050
   147  0 1  94.22 10019.50 2   0.0 -48.1    138131600   0   1300      1040150
   148  0 1  94.57 10019.50 2   0.0 -48.4    139102000   0   1450       970400
   149  0 1  94.92 10018.00 2   0.0 -49.7    141112550   0   1200      2010550
   150  0 1  94.92 10021.00 2   0.0 -50.3    141112900   0   1250          350
   151  0 1  94.57  9979.00 2   0.0 -50.6    141112500   0   1500 214748364400
   152  0 1  94.57  9980.50 2   0.0 -51.3    142092400   0   1100       979900
   153  0 1  94.22  9979.00 2   0.0 -51.9    143132600   0   1400      1040200
   154  0 1  94.92  9979.00 2   0.0 -52.5    144112100   0   1100       979500
   155  0 1  94.92  9979.00 2   0.0 -53.1    145152550   0   1100      1040450
   156  0 1  94.22  9979.00 2   0.0 -53.4    146192300   0   1300      1039750
   157  0 1  94.22  9979.00 2   0.0 -54.1    147172100   0   1300       979800
   158  0 1  94.22 10030.00 2   0.0 -55.3    149182350   0   1200      2010250
   159  0 1  95.27 10028.50 2   0.0 -55.9    150152350   0   1050       970000
   160  0 1  94.57 10030.00 2   0.0 -56.6    151191850   0   1100      1039500
   161  0 1  94.92 10030.00 2   0.0 -57.2    151192300   0   1450          450
   162  0 1  94.92 10028.50 2   0.0 -57.5    151192600   0   1400          300
   163  0 1  95.27 10030.00 2   0.0 -58.1    152172750   0   1150       980150
   164  0 1  94.92 10030.00 2   0.0 -58.8    153212400   0   1500      1039650
   165  0 1  94.92 10028.50 2   0.0 -59.4    154192750   0   1250       980350
   166  0 1  95.27  9979.00 2   0.0 -60.0    155233200   0   1450      1040450
   167  0 1  94.92  9980.50 2   0.0 -61.3    157253650   0   1500      2020450
   168  0 1  95.62  9979.00 2   0.0 -61.9    158293450   0   1150      1039800
   169  0 1  95.62  9980.50 2   0.0 -62.5    159263900   0   1500       970450
   170  0 1  94.92  9979.00 2   0.0 -63.1    160234000   0   1150       970100
   171  0 1  95.27  9980.50 2   0.0 -63.8    161274450   0   1450      1040450
   172  0 1  94.57  9979.00 2   0.0 -64.4    161274350   0   1300 214748364700
   173  0 1  94.92  9958.00 2   0.0 -65.0    161274700   0   1400          350
   174  0 1  95.27  9959.50 2   0.0 -65.6    162254450   0   1050       979750
   175  0 1  95.27  9959.50 2   0.0 -66.3    163294100   0   1400      1039650
   176  0 1  94.57  9958.00 2   0.0 -67.5    165313750   0   1100      2019650
   177  0 1  95.62  9959.50 2   0.0 -68.1    166353500   0   1500      1039750
   178  0 1  94.22  9961.00 2   0.0 -68.8    167333750   0   1150       980250
   179  0 1  94.22  9959.50 2   0.0 -69.4    168373350   0   1300      1039600
