    NO  S V  AOA    FREQ    B  FMOP  AMP      TOA      PMOP  PW         dTOA  
------ -- - ------ -------- - ----- ----- ------------ --- ------ ------------
     0  0 1  95.27  9959.50 2   0.0 -70.0            0   0   1350  42949673000
     1  0 1  95.27  9959.50 2   0.0 -69.4       980150   0   1500       980150
     2  0 1  95.62  9961.00 2   0.0 -68.8      2019750   0   1100      1039600
     3  0 1  94.92  9958.00 2   0.0 -68.1      2999550   0   1450       979800
     4  0 1  94.57  9959.50 2   0.0 -67.5      4039950   0   1100      1040400
     5  0 1  95.62  9959.50 2   0.0 -66.9      5080100   0   1400      1040150
     6  0 1  94.22  9961.00 2   0.0 -66.3      6060550   0   1450       980450
     7  0 1  94.92  9970.00 2   0.0 -65.0      8071200   0   1150      2010650
     8  0 1  94.92  9970.00 2   0.0 -64.4      9041150   0   1350       969950
     9  0 1  94.57  9970.00 2   0.0 -63.8     10080900   0   1300      1039750
    10  0 1  95.62  9968.50 2   0.0 -63.1     10080400   0   1500 214748364300
    11  0 1  95.27  9970.00 2   0.0 -62.5     10080450   0   1050           50
    12  0 1  94.22  9968.50 2   0.0 -61.9     11060850   0   1300       980400
    13  0 1  94.22  9970.00 2   0.0 -61.3     12101300   0   1250      1040450
    14  0 1  94.22  9968.50 2   0.0 -60.6     13081750   0   1450       980450
    15  0 1  94.57 10000.00 2   0.0 -60.0     14122100   0   1300      1040350
    16  0 1  95.62  9998.50 2   0.0 -58.8     16142050   0   1450      2019950
    17  0 1  94.92 10000.00 2   0.0 -58.1     17181700   0   1500      1039650
    18  0 1  94.57 10000.00 2   0.0 -57.5     18151450   0   1050       969750
    19  0 1  94.57 10000.00 2   0.0 -57.2     19121400   0   1350       969950
    20  0 1  94.57  9998.50 2   0.0 -56.6     20161250   0   1050      1039850
    21  0 1  95.62 10000.00 2   0.0 -55.9     20161100   0   1150 214748364650
    22  0 1  94.57 10021.00 2   0.0 -55.3     20160700   0   1150 214748364400
    23  0 1  95.27 10021.00 2   0.0 -54.7     21141100   0   1500       980400
    24  0 1  95.62 10021.00 2   0.0 -54.1     22181500   0   1300      1040400
    25  0 1  94.57 10019.50 2   0.0 -53.1     24201350   0   1300      2019850
    26  0 1  94.57 10021.00 2   0.0 -52.5     25241250   0   1350      1039900
    27  0 1  95.27 10018.00 2   0.0 -51.9     26221650   0   1300       980400
    28  0 1  95.62 10021.00 2   0.0 -51.3     27261550   0   1150      1039900
    29  0 1  94.92 10018.00 2   0.0 -50.6     28231450   0   1150       969900
    30  0 1  95.27 10021.00 2   0.0 -50.3     29201700   0   1300       970250
    31  0 1  94.92 10018.00 2   0.0 -49.7     30241200   0   1500      1039500
    32  0 1  94.92 10019.50 2   0.0 -49.1     30241300   0   1050          100
    33  0 1  95.27 10021.00 2   0.0 -48.4     30241400   0   1200          100
    34  0 1  94.92 10021.00 2   0.0 -47.5     32261300   0   1350      2019900
    35  0 1  95.62 10019.50 2   0.0 -46.9     33241500   0   1200       980200
    36  0 1  94.57  9980.50 2   0.0 -46.6     34281200   0   1250      1039700
    37  0 1  94.22  9979.00 2   0.0 -45.9     35321400   0   1350      1040200
    38  0 1  94.22  9980.50 2   0.0 -45.6     36301000   0   1350       979600
    39  0 1  94.22  9979.00 2   0.0 -45.0     37341350   0   1050      1040350
    40  0 1  95.27  9980.50 2   0.0 -44.4     38310900   0   1150       969550
    41  0 1  94.92  9979.00 2   0.0 -44.1     39280450   0   1150       969550
    42  0 1  95.27  9980.50 2   0.0 -43.4     40319950   0   1100      1039500
    43  0 1  94.92 10028.50 2   0.0 -42.5     40320300   0   1400          350
    44  0 1  94.22 10030.00 2   0.0 -42.2     41299850   0   1050       979550
    45  0 1  95.62 10030.00 2   0.0 -41.6     42339950   0   1200      1040100
    46  0 1  95.62 10030.00 2   0.0 -41.3     43319650   0   1100       979700
    47  0 1  94.22 10028.50 2   0.0 -40.9     44359500   0   1150      1039850
    48  0 1  94.22 10030.00 2   0.0 -40.3     45399950   0   1500      1040450
    49  0 1  94.57 10030.00 2   0.0 -40.0     46379950   0   1250       980000
    50  0 1  94.57 10030.00 2   0.0 -39.7     47419500   0   1200      1039550
    51  0 1  95.27  9979.00 2   0.0 -39.1     48389700   0   1100       970200
    52  0 1  95.62  9979.00 2   0.0 -38.4     50399850   0   1350      2010150
    53  0 1  95.62  9980.50 2   0.0 -38.1     50399700   0   1100 214748364650
    54  0 1  94.22  9979.00 2   0.0 -37.5     50399900   0   1100          200
    55  0 1  94.92  9980.50 2   0.0 -37.2     51379650   0   1100       979750
    56  0 1  95.62  9979.00 2   0.0 -36.9     52419600   0   1200      1039950
    57  0 1  94.57  9980.50 2   0.0 -36.6     53399600   0   1050       980000
    58  0 1  94.57  9958.00 2   0.0 -36.3     54439500   0   1500      1039900
    59  0 1  95.27  9959.50 2   0.0 -35.9     55479100   0   1350      1039600
    60  0 1  94.57  9959.50 2   0.0 -35.6     56459550   0   1150       980450
    61  0 1  95.62  9961.00 2   0.0 -35.0     58469500   0   1250      2009950
    62  0 1  95.62  9961.00 2   0.0 -34.7     59439450   0   1300       969950
    63  0 1  94.22  9961.00 2   0.0 -34.4     60479700   0   1100      1040250
    64  0 1  94.22  9961.00 2   0.0 -34.1     60479550   0   1150 214748364650
    65  0 1  94.22  9970.00 2   0.0 -33.8     60479400   0   1300 214748364650
    66  0 1  95.27  9968.50 2   0.0 -33.4     61459550   0   1400       980150
    67  0 1  95.62  9968.50 2   0.0 -33.4     62499250   0   1300      1039700
    68  0 1  94.22  9970.00 2   0.0 -33.1     63479300   0   1150       980050
    69  0 1  94.92  9968.50 2   0.0 -32.8     64519750   0   1200      1040450
    70  0 1  94.57  9968.50 2   0.0 -32.5     66539650   0   1050      2019900
    71  0 1  94.57  9970.00 2   0.0 -32.2     67580000   0   1350      1040350
    72  0 1  94.57 10000.00 2   0.0 -31.9     68550350   0   1150       970350
    73  0 1  94.22 10000.00 2   0.0 -31.9     69520150   0   1400       969800
    74  0 1  94.92  9998.50 2   0.0 -31.6     70559900   0   1500      1039750
    75  0 1  95.27  9998.50 2   0.0 -31.6     70560050   0   1150          150
    76  0 1  95.27  9998.50 2   0.0 -31.3     70560000   0   1050 214748364750
    77  0 1  94.57 10000.00 2   0.0 -31.3     71539850   0   1400       979850
    78  0 1  94.92 10000.00 2   0.0 -30.9     72579700   0   1400      1039850
    79  0 1  95.27 10021.00 2   0.0 -30.6     74599100   0   1050      2019400
    80  0 1  95.62 10021.00 2   0.0 -30.6     75638950   0   1050      1039850
    81  0 1  95.62 10018.00 2   0.0 -30.6     76618950   0   1500       980000
    82  0 1  95.27 10019.50 2   0.0 -30.3     77659000   0   1100      1040050
    83  0 1  95.27 10018.00 2   0.0 -30.3     78628500   0   1350       969500
    84  0 1  94.92 10021.00 2   0.0 -30.3     79598950   0   1150       970450
    85  0 1  94.57 10021.00 2   0.0 -30.3     80638900   0   1450      1039950
    86  0 1  95.27 10019.50 2   0.0 -30.0     80638600   0   1400 214748364500
    87  0 1  95.27 10021.00 2   0.0 -30.0     80638150   0   1050 214748364350
    88  0 1  94.57 10018.00 2   0.0 -30.0     82658350   0   1350      2020200
    89  0 1  94.57 10021.00 2   0.0 -30.0     83638800   0   1400       980450
    90  0 1  95.62 10019.50 2   0.0 -30.0     84679150   0   1250      1040350
    91  0 1  94.57 10018.00 2   0.0 -30.0     85718800   0   1100      1039650
    92  0 1  94.22 10021.00 2   0.0 -30.0     86699050   0   1100       980250
    93  0 1  94.57 10021.00 2   0.0 -30.0     87738600   0   1100      1039550
    94  0 1  94.22  9979.00 2   0.0 -30.0     88708500   0   1450       969900
    95  0 1  94.57  9980.50 2   0.0 -30.0     89678000   0   1200       969500
    96  0 1  95.27  9980.50 2   0.0 -30.3     90718050   0   1200      1040050
    97  0 1  95.27  9979.00 2   0.0 -30.3     90718950   0   1100          900
    98  0 1  95.27  9979.00 2   0.0 -30.3     91698750   0   1450       979800
    99  0 1  94.57  9979.00 2   0.0 -30.6     92738250   0   1350      1039500
   100  0 1  95.62  9979.00 2   0.0 -30.6     93718250   0   1050       980000
   101  0 1  94.57 10030.00 2   0.0 -30.6     94758150   0   1450      1039900
   102  0 1  95.62 10030.00 2   0.0 -30.9     95797900   0   1100      1039750
   103  0 1  94.22 10030.00 2   0.0 -30.9     96778350   0   1200       980450
   104  0 1  95.27 10030.00 2   0.0 -31.3     97818000   0   1350      1039650
   105  0 1  94.57 10028.50 2   0.0 -31.3     98788100   0   1100       970100
   106  0 1  95.62 10028.50 2   0.0 -31.6    100798100   0   1450      2010000
   107  0 1  94.22 10030.00 2   0.0 -31.9    100798000   0   1250 214748364700
   108  0 1  95.62  9979.00 2   0.0 -31.9    100798050   0   1300           50
   109  0 1  95.62  9979.00 2   0.0 -32.2    101778400   0   1450       980350
   110  0 1  94.57  9979.00 2   0.0 -32.5    102818650   0   1100      1040250
   111  0 1  94.57  9980.50 2   0.0 -32.5    103798400   0   1150       979750
   112  0 1  94.22  9980.50 2   0.0 -32.8    104838400   0   1050      1040000
   113  0 1  95.62  9979.00 2   0.0 -33.1    105878850   0   1200      1040450
   114  0 1  94.92  9979.00 2   0.0 -33.4    106859050   0   1150       980200
   115  0 1  94.57  9959.50 2   0.0 -33.8    108869150   0   1100      2010100
   116  0 1  95.27  9961.00 2   0.0 -34.1    109839400   0   1400       970250
   117  0 1  95.27  9958.00 2   0.0 -34.4    110879850   0   1200      1040450
   118  0 1  94.22  9961.00 2   0.0 -34.7    110879950   0   1450          100
   119  0 1  94.22  9961.00 2   0.0 -35.0    110879750   0   1100 214748364600
   120  0 1  95.27  9958.00 2   0.0 -35.3    111860150   0   1450       980400
   121  0 1  94.57  9961.00 2   0.0 -35.6    112899800   0   1250      1039650
   122  0 1  94.92  9958.00 2   0.0 -35.9    113880050   0   1050       980250
   123  0 1  95.62  9968.50 2   0.0 -36.3    114920000   0   1350      1039950
   124  0 1  94.22  9968.50 2   0.0 -36.9    116940150   0   1450      2020150
   125  0 1  94.22  9970.00 2   0.0 -37.2    117979800   0   1150      1039650
   126  0 1  94.92  9968.50 2   0.0 -37.5    118949900   0   1100       970100
   127  0 1  94.92  9968.50 2   0.0 -38.1    119919400   0   1150       969500
   128  0 1  95.62  9968.50 2   0.0 -38.4    120959100   0   1250      1039700
   129  0 1  95.27  9970.00 2   0.0 -38.8    120959400   0   1400          300
   130  0 1  94.57  9998.50 2   0.0 -39.1    120959350   0   1200 214748364750
   131  0 1  95.27 10000.00 2   0.0 -39.7    121939450   0   1300       980100
   132  0 1  94.22 10000.00 2   0.0 -40.0    122979250   0   1450      1039800
   133  0 1  94.22 10000.00 2   0.0 -40.9    124999400   0   1200      2020150
   134  0 1  94.92 10000.00 2   0.0 -41.3    126039500   0   1050      1040100
   135  0 1  94.22  9998.50 2   0.0 -41.6    127019000   0   1300       979500
   136  0 1  95.27  9998.50 2   0.0 -42.2    128059150   0   1500      1040150
   137  0 1  95.27 10019.50 2   0.0 -42.5    129029150   0   1100       970000
   138  0 1  94.22 10018.00 2   0.0 -43.1    129999400   0   1500       970250
   139  0 1  94.22 10019.50 2   0.0 -43.4    131039600   0   1350      1040200
   140  0 1  94.57 10018.00 2   0.0 -44.1    131039700   0   1050          100
   141  0 1  94.22 10019.50 2   0.0 -44.4    131039850   0   1100          150
   142  0 1  95.62 10021.00 2   0.0 -45.6    133060600   0   1500      2020750
   143  0 1  95.62 10019.50 2   0.0 -45.9    134041050   0   1200       980450
   144  0 1  94.92 10018.00 2   0.0 -46.6    135080650   0   1200      1039600
   145  0 1  95.62 10021.00 2   0.0 -46.9    136120800   0   1150      1040150
   146  0 1  94.92 10019.50 2   0.0 -47.5    137100350   0   1100       979550
   147  0 1  95.62 10019.50 2   0.0 -48.1    138139900   0   1450      1039550
   148  0 1  94.92 10021.00 2   0.0 -48.4    139109650   0   1500       969750
   149  0 1  94.57 10021.00 2   0.0 -49.1    140080050   0   1500       970400
   150  0 1  94.22 10018.00 2   0.0 -49.7    141119550   0   1350      1039500
   151  0 1  95.62  9979.00 2   0.0 -50.6    141119650   0   1300          100
   152  0 1  94.22  9980.50 2   0.0 -51.3    142099650   0   1100       980000
   153  0 1  95.62  9980.50 2   0.0 -51.9    143139550   0   1050      1039900
   154  0 1  94.57  9979.00 2   0.0 -52.5    144119250   0   1250       979700
   155  0 1  94.22  9980.50 2   0.0 -53.1    145158850   0   1350      1039600
   156  0 1  95.62  9979.00 2   0.0 -53.4    146198850   0   1350      1040000
   157  0 1  94.57  9980.50 2   0.0 -54.1    147178950   0   1350       980100
   158  0 1  94.57  9980.50 2   0.0 -54.7    148219150   0   1350      1040200
   159  0 1  94.92 10028.50 2   0.0 -55.3    149189150   0   1200       970000
   160  0 1  95.62 10030.00 2   0.0 -56.6    151198550   0   1050      2009400
   161  0 1  94.92 10030.00 2   0.0 -57.2    151199000   0   1400          450
   162  0 1  94.22 10030.00 2   0.0 -57.5    151198750   0   1050 214748364550
   163  0 1  95.27 10028.50 2   0.0 -58.1    152178950   0   1350       980200
   164  0 1  94.92 10030.00 2   0.0 -58.8    153219050   0   1150      1040100
   165  0 1  95.62 10030.00 2   0.0 -59.4    154199500   0   1050       980450
   166  0 1  94.92  9980.50 2   0.0 -60.0    155239350   0   1500      1039850
   167  0 1  94.92  9979.00 2   0.0 -60.6    156279800   0   1400      1040450
   168  0 1  95.27  9980.50 2   0.0 -61.3    157259750   0   1500       979950
   169  0 1  94.22  9980.50 2   0.0 -62.5    159269800   0   1050      2010050
   170  0 1  94.57  9979.00 2   0.0 -63.1    160239550   0   1250       969750
   171  0 1  95.62  9980.50 2   0.0 -63.8    161279200   0   1400      1039650
   172  0 1  94.22  9979.00 2   0.0 -64.4    161278950   0   1250 214748364550
   173  0 1  94.22  9961.00 2   0.0 -65.0    161278750   0   1350 214748364600
   174  0 1  94.22  9959.50 2   0.0 -65.6    162258650   0   1200       979900
   175  0 1  95.27  9961.00 2   0.0 -66.3    163298950   0   1150      1040300
   176  0 1  94.92  9961.00 2   0.0 -66.9    164279250   0   1100       980300
   177  0 1  94.57  9958.00 2   0.0 -67.5    165318750   0   1150      1039500
   178  0 1  94.57  9961.00 2   0.0 -68.8    167338800   0   1150      2020050
   179  0 1  94.92  9961.00 2   0.0 -69.4    168378650   0   1450      1039850
