    NO  S V  AOA    FREQ    B  FMOP  AMP      TOA      PMOP  PW         dTOA  
------ -- - ------ -------- - ----- ----- ------------ --- ------ ------------
     0  0 1  95.62  9959.50 2   0.0 -70.0            0   0   1100  42949673000
     1  0 1  95.62  9958.00 2   0.0 -69.4       980000   0   1200       980000
     2  0 1  94.92  9961.00 2   0.0 -68.8      2019750   0   1250      1039750
     3  0 1  95.62  9959.50 2   0.0 -68.1      2999450   0   1150       979700
     4  0 1  95.62  9961.00 2   0.0 -67.5      4039600   0   1100      1040150
     5  0 1  95.27  9958.00 2   0.0 -66.3      6059500   0   1250      2019900
     6  0 1  95.62  9959.50 2   0.0 -65.6      7099350   0   1100      1039850
     7  0 1  94.57  9970.00 2   0.0 -65.0      8069600   0   1350       970250
     8  0 1  94.92  9968.50 2   0.0 -64.4      9039350   0   1100       969750
     9  0 1  95.27  9970.00 2   0.0 -63.8     10079350   0   1100      1040000
    10  0 1  95.27  9970.00 2   0.0 -63.1     10079800   0   1050          450
    11  0 1  94.92  9970.00 2   0.0 -62.5     10079550   0   1200 214748364550
    12  0 1  94.57  9968.50 2   0.0 -61.9     11059400   0   1150       979850
    13  0 1  94.57  9968.50 2   0.0 -61.3     12099700   0   1050      1040300
    14  0 1  94.22 10000.00 2   0.0 -60.0     14120050   0   1050      2020350
    15  0 1  94.92 10000.00 2   0.0 -59.4     15160150   0   1050      1040100
    16  0 1  95.27 10000.00 2   0.0 -58.8     16140150   0   1450       980000
    17  0 1  94.22 10000.00 2   0.0 -58.1     17179950   0   1450      1039800
    18  0 1  95.62  9998.50 2   0.0 -57.5     18150200   0   1100       970250
    19  0 1  95.27 10000.00 2   0.0 -57.2     19120300   0   1200       970100
    20  0 1  95.27  9998.50 2   0.0 -56.6     20160350   0   1100      1040050
    21  0 1  95.62 10000.00 2   0.0 -55.9     20160800   0   1050          450
    22  0 1  94.22 10021.00 2   0.0 -55.3     20160300   0   1150 214748364300
    23  0 1  94.57 10018.00 2   0.0 -54.1     22180450   0   1100      2020150
    24  0 1  94.92 10019.50 2   0.0 -53.4     23160250   0   1100       979800
    25  0 1  95.62 10021.00 2   0.0 -53.1     24200250   0   1050      1040000
    26  0 1  94.22 10018.00 2   0.0 -52.5     25240550   0   1400      1040300
    27  0 1  94.57 10021.00 2   0.0 -51.9     26220800   0   1200       980250
    28  0 1  95.27 10018.00 2   0.0 -51.3     27260650   0   1400      1039850
    29  0 1  94.92 10018.00 2   0.0 -50.6     28230300   0   1050       969650
    30  0 1  94.22 10021.00 2   0.0 -50.3     29200250   0   1150       969950
    31  0 1  94.57 10018.00 2   0.0 -49.7     30240650   0   1350      1040400
    32  0 1  94.22 10018.00 2   0.0 -48.4     30240150   0   1250 214748364300
    33  0 1  94.57 10018.00 2   0.0 -48.1     31219750   0   1100       979600
    34  0 1  95.27 10018.00 2   0.0 -47.5     32259900   0   1500      1040150
    35  0 1  95.27 10019.50 2   0.0 -46.9     33240350   0   1250       980450
    36  0 1  94.92  9979.00 2   0.0 -46.6     34280450   0   1100      1040100
    37  0 1  95.27  9980.50 2   0.0 -45.9     35320150   0   1400      1039700
    38  0 1  95.62  9980.50 2   0.0 -45.6     36299750   0   1050       979600
    39  0 1  95.27  9979.00 2   0.0 -45.0     37339900   0   1250      1040150
    40  0 1  94.22  9979.00 2   0.0 -44.4     38310100   0   1100       970200
    41  0 1  95.27  9980.50 2   0.0 -43.4     40320450   0   1100      2010350
    42  0 1  94.92  9980.50 2   0.0 -43.1     40320400   0   1400 214748364750
    43  0 1  95.62 10030.00 2   0.0 -42.5     40320050   0   1450 214748364450
    44  0 1  95.62 10030.00 2   0.0 -42.2     41300450   0   1400       980400
    45  0 1  94.22 10030.00 2   0.0 -41.6     42340800   0   1050      1040350
    46  0 1  94.92 10028.50 2   0.0 -41.3     43321250   0   1300       980450
    47  0 1  95.62 10030.00 2   0.0 -40.9     44361500   0   1450      1040250
    48  0 1  94.92 10030.00 2   0.0 -40.3     45401950   0   1350      1040450
    49  0 1  95.27 10028.50 2   0.0 -40.0     46382200   0   1200       980250
    50  0 1  94.92  9979.00 2   0.0 -39.1     48392100   0   1050      2009900
    51  0 1  94.57  9979.00 2   0.0 -38.8     49361700   0   1250       969600
    52  0 1  95.27  9979.00 2   0.0 -38.4     50402050   0   1250      1040350
    53  0 1  94.57  9980.50 2   0.0 -38.1     50402500   0   1050          450
    54  0 1  94.92  9980.50 2   0.0 -37.5     50402850   0   1400          350
    55  0 1  95.27  9979.00 2   0.0 -37.2     51383050   0   1350       980200
    56  0 1  94.92  9979.00 2   0.0 -36.9     52422600   0   1350      1039550
    57  0 1  94.22  9979.00 2   0.0 -36.6     53402550   0   1500       979950
    58  0 1  94.92  9961.00 2   0.0 -36.3     54442750   0   1100      1040200
    59  0 1  94.22  9961.00 2   0.0 -35.6     56462000   0   1100      2019250
    60  0 1  95.27  9961.00 2   0.0 -35.3     57502050   0   1300      1040050
    61  0 1  95.27  9958.00 2   0.0 -35.0     58471650   0   1450       969600
    62  0 1  95.27  9961.00 2   0.0 -34.7     59441750   0   1350       970100
    63  0 1  94.92  9961.00 2   0.0 -34.4     60481400   0   1400      1039650
    64  0 1  94.22  9958.00 2   0.0 -34.1     60481150   0   1300 214748364550
    65  0 1  95.27  9970.00 2   0.0 -33.8     60481550   0   1400          400
    66  0 1  95.27  9970.00 2   0.0 -33.4     61461400   0   1150       979850
    67  0 1  94.22  9968.50 2   0.0 -33.4     62501050   0   1200      1039650
    68  0 1  94.57  9970.00 2   0.0 -32.8     64520050   0   1200      2019000
    69  0 1  95.62  9970.00 2   0.0 -32.5     65559550   0   1500      1039500
    70  0 1  94.22  9970.00 2   0.0 -32.5     66539500   0   1100       979950
    71  0 1  94.22  9970.00 2   0.0 -32.2     67579650   0   1350      1040150
    72  0 1  94.92 10000.00 2   0.0 -31.9     68549150   0   1400       969500
    73  0 1  95.62 10000.00 2   0.0 -31.9     69519450   0   1100       970300
    74  0 1  94.57 10000.00 2   0.0 -31.6     70559250   0   1450      1039800
    75  0 1  95.27  9998.50 2   0.0 -31.6     70559450   0   1150          200
    76  0 1  95.62  9998.50 2   0.0 -31.3     70559350   0   1250 214748364700
    77  0 1  94.57 10000.00 2   0.0 -30.9     72579500   0   1300      2020150
    78  0 1  94.92  9998.50 2   0.0 -30.9     73559150   0   1350       979650
    79  0 1  94.57 10018.00 2   0.0 -30.6     74599050   0   1350      1039900
    80  0 1  95.62 10018.00 2   0.0 -30.6     75638550   0   1200      1039500
    81  0 1  95.27 10019.50 2   0.0 -30.6     76618850   0   1250       980300
    82  0 1  94.22 10018.00 2   0.0 -30.3     77659200   0   1500      1040350
    83  0 1  94.22 10018.00 2   0.0 -30.3     78629400   0   1400       970200
    84  0 1  95.62 10019.50 2   0.0 -30.3     79599000   0   1200       969600
    85  0 1  94.57 10019.50 2   0.0 -30.3     80638900   0   1350      1039900
    86  0 1  95.27 10021.00 2   0.0 -30.0     80638650   0   1300 214748364550
    87  0 1  95.27 10018.00 2   0.0 -30.0     81618900   0   1350       980250
    88  0 1  95.27 10018.00 2   0.0 -30.0     82659350   0   1350      1040450
    89  0 1  94.22 10019.50 2   0.0 -30.0     83639250   0   1200       979900
    90  0 1  94.22 10018.00 2   0.0 -30.0     84679400   0   1250      1040150
    91  0 1  95.27 10018.00 2   0.0 -30.0     85719450   0   1200      1040050
    92  0 1  95.27 10021.00 2   0.0 -30.0     86699000   0   1200       979550
    93  0 1  95.62 10021.00 2   0.0 -30.0     87738700   0   1250      1039700
    94  0 1  95.62  9979.00 2   0.0 -30.0     88708450   0   1400       969750
    95  0 1  94.92  9979.00 2   0.0 -30.3     90718100   0   1300      2009650
    96  0 1  95.62  9979.00 2   0.0 -30.3     90718200   0   1150          100
    97  0 1  94.92  9979.00 2   0.0 -30.3     90718650   0   1150          450
    98  0 1  95.62  9979.00 2   0.0 -30.3     91699100   0   1500       980450
    99  0 1  94.57  9979.00 2   0.0 -30.6     92738750   0   1250      1039650
   100  0 1  94.57  9979.00 2   0.0 -30.6     93718400   0   1100       979650
   101  0 1  94.92 10030.00 2   0.0 -30.6     94758450   0   1300      1040050
   102  0 1  94.57 10030.00 2   0.0 -30.9     95798150   0   1050      1039700
   103  0 1  94.22 10030.00 2   0.0 -30.9     96778200   0   1100       980050
   104  0 1  94.92 10030.00 2   0.0 -31.3     98788000   0   1300      2009800
   105  0 1  94.92 10030.00 2   0.0 -31.6     99757550   0   1100       969550
   106  0 1  95.27 10030.00 2   0.0 -31.6    100797850   0   1200      1040300
   107  0 1  94.92 10028.50 2   0.0 -31.9    100798150   0   1150          300
   108  0 1  94.22  9980.50 2   0.0 -31.9    100798350   0   1150          200
   109  0 1  94.22  9980.50 2   0.0 -32.2    101778200   0   1050       979850
   110  0 1  94.22  9979.00 2   0.0 -32.5    102817750   0   1150      1039550
   111  0 1  94.22  9979.00 2   0.0 -32.5    103798200   0   1150       980450
   112  0 1  95.62  9979.00 2   0.0 -32.8    104838450   0   1250      1040250
   113  0 1  94.22  9979.00 2   0.0 -33.4    106858750   0   1300      2020300
   114  0 1  94.22  9979.00 2   0.0 -33.4    107898700   0   1450      1039950
   115  0 1  94.92  9959.50 2   0.0 -33.8    108868550   0   1500       969850
   116  0 1  94.92  9959.50 2   0.0 -34.1    109838300   0   1200       969750
   117  0 1  95.27  9959.50 2   0.0 -34.4    110877950   0   1350      1039650
   118  0 1  94.57  9959.50 2   0.0 -34.7    110877750   0   1500 214748364600
   119  0 1  94.22  9958.00 2   0.0 -35.0    110877350   0   1200 214748364400
   120  0 1  94.92  9958.00 2   0.0 -35.3    111857200   0   1300       979850
   121  0 1  95.27  9958.00 2   0.0 -35.6    112896950   0   1050      1039750
   122  0 1  95.62  9968.50 2   0.0 -36.3    114917600   0   1500      2020650
   123  0 1  95.27  9970.00 2   0.0 -36.6    115957950   0   1200      1040350
   124  0 1  95.27  9970.00 2   0.0 -36.9    116938050   0   1050       980100
   125  0 1  95.62  9970.00 2   0.0 -37.2    117978050   0   1450      1040000
   126  0 1  95.62  9970.00 2   0.0 -37.5    118947700   0   1350       969650
   127  0 1  95.27  9968.50 2   0.0 -38.1    119917500   0   1350       969800
   128  0 1  95.62  9968.50 2   0.0 -38.4    120957050   0   1250      1039550
   129  0 1  95.62  9970.00 2   0.0 -38.8    120957250   0   1050          200
   130  0 1  94.22 10000.00 2   0.0 -39.1    120957050   0   1500 214748364600
   131  0 1  94.92 10000.00 2   0.0 -40.0    122976950   0   1450      2019900
   132  0 1  95.27 10000.00 2   0.0 -40.3    123956550   0   1050       979600
   133  0 1  94.92 10000.00 2   0.0 -40.9    124996100   0   1400      1039550
   134  0 1  94.92  9998.50 2   0.0 -41.3    126036350   0   1250      1040250
   135  0 1  94.57 10000.00 2   0.0 -41.6    127016550   0   1500       980200
   136  0 1  94.57 10000.00 2   0.0 -42.2    128056550   0   1050      1040000
   137  0 1  95.27 10019.50 2   0.0 -42.5    129026700   0   1050       970150
   138  0 1  94.57 10021.00 2   0.0 -43.1    129997150   0   1050       970450
   139  0 1  95.62 10018.00 2   0.0 -43.4    131037600   0   1500      1040450
   140  0 1  95.27 10021.00 2   0.0 -44.4    131037050   0   1250 214748364250
   141  0 1  94.22 10021.00 2   0.0 -45.0    132017350   0   1300       980300
   142  0 1  94.57 10019.50 2   0.0 -45.6    133057750   0   1050      1040400
   143  0 1  94.57 10021.00 2   0.0 -45.9    134037800   0   1350       980050
   144  0 1  94.92 10021.00 2   0.0 -46.6    135078150   0   1400      1040350
   145  0 1  95.62 10021.00 2   0.0 -46.9    136117850   0   1200      1039700
   146  0 1  95.27 10021.00 2   0.0 -47.5    137097900   0   1150       980050
   147  0 1  94.22 10021.00 2   0.0 -48.1    138137850   0   1150      1039950
   148  0 1  95.27 10018.00 2   0.0 -48.4    139107950   0   1200       970100
   149  0 1  95.27 10019.50 2   0.0 -49.7    141117200   0   1250      2009250
   150  0 1  94.92 10021.00 2   0.0 -50.3    141117300   0   1050          100
   151  0 1  94.22  9979.00 2   0.0 -50.6    141117750   0   1050          450
   152  0 1  94.92  9980.50 2   0.0 -51.3    142097850   0   1200       980100
   153  0 1  94.22  9979.00 2   0.0 -51.9    143138150   0   1050      1040300
   154  0 1  95.27  9980.50 2   0.0 -52.5    144118450   0   1150       980300
   155  0 1  94.57  9979.00 2   0.0 -53.1    145158750   0   1250      1040300
   156  0 1  95.27  9979.00 2   0.0 -53.4    146198750   0   1450      1040000
   157  0 1  95.62  9979.00 2   0.0 -54.1    147178900   0   1450       980150
   158  0 1  95.62 10030.00 2   0.0 -55.3    149188750   0   1150      2009850
   159  0 1  94.92 10028.50 2   0.0 -55.9    150158350   0   1150       969600
   160  0 1  94.92 10030.00 2   0.0 -56.6    151198100   0   1450      1039750
   161  0 1  94.57 10030.00 2   0.0 -57.2    151198000   0   1350 214748364700
   162  0 1  95.62 10030.00 2   0.0 -57.5    151198000   0   1100            0
   163  0 1  95.27 10030.00 2   0.0 -58.1    152178250   0   1450       980250
   164  0 1  94.57 10028.50 2   0.0 -58.8    153218200   0   1450      1039950
   165  0 1  94.22 10028.50 2   0.0 -59.4    154197750   0   1450       979550
   166  0 1  94.57  9979.00 2   0.0 -60.0    155238100   0   1450      1040350
   167  0 1  94.57  9979.00 2   0.0 -61.3    157257750   0   1100      2019650
   168  0 1  94.22  9980.50 2   0.0 -61.9    158297850   0   1500      1040100
   169  0 1  95.27  9980.50 2   0.0 -62.5    159267800   0   1050       969950
   170  0 1  94.57  9980.50 2   0.0 -63.1    160237850   0   1200       970050
   171  0 1  94.57  9980.50 2   0.0 -63.8    161278150   0   1450      1040300
   172  0 1  94.22  9980.50 2   0.0 -64.4    161278500   0   1250          350
   173  0 1  94.22  9961.00 2   0.0 -65.0    161278600   0   1200          100
   174  0 1  95.27  9959.50 2   0.0 -65.6    162258100   0   1500       979500
   175  0 1  94.57  9961.00 2   0.0 -66.3    163298250   0   1250      1040150
   176  0 1  94.92  9958.00 2   0.0 -67.5    165318250   0   1350      2020000
   177  0 1  94.57  9959.50 2   0.0 -68.1    166358000   0   1150      1039750
   178  0 1  94.22  9959.50 2   0.0 -68.8    167337650   0   1450       979650
   179  0 1  95.27  9958.00 2   0.0 -69.4    168377850   0   1500      1040200
