    NO  S V  AOA    FREQ    B  FMOP  AMP      TOA      PMOP  PW         dTOA  
------ -- - ------ -------- - ----- ----- ------------ --- ------ ------------
     0  0 1  95.27 10012.00 2   0.0 -70.0            0   0   1550  42949673000
     1  0 1  95.27 10012.00 2   0.0 -67.5      1004400   0   1550      1004400
     2  0 1  95.27 10010.50 2   0.0 -65.0      2058550   0   1300      1054150
     3  0 1  95.27 10012.00 2   0.0 -62.5      2987100   0   1300       928550
     4  0 1  95.62 10012.00 2   0.0 -57.5      4952800   0   1600      1965700
     5  0 1  94.22 10012.00 2   0.0 -55.3      5943150   0   1300       990350
     6  0 1  94.22 10010.50 2   0.0 -53.1      6958700   0   1500      1015550
     7  0 1  95.27 10012.00 2   0.0 -50.6      8017700   0   1600      1059000
     8  0 1  94.22 10010.50 2   0.0 -48.4      9051900   0   1500      1034200
     9  0 1  95.62 10010.50 2   0.0 -46.6     10012550   0   1350       960650
    10  0 1  94.22 10010.50 2   0.0 -44.4     11080350   0   1550      1067800
    11  0 1  94.92 10012.00 2   0.0 -42.5     12050550   0   1250       970200
    12  0 1  95.62 10012.00 2   0.0 -40.9     13086100   0   1600      1035550
    13  0 1  94.22 10012.00 2   0.0 -37.5     15161200   0   1150      2075100
    14  0 1  95.62 10012.00 2   0.0 -36.3     16183050   0   1250      1021850
    15  0 1  94.57 10012.00 2   0.0 -35.0     17156100   0   1600       973050
    16  0 1  94.92 10010.50 2   0.0 -33.8     18214200   0   1250      1058100
    17  0 1  94.92 10012.00 2   0.0 -32.8     19129100   0   1200       914900
    18  0 1  94.92 10010.50 2   0.0 -31.9     20135800   0   1600      1006700
    19  0 1  95.62 10012.00 2   0.0 -31.3     21229950   0   1450      1094150
    20  0 1  95.27 10012.00 2   0.0 -30.6     22322800   0   1150      1092850
    21  0 1  94.57 10012.00 2   0.0 -30.3     23238100   0   1250       915300
    22  0 1  95.62 10010.50 2   0.0 -30.0     25318650   0   1550      2080550
    23  0 1  94.92 10010.50 2   0.0 -30.0     26299150   0   1250       980500
    24  0 1  95.62 10012.00 2   0.0 -30.3     27259700   0   1300       960550
    25  0 1  95.27 10010.50 2   0.0 -30.6     28267650   0   1400      1007950
    26  0 1  95.62 10012.00 2   0.0 -31.3     29234400   0   1300       966750
    27  0 1  94.22 10012.00 2   0.0 -31.9     30201600   0   1250       967200
    28  0 1  95.62 10012.00 2   0.0 -32.8     31129850   0   1550       928250
    29  0 1  94.57 10012.00 2   0.0 -33.8     32080100   0   1400       950250
    30  0 1  94.57 10012.00 2   0.0 -35.0     33128400   0   1350      1048300
    31  0 1  95.62 10012.00 2   0.0 -37.5     35075100   0   1550      1946700
    32  0 1  95.27 10012.00 2   0.0 -39.1     36111050   0   1150      1035950
    33  0 1  95.62 10012.00 2   0.0 -40.9     37032500   0   1350       921450
    34  0 1  95.27 10010.50 2   0.0 -42.5     37947100   0   1150       914600
    35  0 1  94.22 10010.50 2   0.0 -44.4     38869400   0   1300       922300
    36  0 1  95.62 10012.00 2   0.0 -46.6     39860450   0   1150       991050
    37  0 1  94.22 10010.50 2   0.0 -48.4     40860050   0   1600       999600
    38  0 1  94.22 10012.00 2   0.0 -50.6     41777100   0   1400       917050
    39  0 1  94.92 10012.00 2   0.0 -53.1     42851950   0   1200      1074850
    40  0 1  95.27 10012.00 2   0.0 -57.5     44694200   0   1600      1842250
    41  0 1  95.27 10010.50 2   0.0 -60.0     45662500   0   1550       968300
    42  0 1  94.57 10010.50 2   0.0 -62.5     46635600   0   1150       973100
    43  0 1  95.27 10012.00 2   0.0 -65.0     47651050   0   1250      1015450
    44  0 1  94.22 10010.50 2   0.0 -67.5     48695050   0   1300      1044000
