    NO  S V  AOA    FREQ    B  FMOP  AMP      TOA      PMOP  PW         dTOA  
------ -- - ------ -------- - ----- ----- ------------ --- ------ ------------
     0  0 1  95.27 10010.50 2   0.0 -70.0            0   0   1550  42949673000
     1  0 1  94.92 10012.00 2   0.0 -67.5      1031450   0   1300      1031450
     2  0 1  95.27 10012.00 2   0.0 -65.0      2005000   0   1400       973550
     3  0 1  94.22 10012.00 2   0.0 -62.5      3005200   0   1550      1000200
     4  0 1  94.22 10012.00 2   0.0 -60.0      4028650   0   1250      1023450
     5  0 1  95.27 10012.00 2   0.0 -57.5      4983350   0   1450       954700
     6  0 1  94.92 10012.00 2   0.0 -55.3      5902750   0   1150       919400
     7  0 1  95.62 10012.00 2   0.0 -53.1      6901650   0   1600       998900
     8  0 1  94.92 10012.00 2   0.0 -50.6      7941550   0   1350      1039900
     9  0 1  95.62 10012.00 2   0.0 -46.6      9930750   0   1550      1989200
    10  0 1  94.57 10012.00 2   0.0 -44.4     10961050   0   1300      1030300
    11  0 1  94.92 10012.00 2   0.0 -42.5     11911650   0   1150       950600
    12  0 1  95.27 10012.00 2   0.0 -40.9     12887300   0   1500       975650
    13  0 1  95.27 10012.00 2   0.0 -39.1     13944100   0   1200      1056800
    14  0 1  94.57 10010.50 2   0.0 -37.5     14916300   0   1150       972200
    15  0 1  94.57 10012.00 2   0.0 -36.3     15877250   0   1300       960950
    16  0 1  95.27 10012.00 2   0.0 -35.0     16818400   0   1200       941150
    17  0 1  95.27 10012.00 2   0.0 -33.8     17915850   0   1300      1097450
    18  0 1  95.27 10012.00 2   0.0 -31.9     19821050   0   1300      1905200
    19  0 1  94.92 10012.00 2   0.0 -31.3     20866250   0   1400      1045200
    20  0 1  94.22 10012.00 2   0.0 -30.6     21884900   0   1300      1018650
    21  0 1  95.62 10012.00 2   0.0 -30.3     22830600   0   1450       945700
    22  0 1  94.57 10010.50 2   0.0 -30.0     23927400   0   1450      1096800
    23  0 1  95.27 10012.00 2   0.0 -30.0     24892150   0   1500       964750
    24  0 1  94.57 10012.00 2   0.0 -30.0     25909750   0   1300      1017600
    25  0 1  95.62 10010.50 2   0.0 -30.3     26902400   0   1200       992650
    26  0 1  94.57 10012.00 2   0.0 -30.6     27971500   0   1200      1069100
    27  0 1  94.57 10010.50 2   0.0 -31.9     29826400   0   1350      1854900
    28  0 1  95.62 10012.00 2   0.0 -32.8     30887050   0   1550      1060650
    29  0 1  95.62 10010.50 2   0.0 -33.8     31793200   0   1350       906150
    30  0 1  94.92 10012.00 2   0.0 -35.0     32854250   0   1500      1061050
    31  0 1  95.62 10012.00 2   0.0 -36.3     33892850   0   1300      1038600
    32  0 1  95.27 10012.00 2   0.0 -37.5     34841500   0   1200       948650
    33  0 1  94.57 10012.00 2   0.0 -39.1     35912400   0   1250      1070900
    34  0 1  94.92 10012.00 2   0.0 -40.9     36910350   0   1450       997950
    35  0 1  94.57 10012.00 2   0.0 -42.5     37853250   0   1400       942900
    36  0 1  94.22 10012.00 2   0.0 -46.6     39929850   0   1450      2076600
    37  0 1  95.62 10010.50 2   0.0 -48.4     41014000   0   1550      1084150
    38  0 1  94.57 10012.00 2   0.0 -50.6     42010950   0   1350       996950
    39  0 1  95.62 10012.00 2   0.0 -53.1     43009150   0   1300       998200
    40  0 1  95.62 10012.00 2   0.0 -55.3     44054100   0   1400      1044950
    41  0 1  95.62 10012.00 2   0.0 -57.5     45120000   0   1500      1065900
    42  0 1  94.57 10012.00 2   0.0 -60.0     46215600   0   1250      1095600
    43  0 1  94.57 10012.00 2   0.0 -62.5     47126500   0   1200       910900
    44  0 1  95.27 10012.00 2   0.0 -65.0     48200400   0   1200      1073900
