    NO  S V  AOA    FREQ    B  FMOP  AMP      TOA      PMOP  PW         dTOA  
------ -- - ------ -------- - ----- ----- ------------ --- ------ ------------
     0  0 1  95.62 10010.50 2   0.0 -67.5      1095450   0   1500  42950768450
     1  0 1  95.27 10010.50 2   0.0 -65.0      2181750   0   1400      1086300
     2  0 1  95.27 10012.00 2   0.0 -62.5      3231250   0   1550      1049500
     3  0 1  95.27 10012.00 2   0.0 -60.0      4169700   0   1150       938450
     4  0 1  94.22 10010.50 2   0.0 -57.5      5178800   0   1500      1009100
     5  0 1  94.22 10012.00 2   0.0 -55.3      6256550   0   1400      1077750
     6  0 1  94.22 10012.00 2   0.0 -53.1      7247850   0   1250       991300
     7  0 1  94.57 10010.50 2   0.0 -50.6      8334900   0   1200      1087050
     8  0 1  94.22 10012.00 2   0.0 -48.4      9255100   0   1350       920200
     9  0 1  95.62 10012.00 2   0.0 -44.4     11321550   0   1300      2066450
    10  0 1  94.22 10010.50 2   0.0 -42.5     12346750   0   1200      1025200
    11  0 1  94.57 10012.00 2   0.0 -40.9     13393400   0   1150      1046650
    12  0 1  94.22 10012.00 2   0.0 -39.1     14386000   0   1600       992600
    13  0 1  94.22 10010.50 2   0.0 -37.5     15346350   0   1300       960350
    14  0 1  94.57 10012.00 2   0.0 -36.3     16346700   0   1150      1000350
    15  0 1  95.27 10012.00 2   0.0 -35.0     17357850   0   1250      1011150
    16  0 1  95.27 10012.00 2   0.0 -33.8     18335950   0   1400       978100
    17  0 1  94.92 10012.00 2   0.0 -32.8     19258850   0   1350       922900
    18  0 1  94.57 10012.00 2   0.0 -31.3     21275050   0   1200      2016200
    19  0 1  94.57 10012.00 2   0.0 -30.6     22252550   0   1400       977500
    20  0 1  94.22 10012.00 2   0.0 -30.3     23221400   0   1300       968850
    21  0 1  94.57 10012.00 2   0.0 -30.0     24293900   0   1400      1072500
    22  0 1  94.92 10012.00 2   0.0 -30.0     25350200   0   1400      1056300
    23  0 1  94.22 10012.00 2   0.0 -30.0     26283950   0   1200       933750
    24  0 1  94.92 10010.50 2   0.0 -30.3     27185950   0   1500       902000
    25  0 1  94.92 10012.00 2   0.0 -30.6     28104050   0   1250       918100
    26  0 1  94.57 10012.00 2   0.0 -31.3     29153650   0   1150      1049600
    27  0 1  94.22 10010.50 2   0.0 -32.8     31057700   0   1500      1904050
    28  0 1  95.27 10012.00 2   0.0 -33.8     32118250   0   1550      1060550
    29  0 1  95.62 10010.50 2   0.0 -35.0     33140800   0   1350      1022550
    30  0 1  95.27 10010.50 2   0.0 -36.3     34211900   0   1450      1071100
    31  0 1  94.22 10012.00 2   0.0 -37.5     35310950   0   1500      1099050
    32  0 1  95.27 10012.00 2   0.0 -39.1     36362600   0   1200      1051650
    33  0 1  94.22 10010.50 2   0.0 -40.9     37443700   0   1150      1081100
    34  0 1  94.57 10010.50 2   0.0 -42.5     38403050   0   1150       959350
    35  0 1  94.22 10012.00 2   0.0 -44.4     39342700   0   1400       939650
    36  0 1  95.27 10010.50 2   0.0 -48.4     41490200   0   1350      2147500
    37  0 1  94.57 10010.50 2   0.0 -50.6     42438350   0   1450       948150
    38  0 1  94.57 10012.00 2   0.0 -53.1     43524400   0   1150      1086050
    39  0 1  94.22 10010.50 2   0.0 -55.3     44431550   0   1150       907150
    40  0 1  95.62 10012.00 2   0.0 -57.5     45467350   0   1150      1035800
    41  0 1  95.62 10012.00 2   0.0 -60.0     46511300   0   1600      1043950
    42  0 1  94.92 10012.00 2   0.0 -62.5     47442400   0   1500       931100
    43  0 1  95.27 10012.00 2   0.0 -65.0     48479200   0   1500      1036800
    44  0 1  94.92 10012.00 2   0.0 -67.5     49526600   0   1550      1047400
