    NO  S V  AOA    FREQ    B  FMOP  AMP      TOA      PMOP  PW         dTOA  
------ -- - ------ -------- - ----- ----- ------------ --- ------ ------------
     0  0 1  95.27 10012.00 2   0.0 -70.0            0   0   1250  42949673000
     1  0 1  95.27 10012.00 2   0.0 -67.5       930050   0   1200       930050
     2  0 1  94.92 10012.00 2   0.0 -65.0      1880900   0   1300       950850
     3  0 1  94.22 10012.00 2   0.0 -62.5      2788200   0   1250       907300
     4  0 1  94.22 10012.00 2   0.0 -60.0      3694200   0   1450       906000
     5  0 1  95.27 10010.50 2   0.0 -57.5      4779400   0   1400      1085200
     6  0 1  94.22 10012.00 2   0.0 -53.1      6871550   0   1500      2092150
     7  0 1  94.92 10012.00 2   0.0 -50.6      7819800   0   1550       948250
     8  0 1  94.22 10010.50 2   0.0 -48.4      8816100   0   1500       996300
     9  0 1  94.92 10010.50 2   0.0 -46.6      9723100   0   1550       907000
    10  0 1  95.62 10012.00 2   0.0 -44.4     10677800   0   1150       954700
    11  0 1  94.22 10012.00 2   0.0 -42.5     11768100   0   1450      1090300
    12  0 1  94.57 10012.00 2   0.0 -40.9     12746500   0   1450       978400
    13  0 1  95.27 10012.00 2   0.0 -39.1     13668600   0   1500       922100
    14  0 1  95.62 10012.00 2   0.0 -37.5     14609650   0   1600       941050
    15  0 1  95.62 10012.00 2   0.0 -35.0     16544500   0   1150      1934850
    16  0 1  94.22 10012.00 2   0.0 -33.8     17544850   0   1550      1000350
    17  0 1  95.62 10012.00 2   0.0 -32.8     18585200   0   1550      1040350
    18  0 1  95.27 10012.00 2   0.0 -31.9     19624600   0   1150      1039400
    19  0 1  95.27 10012.00 2   0.0 -31.3     20545950   0   1150       921350
    20  0 1  94.57 10012.00 2   0.0 -30.6     21575100   0   1250      1029150
    21  0 1  94.57 10012.00 2   0.0 -30.3     22513000   0   1450       937900
    22  0 1  95.62 10012.00 2   0.0 -30.0     23592650   0   1300      1079650
    23  0 1  95.62 10012.00 2   0.0 -30.0     24501450   0   1400       908800
    24  0 1  95.27 10012.00 2   0.0 -30.3     26543150   0   1300      2041700
    25  0 1  95.62 10012.00 2   0.0 -30.6     27528650   0   1250       985500
    26  0 1  94.57 10012.00 2   0.0 -31.3     28488300   0   1150       959650
    27  0 1  94.57 10010.50 2   0.0 -31.9     29534500   0   1400      1046200
    28  0 1  95.27 10012.00 2   0.0 -32.8     30454300   0   1300       919800
    29  0 1  94.92 10012.00 2   0.0 -33.8     31392000   0   1150       937700
    30  0 1  94.22 10010.50 2   0.0 -35.0     32321550   0   1600       929550
    31  0 1  94.22 10010.50 2   0.0 -36.3     33265500   0   1150       943950
    32  0 1  94.22 10012.00 2   0.0 -37.5     34187350   0   1600       921850
    33  0 1  95.27 10012.00 2   0.0 -40.9     36274100   0   1400      2086750
    34  0 1  95.62 10012.00 2   0.0 -42.5     37340500   0   1400      1066400
    35  0 1  94.57 10012.00 2   0.0 -44.4     38346000   0   1550      1005500
    36  0 1  94.92 10012.00 2   0.0 -46.6     39406650   0   1150      1060650
    37  0 1  94.22 10012.00 2   0.0 -48.4     40416100   0   1350      1009450
    38  0 1  95.27 10012.00 2   0.0 -50.6     41367950   0   1450       951850
    39  0 1  94.22 10010.50 2   0.0 -53.1     42423050   0   1150      1055100
    40  0 1  94.22 10012.00 2   0.0 -55.3     43520050   0   1350      1097000
    41  0 1  95.27 10012.00 2   0.0 -57.5     44546900   0   1400      1026850
    42  0 1  94.57 10012.00 2   0.0 -62.5     46426800   0   1200      1879900
    43  0 1  95.62 10012.00 2   0.0 -65.0     47503950   0   1550      1077150
    44  0 1  95.27 10012.00 2   0.0 -67.5     48448250   0   1350       944300
