    NO  S V  AOA    FREQ    B  FMOP  AMP      TOA      PMOP  PW         dTOA  
------ -- - ------ -------- - ----- ----- ------------ --- ------ ------------
     0  0 1  94.57  9901.00 2   0.0 -70.0            0   0   1450  42949673000
     1  0 1  94.92  9911.50 2   0.0 -67.5       957800   0   1650       957800
     2  0 1  94.22 10007.50 2   0.0 -65.0      1859400   0   1600       901600
     3  0 1  94.57 10090.00 2   0.0 -60.0      3851850   0   1700      1992450
     4  0 1  94.92  9952.00 2   0.0 -57.5      4691100   0   1650       839250
     5  0 1  94.22  9935.50 2   0.0 -55.3      5608250   0   1300       917150
     6  0 1  95.62  9997.00 2   0.0 -53.1      6817200   0   1450      1208950
     7  0 1  94.57  9913.00 2   0.0 -50.6      7660950   0   1400       843750
     8  0 1  95.62  9965.50 2   0.0 -48.4      8820400   0   1550      1159450
     9  0 1  95.27  9976.00 2   0.0 -46.6      9714500   0   1400       894100
    10  0 1  94.22 10057.00 2   0.0 -44.4     10569500   0   1300       855000
    11  0 1  95.62  9913.00 2   0.0 -42.5     11655150   0   1300      1085650
    12  0 1  95.27  9907.00 2   0.0 -39.1     13732600   0   1650      2077450
    13  0 1  94.57 10021.00 2   0.0 -37.5     14538750   0   1650       806150
    14  0 1  95.27 10060.00 2   0.0 -36.3     15375050   0   1650       836300
    15  0 1  94.92 10094.50 2   0.0 -35.0     16321850   0   1300       946800
    16  0 1  95.27 10007.50 2   0.0 -33.8     17206000   0   1550       884150
    17  0 1  94.92  9937.00 2   0.0 -32.8     18379850   0   1700      1173850
    18  0 1  94.22  9973.00 2   0.0 -31.9     19173150   0   1400       793300
    19  0 1  94.22  9907.00 2   0.0 -31.3     19960350   0   1600       787200
    20  0 1  94.92 10087.00 2   0.0 -30.6     21102350   0   1250      1142000
    21  0 1  94.92  9979.00 2   0.0 -30.0     23118550   0   1400      2016200
    22  0 1  95.27 10082.50 2   0.0 -30.0     23975150   0   1450       856600
    23  0 1  95.27 10027.00 2   0.0 -30.0     24973500   0   1450       998350
    24  0 1  94.22  9977.50 2   0.0 -30.3     25755550   0   1700       782050
    25  0 1  94.92 10063.00 2   0.0 -30.6     26675050   0   1400       919500
    26  0 1  94.22  9910.00 2   0.0 -31.3     27696750   0   1450      1021700
    27  0 1  94.22  9901.00 2   0.0 -31.9     28732100   0   1600      1035350
    28  0 1  94.22  9982.00 2   0.0 -32.8     29614100   0   1650       882000
    29  0 1  94.92  9970.00 2   0.0 -33.8     30694550   0   1550      1080450
    30  0 1  95.27  9974.50 2   0.0 -36.3     32338450   0   1550      1643900
    31  0 1  94.22  9968.50 2   0.0 -37.5     33375900   0   1600      1037450
    32  0 1  94.22 10078.00 2   0.0 -39.1     34534300   0   1400      1158400
    33  0 1  95.27  9913.00 2   0.0 -40.9     35483850   0   1700       949550
    34  0 1  94.57  9916.00 2   0.0 -42.5     36498900   0   1700      1015050
    35  0 1  95.62 10027.00 2   0.0 -44.4     37364350   0   1700       865450
    36  0 1  94.22  9907.00 2   0.0 -46.6     38434850   0   1700      1070500
    37  0 1  94.22 10039.00 2   0.0 -48.4     39231150   0   1350       796300
    38  0 1  95.62  9931.00 2   0.0 -50.6     40190600   0   1700       959450
    39  0 1  94.57 10018.00 2   0.0 -55.3     42219150   0   1600      2028550
    40  0 1  95.62 10082.50 2   0.0 -57.5     43095800   0   1700       876650
    41  0 1  94.22 10018.00 2   0.0 -60.0     44092850   0   1450       997050
    42  0 1  94.92  9973.00 2   0.0 -62.5     45083100   0   1300       990250
    43  0 1  94.57 10033.00 2   0.0 -65.0     46309850   0   1250      1226750
    44  0 1  94.22  9902.50 2   0.0 -67.5     47529150   0   1300      1219300
