    NO  S V  AOA    FREQ    B  FMOP  AMP      TOA      PMOP  PW         dTOA  
------ -- - ------ -------- - ----- ----- ------------ --- ------ ------------
     0  0 1  95.62 10000.00 2   0.0 -70.0            0   0   1700  42949673000
     1  0 1  94.92  9964.00 2   0.0 -67.5       974400   0   1550       974400
     2  0 1  94.57  9991.00 2   0.0 -65.0      1868950   0   1500       894550
     3  0 1  94.57 10016.50 2   0.0 -60.0      3963900   0   1300      2094950
     4  0 1  94.57 10036.00 2   0.0 -57.5      5108750   0   1550      1144850
     5  0 1  94.22  9994.00 2   0.0 -55.3      6270600   0   1250      1161850
     6  0 1  95.27  9962.50 2   0.0 -53.1      7331200   0   1550      1060600
     7  0 1  94.92  9943.00 2   0.0 -50.6      8292350   0   1350       961150
     8  0 1  95.27 10040.50 2   0.0 -48.4      9299700   0   1400      1007350
     9  0 1  94.22  9940.00 2   0.0 -46.6     10328000   0   1650      1028300
    10  0 1  95.62  9949.00 2   0.0 -44.4     11183500   0   1550       855500
    11  0 1  94.22 10048.00 2   0.0 -42.5     12238500   0   1400      1055000
    12  0 1  94.57 10076.50 2   0.0 -39.1     14293950   0   1350      2055450
    13  0 1  94.57 10024.00 2   0.0 -37.5     15351650   0   1350      1057700
    14  0 1  95.62 10039.00 2   0.0 -36.3     16140050   0   1700       788400
    15  0 1  95.62 10028.50 2   0.0 -35.0     17005500   0   1350       865450
    16  0 1  94.57 10045.00 2   0.0 -33.8     18061650   0   1500      1056150
    17  0 1  94.92 10072.00 2   0.0 -32.8     18883650   0   1400       822000
    18  0 1  94.57  9937.00 2   0.0 -31.9     19645450   0   1500       761800
    19  0 1  94.57  9952.00 2   0.0 -31.3     20662700   0   1300      1017250
    20  0 1  94.57  9928.00 2   0.0 -30.6     21562250   0   1300       899550
    21  0 1  95.62 10058.50 2   0.0 -30.0     23635850   0   1450      2073600
    22  0 1  94.57  9928.00 2   0.0 -30.0     24473450   0   1350       837600
    23  0 1  94.92  9955.00 2   0.0 -30.0     25390950   0   1250       917500
    24  0 1  95.27  9982.00 2   0.0 -30.3     26499650   0   1450      1108700
    25  0 1  94.57  9937.00 2   0.0 -30.6     27290250   0   1450       790600
    26  0 1  95.27 10097.50 2   0.0 -31.3     28060550   0   1450       770300
    27  0 1  95.27 10097.50 2   0.0 -31.9     29294100   0   1400      1233550
    28  0 1  94.92  9967.00 2   0.0 -32.8     30481600   0   1350      1187500
    29  0 1  94.92  9919.00 2   0.0 -33.8     31624500   0   1700      1142900
    30  0 1  95.62 10055.50 2   0.0 -36.3     33692150   0   1300      2067650
    31  0 1  95.62  9908.50 2   0.0 -37.5     34744850   0   1250      1052700
    32  0 1  95.27 10042.00 2   0.0 -39.1     35697100   0   1700       952250
    33  0 1  95.27  9898.00 2   0.0 -40.9     36534300   0   1700       837200
    34  0 1  95.27  9982.00 2   0.0 -42.5     37401800   0   1600       867500
    35  0 1  94.92  9922.00 2   0.0 -44.4     38449750   0   1450      1047950
    36  0 1  94.22  9958.00 2   0.0 -46.6     39492150   0   1350      1042400
    37  0 1  94.57 10012.00 2   0.0 -48.4     40433400   0   1250       941250
    38  0 1  95.27  9946.00 2   0.0 -50.6     41317500   0   1650       884100
    39  0 1  94.92  9950.50 2   0.0 -55.3     43619300   0   1650      2301800
    40  0 1  94.92 10090.00 2   0.0 -57.5     44568650   0   1350       949350
    41  0 1  95.27  9970.00 2   0.0 -60.0     45530150   0   1700       961500
    42  0 1  94.22  9922.00 2   0.0 -62.5     46467700   0   1250       937550
    43  0 1  95.27  9925.00 2   0.0 -65.0     47302300   0   1250       834600
    44  0 1  95.62 10054.00 2   0.0 -67.5     48309400   0   1300      1007100
