    NO  S V  AOA    FREQ    B  FMOP  AMP      TOA      PMOP  PW         dTOA  
------ -- - ------ -------- - ----- ----- ------------ --- ------ ------------
     0  0 1  94.92  9937.00 2   0.0 -70.0            0   0   1250  42949673000
     1  0 1  94.22  9946.00 2   0.0 -65.0      2325300   0   1400      2325300
     2  0 1  94.57  9938.50 2   0.0 -62.5      3210450   0   1500       885150
     3  0 1  94.57 10025.50 2   0.0 -60.0      4363650   0   1700      1153200
     4  0 1  95.62  9976.00 2   0.0 -57.5      5437350   0   1350      1073700
     5  0 1  95.27  9944.50 2   0.0 -55.3      6521200   0   1500      1083850
     6  0 1  95.62  9997.00 2   0.0 -53.1      7532150   0   1550      1010950
     7  0 1  94.57  9928.00 2   0.0 -50.6      8753050   0   1700      1220900
     8  0 1  95.62 10046.50 2   0.0 -48.4      9612050   0   1250       859000
     9  0 1  95.27 10094.50 2   0.0 -46.6     10464850   0   1600       852800
    10  0 1  94.57 10016.50 2   0.0 -42.5     12579850   0   1450      2115000
    11  0 1  95.27  9995.50 2   0.0 -40.9     13345250   0   1650       765400
    12  0 1  94.22  9907.00 2   0.0 -39.1     14186450   0   1350       841200
    13  0 1  94.57  9973.00 2   0.0 -37.5     15057300   0   1450       870850
    14  0 1  94.57  9910.00 2   0.0 -36.3     15883750   0   1400       826450
    15  0 1  94.22 10012.00 2   0.0 -35.0     16843000   0   1450       959250
    16  0 1  95.62 10003.00 2   0.0 -33.8     17876100   0   1650      1033100
    17  0 1  95.27 10085.50 2   0.0 -32.8     19066000   0   1250      1189900
    18  0 1  95.62 10003.00 2   0.0 -31.9     20135700   0   1600      1069700
    19  0 1  95.27 10028.50 2   0.0 -30.6     21826650   0   1250      1690950
    20  0 1  95.27  9943.00 2   0.0 -30.3     22755700   0   1500       929050
    21  0 1  95.27 10028.50 2   0.0 -30.0     23521700   0   1250       766000
    22  0 1  95.62  9985.00 2   0.0 -30.0     24322300   0   1350       800600
    23  0 1  94.92 10027.00 2   0.0 -30.0     25144250   0   1650       821950
    24  0 1  95.62  9922.00 2   0.0 -30.3     26254050   0   1250      1109800
    25  0 1  94.57  9952.00 2   0.0 -30.6     27477250   0   1350      1223200
    26  0 1  95.62  9901.00 2   0.0 -31.3     28261300   0   1500       784050
    27  0 1  95.62  9983.50 2   0.0 -31.9     29091250   0   1450       829950
    28  0 1  95.27 10072.00 2   0.0 -33.8     30756250   0   1250      1665000
    29  0 1  94.57 10087.00 2   0.0 -35.0     31732650   0   1700       976400
    30  0 1  94.22  9977.50 2   0.0 -36.3     32979750   0   1600      1247100
    31  0 1  94.57  9988.00 2   0.0 -37.5     34122750   0   1700      1143000
    32  0 1  94.22 10013.50 2   0.0 -39.1     34893600   0   1400       770850
    33  0 1  94.22 10087.00 2   0.0 -40.9     35853500   0   1700       959900
    34  0 1  94.92 10015.00 2   0.0 -42.5     36867150   0   1700      1013650
    35  0 1  95.27 10000.00 2   0.0 -44.4     37702900   0   1250       835750
    36  0 1  94.57 10075.00 2   0.0 -46.6     38611800   0   1500       908900
    37  0 1  94.92 10000.00 2   0.0 -50.6     40403200   0   1250      1791400
    38  0 1  94.22  9980.50 2   0.0 -53.1     41402050   0   1550       998850
    39  0 1  95.27 10084.00 2   0.0 -55.3     42361950   0   1400       959900
    40  0 1  94.57  9988.00 2   0.0 -57.5     43217750   0   1350       855800
    41  0 1  94.57  9961.00 2   0.0 -60.0     43985900   0   1700       768150
    42  0 1  95.62 10085.50 2   0.0 -62.5     44948950   0   1350       963050
    43  0 1  95.27 10084.00 2   0.0 -65.0     45762650   0   1300       813700
    44  0 1  94.22  9956.50 2   0.0 -67.5     46984200   0   1400      1221550
