    NO  S V  AOA    FREQ    B  FMOP  AMP      TOA      PMOP  PW         dTOA  
------ -- - ------ -------- - ----- ----- ------------ --- ------ ------------
     0  0 1   9.84  5250.00 1   0.0 -70.0            0   0   1000  42949673000
     1  0 1   9.84  5250.00 1   0.0 -65.9       500600   0    950       500600
     2  0 1   9.84  5248.75 1   0.0 -61.6       998600   0   1000       498000
     3  0 1   9.84  5250.00 1   0.0 -57.5      1499100   0    950       500500
     4  0 1   9.84  5250.00 1   0.0 -50.0      2502550   0   1000      1003450
     5  0 1   9.84  5250.00 1   0.0 -46.6      3001950   0    950       499400
     6  0 1   9.84  5250.00 1   0.0 -43.1      3501700   0   1000       499750
     7  0 1   9.84  5248.75 1   0.0 -40.3      4002550   0   1000       500850
     8  0 1   9.84  5250.00 1   0.0 -37.5      4503200   0    950       500650
     9  0 1   9.84  5248.75 1   0.0 -35.3      5001550   0    950       498350
    10  0 1   9.84  5248.75 1   0.0 -33.4      5500350   0   1000       498800
    11  0 1   9.84  5250.00 1   0.0 -31.9      6000400   0   1000       500050
    12  0 1   9.84  5250.00 1   0.0 -30.9      6500800   0   1000       500400
    13  0 1   9.84  5250.00 1   0.0 -30.0      7497000   0    950       996200
    14  0 1   9.84  5250.00 1   0.0 -30.3      7996050   0    950       499050
    15  0 1   9.84  5250.00 1   0.0 -30.9      8498100   0    950       502050
    16  0 1   9.84  5250.00 1   0.0 -31.9      8996350   0   1000       498250
    17  0 1   9.84  5250.00 1   0.0 -33.4      9497450   0   1000       501100
    18  0 1   9.84  5248.75 1   0.0 -35.3      9996600   0   1000       499150
    19  0 1   9.84  5250.00 1   0.0 -37.5     10497550   0   1000       500950
    20  0 1   9.84  5250.00 1   0.0 -40.3     10998950   0    950       501400
    21  0 1   9.84  5250.00 1   0.0 -43.1     11498100   0   1000       499150
    22  0 1   9.84  5248.75 1   0.0 -50.0     12494350   0   1000       996250
    23  0 1   9.84  5250.00 1   0.0 -53.8     12996350   0    950       502000
