    NO  S V  AOA    FREQ    B  FMOP  AMP      TOA      PMOP  PW         dTOA  
------ -- - ------ -------- - ----- ----- ------------ --- ------ ------------
     0  0 1   9.84  5250.00 1   0.0 -70.0            0   0   1000  42949673000
     1  0 1   9.84  5250.00 1   0.0 -65.9       498750   0   1000       498750
     2  0 1   9.84  5250.00 1   0.0 -61.6       997650   0   1000       498900
     3  0 1   9.84  5250.00 1   0.0 -57.5      1496550   0   1000       498900
     4  0 1   9.84  5250.00 1   0.0 -53.8      1995900   0   1000       499350
     5  0 1   9.84  5250.00 1   0.0 -50.0      2496050   0    950       500150
     6  0 1   9.84  5250.00 1   0.0 -43.1      3496050   0    950      1000000
     7  0 1   9.84  5248.75 1   0.0 -40.3      3993850   0   1000       497800
     8  0 1   9.84  5250.00 1   0.0 -37.5      4496300   0    950       502450
     9  0 1   9.84  5248.75 1   0.0 -35.3      4996850   0   1000       500550
    10  0 1   9.84  5250.00 1   0.0 -33.4      5495000   0   1000       498150
    11  0 1   9.84  5250.00 1   0.0 -31.9      5997300   0    950       502300
    12  0 1   9.84  5250.00 1   0.0 -30.9      6496300   0    950       499000
    13  0 1   9.84  5250.00 1   0.0 -30.3      6994550   0   1000       498250
    14  0 1   9.84  5248.75 1   0.0 -30.0      7495350   0    950       500800
    15  0 1   9.84  5250.00 1   0.0 -30.9      8494650   0    950       999300
    16  0 1   9.84  5250.00 1   0.0 -31.9      8996000   0    950       501350
    17  0 1   9.84  5250.00 1   0.0 -33.4      9498000   0    950       502000
    18  0 1   9.84  5250.00 1   0.0 -35.3      9996400   0    950       498400
    19  0 1   9.84  5248.75 1   0.0 -37.5     10495350   0   1000       498950
    20  0 1   9.84  5250.00 1   0.0 -40.3     10994100   0    950       498750
    21  0 1   9.84  5248.75 1   0.0 -43.1     11492400   0   1000       498300
    22  0 1   9.84  5248.75 1   0.0 -46.6     11992250   0   1000       499850
    23  0 1   9.84  5250.00 1   0.0 -50.0     12489950   0    950       497700
