    NO  S V  AOA    FREQ    B  FMOP  AMP      TOA      PMOP  PW         dTOA  
------ -- - ------ -------- - ----- ----- ------------ --- ------ ------------
     0  0 1   9.84  5248.75 1   0.0 -70.0            0   0   1000  42949673000
     1  0 1   9.84  5250.00 1   0.0 -65.9       497900   0   1000       497900
     2  0 1   9.84  5248.75 1   0.0 -61.6       996100   0   1000       498200
     3  0 1   9.84  5248.75 1   0.0 -57.5      1496200   0    950       500100
     4  0 1   9.84  5250.00 1   0.0 -53.8      1994950   0    950       498750
     5  0 1   9.84  5248.75 1   0.0 -46.6      2995800   0   1000      1000850
     6  0 1   9.84  5250.00 1   0.0 -43.1      3495550   0   1000       499750
     7  0 1   9.84  5250.00 1   0.0 -40.3      3995000   0    950       499450
     8  0 1   9.84  5250.00 1   0.0 -37.5      4495600   0   1000       500600
     9  0 1   9.84  5250.00 1   0.0 -35.3      4996600   0   1000       501000
    10  0 1   9.84  5250.00 1   0.0 -33.4      5494500   0    950       497900
    11  0 1   9.84  5250.00 1   0.0 -31.9      5993450   0   1000       498950
    12  0 1   9.84  5248.75 1   0.0 -30.9      6494100   0    950       500650
    13  0 1   9.84  5250.00 1   0.0 -30.3      6994550   0   1000       500450
    14  0 1   9.84  5250.00 1   0.0 -30.3      7993750   0    950       999200
    15  0 1   9.84  5250.00 1   0.0 -30.9      8494000   0    950       500250
    16  0 1   9.84  5250.00 1   0.0 -31.9      8993300   0   1000       499300
    17  0 1   9.84  5250.00 1   0.0 -33.4      9492150   0   1000       498850
    18  0 1   9.84  5248.75 1   0.0 -35.3      9993200   0   1000       501050
    19  0 1   9.84  5250.00 1   0.0 -37.5     10493750   0   1000       500550
    20  0 1   9.84  5250.00 1   0.0 -40.3     10991350   0   1000       497600
    21  0 1   9.84  5250.00 1   0.0 -43.1     11492000   0    950       500650
    22  0 1   9.84  5250.00 1   0.0 -46.6     11994250   0   1000       502250
    23  0 1   9.84  5250.00 1   0.0 -53.8     12989800   0    950       995550
