    NO  S V  AOA    FREQ    B  FMOP  AMP      TOA      PMOP  PW         dTOA  
------ -- - ------ -------- - ----- ----- ------------ --- ------ ------------
     0  0 1   9.84  5248.75 1   0.0 -70.0            0   0    950  42949673000
     1  0 1   9.84  5250.00 1   0.0 -65.9       501700   0   1000       501700
     2  0 1   9.84  5250.00 1   0.0 -57.5      1502350   0    950      1000650
     3  0 1   9.84  5250.00 1   0.0 -53.8      2004100   0    950       501750
     4  0 1   9.84  5250.00 1   0.0 -50.0      2504900   0   1000       500800
     5  0 1   9.84  5250.00 1   0.0 -46.6      3003900   0    950       499000
     6  0 1   9.84  5250.00 1   0.0 -43.1      3505500   0    950       501600
     7  0 1   9.84  5250.00 1   0.0 -40.3      4007500   0    950       502000
     8  0 1   9.84  5248.75 1   0.0 -37.5      4505100   0    950       497600
     9  0 1   9.84  5250.00 1   0.0 -35.3      5003900   0    950       498800
    10  0 1   9.84  5250.00 1   0.0 -33.4      5502150   0    950       498250
    11  0 1   9.84  5250.00 1   0.0 -30.9      6500200   0   1000       998050
    12  0 1   9.84  5250.00 1   0.0 -30.3      6999950   0    950       499750
    13  0 1   9.84  5248.75 1   0.0 -30.0      7501600   0   1000       501650
    14  0 1   9.84  5248.75 1   0.0 -30.3      8002100   0   1000       500500
    15  0 1   9.84  5250.00 1   0.0 -30.9      8503750   0   1000       501650
    16  0 1   9.84  5250.00 1   0.0 -31.9      9001900   0    950       498150
    17  0 1   9.84  5250.00 1   0.0 -33.4      9499850   0    950       497950
    18  0 1   9.84  5250.00 1   0.0 -35.3     10000850   0    950       501000
    19  0 1   9.84  5248.75 1   0.0 -37.5     10501750   0    950       500900
    20  0 1   9.84  5250.00 1   0.0 -43.1     11503100   0    950      1001350
    21  0 1   9.84  5250.00 1   0.0 -46.6     12005550   0   1000       502450
    22  0 1   9.84  5250.00 1   0.0 -50.0     12504800   0   1000       499250
    23  0 1   9.84  5248.75 1   0.0 -53.8     13005950   0    950       501150
