    NO  S V  AOA    FREQ    B  FMOP  AMP      TOA      PMOP  PW         dTOA  
------ -- - ------ -------- - ----- ----- ------------ --- ------ ------------
     0  0 1   9.84  5250.00 1   0.0 -70.0            0   0   1000  42949673000
     1  0 1   9.84  5250.00 1   0.0 -65.9       502100   0    950       502100
     2  0 1   9.84  5250.00 1   0.0 -61.6       999900   0    950       497800
     3  0 1   9.84  5248.75 1   0.0 -57.5      1499350   0    950       499450
     4  0 1   9.84  5250.00 1   0.0 -53.8      1999400   0   1000       500050
     5  0 1   9.84  5250.00 1   0.0 -50.0      2500700   0    950       501300
     6  0 1   9.84  5250.00 1   0.0 -46.6      2998300   0    950       497600
     7  0 1   9.84  5250.00 1   0.0 -43.1      3498250   0   1000       499950
     8  0 1   9.84  5250.00 1   0.0 -40.3      3996900   0    950       498650
     9  0 1   9.84  5250.00 1   0.0 -35.3      4995100   0    950       998200
    10  0 1   9.84  5250.00 1   0.0 -33.4      5494850   0    950       499750
    11  0 1   9.84  5250.00 1   0.0 -31.9      5994500   0    950       499650
    12  0 1   9.84  5248.75 1   0.0 -30.9      6493550   0    950       499050
    13  0 1   9.84  5248.75 1   0.0 -30.3      6995750   0   1000       502200
    14  0 1   9.84  5250.00 1   0.0 -30.0      7495800   0    950       500050
    15  0 1   9.84  5250.00 1   0.0 -30.3      7995550   0    950       499750
    16  0 1   9.84  5250.00 1   0.0 -30.9      8497250   0   1000       501700
    17  0 1   9.84  5250.00 1   0.0 -31.9      8999700   0   1000       502450
    18  0 1   9.84  5248.75 1   0.0 -35.3     10000100   0   1000      1000400
    19  0 1   9.84  5250.00 1   0.0 -37.5     10501950   0   1000       501850
    20  0 1   9.84  5248.75 1   0.0 -40.3     11001700   0   1000       499750
    21  0 1   9.84  5250.00 1   0.0 -43.1     11500400   0   1000       498700
    22  0 1   9.84  5248.75 1   0.0 -46.6     12001300   0   1000       500900
    23  0 1   9.84  5250.00 1   0.0 -50.0     12501250   0   1000       499950
    24  0 1   9.84  5250.00 1   0.0 -53.8     12999900   0   1000       498650
