    NO  S V  AOA    FREQ    B  FMOP  AMP      TOA      PMOP  PW         dTOA  
------ -- - ------ -------- - ----- ----- ------------ --- ------ ------------
     0  0 1   9.84  5248.75 1   0.0 -70.0            0   0    950  42949673000
     1  0 1   9.84  5248.75 1   0.0 -65.0      9200400   0    950      9200400
     2  0 1   9.84  5250.00 1   0.0 -55.3     29400950   0   1000     20200550
     3  0 1   9.84  5248.75 1   0.0 -50.6     40202900   0    950     10801950
     4  0 1   9.84  5248.75 1   0.0 -46.6     49401000   0   1000      9198100
     5  0 1   9.84  5248.75 1   0.0 -42.5     59002300   0    950      9601300
     6  0 1   9.84  5250.00 1   0.0 -39.1     69604100   0    950     10601800
     7  0 1   9.84  5250.00 1   0.0 -36.3     80405950   0    950     10801850
     8  0 1   9.84  5250.00 1   0.0 -33.8     89607950   0   1000      9202000
     9  0 1   9.84  5248.75 1   0.0 -31.9     99208200   0    950      9600250
    10  0 1   9.84  5250.00 1   0.0 -30.6    109805800   0   1000     10597600
    11  0 1   9.84  5250.00 1   0.0 -30.0    129803600   0    950     19997800
    12  0 1   9.84  5250.00 1   0.0 -30.6    139403400   0   1000      9599800
    13  0 1   9.84  5250.00 1   0.0 -31.9    150005050   0    950     10601650
    14  0 1   9.84  5248.75 1   0.0 -33.8    160805550   0    950     10800500
    15  0 1   9.84  5248.75 1   0.0 -36.3    170004100   0   1000      9198550
    16  0 1   9.84  5248.75 1   0.0 -39.1    179602950   0    950      9598850
    17  0 1   9.84  5250.00 1   0.0 -42.5    190203000   0    950     10600050
    18  0 1   9.84  5250.00 1   0.0 -46.6    201002200   0   1000     10799200
    19  0 1   9.84  5248.75 1   0.0 -50.6    210200200   0    950      9198000
