    NO  S V  AOA    FREQ    B  FMOP  AMP      TOA      PMOP  PW         dTOA  
------ -- - ------ -------- - ----- ----- ------------ --- ------ ------------
     0  0 1   9.84  5250.00 1   0.0 -70.0            0   0    950  42949673000
     1  0 1   9.84  5250.00 1   0.0 -65.0      9200000   0    950      9200000
     2  0 1   9.84  5250.00 1   0.0 -60.0     18798050   0    950      9598050
     3  0 1   9.84  5250.00 1   0.0 -55.3     29399550   0   1000     10601500
     4  0 1   9.84  5248.75 1   0.0 -50.6     40200850   0   1000     10801300
     5  0 1   9.84  5250.00 1   0.0 -46.6     49399100   0    950      9198250
     6  0 1   9.84  5248.75 1   0.0 -42.5     59000550   0    950      9601450
     7  0 1   9.84  5248.75 1   0.0 -36.3     80402800   0    950     21402250
     8  0 1   9.84  5250.00 1   0.0 -33.8     89601400   0    950      9198600
     9  0 1   9.84  5250.00 1   0.0 -31.9     99203200   0    950      9601800
    10  0 1   9.84  5248.75 1   0.0 -30.6    109801550   0   1000     10598350
    11  0 1   9.84  5250.00 1   0.0 -30.0    120602400   0   1000     10800850
    12  0 1   9.84  5250.00 1   0.0 -30.0    129804350   0    950      9201950
    13  0 1   9.84  5248.75 1   0.0 -30.6    139405900   0    950      9601550
    14  0 1   9.84  5248.75 1   0.0 -31.9    150004800   0    950     10598900
    15  0 1   9.84  5250.00 1   0.0 -33.8    160804900   0    950     10800100
    16  0 1   9.84  5250.00 1   0.0 -39.1    179604500   0   1000     18799600
    17  0 1   9.84  5248.75 1   0.0 -42.5    190202500   0    950     10598000
    18  0 1   9.84  5248.75 1   0.0 -46.6    201001800   0    950     10799300
    19  0 1   9.84  5250.00 1   0.0 -50.6    210201300   0    950      9199500
