    NO  S V  AOA    FREQ    B  FMOP  AMP      TOA      PMOP  PW         dTOA  
------ -- - ------ -------- - ----- ----- ------------ --- ------ ------------
     0  0 1   9.84  5248.75 1   0.0 -70.0            0   0   1000  42949673000
     1  0 1   9.84  5248.75 1   0.0 -65.0      9199150   0    950      9199150
     2  0 1   9.84  5250.00 1   0.0 -60.0     18801100   0   1000      9601950
     3  0 1   9.84  5248.75 1   0.0 -55.3     29399450   0    950     10598350
     4  0 1   9.84  5250.00 1   0.0 -50.6     40200900   0   1000     10801450
     5  0 1   9.84  5250.00 1   0.0 -42.5     59001050   0   1000     18800150
     6  0 1   9.84  5250.00 1   0.0 -39.1     69599200   0    950     10598150
     7  0 1   9.84  5248.75 1   0.0 -36.3     80400500   0    950     10801300
     8  0 1   9.84  5248.75 1   0.0 -33.8     89599450   0   1000      9198950
     9  0 1   9.84  5248.75 1   0.0 -31.9     99198500   0   1000      9599050
    10  0 1   9.84  5250.00 1   0.0 -30.6    109797100   0   1000     10598600
    11  0 1   9.84  5248.75 1   0.0 -30.0    120597450   0   1000     10800350
    12  0 1   9.84  5250.00 1   0.0 -30.0    129798050   0   1000      9200600
    13  0 1   9.84  5250.00 1   0.0 -30.6    139398800   0   1000      9600750
    14  0 1   9.84  5250.00 1   0.0 -33.8    160798200   0    950     21399400
    15  0 1   9.84  5248.75 1   0.0 -36.3    169999900   0    950      9201700
    16  0 1   9.84  5248.75 1   0.0 -39.1    179597400   0    950      9597500
    17  0 1   9.84  5250.00 1   0.0 -42.5    190195000   0    950     10597600
    18  0 1   9.84  5250.00 1   0.0 -46.6    200993050   0   1000     10798050
    19  0 1   9.84  5248.75 1   0.0 -50.6    210192800   0   1000      9199750
