    NO  S V  AOA    FREQ    B  FMOP  AMP      TOA      PMOP  PW         dTOA  
------ -- - ------ -------- - ----- ----- ------------ --- ------ ------------
     0  0 1   9.84  5250.00 1   0.0 -70.0            0   0   1000  42949673000
     1  0 1   9.84  5250.00 1   0.0 -65.0      9199400   0   1000      9199400
     2  0 1   9.84  5250.00 1   0.0 -55.3     29397650   0   1000     20198250
     3  0 1   9.84  5248.75 1   0.0 -50.6     40199200   0   1000     10801550
     4  0 1   9.84  5248.75 1   0.0 -46.6     49399250   0   1000      9200050
     5  0 1   9.84  5250.00 1   0.0 -42.5     58997250   0    950      9598000
     6  0 1   9.84  5248.75 1   0.0 -39.1     69595200   0    950     10597950
     7  0 1   9.84  5250.00 1   0.0 -36.3     80394700   0   1000     10799500
     8  0 1   9.84  5250.00 1   0.0 -33.8     89594900   0   1000      9200200
     9  0 1   9.84  5250.00 1   0.0 -31.9     99196650   0   1000      9601750
    10  0 1   9.84  5248.75 1   0.0 -30.6    109795650   0    950     10599000
    11  0 1   9.84  5248.75 1   0.0 -30.0    129793000   0    950     19997350
    12  0 1   9.84  5248.75 1   0.0 -30.6    139395050   0   1000      9602050
    13  0 1   9.84  5250.00 1   0.0 -31.9    149996900   0   1000     10601850
    14  0 1   9.84  5250.00 1   0.0 -33.8    160799100   0    950     10802200
    15  0 1   9.84  5250.00 1   0.0 -36.3    169997050   0    950      9197950
    16  0 1   9.84  5250.00 1   0.0 -39.1    179598800   0    950      9601750
    17  0 1   9.84  5250.00 1   0.0 -42.5    190199900   0   1000     10601100
    18  0 1   9.84  5248.75 1   0.0 -46.6    200999850   0    950     10799950
    19  0 1   9.84  5250.00 1   0.0 -50.6    210199500   0    950      9199650
