    NO  S V  AOA    FREQ    B  FMOP  AMP      TOA      PMOP  PW         dTOA  
------ -- - ------ -------- - ----- ----- ------------ --- ------ ------------
     0  0 1   9.84  5250.00 1   0.0 -70.0            0   0    950  42949673000
     1  0 1   9.84  5250.00 1   0.0 -65.0      9202450   0   1000      9202450
     2  0 1   9.84  5248.75 1   0.0 -60.0     18803650   0   1000      9601200
     3  0 1   9.84  5250.00 1   0.0 -55.3     29404300   0   1000     10600650
     4  0 1   9.84  5248.75 1   0.0 -50.6     40206650   0    950     10802350
     5  0 1   9.84  5250.00 1   0.0 -46.6     49405450   0   1000      9198800
     6  0 1   9.84  5250.00 1   0.0 -42.5     59007550   0   1000      9602100
     7  0 1   9.84  5250.00 1   0.0 -36.3     80410350   0    950     21402800
     8  0 1   9.84  5250.00 1   0.0 -33.8     89608500   0   1000      9198150
     9  0 1   9.84  5250.00 1   0.0 -31.9     99206300   0    950      9597800
    10  0 1   9.84  5250.00 1   0.0 -30.6    109806750   0   1000     10600450
    11  0 1   9.84  5248.75 1   0.0 -30.0    120607200   0    950     10800450
    12  0 1   9.84  5250.00 1   0.0 -30.0    129809250   0   1000      9202050
    13  0 1   9.84  5250.00 1   0.0 -30.6    139410900   0    950      9601650
    14  0 1   9.84  5250.00 1   0.0 -31.9    150010150   0   1000     10599250
    15  0 1   9.84  5250.00 1   0.0 -33.8    160811100   0   1000     10800950
    16  0 1   9.84  5250.00 1   0.0 -39.1    179612200   0   1000     18801100
    17  0 1   9.84  5250.00 1   0.0 -42.5    190211850   0    950     10599650
    18  0 1   9.84  5248.75 1   0.0 -46.6    201009900   0   1000     10798050
    19  0 1   9.84  5250.00 1   0.0 -50.6    210210550   0   1000      9200650
