    NO  S V  AOA    FREQ    B  FMOP  AMP      TOA      PMOP  PW         dTOA  
------ -- - ------ -------- - ----- ----- ------------ --- ------ ------------
     0  0 1   9.84  5248.75 1   0.0 -70.0            0   0   1000  42949673000
     1  0 1   9.84  5250.00 1   0.0 -65.0      9201450   0   1000      9201450
     2  0 1   9.84  5248.75 1   0.0 -55.3     29401400   0   1000     20199950
     3  0 1   9.84  5248.75 1   0.0 -50.6     40201200   0   1000     10799800
     4  0 1   9.84  5248.75 1   0.0 -46.6     49402900   0    950      9201700
     5  0 1   9.84  5250.00 1   0.0 -42.5     59004700   0    950      9601800
     6  0 1   9.84  5250.00 1   0.0 -39.1     69604750   0    950     10600050
     7  0 1   9.84  5250.00 1   0.0 -36.3     80406950   0   1000     10802200
     8  0 1   9.84  5248.75 1   0.0 -33.8     89604650   0    950      9197700
     9  0 1   9.84  5248.75 1   0.0 -31.9     99206350   0    950      9601700
    10  0 1   9.84  5250.00 1   0.0 -30.6    109804650   0    950     10598300
    11  0 1   9.84  5250.00 1   0.0 -30.0    129804950   0    950     20000300
    12  0 1   9.84  5250.00 1   0.0 -30.6    139407000   0   1000      9602050
    13  0 1   9.84  5248.75 1   0.0 -31.9    150005500   0    950     10598500
    14  0 1   9.84  5248.75 1   0.0 -33.8    160805550   0    950     10800050
    15  0 1   9.84  5248.75 1   0.0 -36.3    170004300   0   1000      9198750
    16  0 1   9.84  5250.00 1   0.0 -39.1    179604500   0   1000      9600200
    17  0 1   9.84  5250.00 1   0.0 -42.5    190203900   0    950     10599400
    18  0 1   9.84  5248.75 1   0.0 -46.6    201004050   0    950     10800150
    19  0 1   9.84  5250.00 1   0.0 -50.6    210204250   0    950      9200200
