    NO  S V  AOA    FREQ    B  FMOP  AMP      TOA      PMOP  PW         dTOA  
------ -- - ------ -------- - ----- ----- ------------ --- ------ ------------
     0  0 1  94.92  9970.00 2   0.0 -69.4      1020400   0   1950  42950693400
     1  0 1  95.62  9970.00 2   0.0 -69.1      2040200   0   2000      1019800
     2  0 1  94.57  9968.50 2   0.0 -68.4      3009900   0   1950       969700
     3  0 1  94.92  9968.50 2   0.0 -68.1      3979800   0   1600       969900
     4  0 1  94.57  9968.50 2   0.0 -67.5      4949650   0   1650       969850
     5  0 1  95.27  9970.00 2   0.0 -66.9      5919800   0   2000       970150
     6  0 1  94.57  9961.00 2   0.0 -66.6      6890050   0   1550       970250
     7  0 1  95.62  9958.00 2   0.0 -65.9      7880150   0   2000       990100
     8  0 1  95.62  9958.00 2   0.0 -65.6      8870400   0   1750       990250
     9  0 1  94.22  9961.00 2   0.0 -64.4     10850750   0   1550      1980350
    10  0 1  94.57  9959.50 2   0.0 -64.1     11840900   0   1900       990150
    11  0 1  94.22  9959.50 2   0.0 -63.4     12840750   0   1800       999850
    12  0 1  95.27  9968.50 2   0.0 -63.1     13840650   0   1950       999900
    13  0 1  94.22  9970.00 2   0.0 -62.5     14840450   0   1600       999800
    14  0 1  95.27  9970.00 2   0.0 -61.9     15840450   0   1650      1000000
    15  0 1  94.22  9968.50 2   0.0 -61.6     16840350   0   1900       999900
    16  0 1  94.57  9968.50 2   0.0 -60.9     17850500   0   2000      1010150
    17  0 1  94.92  9970.00 2   0.0 -60.6     18860750   0   1700      1010250
    18  0 1  94.92  9980.50 2   0.0 -59.7     20880600   0   1650      2019850
    19  0 1  95.27  9979.00 2   0.0 -59.1     21890950   0   2000      1010350
    20  0 1  94.92  9979.00 2   0.0 -58.8     22861200   0   1650       970250
    21  0 1  95.27  9979.00 2   0.0 -58.1     23831500   0   2000       970300
    22  0 1  95.62  9979.00 2   0.0 -57.5     24801150   0   1800       969650
    23  0 1  95.62  9980.50 2   0.0 -57.2     25770650   0   1800       969500
    24  0 1  95.62  9979.00 2   0.0 -56.6     26741100   0   2000       970450
    25  0 1  94.22  9989.50 2   0.0 -56.3     27710700   0   1750       969600
    26  0 1  94.92  9988.00 2   0.0 -55.6     28681100   0   1650       970400
    27  0 1  94.57  9989.50 2   0.0 -54.7     30620500   0   1550      1939400
    28  0 1  94.92  9989.50 2   0.0 -54.4     31590450   0   1800       969950
    29  0 1  94.22  9989.50 2   0.0 -53.8     32550850   0   2000       960400
    30  0 1  94.22  9991.00 2   0.0 -53.4     33510750   0   1800       959900
    31  0 1  94.22  9998.50 2   0.0 -53.1     34470950   0   2000       960200
    32  0 1  95.27  9998.50 2   0.0 -52.5     35430750   0   1900       959800
    33  0 1  95.27  9998.50 2   0.0 -52.2     36391100   0   1600       960350
    34  0 1  94.92  9998.50 2   0.0 -51.6     37341200   0   1900       950100
    35  0 1  94.92  9998.50 2   0.0 -51.3     38291250   0   1600       950050
    36  0 1  95.27 10000.00 2   0.0 -50.3     40191450   0   1600      1900200
    37  0 1  95.62 10010.50 2   0.0 -50.0     41141700   0   1950       950250
    38  0 1  95.27 10010.50 2   0.0 -49.4     42171600   0   1550      1029900
    39  0 1  94.22 10009.00 2   0.0 -49.1     43201800   0   1750      1030200
    40  0 1  95.27 10009.00 2   0.0 -48.4     44232100   0   1950      1030300
    41  0 1  94.22 10010.50 2   0.0 -48.1     45261900   0   1700      1029800
    42  0 1  94.22 10010.50 2   0.0 -47.8     46291650   0   1800      1029750
    43  0 1  94.57 10010.50 2   0.0 -47.2     47331300   0   1750      1039650
    44  0 1  95.62 10019.50 2   0.0 -46.9     48370950   0   1650      1039650
    45  0 1  94.22 10018.00 2   0.0 -45.9     50451100   0   2000      2080150
    46  0 1  94.92 10019.50 2   0.0 -45.6     51491500   0   1750      1040400
    47  0 1  94.92 10021.00 2   0.0 -45.3     52501600   0   1750      1010100
    48  0 1  95.27 10021.00 2   0.0 -45.0     53511200   0   2000      1009600
    49  0 1  94.22 10021.00 2   0.0 -44.4     54521200   0   1750      1010000
    50  0 1  94.92 10030.00 2   0.0 -44.1     55531450   0   1550      1010250
    51  0 1  94.22 10030.00 2   0.0 -43.8     56541000   0   1750      1009550
    52  0 1  94.22 10030.00 2   0.0 -43.4     57560950   0   1800      1019950
    53  0 1  94.92 10028.50 2   0.0 -43.1     58580600   0   1800      1019650
    54  0 1  94.57 10028.50 2   0.0 -42.2     60620500   0   2000      2039900
    55  0 1  95.62 10030.00 2   0.0 -41.9     61640000   0   1950      1019500
    56  0 1  95.62 10039.00 2   0.0 -41.6     62610150   0   1600       970150
    57  0 1  94.22 10040.50 2   0.0 -41.3     63580450   0   1600       970300
    58  0 1  95.62 10039.00 2   0.0 -40.9     64550500   0   1650       970050
    59  0 1  94.57 10039.00 2   0.0 -40.6     65520200   0   1750       969700
    60  0 1  95.27 10040.50 2   0.0 -40.3     66489750   0   1850       969550
    61  0 1  94.57 10039.00 2   0.0 -39.7     67480100   0   2000       990350
    62  0 1  94.92 10039.00 2   0.0 -39.4     68469750   0   1750       989650
    63  0 1  95.62 10048.00 2   0.0 -38.8     70449100   0   1600      1979350
    64  0 1  94.57 10049.50 2   0.0 -38.4     71439400   0   1900       990300
    65  0 1  94.92 10048.00 2   0.0 -38.1     72439050   0   1600       999650
    66  0 1  94.92 10048.00 2   0.0 -37.8     73439450   0   1600      1000400
    67  0 1  95.27 10048.00 2   0.0 -37.5     74439250   0   1650       999800
    68  0 1  94.92 10048.00 2   0.0 -37.5     75438950   0   1600       999700
    69  0 1  94.57 10058.50 2   0.0 -37.2     76439150   0   1800      1000200
    70  0 1  94.57 10060.00 2   0.0 -36.9     77449500   0   1750      1010350
    71  0 1  94.57 10058.50 2   0.0 -36.6     78459850   0   1700      1010350
    72  0 1  95.27 10060.00 2   0.0 -35.9     80479800   0   1750      2019950
    73  0 1  94.92 10060.00 2   0.0 -35.6     81490150   0   1950      1010350
    74  0 1  94.57 10060.00 2   0.0 -35.3     82460100   0   1650       969950
    75  0 1  94.57 10069.00 2   0.0 -35.3     83430150   0   2000       970050
    76  0 1  95.27 10070.50 2   0.0 -35.0     84399950   0   1650       969800
    77  0 1  95.27 10069.00 2   0.0 -34.7     85369850   0   1650       969900
    78  0 1  94.92 10070.50 2   0.0 -34.4     86340000   0   2000       970150
    79  0 1  94.22 10069.00 2   0.0 -34.4     87309500   0   1600       969500
    80  0 1  94.22 10069.00 2   0.0 -34.1     88279600   0   1600       970100
    81  0 1  95.27 10058.50 2   0.0 -33.8     90220100   0   1700      1940500
    82  0 1  95.62 10060.00 2   0.0 -33.4     91190100   0   1750       970000
    83  0 1  95.27 10060.00 2   0.0 -33.1     92149900   0   1550       959800
    84  0 1  95.27 10060.00 2   0.0 -33.1     93110050   0   2000       960150
    85  0 1  95.62 10060.00 2   0.0 -32.8     94069750   0   1600       959700
    86  0 1  95.27 10060.00 2   0.0 -32.5     95030050   0   1800       960300
    87  0 1  95.62 10058.50 2   0.0 -32.5     95989650   0   1950       959600
    88  0 1  95.27 10049.50 2   0.0 -32.2     96939600   0   1900       949950
    89  0 1  94.22 10051.00 2   0.0 -32.2     97889350   0   1750       949750
    90  0 1  95.62 10048.00 2   0.0 -31.9     99789500   0   1900      1900150
    91  0 1  95.27 10051.00 2   0.0 -31.6    100739000   0   1550       949500
    92  0 1  94.57 10048.00 2   0.0 -31.6    101768750   0   1600      1029750
    93  0 1  94.92 10048.00 2   0.0 -31.3    102798250   0   1800      1029500
    94  0 1  94.57  9961.00 2   0.0 -31.3    103827750   0   1700      1029500
    95  0 1  94.22  9961.00 2   0.0 -31.3    104857350   0   1850      1029600
    96  0 1  94.22  9959.50 2   0.0 -30.9    105887100   0   1550      1029750
    97  0 1  95.62  9959.50 2   0.0 -30.9    106927150   0   2000      1040050
    98  0 1  95.27  9958.00 2   0.0 -30.9    107966700   0   1750      1039550
    99  0 1  94.22  9959.50 2   0.0 -30.6    110046850   0   1600      2080150
   100  0 1  94.57  9970.00 2   0.0 -30.6    111086500   0   1850      1039650
   101  0 1  94.22  9968.50 2   0.0 -30.3    112096000   0   1850      1009500
   102  0 1  94.57  9970.00 2   0.0 -30.3    113106350   0   1850      1010350
   103  0 1  95.62  9970.00 2   0.0 -30.3    114115850   0   1650      1009500
   104  0 1  94.22  9970.00 2   0.0 -30.3    115125400   0   1650      1009550
   105  0 1  94.22  9970.00 2   0.0 -30.3    116135500   0   1950      1010100
   106  0 1  94.22  9970.00 2   0.0 -30.0    117155950   0   1550      1020450
   107  0 1  94.22  9958.00 2   0.0 -30.0    118176100   0   1950      1020150
   108  0 1  95.27  9961.00 2   0.0 -30.0    120216400   0   1950      2040300
   109  0 1  94.57  9958.00 2   0.0 -30.0    121236550   0   1850      1020150
   110  0 1  94.92  9959.50 2   0.0 -30.0    122206950   0   1700       970400
   111  0 1  95.62  9961.00 2   0.0 -30.0    123177000   0   1850       970050
   112  0 1  95.62  9961.00 2   0.0 -30.0    124147300   0   1900       970300
   113  0 1  94.22  9970.00 2   0.0 -30.0    125117150   0   1650       969850
   114  0 1  94.57  9968.50 2   0.0 -30.0    126086800   0   1750       969650
   115  0 1  94.92  9970.00 2   0.0 -30.0    127077150   0   1950       990350
   116  0 1  94.57  9968.50 2   0.0 -30.0    128067100   0   1600       989950
   117  0 1  94.57  9968.50 2   0.0 -30.0    130047150   0   1650      1980050
   118  0 1  95.62  9970.00 2   0.0 -30.0    131037100   0   1900       989950
   119  0 1  94.92  9980.50 2   0.0 -30.3    132037400   0   1850      1000300
   120  0 1  94.22  9980.50 2   0.0 -30.3    133037600   0   1550      1000200
   121  0 1  94.92  9979.00 2   0.0 -30.3    134037500   0   1750       999900
   122  0 1  95.27  9980.50 2   0.0 -30.3    135037400   0   1550       999900
   123  0 1  95.62  9980.50 2   0.0 -30.3    136037050   0   1600       999650
   124  0 1  94.92  9979.00 2   0.0 -30.6    137047100   0   1550      1010050
   125  0 1  94.92  9979.00 2   0.0 -30.6    138057500   0   1600      1010400
   126  0 1  94.92  9991.00 2   0.0 -30.9    140078150   0   1750      2020650
   127  0 1  94.22  9988.00 2   0.0 -30.9    141087900   0   2000      1009750
   128  0 1  95.27  9989.50 2   0.0 -30.9    142057400   0   1750       969500
   129  0 1  95.62  9989.50 2   0.0 -31.3    143027850   0   1800       970450
   130  0 1  94.92  9989.50 2   0.0 -31.3    143997400   0   1550       969550
   131  0 1  95.27  9988.00 2   0.0 -31.3    144967350   0   1900       969950
   132  0 1  95.62 10000.00 2   0.0 -31.6    145937450   0   1900       970100
   133  0 1  94.92 10000.00 2   0.0 -31.6    146907750   0   1950       970300
   134  0 1  94.92 10000.00 2   0.0 -31.9    147878050   0   1600       970300
   135  0 1  94.57 10000.00 2   0.0 -32.2    149818300   0   1600      1940250
   136  0 1  95.27 10000.00 2   0.0 -32.2    150788250   0   1650       969950
   137  0 1  94.22  9998.50 2   0.0 -32.5    151748600   0   1950       960350
   138  0 1  94.22 10009.00 2   0.0 -32.5    152708550   0   1900       959950
   139  0 1  95.27 10009.00 2   0.0 -32.8    153668500   0   1550       959950
   140  0 1  95.62 10009.00 2   0.0 -33.1    154628700   0   1700       960200
   141  0 1  94.57 10009.00 2   0.0 -33.1    155588300   0   1650       959600
   142  0 1  94.92 10009.00 2   0.0 -33.4    156538150   0   1600       949850
   143  0 1  94.22 10009.00 2   0.0 -33.8    157488450   0   1550       950300
   144  0 1  94.22 10019.50 2   0.0 -34.1    159389050   0   1650      1900600
   145  0 1  94.22 10019.50 2   0.0 -34.4    160338650   0   1950       949600
   146  0 1  94.57 10018.00 2   0.0 -34.4    161368550   0   1850      1029900
   147  0 1  94.22 10018.00 2   0.0 -34.7    162398800   0   1800      1030250
   148  0 1  95.27 10018.00 2   0.0 -35.0    163429000   0   1950      1030200
   149  0 1  94.57 10018.00 2   0.0 -35.3    164458700   0   1750      1029700
   150  0 1  95.27 10021.00 2   0.0 -35.3    165488200   0   1550      1029500
   151  0 1  94.57 10030.00 2   0.0 -35.6    166527950   0   1650      1039750
   152  0 1  94.22 10030.00 2   0.0 -35.9    167567950   0   1550      1040000
   153  0 1  94.22 10030.00 2   0.0 -36.6    169647950   0   1750      2080000
   154  0 1  94.57 10030.00 2   0.0 -36.9    170687650   0   2000      1039700
   155  0 1  95.62 10028.50 2   0.0 -37.2    171697900   0   1700      1010250
   156  0 1  94.22 10028.50 2   0.0 -37.5    172708350   0   1600      1010450
   157  0 1  94.92 10039.00 2   0.0 -37.5    173718800   0   1600      1010450
   158  0 1  94.92 10039.00 2   0.0 -37.8    174728450   0   1600      1009650
   159  0 1  94.92 10039.00 2   0.0 -38.1    175738550   0   1650      1010100
   160  0 1  95.62 10040.50 2   0.0 -38.4    176758400   0   1550      1019850
   161  0 1  95.62 10039.00 2   0.0 -38.8    177778100   0   1600      1019700
   162  0 1  94.22 10039.00 2   0.0 -39.4    179817550   0   1600      2039450
   163  0 1  95.62 10051.00 2   0.0 -39.7    180837650   0   1550      1020100
   164  0 1  94.92 10051.00 2   0.0 -40.3    181807400   0   1850       969750
   165  0 1  94.57 10049.50 2   0.0 -40.6    182777350   0   1650       969950
   166  0 1  94.57 10051.00 2   0.0 -40.9    183747000   0   1750       969650
   167  0 1  94.57 10049.50 2   0.0 -41.3    184716550   0   2000       969550
   168  0 1  94.92 10049.50 2   0.0 -41.6    185686050   0   1600       969500
   169  0 1  95.62 10048.00 2   0.0 -41.9    186675800   0   1900       989750
   170  0 1  94.22 10058.50 2   0.0 -42.2    187666000   0   1950       990200
   171  0 1  94.57 10060.00 2   0.0 -43.1    189646000   0   1950      1980000
   172  0 1  95.27 10060.00 2   0.0 -43.4    190635800   0   1800       989800
   173  0 1  94.22 10058.50 2   0.0 -43.8    191636000   0   1650      1000200
   174  0 1  94.57 10058.50 2   0.0 -44.1    192636000   0   1550      1000000
   175  0 1  94.22 10060.00 2   0.0 -44.4    193636450   0   1900      1000450
   176  0 1  94.57 10069.00 2   0.0 -45.0    194636850   0   2000      1000400
   177  0 1  94.57 10069.00 2   0.0 -45.3    195637000   0   1700      1000150
   178  0 1  95.27 10069.00 2   0.0 -45.6    196647100   0   1650      1010100
   179  0 1  94.92 10069.00 2   0.0 -45.9    197657400   0   1950      1010300
   180  0 1  94.92 10069.00 2   0.0 -46.9    199676750   0   1650      2019350
   181  0 1  95.62 10069.00 2   0.0 -47.2    200686500   0   1850      1009750
   182  0 1  94.57 10060.00 2   0.0 -47.8    201656450   0   1850       969950
   183  0 1  95.62 10060.00 2   0.0 -48.1    202626650   0   1600       970200
   184  0 1  95.62 10060.00 2   0.0 -48.4    203596400   0   1650       969750
   185  0 1  94.22 10060.00 2   0.0 -49.1    204566800   0   1550       970400
   186  0 1  94.22 10058.50 2   0.0 -49.4    205536650   0   1600       969850
   187  0 1  94.22 10058.50 2   0.0 -50.0    206506400   0   1550       969750
   188  0 1  95.62 10060.00 2   0.0 -50.3    207476500   0   1850       970100
   189  0 1  95.62 10048.00 2   0.0 -51.3    209416250   0   1600      1939750
   190  0 1  94.22 10051.00 2   0.0 -51.6    210386050   0   2000       969800
   191  0 1  95.62 10049.50 2   0.0 -52.2    211346000   0   1850       959950
   192  0 1  94.57 10051.00 2   0.0 -52.5    212306000   0   1650       960000
   193  0 1  95.27 10049.50 2   0.0 -53.1    213265900   0   1950       959900
   194  0 1  94.92 10049.50 2   0.0 -53.4    214226300   0   1900       960400
   195  0 1  95.27  9961.00 2   0.0 -53.8    215186500   0   1800       960200
   196  0 1  94.57  9961.00 2   0.0 -54.4    216136350   0   1550       949850
   197  0 1  95.27  9958.00 2   0.0 -54.7    217086100   0   1750       949750
   198  0 1  95.62  9958.00 2   0.0 -55.6    218985350   0   2000      1899250
   199  0 1  95.27  9961.00 2   0.0 -56.3    219935450   0   1550       950100
   200  0 1  94.57  9959.50 2   0.0 -56.6    220965150   0   1900      1029700
   201  0 1  94.92  9970.00 2   0.0 -57.2    221995200   0   1550      1030050
   202  0 1  94.92  9970.00 2   0.0 -57.5    223025550   0   1750      1030350
   203  0 1  94.92  9970.00 2   0.0 -58.1    224055400   0   1550      1029850
   204  0 1  95.62  9968.50 2   0.0 -58.8    225084900   0   1900      1029500
   205  0 1  95.27  9970.00 2   0.0 -59.1    226124850   0   1650      1039950
   206  0 1  94.92  9970.00 2   0.0 -59.7    227165000   0   1850      1040150
   207  0 1  95.62  9961.00 2   0.0 -60.6    229244900   0   1600      2079900
   208  0 1  95.27  9961.00 2   0.0 -60.9    230285350   0   1900      1040450
   209  0 1  94.22  9961.00 2   0.0 -61.6    231295450   0   1750      1010100
   210  0 1  94.22  9959.50 2   0.0 -61.9    232305800   0   1550      1010350
   211  0 1  95.27  9959.50 2   0.0 -62.5    233315950   0   1750      1010150
   212  0 1  94.57  9961.00 2   0.0 -63.1    234325700   0   1850      1009750
   213  0 1  95.27  9958.00 2   0.0 -63.4    235336000   0   2000      1010300
   214  0 1  95.27  9968.50 2   0.0 -64.1    236356200   0   1750      1020200
   215  0 1  95.27  9970.00 2   0.0 -64.4    237376100   0   1600      1019900
   216  0 1  95.27  9968.50 2   0.0 -65.6    239416100   0   1650      2040000
   217  0 1  94.22  9970.00 2   0.0 -65.9    240436200   0   1800      1020100
   218  0 1  94.22  9970.00 2   0.0 -66.6    241405700   0   1550       969500
   219  0 1  94.22  9968.50 2   0.0 -66.9    242376000   0   1600       970300
   220  0 1  94.22  9979.00 2   0.0 -67.5    243346100   0   1900       970100
   221  0 1  94.92  9979.00 2   0.0 -68.1    244316450   0   2000       970350
   222  0 1  94.22  9979.00 2   0.0 -68.4    245286550   0   1800       970100
   223  0 1  94.57  9979.00 2   0.0 -69.1    246276250   0   1800       989700
   224  0 1  94.57  9980.50 2   0.0 -69.4    247265850   0   1550       989600
