    NO  S V  AOA    FREQ    B  FMOP  AMP      TOA      PMOP  PW         dTOA  
------ -- - ------ -------- - ----- ----- ------------ --- ------ ------------
     0  0 1  94.57  9970.00 2   0.0 -70.0            0   0   1950  42949673000
     1  0 1  94.57  9968.50 2   0.0 -69.4      1010050   0   1550      1010050
     2  0 1  94.92  9968.50 2   0.0 -69.1      2019600   0   1750      1009550
     3  0 1  94.22  9970.00 2   0.0 -68.1      4059500   0   1850      2039900
     4  0 1  94.57  9970.00 2   0.0 -67.5      5079350   0   1950      1019850
     5  0 1  94.57  9968.50 2   0.0 -66.9      6099100   0   1950      1019750
     6  0 1  94.22  9959.50 2   0.0 -66.6      7119350   0   1550      1020250
     7  0 1  94.57  9958.00 2   0.0 -65.9      8089250   0   1950       969900
     8  0 1  94.22  9958.00 2   0.0 -65.6      9059250   0   1700       970000
     9  0 1  95.62  9958.00 2   0.0 -65.0     10029350   0   2000       970100
    10  0 1  94.92  9961.00 2   0.0 -64.4     10999300   0   1650       969950
    11  0 1  94.22  9961.00 2   0.0 -64.1     11968950   0   1850       969650
    12  0 1  94.22  9968.50 2   0.0 -63.1     13949000   0   1750      1980050
    13  0 1  94.57  9968.50 2   0.0 -62.5     14938700   0   2000       989700
    14  0 1  94.92  9970.00 2   0.0 -61.9     15928350   0   1600       989650
    15  0 1  95.62  9968.50 2   0.0 -61.6     16918750   0   2000       990400
    16  0 1  94.22  9968.50 2   0.0 -60.9     17918550   0   1900       999800
    17  0 1  94.92  9970.00 2   0.0 -60.6     18918300   0   1550       999750
    18  0 1  94.57  9970.00 2   0.0 -60.0     19918650   0   1700      1000350
    19  0 1  95.27  9980.50 2   0.0 -59.7     20918800   0   1650      1000150
    20  0 1  95.62  9979.00 2   0.0 -59.1     21918650   0   1650       999850
    21  0 1  94.92  9979.00 2   0.0 -58.1     23938350   0   1650      2019700
    22  0 1  94.57  9979.00 2   0.0 -57.5     24948000   0   1750      1009650
    23  0 1  95.62  9980.50 2   0.0 -57.2     25958450   0   1900      1010450
    24  0 1  94.92  9980.50 2   0.0 -56.6     26968550   0   1700      1010100
    25  0 1  95.62  9989.50 2   0.0 -56.3     27938450   0   1600       969900
    26  0 1  94.92  9991.00 2   0.0 -55.6     28908250   0   1550       969800
    27  0 1  95.27  9991.00 2   0.0 -55.3     29878400   0   1550       970150
    28  0 1  95.27  9991.00 2   0.0 -54.7     30848550   0   1900       970150
    29  0 1  95.27  9989.50 2   0.0 -54.4     31818400   0   1850       969850
    30  0 1  94.57  9989.50 2   0.0 -53.4     33757900   0   2000      1939500
    31  0 1  95.62  9998.50 2   0.0 -53.1     34728350   0   1900       970450
    32  0 1  94.92  9998.50 2   0.0 -52.5     35698250   0   1600       969900
    33  0 1  95.27  9998.50 2   0.0 -52.2     36668250   0   1600       970000
    34  0 1  95.27 10000.00 2   0.0 -51.6     37628600   0   1700       960350
    35  0 1  95.62 10000.00 2   0.0 -51.3     38588550   0   1700       959950
    36  0 1  94.92 10000.00 2   0.0 -50.6     39548450   0   1850       959900
    37  0 1  94.22 10000.00 2   0.0 -50.3     40508150   0   1950       959700
    38  0 1  94.22 10009.00 2   0.0 -50.0     41468350   0   1650       960200
    39  0 1  95.27 10010.50 2   0.0 -49.1     43368100   0   1950      1899750
    40  0 1  94.22 10009.00 2   0.0 -48.4     44317950   0   1850       949850
    41  0 1  94.92 10009.00 2   0.0 -48.1     45268050   0   2000       950100
    42  0 1  94.22 10009.00 2   0.0 -47.8     46218000   0   1600       949950
    43  0 1  94.92 10009.00 2   0.0 -47.2     47247800   0   2000      1029800
    44  0 1  94.22 10018.00 2   0.0 -46.9     48277850   0   1950      1030050
    45  0 1  94.92 10021.00 2   0.0 -46.6     49307750   0   1900      1029900
    46  0 1  95.62 10019.50 2   0.0 -45.9     50337300   0   1850      1029550
    47  0 1  94.57 10021.00 2   0.0 -45.6     51366900   0   1800      1029600
    48  0 1  94.57 10021.00 2   0.0 -45.0     53446900   0   1650      2080000
    49  0 1  94.22 10018.00 2   0.0 -44.4     54486850   0   1550      1039950
    50  0 1  95.27 10030.00 2   0.0 -44.1     55527200   0   1550      1040350
    51  0 1  95.27 10030.00 2   0.0 -43.8     56566900   0   1650      1039700
    52  0 1  94.92 10028.50 2   0.0 -43.4     57577200   0   1650      1010300
    53  0 1  95.62 10030.00 2   0.0 -43.1     58587500   0   1600      1010300
    54  0 1  94.57 10028.50 2   0.0 -42.5     59597200   0   1700      1009700
    55  0 1  95.62 10030.00 2   0.0 -42.2     60606850   0   2000      1009650
    56  0 1  94.22 10030.00 2   0.0 -41.9     61616500   0   1900      1009650
    57  0 1  94.22 10040.50 2   0.0 -41.3     63655900   0   1750      2039400
    58  0 1  94.22 10040.50 2   0.0 -40.9     64675950   0   1900      1020050
    59  0 1  95.62 10039.00 2   0.0 -40.6     65695600   0   1700      1019650
    60  0 1  95.27 10039.00 2   0.0 -40.3     66715250   0   1700      1019650
    61  0 1  94.92 10039.00 2   0.0 -39.7     67685300   0   1850       970050
    62  0 1  95.62 10040.50 2   0.0 -39.4     68655700   0   1700       970400
    63  0 1  94.57 10048.00 2   0.0 -39.1     69626100   0   2000       970400
    64  0 1  94.22 10048.00 2   0.0 -38.8     70595600   0   1750       969500
    65  0 1  94.57 10049.50 2   0.0 -38.4     71565950   0   1650       970350
    66  0 1  94.92 10051.00 2   0.0 -37.8     73545800   0   2000      1979850
    67  0 1  95.62 10051.00 2   0.0 -37.5     74535950   0   1900       990150
    68  0 1  94.22 10051.00 2   0.0 -37.5     75526000   0   1800       990050
    69  0 1  94.57 10060.00 2   0.0 -37.2     76515800   0   1550       989800
    70  0 1  94.57 10060.00 2   0.0 -36.9     77515700   0   1550       999900
    71  0 1  94.22 10060.00 2   0.0 -36.6     78516150   0   1950      1000450
    72  0 1  95.62 10060.00 2   0.0 -36.3     79516150   0   1600      1000000
    73  0 1  95.27 10058.50 2   0.0 -35.9     80515950   0   1850       999800
    74  0 1  95.27 10060.00 2   0.0 -35.6     81516150   0   1600      1000200
    75  0 1  94.22 10070.50 2   0.0 -35.3     83536100   0   1600      2019950
    76  0 1  94.92 10069.00 2   0.0 -35.0     84545650   0   1900      1009550
    77  0 1  94.92 10070.50 2   0.0 -34.7     85555450   0   1600      1009800
    78  0 1  95.27 10069.00 2   0.0 -34.4     86565250   0   1800      1009800
    79  0 1  95.27 10070.50 2   0.0 -34.4     87535550   0   1850       970300
    80  0 1  94.92 10069.00 2   0.0 -34.1     88505600   0   1550       970050
    81  0 1  94.22 10069.00 2   0.0 -33.8     89475750   0   1700       970150
    82  0 1  95.62 10060.00 2   0.0 -33.8     90445700   0   1800       969950
    83  0 1  94.57 10060.00 2   0.0 -33.4     91415650   0   1700       969950
    84  0 1  94.92 10060.00 2   0.0 -33.1     93355400   0   1850      1939750
    85  0 1  94.92 10058.50 2   0.0 -32.8     94325550   0   1750       970150
    86  0 1  94.22 10060.00 2   0.0 -32.5     95295200   0   1700       969650
    87  0 1  94.57 10058.50 2   0.0 -32.5     96265350   0   1850       970150
    88  0 1  95.27 10048.00 2   0.0 -32.2     97225450   0   1750       960100
    89  0 1  94.92 10049.50 2   0.0 -32.2     98185700   0   1650       960250
    90  0 1  94.22 10051.00 2   0.0 -31.9     99145600   0   1550       959900
    91  0 1  95.27 10051.00 2   0.0 -31.9    100105250   0   1950       959650
    92  0 1  94.57 10049.50 2   0.0 -31.6    101064750   0   1650       959500
    93  0 1  95.62 10051.00 2   0.0 -31.3    102964500   0   1650      1899750
    94  0 1  95.62  9959.50 2   0.0 -31.3    103914050   0   1750       949550
    95  0 1  94.57  9961.00 2   0.0 -31.3    104863600   0   1900       949550
    96  0 1  95.62  9959.50 2   0.0 -30.9    105813950   0   1750       950350
    97  0 1  95.27  9958.00 2   0.0 -30.9    106844000   0   1550      1030050
    98  0 1  94.92  9958.00 2   0.0 -30.9    107874450   0   2000      1030450
    99  0 1  95.62  9958.00 2   0.0 -30.6    108904450   0   1950      1030000
   100  0 1  95.27  9958.00 2   0.0 -30.6    109934050   0   1550      1029600
   101  0 1  94.22  9970.00 2   0.0 -30.6    110963550   0   1550      1029500
   102  0 1  95.62  9970.00 2   0.0 -30.3    113042900   0   2000      2079350
   103  0 1  94.92  9970.00 2   0.0 -30.3    114082900   0   1550      1040000
   104  0 1  94.92  9970.00 2   0.0 -30.3    115122550   0   1550      1039650
   105  0 1  94.57  9970.00 2   0.0 -30.3    116162450   0   1800      1039900
   106  0 1  95.62  9968.50 2   0.0 -30.0    117172450   0   1800      1010000
   107  0 1  94.57  9958.00 2   0.0 -30.0    118182400   0   1800      1009950
   108  0 1  94.22  9958.00 2   0.0 -30.0    119192350   0   2000      1009950
   109  0 1  94.57  9959.50 2   0.0 -30.0    120201950   0   1600      1009600
   110  0 1  94.22  9961.00 2   0.0 -30.0    121211850   0   1650      1009900
   111  0 1  95.27  9959.50 2   0.0 -30.0    123252750   0   1550      2040900
   112  0 1  94.22  9958.00 2   0.0 -30.0    124273050   0   1550      1020300
   113  0 1  94.57  9970.00 2   0.0 -30.0    125293000   0   1650      1019950
   114  0 1  94.57  9968.50 2   0.0 -30.0    126312850   0   1550      1019850
   115  0 1  94.57  9970.00 2   0.0 -30.0    127282500   0   1800       969650
   116  0 1  94.92  9970.00 2   0.0 -30.0    128252350   0   1700       969850
   117  0 1  94.92  9970.00 2   0.0 -30.0    129222500   0   1650       970150
   118  0 1  94.22  9970.00 2   0.0 -30.0    130192800   0   1700       970300
   119  0 1  94.57  9970.00 2   0.0 -30.0    131163150   0   1800       970350
   120  0 1  94.57  9979.00 2   0.0 -30.3    133142800   0   1700      1979650
   121  0 1  94.92  9980.50 2   0.0 -30.3    134132750   0   1650       989950
   122  0 1  95.27  9980.50 2   0.0 -30.3    135122750   0   1900       990000
   123  0 1  94.92  9980.50 2   0.0 -30.3    136113150   0   2000       990400
   124  0 1  94.57  9979.00 2   0.0 -30.6    137112950   0   1750       999800
   125  0 1  94.57  9980.50 2   0.0 -30.6    138112500   0   1700       999550
   126  0 1  95.62  9991.00 2   0.0 -30.6    139112750   0   1850      1000250
   127  0 1  94.22  9989.50 2   0.0 -30.9    140112650   0   1800       999900
   128  0 1  95.62  9991.00 2   0.0 -30.9    141112750   0   1700      1000100
   129  0 1  94.22  9991.00 2   0.0 -31.3    143132750   0   1550      2020000
   130  0 1  95.27  9991.00 2   0.0 -31.3    144142600   0   1550      1009850
   131  0 1  94.57  9991.00 2   0.0 -31.3    145152150   0   1700      1009550
   132  0 1  94.92 10000.00 2   0.0 -31.6    146162550   0   1550      1010400
   133  0 1  95.62 10000.00 2   0.0 -31.6    147133000   0   1750       970450
   134  0 1  94.57 10000.00 2   0.0 -31.9    148102750   0   1950       969750
   135  0 1  95.62  9998.50 2   0.0 -31.9    149072250   0   1750       969500
   136  0 1  95.27 10000.00 2   0.0 -32.2    150041950   0   2000       969700
   137  0 1  94.92  9998.50 2   0.0 -32.2    151011550   0   1600       969600
   138  0 1  94.22 10009.00 2   0.0 -32.5    152951400   0   1650      1939850
   139  0 1  94.22 10009.00 2   0.0 -32.8    153921800   0   1700       970400
   140  0 1  95.62 10009.00 2   0.0 -33.1    154891650   0   1600       969850
   141  0 1  94.57 10010.50 2   0.0 -33.1    155861750   0   1700       970100
   142  0 1  95.27 10009.00 2   0.0 -33.4    156822150   0   1900       960400
   143  0 1  95.27 10009.00 2   0.0 -33.8    157781700   0   1650       959550
   144  0 1  94.92 10009.00 2   0.0 -33.8    158742000   0   1700       960300
   145  0 1  94.57 10019.50 2   0.0 -34.1    159702050   0   1950       960050
   146  0 1  95.27 10019.50 2   0.0 -34.4    160661550   0   1650       959500
   147  0 1  94.92 10019.50 2   0.0 -34.7    162561000   0   1750      1899450
   148  0 1  94.92 10018.00 2   0.0 -35.0    163510900   0   1600       949900
   149  0 1  94.92 10021.00 2   0.0 -35.3    164461000   0   1850       950100
   150  0 1  94.57 10018.00 2   0.0 -35.3    165410650   0   1550       949650
   151  0 1  94.57 10030.00 2   0.0 -35.6    166440850   0   1900      1030200
   152  0 1  94.22 10030.00 2   0.0 -35.9    167470800   0   2000      1029950
   153  0 1  95.27 10028.50 2   0.0 -36.3    168501050   0   1600      1030250
   154  0 1  95.27 10030.00 2   0.0 -36.6    169531500   0   1950      1030450
   155  0 1  94.22 10030.00 2   0.0 -36.9    170561050   0   1750      1029550
   156  0 1  95.62 10028.50 2   0.0 -37.5    172641550   0   1550      2080500
   157  0 1  94.92 10039.00 2   0.0 -37.5    173681650   0   1950      1040100
   158  0 1  95.62 10039.00 2   0.0 -37.8    174721800   0   1600      1040150
   159  0 1  94.57 10039.00 2   0.0 -38.1    175761350   0   1800      1039550
   160  0 1  95.27 10039.00 2   0.0 -38.4    176771150   0   1650      1009800
   161  0 1  94.92 10039.00 2   0.0 -38.8    177780950   0   1650      1009800
   162  0 1  95.27 10040.50 2   0.0 -39.1    178790600   0   1600      1009650
   163  0 1  94.22 10040.50 2   0.0 -39.4    179800600   0   1850      1010000
   164  0 1  94.57 10051.00 2   0.0 -39.7    180810850   0   1700      1010250
   165  0 1  95.62 10048.00 2   0.0 -40.6    182850300   0   1850      2039450
   166  0 1  94.57 10051.00 2   0.0 -40.9    183870150   0   1850      1019850
   167  0 1  94.22 10051.00 2   0.0 -41.3    184890000   0   1550      1019850
   168  0 1  95.62 10049.50 2   0.0 -41.6    185910000   0   1750      1020000
   169  0 1  94.22 10048.00 2   0.0 -41.9    186880250   0   1700       970250
   170  0 1  95.62 10058.50 2   0.0 -42.2    187849950   0   1900       969700
   171  0 1  94.92 10060.00 2   0.0 -42.5    188820050   0   1600       970100
   172  0 1  94.92 10060.00 2   0.0 -43.1    189789800   0   1600       969750
   173  0 1  94.57 10060.00 2   0.0 -43.4    190759600   0   1650       969800
   174  0 1  94.57 10060.00 2   0.0 -44.1    192740300   0   1550      1980700
   175  0 1  94.22 10060.00 2   0.0 -44.4    193730500   0   1600       990200
   176  0 1  95.27 10069.00 2   0.0 -45.0    194720150   0   1650       989650
   177  0 1  94.22 10069.00 2   0.0 -45.3    195709850   0   2000       989700
   178  0 1  95.62 10070.50 2   0.0 -45.6    196709400   0   1950       999550
   179  0 1  95.27 10070.50 2   0.0 -45.9    197709750   0   1600      1000350
   180  0 1  94.22 10070.50 2   0.0 -46.6    198709400   0   1850       999650
   181  0 1  95.62 10069.00 2   0.0 -46.9    199709550   0   1800      1000150
   182  0 1  94.22 10070.50 2   0.0 -47.2    200709750   0   2000      1000200
   183  0 1  95.27 10058.50 2   0.0 -48.1    202730000   0   1900      2020250
   184  0 1  94.57 10058.50 2   0.0 -48.4    203739600   0   1600      1009600
   185  0 1  94.92 10060.00 2   0.0 -49.1    204749700   0   1700      1010100
   186  0 1  94.57 10060.00 2   0.0 -49.4    205759900   0   1650      1010200
   187  0 1  94.57 10058.50 2   0.0 -50.0    206730250   0   1900       970350
   188  0 1  94.57 10060.00 2   0.0 -50.3    207700550   0   2000       970300
   189  0 1  95.62 10049.50 2   0.0 -50.6    208670850   0   1900       970300
   190  0 1  95.62 10049.50 2   0.0 -51.3    209640950   0   1650       970100
   191  0 1  94.57 10049.50 2   0.0 -51.6    210611300   0   2000       970350
   192  0 1  94.22 10051.00 2   0.0 -52.5    212550650   0   1550      1939350
   193  0 1  94.22 10051.00 2   0.0 -53.1    213521050   0   1700       970400
   194  0 1  95.27 10049.50 2   0.0 -53.4    214490950   0   1950       969900
   195  0 1  95.62  9959.50 2   0.0 -53.8    215460900   0   2000       969950
   196  0 1  95.62  9959.50 2   0.0 -54.4    216420650   0   1550       959750
   197  0 1  94.92  9958.00 2   0.0 -54.7    217380900   0   1600       960250
   198  0 1  94.57  9958.00 2   0.0 -55.3    218341000   0   1650       960100
   199  0 1  95.62  9961.00 2   0.0 -55.6    219300800   0   1550       959800
   200  0 1  95.62  9961.00 2   0.0 -56.3    220261050   0   1950       960250
   201  0 1  95.27  9970.00 2   0.0 -57.2    222160350   0   2000      1899300
   202  0 1  95.27  9968.50 2   0.0 -57.5    223110050   0   1900       949700
   203  0 1  94.92  9968.50 2   0.0 -58.1    224060350   0   1750       950300
   204  0 1  95.27  9968.50 2   0.0 -58.8    225010750   0   2000       950400
   205  0 1  94.92  9970.00 2   0.0 -59.1    226040400   0   1900      1029650
   206  0 1  95.27  9970.00 2   0.0 -59.7    227069950   0   2000      1029550
   207  0 1  94.57  9968.50 2   0.0 -60.0    228099800   0   1800      1029850
   208  0 1  95.27  9961.00 2   0.0 -60.6    229129350   0   1700      1029550
   209  0 1  95.62  9958.00 2   0.0 -60.9    230159100   0   1900      1029750
   210  0 1  95.27  9961.00 2   0.0 -61.9    232238450   0   1950      2079350
   211  0 1  95.27  9958.00 2   0.0 -62.5    233278200   0   1800      1039750
   212  0 1  94.22  9959.50 2   0.0 -63.1    234318050   0   2000      1039850
   213  0 1  95.27  9959.50 2   0.0 -63.4    235358050   0   1850      1040000
   214  0 1  95.62  9968.50 2   0.0 -64.1    236368250   0   1750      1010200
   215  0 1  95.62  9970.00 2   0.0 -64.4    237377800   0   1750      1009550
   216  0 1  94.92  9970.00 2   0.0 -65.0    238388250   0   1550      1010450
   217  0 1  95.62  9970.00 2   0.0 -65.6    239398150   0   1700      1009900
   218  0 1  95.62  9970.00 2   0.0 -65.9    240408400   0   1600      1010250
   219  0 1  94.92  9970.00 2   0.0 -66.9    242448150   0   1750      2039750
   220  0 1  95.27  9979.00 2   0.0 -67.5    243468100   0   1550      1019950
   221  0 1  95.27  9979.00 2   0.0 -68.1    244488350   0   1800      1020250
   222  0 1  94.57  9979.00 2   0.0 -68.4    245508450   0   1750      1020100
   223  0 1  94.22  9979.00 2   0.0 -69.1    246478600   0   1900       970150
   224  0 1  95.27  9979.00 2   0.0 -69.4    247448550   0   1900       969950
