    NO  S V  AOA    FREQ    B  FMOP  AMP      TOA      PMOP  PW         dTOA  
------ -- - ------ -------- - ----- ----- ------------ --- ------ ------------
     0  0 1   9.84  5266.25 1   0.0 -70.0            0   0   2000  42949673000
     1  0 1   9.84  5262.50 1   0.0 -65.9       449650   0   2000       449650
     2  0 1   9.84  5240.00 1   0.0 -57.5      1459500   0   2000      1009850
     3  0 1   9.84  5255.00 1   0.0 -53.8      1973400   0   1950       513900
     4  0 1   9.84  5251.25 1   0.0 -50.0      2465750   0   2000       492350
     5  0 1   9.84  5238.75 1   0.0 -46.6      2998650   0   2000       532900
     6  0 1   9.84  5237.50 1   0.0 -43.1      3470050   0   1950       471400
     7  0 1   9.84  5258.75 1   0.0 -40.3      4010000   0   2000       539950
     8  0 1   9.84  5253.75 1   0.0 -37.5      4508850   0   1950       498850
     9  0 1   9.84  5241.25 1   0.0 -35.3      4986600   0   2000       477750
    10  0 1   9.84  5268.75 1   0.0 -33.4      5460500   0   2000       473900
    11  0 1   9.84  5230.00 1   0.0 -30.9      6435950   0   2000       975450
    12  0 1   9.84  5235.00 1   0.0 -30.3      6983650   0   2000       547700
    13  0 1   9.84  5265.00 1   0.0 -30.0      7506800   0   1950       523150
    14  0 1   9.84  5241.25 1   0.0 -30.3      8027600   0   1950       520800
    15  0 1   9.84  5241.25 1   0.0 -30.9      8479350   0   1950       451750
    16  0 1   9.84  5246.25 1   0.0 -31.9      9023100   0   1950       543750
    17  0 1   9.84  5242.50 1   0.0 -33.4      9489300   0   2000       466200
    18  0 1   9.84  5243.75 1   0.0 -35.3      9978900   0   1950       489600
    19  0 1   9.84  5240.00 1   0.0 -37.5     10458450   0   1950       479550
    20  0 1   9.84  5241.25 1   0.0 -43.1     11539600   0   1950      1081150
    21  0 1   9.84  5253.75 1   0.0 -46.6     12050750   0   2000       511150
    22  0 1   9.84  5235.00 1   0.0 -50.0     12504050   0   1950       453300
    23  0 1   9.84  5230.00 1   0.0 -53.8     12965000   0   1950       460950
    24  0 1   9.84  5265.00 1   0.0 -57.5     13433400   0   1950       468400
    25  0 1   9.84  5233.75 1   0.0 -61.6     13945050   0   1950       511650
    26  0 1   9.84  5257.50 1   0.0 -65.9     14397600   0   1950       452550
