    NO  S V  AOA    FREQ    B  FMOP  AMP      TOA      PMOP  PW         dTOA  
------ -- - ------ -------- - ----- ----- ------------ --- ------ ------------
     0  0 1   9.84  5265.00 1   0.0 -70.0            0   0   2000  42949673000
     1  0 1   9.84  5230.00 1   0.0 -65.9       494350   0   2000       494350
     2  0 1   9.84  5230.00 1   0.0 -61.6      1015550   0   1950       521200
     3  0 1   9.84  5257.50 1   0.0 -57.5      1469350   0   1950       453800
     4  0 1   9.84  5265.00 1   0.0 -53.8      1948000   0   2000       478650
     5  0 1   9.84  5241.25 1   0.0 -50.0      2436550   0   2000       488550
     6  0 1   9.84  5251.25 1   0.0 -46.6      2976650   0   1950       540100
     7  0 1   9.84  5240.00 1   0.0 -43.1      3486650   0   2000       510000
     8  0 1   9.84  5265.00 1   0.0 -40.3      3938100   0   2000       451450
     9  0 1   9.84  5250.00 1   0.0 -35.3      4983600   0   1950      1045500
    10  0 1   9.84  5235.00 1   0.0 -33.4      5500900   0   2000       517300
    11  0 1   9.84  5230.00 1   0.0 -31.9      5951900   0   1950       451000
    12  0 1   9.84  5240.00 1   0.0 -30.9      6412700   0   1950       460800
    13  0 1   9.84  5260.00 1   0.0 -30.3      6908400   0   2000       495700
    14  0 1   9.84  5246.25 1   0.0 -30.0      7375500   0   2000       467100
    15  0 1   9.84  5248.75 1   0.0 -30.3      7879550   0   2000       504050
    16  0 1   9.84  5245.00 1   0.0 -30.9      8403050   0   1950       523500
    17  0 1   9.84  5261.25 1   0.0 -31.9      8936750   0   2000       533700
    18  0 1   9.84  5267.50 1   0.0 -35.3      9947700   0   1950      1010950
    19  0 1   9.84  5247.50 1   0.0 -37.5     10400000   0   1950       452300
    20  0 1   9.84  5245.00 1   0.0 -40.3     10940800   0   1950       540800
    21  0 1   9.84  5243.75 1   0.0 -43.1     11453000   0   1950       512200
    22  0 1   9.84  5270.00 1   0.0 -46.6     11933050   0   2000       480050
    23  0 1   9.84  5261.25 1   0.0 -50.0     12405950   0   1950       472900
    24  0 1   9.84  5248.75 1   0.0 -53.8     12924900   0   2000       518950
    25  0 1   9.84  5266.25 1   0.0 -57.5     13457500   0   2000       532600
    26  0 1   9.84  5257.50 1   0.0 -61.6     14006350   0   1950       548850
