    NO  S V  AOA    FREQ    B  FMOP  AMP      TOA      PMOP  PW         dTOA  
------ -- - ------ -------- - ----- ----- ------------ --- ------ ------------
     0  0 1   9.84  5261.25 1   0.0 -70.0            0   0   1950  42949673000
     1  0 1   9.84  5243.75 1   0.0 -65.9       515250   0   1950       515250
     2  0 1   9.84  5258.75 1   0.0 -61.6      1011700   0   2000       496450
     3  0 1   9.84  5257.50 1   0.0 -57.5      1556050   0   2000       544350
     4  0 1   9.84  5230.00 1   0.0 -50.0      2628900   0   2000      1072850
     5  0 1   9.84  5261.25 1   0.0 -46.6      3161000   0   2000       532100
     6  0 1   9.84  5237.50 1   0.0 -43.1      3654450   0   1950       493450
     7  0 1   9.84  5258.75 1   0.0 -40.3      4175000   0   1950       520550
     8  0 1   9.84  5263.75 1   0.0 -37.5      4681800   0   2000       506800
     9  0 1   9.84  5233.75 1   0.0 -35.3      5153650   0   1950       471850
    10  0 1   9.84  5263.75 1   0.0 -33.4      5649400   0   2000       495750
    11  0 1   9.84  5263.75 1   0.0 -31.9      6166800   0   1950       517400
    12  0 1   9.84  5263.75 1   0.0 -30.9      6624150   0   1950       457350
    13  0 1   9.84  5240.00 1   0.0 -30.0      7620450   0   1950       996300
    14  0 1   9.84  5260.00 1   0.0 -30.3      8075900   0   2000       455450
    15  0 1   9.84  5245.00 1   0.0 -30.9      8599200   0   2000       523300
    16  0 1   9.84  5248.75 1   0.0 -31.9      9081700   0   2000       482500
    17  0 1   9.84  5267.50 1   0.0 -33.4      9570050   0   1950       488350
    18  0 1   9.84  5260.00 1   0.0 -35.3     10066650   0   2000       496600
    19  0 1   9.84  5260.00 1   0.0 -37.5     10576100   0   2000       509450
    20  0 1   9.84  5250.00 1   0.0 -40.3     11098750   0   1950       522650
    21  0 1   9.84  5255.00 1   0.0 -43.1     11572150   0   2000       473400
    22  0 1   9.84  5233.75 1   0.0 -50.0     12578800   0   1950      1006650
    23  0 1   9.84  5238.75 1   0.0 -53.8     13051150   0   1950       472350
    24  0 1   9.84  5261.25 1   0.0 -57.5     13556950   0   2000       505800
    25  0 1   9.84  5265.00 1   0.0 -61.6     14022500   0   1950       465550
    26  0 1   9.84  5260.00 1   0.0 -65.9     14476200   0   2000       453700
