    NO  S V  AOA    FREQ    B  FMOP  AMP      TOA      PMOP  PW         dTOA  
------ -- - ------ -------- - ----- ----- ------------ --- ------ ------------
     0  0 1   9.84  5233.75 1   0.0 -70.0            0   0   2000  42949673000
     1  0 1   9.84  5261.25 1   0.0 -65.9       485500   0   1950       485500
     2  0 1   9.84  5250.00 1   0.0 -61.6       959500   0   2000       474000
     3  0 1   9.84  5256.25 1   0.0 -57.5      1466450   0   2000       506950
     4  0 1   9.84  5238.75 1   0.0 -53.8      1941750   0   1950       475300
     5  0 1   9.84  5230.00 1   0.0 -50.0      2398700   0   1950       456950
     6  0 1   9.84  5261.25 1   0.0 -43.1      3350100   0   2000       951400
     7  0 1   9.84  5231.25 1   0.0 -40.3      3805850   0   2000       455750
     8  0 1   9.84  5233.75 1   0.0 -37.5      4344550   0   2000       538700
     9  0 1   9.84  5232.50 1   0.0 -35.3      4864600   0   1950       520050
    10  0 1   9.84  5248.75 1   0.0 -33.4      5382350   0   1950       517750
    11  0 1   9.84  5256.25 1   0.0 -31.9      5860900   0   1950       478550
    12  0 1   9.84  5238.75 1   0.0 -30.9      6350700   0   2000       489800
    13  0 1   9.84  5251.25 1   0.0 -30.3      6804600   0   2000       453900
    14  0 1   9.84  5256.25 1   0.0 -30.0      7329150   0   1950       524550
    15  0 1   9.84  5265.00 1   0.0 -30.9      8370350   0   2000      1041200
    16  0 1   9.84  5260.00 1   0.0 -31.9      8899300   0   2000       528950
    17  0 1   9.84  5255.00 1   0.0 -33.4      9390000   0   1950       490700
    18  0 1   9.84  5251.25 1   0.0 -35.3      9926300   0   2000       536300
    19  0 1   9.84  5266.25 1   0.0 -37.5     10443400   0   1950       517100
    20  0 1   9.84  5267.50 1   0.0 -40.3     10978250   0   1950       534850
    21  0 1   9.84  5230.00 1   0.0 -43.1     11519800   0   2000       541550
    22  0 1   9.84  5261.25 1   0.0 -46.6     12040300   0   1950       520500
    23  0 1   9.84  5241.25 1   0.0 -50.0     12523650   0   1950       483350
    24  0 1   9.84  5253.75 1   0.0 -57.5     13520900   0   2000       997250
    25  0 1   9.84  5228.75 1   0.0 -61.6     14001550   0   1950       480650
    26  0 1   9.84  5261.25 1   0.0 -65.9     14460400   0   2000       458850
