    NO  S V  AOA    FREQ    B  FMOP  AMP      TOA      PMOP  PW         dTOA  
------ -- - ------ -------- - ----- ----- ------------ --- ------ ------------
     0  0 1   9.84  5245.00 1   0.0 -70.0            0   0   1950  42949673000
     1  0 1   9.84  5238.75 1   0.0 -65.9       507500   0   1950       507500
     2  0 1   9.84  5256.25 1   0.0 -61.6      1027200   0   2000       519700
     3  0 1   9.84  5232.50 1   0.0 -53.8      1986150   0   2000       958950
     4  0 1   9.84  5260.00 1   0.0 -50.0      2529650   0   1950       543500
     5  0 1   9.84  5267.50 1   0.0 -46.6      2986950   0   2000       457300
     6  0 1   9.84  5251.25 1   0.0 -43.1      3513300   0   1950       526350
     7  0 1   9.84  5250.00 1   0.0 -40.3      4038300   0   2000       525000
     8  0 1   9.84  5237.50 1   0.0 -37.5      4513800   0   1950       475500
     9  0 1   9.84  5241.25 1   0.0 -35.3      4978000   0   2000       464200
    10  0 1   9.84  5246.25 1   0.0 -33.4      5482200   0   1950       504200
    11  0 1   9.84  5242.50 1   0.0 -31.9      5935450   0   1950       453250
    12  0 1   9.84  5231.25 1   0.0 -30.3      6854100   0   1950       918650
    13  0 1   9.84  5255.00 1   0.0 -30.0      7362050   0   1950       507950
    14  0 1   9.84  5255.00 1   0.0 -30.3      7874750   0   1950       512700
    15  0 1   9.84  5260.00 1   0.0 -30.9      8406400   0   1950       531650
    16  0 1   9.84  5245.00 1   0.0 -31.9      8904300   0   1950       497900
    17  0 1   9.84  5252.50 1   0.0 -33.4      9354300   0   2000       450000
    18  0 1   9.84  5260.00 1   0.0 -35.3      9824900   0   2000       470600
    19  0 1   9.84  5250.00 1   0.0 -37.5     10276150   0   1950       451250
    20  0 1   9.84  5266.25 1   0.0 -40.3     10756850   0   2000       480700
    21  0 1   9.84  5238.75 1   0.0 -46.6     11781800   0   1950      1024950
    22  0 1   9.84  5245.00 1   0.0 -50.0     12291650   0   1950       509850
    23  0 1   9.84  5248.75 1   0.0 -53.8     12829100   0   1950       537450
    24  0 1   9.84  5233.75 1   0.0 -57.5     13370400   0   1950       541300
    25  0 1   9.84  5260.00 1   0.0 -61.6     13829050   0   1950       458650
    26  0 1   9.84  5258.75 1   0.0 -65.9     14316250   0   1950       487200
