    NO  S V  AOA    FREQ    B  FMOP  AMP      TOA      PMOP  PW         dTOA  
------ -- - ------ -------- - ----- ----- ------------ --- ------ ------------
     0  0 1  94.57 10015.00 2   0.0 -67.5      1028800   0   1350  42950701800
     1  0 1  94.22 10015.00 2   0.0 -65.0      1881200   0   1300       852400
     2  0 1  95.27 10015.00 2   0.0 -62.5      2788600   0   1250       907400
     3  0 1  95.62 10015.00 2   0.0 -60.0      3760300   0   1700       971700
     4  0 1  95.62 10015.00 2   0.0 -57.5      4923450   0   1300      1163150
     5  0 1  94.22 10015.00 2   0.0 -55.3      6020250   0   1500      1096800
     6  0 1  94.22 10015.00 2   0.0 -53.1      7127800   0   1450      1107550
     7  0 1  94.57 10013.50 2   0.0 -50.6      8068900   0   1650       941100
     8  0 1  94.92 10013.50 2   0.0 -48.4      9044300   0   1450       975400
     9  0 1  95.27 10015.00 2   0.0 -44.4     11067900   0   1250      2023600
    10  0 1  94.57 10015.00 2   0.0 -42.5     12060500   0   1500       992600
    11  0 1  95.27 10015.00 2   0.0 -40.9     13091250   0   1450      1030750
    12  0 1  95.62 10015.00 2   0.0 -39.1     13913750   0   1400       822500
    13  0 1  95.62 10015.00 2   0.0 -37.5     14952950   0   1600      1039200
    14  0 1  94.92 10013.50 2   0.0 -36.3     15939400   0   1600       986450
    15  0 1  94.92 10013.50 2   0.0 -35.0     16949800   0   1600      1010400
    16  0 1  94.92 10013.50 2   0.0 -33.8     17923250   0   1500       973450
    17  0 1  94.22 10013.50 2   0.0 -32.8     18981100   0   1500      1057850
    18  0 1  95.62 10013.50 2   0.0 -31.3     20739150   0   1400      1758050
    19  0 1  95.27 10015.00 2   0.0 -30.6     21745450   0   1500      1006300
    20  0 1  95.62 10015.00 2   0.0 -30.3     22633500   0   1500       888050
    21  0 1  94.57 10013.50 2   0.0 -30.0     23681350   0   1400      1047850
    22  0 1  94.57 10015.00 2   0.0 -30.0     24503700   0   1700       822350
    23  0 1  95.27 10015.00 2   0.0 -30.0     25502350   0   1500       998650
    24  0 1  94.57 10015.00 2   0.0 -30.3     26555400   0   1550      1053050
    25  0 1  95.62 10015.00 2   0.0 -30.6     27445400   0   1550       890000
    26  0 1  95.27 10015.00 2   0.0 -31.3     28391900   0   1350       946500
    27  0 1  95.62 10013.50 2   0.0 -32.8     30541500   0   1550      2149600
    28  0 1  94.57 10015.00 2   0.0 -33.8     31428250   0   1350       886750
    29  0 1  94.92 10015.00 2   0.0 -35.0     32330300   0   1450       902050
    30  0 1  95.27 10013.50 2   0.0 -36.3     33345600   0   1600      1015300
    31  0 1  94.57 10015.00 2   0.0 -37.5     34196100   0   1700       850500
    32  0 1  94.92 10015.00 2   0.0 -39.1     35366600   0   1450      1170500
    33  0 1  94.22 10015.00 2   0.0 -40.9     36449150   0   1700      1082550
    34  0 1  94.92 10015.00 2   0.0 -42.5     37471050   0   1250      1021900
    35  0 1  95.62 10015.00 2   0.0 -44.4     38500900   0   1400      1029850
    36  0 1  95.62 10015.00 2   0.0 -48.4     40388500   0   1650      1887600
    37  0 1  94.22 10015.00 2   0.0 -50.6     41244300   0   1350       855800
    38  0 1  94.57 10013.50 2   0.0 -53.1     42352050   0   1400      1107750
    39  0 1  94.57 10015.00 2   0.0 -55.3     43433350   0   1250      1081300
    40  0 1  94.92 10015.00 2   0.0 -57.5     44274850   0   1250       841500
    41  0 1  94.57 10013.50 2   0.0 -60.0     45248900   0   1500       974050
    42  0 1  95.27 10015.00 2   0.0 -62.5     46204550   0   1450       955650
    43  0 1  95.62 10015.00 2   0.0 -65.0     47092150   0   1700       887600
    44  0 1  94.22 10015.00 2   0.0 -67.5     47968900   0   1250       876750
