    NO  S V  AOA    FREQ    B  FMOP  AMP      TOA      PMOP  PW         dTOA  
------ -- - ------ -------- - ----- ----- ------------ --- ------ ------------
     0  0 1  94.92 10013.50 2   0.0 -70.0            0   0   1250  42949673000
     1  0 1  94.57 10015.00 2   0.0 -67.5       872550   0   1350       872550
     2  0 1  94.22 10015.00 2   0.0 -65.0      1841700   0   1600       969150
     3  0 1  94.92 10015.00 2   0.0 -62.5      2736450   0   1450       894750
     4  0 1  95.62 10015.00 2   0.0 -60.0      3812050   0   1550      1075600
     5  0 1  94.57 10015.00 2   0.0 -57.5      4743500   0   1400       931450
     6  0 1  95.27 10013.50 2   0.0 -55.3      5785500   0   1450      1042000
     7  0 1  95.27 10015.00 2   0.0 -53.1      6634800   0   1600       849300
     8  0 1  94.22 10015.00 2   0.0 -48.4      8401950   0   1400      1767150
     9  0 1  94.92 10013.50 2   0.0 -46.6      9309700   0   1600       907750
    10  0 1  94.92 10015.00 2   0.0 -44.4     10191750   0   1550       882050
    11  0 1  94.22 10015.00 2   0.0 -42.5     11140850   0   1400       949100
    12  0 1  95.62 10015.00 2   0.0 -40.9     12087100   0   1350       946250
    13  0 1  95.62 10015.00 2   0.0 -39.1     12985800   0   1250       898700
    14  0 1  94.92 10015.00 2   0.0 -37.5     13834450   0   1250       848650
    15  0 1  94.22 10015.00 2   0.0 -36.3     14774150   0   1500       939700
    16  0 1  94.92 10013.50 2   0.0 -35.0     15847500   0   1250      1073350
    17  0 1  94.92 10013.50 2   0.0 -32.8     17997900   0   1300      2150400
    18  0 1  95.62 10015.00 2   0.0 -31.9     18809150   0   1450       811250
    19  0 1  95.62 10015.00 2   0.0 -31.3     19826400   0   1600      1017250
    20  0 1  94.92 10013.50 2   0.0 -30.6     20946400   0   1650      1120000
    21  0 1  95.62 10015.00 2   0.0 -30.3     21868000   0   1300       921600
    22  0 1  94.92 10015.00 2   0.0 -30.0     22958950   0   1500      1090950
    23  0 1  95.27 10015.00 2   0.0 -30.0     24002300   0   1300      1043350
    24  0 1  94.92 10015.00 2   0.0 -30.0     24895750   0   1600       893450
    25  0 1  95.27 10015.00 2   0.0 -30.3     25721000   0   1300       825250
    26  0 1  94.22 10015.00 2   0.0 -31.3     27666300   0   1650      1945300
    27  0 1  94.92 10015.00 2   0.0 -31.9     28658150   0   1450       991850
    28  0 1  94.92 10015.00 2   0.0 -32.8     29655200   0   1550       997050
    29  0 1  94.92 10013.50 2   0.0 -33.8     30766700   0   1250      1111500
    30  0 1  94.57 10015.00 2   0.0 -35.0     31583300   0   1250       816600
    31  0 1  95.62 10013.50 2   0.0 -36.3     32781100   0   1250      1197800
    32  0 1  94.92 10013.50 2   0.0 -37.5     33751550   0   1550       970450
    33  0 1  95.62 10015.00 2   0.0 -39.1     34596750   0   1550       845200
    34  0 1  95.27 10013.50 2   0.0 -40.9     35746700   0   1500      1149950
    35  0 1  95.27 10015.00 2   0.0 -44.4     37519900   0   1700      1773200
    36  0 1  95.62 10013.50 2   0.0 -46.6     38372250   0   1300       852350
    37  0 1  95.62 10015.00 2   0.0 -48.4     39557450   0   1700      1185200
    38  0 1  94.92 10015.00 2   0.0 -50.6     40592850   0   1400      1035400
    39  0 1  94.22 10013.50 2   0.0 -53.1     41749000   0   1300      1156150
    40  0 1  94.57 10015.00 2   0.0 -55.3     42850200   0   1600      1101200
    41  0 1  95.62 10013.50 2   0.0 -57.5     43955700   0   1600      1105500
    42  0 1  95.62 10015.00 2   0.0 -60.0     45066700   0   1500      1111000
    43  0 1  95.62 10015.00 2   0.0 -62.5     45878550   0   1250       811850
    44  0 1  94.57 10015.00 2   0.0 -67.5     48099650   0   1500      2221100
