    NO  S V  AOA    FREQ    B  FMOP  AMP      TOA      PMOP  PW         dTOA  
------ -- - ------ -------- - ----- ----- ------------ --- ------ ------------
     0  0 1  94.92 10013.50 2   0.0 -70.0            0   0   1350  42949673000
     1  0 1  95.27 10013.50 2   0.0 -67.5      1083500   0   1500      1083500
     2  0 1  94.22 10015.00 2   0.0 -62.5      3133050   0   1400      2049550
     3  0 1  94.22 10013.50 2   0.0 -60.0      4297000   0   1250      1163950
     4  0 1  95.62 10015.00 2   0.0 -57.5      5309650   0   1300      1012650
     5  0 1  95.27 10013.50 2   0.0 -55.3      6325400   0   1600      1015750
     6  0 1  94.92 10013.50 2   0.0 -53.1      7319850   0   1250       994450
     7  0 1  94.57 10013.50 2   0.0 -50.6      8334450   0   1550      1014600
     8  0 1  95.62 10015.00 2   0.0 -48.4      9521650   0   1700      1187200
     9  0 1  94.57 10015.00 2   0.0 -46.6     10342700   0   1250       821050
    10  0 1  94.92 10013.50 2   0.0 -44.4     11384350   0   1550      1041650
    11  0 1  94.57 10013.50 2   0.0 -40.9     13325050   0   1650      1940700
    12  0 1  95.27 10015.00 2   0.0 -39.1     14507700   0   1550      1182650
    13  0 1  95.27 10013.50 2   0.0 -37.5     15628750   0   1400      1121050
    14  0 1  95.27 10013.50 2   0.0 -36.3     16685300   0   1450      1056550
    15  0 1  94.57 10015.00 2   0.0 -35.0     17506800   0   1350       821500
    16  0 1  95.62 10015.00 2   0.0 -33.8     18355100   0   1550       848300
    17  0 1  94.92 10015.00 2   0.0 -32.8     19221600   0   1250       866500
    18  0 1  95.27 10013.50 2   0.0 -31.9     20138950   0   1600       917350
    19  0 1  94.57 10015.00 2   0.0 -31.3     21060850   0   1300       921900
    20  0 1  94.22 10015.00 2   0.0 -30.3     23026400   0   1400      1965550
    21  0 1  94.92 10013.50 2   0.0 -30.0     24182200   0   1500      1155800
    22  0 1  95.27 10015.00 2   0.0 -30.0     25025350   0   1300       843150
    23  0 1  94.92 10013.50 2   0.0 -30.0     26023450   0   1250       998100
    24  0 1  94.22 10015.00 2   0.0 -30.3     26919050   0   1300       895600
    25  0 1  95.62 10015.00 2   0.0 -30.6     28038950   0   1250      1119900
    26  0 1  95.27 10015.00 2   0.0 -31.3     29179900   0   1600      1140950
    27  0 1  95.62 10015.00 2   0.0 -31.9     30224750   0   1650      1044850
    28  0 1  94.57 10013.50 2   0.0 -32.8     31420850   0   1450      1196100
    29  0 1  94.57 10013.50 2   0.0 -35.0     33631550   0   1300      2210700
    30  0 1  94.22 10015.00 2   0.0 -36.3     34644400   0   1300      1012850
    31  0 1  95.27 10015.00 2   0.0 -37.5     35799650   0   1650      1155250
    32  0 1  94.22 10015.00 2   0.0 -39.1     36872150   0   1500      1072500
    33  0 1  95.27 10015.00 2   0.0 -40.9     37692250   0   1650       820100
    34  0 1  94.92 10015.00 2   0.0 -42.5     38682850   0   1300       990600
    35  0 1  94.57 10015.00 2   0.0 -44.4     39559600   0   1450       876750
    36  0 1  95.27 10015.00 2   0.0 -46.6     40607800   0   1550      1048200
    37  0 1  94.22 10015.00 2   0.0 -48.4     41586450   0   1600       978650
    38  0 1  95.62 10015.00 2   0.0 -53.1     43579750   0   1700      1993300
    39  0 1  94.92 10013.50 2   0.0 -55.3     44530200   0   1550       950450
    40  0 1  94.22 10015.00 2   0.0 -57.5     45694950   0   1350      1164750
    41  0 1  94.92 10015.00 2   0.0 -60.0     46576000   0   1650       881050
    42  0 1  94.92 10015.00 2   0.0 -62.5     47752850   0   1550      1176850
    43  0 1  95.62 10015.00 2   0.0 -65.0     48750150   0   1450       997300
    44  0 1  94.57 10015.00 2   0.0 -67.5     49557300   0   1450       807150
