    NO  S V  AOA    FREQ    B  FMOP  AMP      TOA      PMOP  PW         dTOA  
------ -- - ------ -------- - ----- ----- ------------ --- ------ ------------
     0  0 1  95.62 10013.50 2   0.0 -70.0            0   0   1650  42949673000
     1  0 1  95.62 10015.00 2   0.0 -67.5      1081450   0   1450      1081450
     2  0 1  95.62 10015.00 2   0.0 -62.5      3028800   0   1300      1947350
     3  0 1  94.92 10015.00 2   0.0 -60.0      4100650   0   1500      1071850
     4  0 1  94.57 10015.00 2   0.0 -57.5      5150550   0   1400      1049900
     5  0 1  95.62 10015.00 2   0.0 -55.3      6277700   0   1350      1127150
     6  0 1  95.62 10015.00 2   0.0 -53.1      7252400   0   1450       974700
     7  0 1  95.27 10015.00 2   0.0 -50.6      8235100   0   1550       982700
     8  0 1  94.57 10015.00 2   0.0 -48.4      9336250   0   1650      1101150
     9  0 1  94.22 10015.00 2   0.0 -46.6     10464300   0   1550      1128050
    10  0 1  94.57 10015.00 2   0.0 -44.4     11617150   0   1550      1152850
    11  0 1  95.62 10015.00 2   0.0 -40.9     13555500   0   1600      1938350
    12  0 1  95.27 10013.50 2   0.0 -39.1     14420550   0   1300       865050
    13  0 1  95.62 10013.50 2   0.0 -37.5     15270250   0   1550       849700
    14  0 1  94.22 10013.50 2   0.0 -36.3     16125300   0   1400       855050
    15  0 1  94.57 10015.00 2   0.0 -35.0     17094150   0   1400       968850
    16  0 1  95.62 10015.00 2   0.0 -33.8     18176100   0   1400      1081950
    17  0 1  95.27 10013.50 2   0.0 -32.8     19020100   0   1250       844000
    18  0 1  94.22 10015.00 2   0.0 -31.9     20113150   0   1550      1093050
    19  0 1  94.57 10013.50 2   0.0 -31.3     21270550   0   1550      1157400
    20  0 1  95.62 10015.00 2   0.0 -30.3     23231950   0   1350      1961400
    21  0 1  95.27 10013.50 2   0.0 -30.0     24248600   0   1550      1016650
    22  0 1  95.62 10013.50 2   0.0 -30.0     25225100   0   1550       976500
    23  0 1  94.57 10015.00 2   0.0 -30.0     26071750   0   1600       846650
    24  0 1  95.62 10015.00 2   0.0 -30.3     27262850   0   1300      1191100
    25  0 1  95.27 10015.00 2   0.0 -30.6     28312100   0   1700      1049250
    26  0 1  94.22 10013.50 2   0.0 -31.3     29274150   0   1250       962050
    27  0 1  94.57 10015.00 2   0.0 -31.9     30427800   0   1300      1153650
    28  0 1  94.22 10015.00 2   0.0 -32.8     31346950   0   1450       919150
    29  0 1  94.92 10015.00 2   0.0 -35.0     33095250   0   1650      1748300
    30  0 1  95.62 10015.00 2   0.0 -36.3     34240750   0   1600      1145500
    31  0 1  95.27 10013.50 2   0.0 -37.5     35434500   0   1250      1193750
    32  0 1  95.62 10015.00 2   0.0 -39.1     36613800   0   1500      1179300
    33  0 1  95.62 10015.00 2   0.0 -40.9     37455300   0   1650       841500
    34  0 1  95.62 10015.00 2   0.0 -42.5     38398100   0   1600       942800
    35  0 1  94.92 10015.00 2   0.0 -44.4     39432650   0   1250      1034550
    36  0 1  94.57 10015.00 2   0.0 -46.6     40450050   0   1350      1017400
    37  0 1  94.22 10015.00 2   0.0 -48.4     41482300   0   1450      1032250
    38  0 1  95.27 10015.00 2   0.0 -53.1     43502400   0   1650      2020100
    39  0 1  94.22 10013.50 2   0.0 -55.3     44608700   0   1300      1106300
    40  0 1  94.92 10015.00 2   0.0 -57.5     45442550   0   1450       833850
    41  0 1  95.27 10015.00 2   0.0 -60.0     46268600   0   1300       826050
    42  0 1  95.27 10013.50 2   0.0 -62.5     47199450   0   1250       930850
    43  0 1  94.92 10015.00 2   0.0 -65.0     48144450   0   1450       945000
    44  0 1  94.57 10015.00 2   0.0 -67.5     49170300   0   1500      1025850
