    NO  S V  AOA    FREQ    B  FMOP  AMP      TOA      PMOP  PW         dTOA  
------ -- - ------ -------- - ----- ----- ------------ --- ------ ------------
     0  0 1  94.92 10000.00 2   0.0 -70.0            0   0   2000  42949673000
     1  0 1  95.62 10027.00 2   0.0 -69.4      1000150   0   1800      1000150
     2  0 1  94.22 10051.00 2   0.0 -68.8      2000150   0   1700      1000000
     3  0 1  95.27 10078.00 2   0.0 -68.1      3000350   0   1600      1000200
     4  0 1  94.22 10102.00 2   0.0 -67.5      4000300   0   1600       999950
     5  0 1  94.57 10123.00 2   0.0 -66.9      5000400   0   1550      1000100
     6  0 1  94.92 10159.00 2   0.0 -65.6      6999750   0   2000      1999350
     7  0 1  94.57 10174.00 2   0.0 -65.0      8009850   0   2000      1010100
     8  0 1  95.27 10184.50 2   0.0 -64.4      9020250   0   1550      1010400
     9  0 1  94.22 10192.00 2   0.0 -63.8     10030700   0   1650      1010450
    10  0 1  95.62 10198.00 2   0.0 -63.1     11041050   0   1600      1010350
    11  0 1  94.92 10199.50 2   0.0 -62.5     12050950   0   1700      1009900
    12  0 1  95.27 10196.50 2   0.0 -61.9     13060700   0   1650      1009750
    13  0 1  94.92 10189.00 2   0.0 -61.3     14070700   0   1950      1010000
    14  0 1  94.92 10180.00 2   0.0 -60.6     15040950   0   1550       970250
    15  0 1  94.92 10151.50 2   0.0 -59.4     16981050   0   1600      1940100
    16  0 1  94.22 10133.50 2   0.0 -58.8     17950950   0   1650       969900
    17  0 1  95.62 10112.50 2   0.0 -58.1     18920850   0   1800       969900
    18  0 1  94.22 10091.50 2   0.0 -57.5     19891200   0   1850       970350
    19  0 1  95.62 10069.00 2   0.0 -57.2     20860750   0   1650       969550
    20  0 1  94.92 10045.00 2   0.0 -56.6     21830850   0   1750       970100
    21  0 1  95.62 10016.50 2   0.0 -55.9     22800750   0   1600       969900
    22  0 1  95.27  9991.00 2   0.0 -55.3     23771050   0   1600       970300
    23  0 1  94.57  9965.50 2   0.0 -54.7     24740950   0   1600       969900
    24  0 1  95.62  9916.00 2   0.0 -53.4     26680200   0   1550      1939250
    25  0 1  94.22  9893.50 2   0.0 -53.1     27649700   0   1700       969500
    26  0 1  95.27  9871.00 2   0.0 -52.5     28659400   0   1850      1009700
    27  0 1  94.57  9853.00 2   0.0 -51.9     29669000   0   1650      1009600
    28  0 1  95.27  9835.00 2   0.0 -51.3     30679000   0   1750      1010000
    29  0 1  95.27  9823.00 2   0.0 -50.6     31688550   0   1750      1009550
    30  0 1  94.57  9811.00 2   0.0 -50.3     32698300   0   1700      1009750
    31  0 1  95.62  9803.50 2   0.0 -49.7     33708650   0   1800      1010350
    32  0 1  95.62  9799.00 2   0.0 -49.1     34719050   0   1750      1010400
    33  0 1  95.27  9805.00 2   0.0 -48.1     36759350   0   1600      2040300
    34  0 1  95.27  9811.00 2   0.0 -47.5     37779800   0   1900      1020450
    35  0 1  95.27  9823.00 2   0.0 -46.9     38799900   0   1700      1020100
    36  0 1  95.62  9835.00 2   0.0 -46.6     39819400   0   1650      1019500
    37  0 1  95.27  9853.00 2   0.0 -45.9     40839750   0   1600      1020350
    38  0 1  94.57  9871.00 2   0.0 -45.6     41860100   0   1850      1020350
    39  0 1  94.57  9893.50 2   0.0 -45.0     42829950   0   1550       969850
    40  0 1  94.22  9916.00 2   0.0 -44.4     43799800   0   1700       969850
    41  0 1  95.62  9940.00 2   0.0 -44.1     44769750   0   1800       969950
    42  0 1  95.27  9992.50 2   0.0 -43.1     46710150   0   1550      1940400
    43  0 1  94.22 10018.00 2   0.0 -42.5     47680450   0   1800       970300
    44  0 1  95.62 10042.00 2   0.0 -42.2     48649950   0   1650       969500
    45  0 1  94.22 10067.50 2   0.0 -41.6     49639700   0   1550       989750
    46  0 1  94.22 10091.50 2   0.0 -41.3     50629700   0   1900       990000
    47  0 1  94.57 10114.00 2   0.0 -40.9     51619600   0   2000       989900
    48  0 1  95.27 10135.00 2   0.0 -40.3     52609550   0   1800       989950
    49  0 1  94.22 10153.00 2   0.0 -40.0     53599300   0   1850       989750
    50  0 1  94.92 10168.00 2   0.0 -39.7     54589600   0   1750       990300
    51  0 1  95.27 10189.00 2   0.0 -38.8     56579950   0   1550      1990350
    52  0 1  95.62 10196.50 2   0.0 -38.4     57580300   0   2000      1000350
    53  0 1  95.27 10199.50 2   0.0 -38.1     58580100   0   1750       999800
    54  0 1  94.57 10198.00 2   0.0 -37.5     59580300   0   1650      1000200
    55  0 1  94.22 10193.50 2   0.0 -37.2     60580700   0   1650      1000400
    56  0 1  94.92 10184.50 2   0.0 -36.9     61580500   0   2000       999800
    57  0 1  95.27 10174.00 2   0.0 -36.6     62580050   0   1550       999550
    58  0 1  95.27 10159.00 2   0.0 -36.3     63590050   0   1750      1010000
    59  0 1  94.92 10141.00 2   0.0 -35.9     64599650   0   1700      1009600
    60  0 1  95.27 10099.00 2   0.0 -35.3     66619800   0   1700      2020150
    61  0 1  95.62 10072.00 2   0.0 -35.0     67629800   0   1700      1010000
    62  0 1  94.22 10048.00 2   0.0 -34.7     68640250   0   1750      1010450
    63  0 1  94.92 10022.50 2   0.0 -34.4     69649900   0   1650      1009650
    64  0 1  94.22  9995.50 2   0.0 -34.1     70619900   0   1650       970000
    65  0 1  95.62  9968.50 2   0.0 -33.8     71590000   0   1800       970100
    66  0 1  94.57  9944.50 2   0.0 -33.4     72559950   0   1900       969950
    67  0 1  95.27  9919.00 2   0.0 -33.4     73530100   0   1550       970150
    68  0 1  94.92  9898.00 2   0.0 -33.1     74500550   0   1600       970450
    69  0 1  95.27  9856.00 2   0.0 -32.5     76441050   0   1700      1940500
    70  0 1  94.22  9839.50 2   0.0 -32.5     77410550   0   2000       969500
    71  0 1  94.22  9826.00 2   0.0 -32.2     78380100   0   2000       969550
    72  0 1  95.62  9814.00 2   0.0 -31.9     79350200   0   1850       970100
    73  0 1  94.57  9805.00 2   0.0 -31.9     80320650   0   1900       970450
    74  0 1  94.57  9800.50 2   0.0 -31.6     81290950   0   1700       970300
    75  0 1  94.92  9799.00 2   0.0 -31.6     82260500   0   1700       969550
    76  0 1  94.22  9802.00 2   0.0 -31.3     83230550   0   1550       970050
    77  0 1  95.62  9808.00 2   0.0 -31.3     84240100   0   1650      1009550
    78  0 1  94.22  9827.50 2   0.0 -30.9     86260100   0   1950      2020000
    79  0 1  94.22  9841.00 2   0.0 -30.6     87270100   0   1850      1010000
    80  0 1  95.27  9860.50 2   0.0 -30.6     88280350   0   1900      1010250
    81  0 1  94.22  9881.50 2   0.0 -30.6     89290800   0   1800      1010450
    82  0 1  94.57  9905.50 2   0.0 -30.3     90300700   0   2000      1009900
    83  0 1  94.92  9928.00 2   0.0 -30.3     91321000   0   1750      1020300
    84  0 1  94.92  9953.50 2   0.0 -30.3     92340800   0   1600      1019800
    85  0 1  94.22  9980.50 2   0.0 -30.3     93360500   0   1600      1019700
    86  0 1  95.62 10009.00 2   0.0 -30.0     94380850   0   1900      1020350
    87  0 1  94.57 10063.00 2   0.0 -30.0     96421050   0   1550      2040200
    88  0 1  95.27 10087.00 2   0.0 -30.0     97441250   0   1900      1020200
    89  0 1  95.62 10111.00 2   0.0 -30.0     98411100   0   1850       969850
    90  0 1  95.27 10129.00 2   0.0 -30.0     99381200   0   2000       970100
    91  0 1  94.57 10148.50 2   0.0 -30.0    100351200   0   1800       970000
    92  0 1  95.62 10163.50 2   0.0 -30.0    101320900   0   1750       969700
    93  0 1  95.27 10177.00 2   0.0 -30.0    102290850   0   2000       969950
    94  0 1  94.57 10189.00 2   0.0 -30.0    103260650   0   1550       969800
    95  0 1  95.27 10195.00 2   0.0 -30.0    104230250   0   1900       969600
    96  0 1  94.22 10198.00 2   0.0 -30.3    106210500   0   1750      1980250
    97  0 1  94.92 10195.00 2   0.0 -30.3    107200650   0   1650       990150
    98  0 1  95.27 10189.00 2   0.0 -30.3    108190600   0   1700       989950
    99  0 1  95.62 10180.00 2   0.0 -30.6    109180100   0   1650       989500
   100  0 1  95.27 10165.00 2   0.0 -30.6    110169750   0   1700       989650
   101  0 1  94.22 10147.00 2   0.0 -30.6    111159500   0   1550       989750
   102  0 1  94.57 10129.00 2   0.0 -30.9    112159750   0   1850      1000250
   103  0 1  94.57 10108.00 2   0.0 -30.9    113159850   0   2000      1000100
   104  0 1  95.27 10087.00 2   0.0 -31.3    114159800   0   1800       999950
   105  0 1  94.92 10033.00 2   0.0 -31.6    116159550   0   1750      1999750
   106  0 1  94.57 10009.00 2   0.0 -31.6    117159600   0   2000      1000050
   107  0 1  94.92  9980.50 2   0.0 -31.9    118159400   0   1950       999800
   108  0 1  94.22  9953.50 2   0.0 -31.9    119169200   0   1950      1009800
   109  0 1  94.22  9928.00 2   0.0 -32.2    120179250   0   1600      1010050
   110  0 1  94.92  9904.00 2   0.0 -32.5    121189250   0   1750      1010000
   111  0 1  95.27  9883.00 2   0.0 -32.5    122199300   0   2000      1010050
   112  0 1  94.92  9860.50 2   0.0 -32.8    123209000   0   1600      1009700
   113  0 1  94.57  9842.50 2   0.0 -33.1    124219250   0   2000      1010250
   114  0 1  94.92  9814.00 2   0.0 -33.4    126198850   0   1600      1979600
   115  0 1  94.92  9808.00 2   0.0 -33.8    127169150   0   1600       970300
   116  0 1  94.92  9800.50 2   0.0 -34.1    128139550   0   1900       970400
   117  0 1  94.92  9799.00 2   0.0 -34.4    129109500   0   1950       969950
   118  0 1  95.27  9800.50 2   0.0 -34.7    130079100   0   1950       969600
   119  0 1  95.62  9805.00 2   0.0 -35.0    131049550   0   1950       970450
   120  0 1  95.27  9812.50 2   0.0 -35.3    132020000   0   1650       970450
   121  0 1  94.22  9823.00 2   0.0 -35.6    132990400   0   1850       970400
   122  0 1  94.22  9838.00 2   0.0 -35.9    133960600   0   1900       970200
   123  0 1  94.92  9872.50 2   0.0 -36.6    135900200   0   2000      1939600
   124  0 1  94.57  9893.50 2   0.0 -36.9    136870650   0   1700       970450
   125  0 1  94.57  9917.50 2   0.0 -37.2    137840400   0   1850       969750
   126  0 1  94.57  9941.50 2   0.0 -37.5    138810650   0   1600       970250
   127  0 1  95.27  9967.00 2   0.0 -38.1    139820600   0   2000      1009950
   128  0 1  94.57  9994.00 2   0.0 -38.4    140830550   0   1800      1009950
   129  0 1  94.92 10021.00 2   0.0 -38.8    141840600   0   1650      1010050
   130  0 1  95.27 10048.00 2   0.0 -39.1    142850650   0   1750      1010050
   131  0 1  94.22 10073.50 2   0.0 -39.7    143860150   0   1750      1009500
   132  0 1  95.27 10120.00 2   0.0 -40.3    145880500   0   1900      2020350
   133  0 1  94.92 10139.50 2   0.0 -40.9    146900450   0   1850      1019950
   134  0 1  95.27 10159.00 2   0.0 -41.3    147920250   0   1550      1019800
   135  0 1  94.57 10174.00 2   0.0 -41.6    148939750   0   1650      1019500
   136  0 1  94.57 10184.50 2   0.0 -42.2    149959850   0   1650      1020100
   137  0 1  95.62 10192.00 2   0.0 -42.5    150979700   0   1600      1019850
   138  0 1  95.62 10198.00 2   0.0 -43.1    151999950   0   1600      1020250
   139  0 1  94.57 10198.00 2   0.0 -43.4    153019750   0   1550      1019800
   140  0 1  95.62 10196.50 2   0.0 -44.1    153989800   0   1950       970050
   141  0 1  94.92 10183.00 2   0.0 -45.0    155929300   0   1750      1939500
   142  0 1  94.57 10169.50 2   0.0 -45.6    156898900   0   1600       969600
   143  0 1  94.92 10154.50 2   0.0 -45.9    157869350   0   1550       970450
   144  0 1  94.57 10138.00 2   0.0 -46.6    158839500   0   1950       970150
   145  0 1  94.22 10117.00 2   0.0 -46.9    159809450   0   1750       969950
   146  0 1  94.57 10093.00 2   0.0 -47.5    160799350   0   1550       989900
   147  0 1  95.62 10070.50 2   0.0 -48.1    161789500   0   1600       990150
   148  0 1  94.22 10043.50 2   0.0 -48.4    162779750   0   1550       990250
   149  0 1  95.27 10018.00 2   0.0 -49.1    163769650   0   1850       989900
   150  0 1  95.27  9964.00 2   0.0 -50.3    165749050   0   1900      1979400
   151  0 1  94.22  9941.50 2   0.0 -50.6    166739150   0   2000       990100
   152  0 1  94.22  9916.00 2   0.0 -51.3    167739350   0   2000      1000200
   153  0 1  94.92  9892.00 2   0.0 -51.9    168739300   0   1800       999950
   154  0 1  94.22  9871.00 2   0.0 -52.5    169739400   0   1800      1000100
   155  0 1  94.92  9851.50 2   0.0 -53.1    170739000   0   1550       999600
   156  0 1  95.62  9833.50 2   0.0 -53.4    171739150   0   1600      1000150
   157  0 1  95.27  9820.00 2   0.0 -54.1    172739600   0   1700      1000450
   158  0 1  94.92  9811.00 2   0.0 -54.7    173739450   0   1600       999850
   159  0 1  94.57  9799.00 2   0.0 -55.9    175759450   0   2000      2020000
   160  0 1  95.62  9799.00 2   0.0 -56.6    176769050   0   2000      1009600
   161  0 1  94.92  9803.50 2   0.0 -57.2    177778950   0   1600      1009900
   162  0 1  95.62  9811.00 2   0.0 -57.5    178788450   0   1950      1009500
   163  0 1  94.22  9823.00 2   0.0 -58.1    179798000   0   1550      1009550
   164  0 1  94.92  9835.00 2   0.0 -58.8    180807950   0   1650      1009950
   165  0 1  94.92  9850.00 2   0.0 -59.4    181778050   0   1950       970100
   166  0 1  94.22  9869.50 2   0.0 -60.0    182747800   0   1600       969750
   167  0 1  95.27  9892.00 2   0.0 -60.6    183718150   0   1550       970350
   168  0 1  95.27  9938.50 2   0.0 -61.9    185658100   0   1750      1939950
   169  0 1  94.57  9964.00 2   0.0 -62.5    186627950   0   1650       969850
   170  0 1  95.27  9988.00 2   0.0 -63.1    187598250   0   1650       970300
   171  0 1  94.22 10015.00 2   0.0 -63.8    188568300   0   1700       970050
   172  0 1  95.27 10039.00 2   0.0 -64.4    189538100   0   1600       969800
   173  0 1  94.92 10066.00 2   0.0 -65.0    190508300   0   2000       970200
   174  0 1  95.62 10088.50 2   0.0 -65.6    191478700   0   1700       970400
   175  0 1  94.92 10111.00 2   0.0 -66.3    192448800   0   1650       970100
   176  0 1  94.22 10132.00 2   0.0 -66.9    193419200   0   1750       970400
   177  0 1  95.27 10165.00 2   0.0 -68.1    195399100   0   2000      1979900
   178  0 1  95.62 10180.00 2   0.0 -68.8    196408650   0   2000      1009550
   179  0 1  94.57 10189.00 2   0.0 -69.4    197419000   0   1700      1010350
