    NO  S V  AOA    FREQ    B  FMOP  AMP      TOA      PMOP  PW         dTOA  
------ -- - ------ -------- - ----- ----- ------------ --- ------ ------------
     0  0 1  95.27 10000.00 2   0.0 -70.0            0   0   1600  42949673000
     1  0 1  95.62 10051.00 2   0.0 -68.8      1939800   0   1900      1939800
     2  0 1  95.27 10075.00 2   0.0 -68.1      2910000   0   1950       970200
     3  0 1  94.92 10099.00 2   0.0 -67.5      3880350   0   1800       970350
     4  0 1  95.62 10120.00 2   0.0 -66.9      4850350   0   1550       970000
     5  0 1  94.92 10141.00 2   0.0 -66.3      5820750   0   1550       970400
     6  0 1  94.92 10157.50 2   0.0 -65.6      6790650   0   1750       969900
     7  0 1  94.92 10171.00 2   0.0 -65.0      7780700   0   1950       990050
     8  0 1  94.92 10183.00 2   0.0 -64.4      8770700   0   2000       990000
     9  0 1  94.92 10192.00 2   0.0 -63.8      9760400   0   1850       989700
    10  0 1  94.22 10199.50 2   0.0 -62.5     11740200   0   1950      1979800
    11  0 1  94.57 10198.00 2   0.0 -61.9     12730650   0   1700       990450
    12  0 1  94.57 10192.00 2   0.0 -61.3     13720250   0   1600       989600
    13  0 1  95.27 10183.00 2   0.0 -60.6     14720700   0   1650      1000450
    14  0 1  94.92 10171.00 2   0.0 -60.0     15720950   0   2000      1000250
    15  0 1  95.62 10156.00 2   0.0 -59.4     16720750   0   1750       999800
    16  0 1  95.27 10139.50 2   0.0 -58.8     17721200   0   1600      1000450
    17  0 1  94.22 10117.00 2   0.0 -58.1     18721150   0   1550       999950
    18  0 1  95.62 10096.00 2   0.0 -57.5     19721300   0   1700      1000150
    19  0 1  95.62 10045.00 2   0.0 -56.6     21730650   0   1600      2009350
    20  0 1  95.27 10018.00 2   0.0 -55.9     22740500   0   1750      1009850
    21  0 1  95.27  9991.00 2   0.0 -55.3     23750300   0   1800      1009800
    22  0 1  94.22  9967.00 2   0.0 -54.7     24760150   0   1650      1009850
    23  0 1  94.92  9938.50 2   0.0 -54.1     25770050   0   1650      1009900
    24  0 1  94.57  9916.00 2   0.0 -53.4     26779650   0   1700      1009600
    25  0 1  94.22  9890.50 2   0.0 -53.1     27789400   0   1700      1009750
    26  0 1  94.57  9871.00 2   0.0 -52.5     28759200   0   1650       969800
    27  0 1  95.62  9850.00 2   0.0 -51.9     29728950   0   1750       969750
    28  0 1  95.27  9821.50 2   0.0 -50.6     31669300   0   1850      1940350
    29  0 1  94.57  9811.00 2   0.0 -50.3     32639400   0   1550       970100
    30  0 1  95.62  9805.00 2   0.0 -49.7     33609600   0   1600       970200
    31  0 1  94.57  9799.00 2   0.0 -49.1     34579400   0   1550       969800
    32  0 1  94.57  9800.50 2   0.0 -48.4     35549850   0   1900       970450
    33  0 1  94.22  9800.50 2   0.0 -48.1     36520150   0   1600       970300
    34  0 1  94.57  9808.00 2   0.0 -47.5     37489700   0   1700       969550
    35  0 1  95.27  9818.50 2   0.0 -46.9     38460000   0   1950       970300
    36  0 1  95.62  9830.50 2   0.0 -46.6     39430350   0   1950       970350
    37  0 1  95.27  9863.50 2   0.0 -45.6     41370700   0   1850      1940350
    38  0 1  94.92  9883.00 2   0.0 -45.0     42380550   0   1750      1009850
    39  0 1  94.22  9905.50 2   0.0 -44.4     43390900   0   1800      1010350
    40  0 1  94.22  9931.00 2   0.0 -44.1     44401150   0   1550      1010250
    41  0 1  94.92  9958.00 2   0.0 -43.4     45411550   0   1550      1010400
    42  0 1  95.27  9982.00 2   0.0 -43.1     46421850   0   1900      1010300
    43  0 1  94.22 10009.00 2   0.0 -42.5     47432050   0   1850      1010200
    44  0 1  94.57 10039.00 2   0.0 -42.2     48442300   0   1900      1010250
    45  0 1  94.92 10064.50 2   0.0 -41.6     49462300   0   1750      1020000
    46  0 1  94.22 10112.50 2   0.0 -40.9     51502600   0   1600      2040300
    47  0 1  95.27 10132.00 2   0.0 -40.3     52522600   0   1750      1020000
    48  0 1  94.92 10151.50 2   0.0 -40.0     53542500   0   1550      1019900
    49  0 1  94.57 10169.50 2   0.0 -39.7     54562100   0   1850      1019600
    50  0 1  95.27 10181.50 2   0.0 -39.1     55581650   0   1800      1019550
    51  0 1  95.27 10190.50 2   0.0 -38.8     56551200   0   2000       969550
    52  0 1  94.22 10196.50 2   0.0 -38.4     57521300   0   1700       970100
    53  0 1  95.27 10198.00 2   0.0 -38.1     58490850   0   1600       969550
    54  0 1  95.62 10198.00 2   0.0 -37.5     59460500   0   1650       969650
    55  0 1  95.27 10187.50 2   0.0 -36.9     61399550   0   1800      1939050
    56  0 1  94.22 10177.00 2   0.0 -36.6     62369550   0   1750       970000
    57  0 1  95.27 10162.00 2   0.0 -36.3     63359900   0   1650       990350
    58  0 1  94.22 10144.00 2   0.0 -35.9     64350150   0   1700       990250
    59  0 1  94.92 10127.50 2   0.0 -35.6     65339650   0   1950       989500
    60  0 1  95.62 10103.50 2   0.0 -35.3     66329650   0   1850       990000
    61  0 1  94.92 10082.50 2   0.0 -35.0     67319500   0   1750       989850
    62  0 1  95.62 10057.00 2   0.0 -34.7     68309000   0   1550       989500
    63  0 1  94.22 10031.50 2   0.0 -34.4     69298550   0   1900       989550
    64  0 1  94.57  9977.50 2   0.0 -33.8     71298550   0   1750      2000000
    65  0 1  94.22  9952.00 2   0.0 -33.4     72298900   0   1750      1000350
    66  0 1  94.57  9925.00 2   0.0 -33.4     73298800   0   1850       999900
    67  0 1  95.27  9902.50 2   0.0 -33.1     74298950   0   2000      1000150
    68  0 1  94.22  9880.00 2   0.0 -32.8     75299150   0   1750      1000200
    69  0 1  94.57  9859.00 2   0.0 -32.5     76299450   0   1700      1000300
    70  0 1  94.92  9841.00 2   0.0 -32.5     77309300   0   1600      1009850
    71  0 1  95.62  9826.00 2   0.0 -32.2     78319700   0   1950      1010400
    72  0 1  95.27  9815.50 2   0.0 -31.9     79329450   0   1700      1009750
    73  0 1  94.57  9800.50 2   0.0 -31.6     81349150   0   1750      2019700
    74  0 1  95.27  9799.00 2   0.0 -31.6     82359550   0   1850      1010400
    75  0 1  95.62  9800.50 2   0.0 -31.3     83369700   0   2000      1010150
    76  0 1  95.27  9808.00 2   0.0 -31.3     84339800   0   2000       970100
    77  0 1  94.92  9817.00 2   0.0 -30.9     85309850   0   1600       970050
    78  0 1  94.22  9829.00 2   0.0 -30.9     86280050   0   1550       970200
    79  0 1  94.22  9842.50 2   0.0 -30.6     87249650   0   1800       969600
    80  0 1  95.62  9859.00 2   0.0 -30.6     88219700   0   1700       970050
    81  0 1  95.62  9880.00 2   0.0 -30.6     89189900   0   1800       970200
    82  0 1  95.27  9923.50 2   0.0 -30.3     91129750   0   1650      1939850
    83  0 1  94.22  9949.00 2   0.0 -30.3     92099450   0   1900       969700
    84  0 1  95.62  9974.50 2   0.0 -30.3     93069150   0   1900       969700
    85  0 1  94.92 10000.00 2   0.0 -30.0     94039000   0   1700       969850
    86  0 1  95.27 10024.00 2   0.0 -30.0     95008850   0   1900       969850
    87  0 1  95.27 10051.00 2   0.0 -30.0     95979100   0   1800       970250
    88  0 1  95.62 10075.00 2   0.0 -30.0     96949100   0   1750       970000
    89  0 1  95.27 10099.00 2   0.0 -30.0     97959550   0   1900      1010450
    90  0 1  94.57 10123.00 2   0.0 -30.0     98969050   0   1800      1009500
    91  0 1  94.57 10159.00 2   0.0 -30.0    100988400   0   1550      2019350
    92  0 1  95.27 10175.50 2   0.0 -30.0    101998050   0   1950      1009650
    93  0 1  94.22 10184.50 2   0.0 -30.0    103007700   0   1600      1009650
    94  0 1  95.27 10193.50 2   0.0 -30.0    104017350   0   1850      1009650
    95  0 1  94.57 10198.00 2   0.0 -30.3    105037450   0   1800      1020100
    96  0 1  94.22 10198.00 2   0.0 -30.3    106057350   0   1800      1019900
    97  0 1  94.22 10195.00 2   0.0 -30.3    107076850   0   1550      1019500
    98  0 1  94.22 10189.00 2   0.0 -30.3    108096850   0   1550      1020000
    99  0 1  94.92 10178.50 2   0.0 -30.6    109117050   0   2000      1020200
   100  0 1  94.22 10150.00 2   0.0 -30.6    111157400   0   1650      2040350
   101  0 1  94.57 10130.50 2   0.0 -30.9    112127250   0   2000       969850
   102  0 1  94.57 10111.00 2   0.0 -30.9    113097300   0   1650       970050
   103  0 1  95.27 10087.00 2   0.0 -31.3    114067500   0   1800       970200
   104  0 1  95.62 10063.00 2   0.0 -31.3    115037400   0   1850       969900
   105  0 1  94.22 10039.00 2   0.0 -31.6    116007850   0   1900       970450
   106  0 1  94.22 10012.00 2   0.0 -31.6    116977850   0   1850       970000
   107  0 1  94.57  9988.00 2   0.0 -31.9    117947650   0   1850       969800
   108  0 1  94.22  9959.50 2   0.0 -31.9    118937950   0   2000       990300
   109  0 1  95.27  9911.50 2   0.0 -32.5    120918300   0   1750      1980350
   110  0 1  94.92  9889.00 2   0.0 -32.5    121908350   0   1550       990050
   111  0 1  94.92  9868.00 2   0.0 -32.8    122898400   0   1700       990050
   112  0 1  95.27  9847.00 2   0.0 -33.1    123888150   0   1600       989750
   113  0 1  95.62  9832.00 2   0.0 -33.4    124878100   0   1600       989950
   114  0 1  94.57  9818.50 2   0.0 -33.4    125877650   0   1800       999550
   115  0 1  95.62  9809.50 2   0.0 -33.8    126877850   0   1750      1000200
   116  0 1  94.57  9802.00 2   0.0 -34.1    127877550   0   1700       999700
   117  0 1  94.57  9799.00 2   0.0 -34.4    128877350   0   1600       999800
   118  0 1  94.22  9803.50 2   0.0 -35.0    130876550   0   1550      1999200
   119  0 1  95.62  9811.00 2   0.0 -35.3    131876750   0   1950      1000200
   120  0 1  94.22  9821.50 2   0.0 -35.6    132886450   0   1700      1009700
   121  0 1  94.57  9835.00 2   0.0 -35.9    133896450   0   1650      1010000
   122  0 1  94.22  9854.50 2   0.0 -36.3    134906500   0   1650      1010050
   123  0 1  95.27  9874.00 2   0.0 -36.6    135916850   0   1950      1010350
   124  0 1  94.22  9895.00 2   0.0 -36.9    136927000   0   1900      1010150
   125  0 1  95.62  9919.00 2   0.0 -37.2    137937450   0   1700      1010450
   126  0 1  95.27  9944.50 2   0.0 -37.5    138947900   0   1750      1010450
   127  0 1  95.62  9997.00 2   0.0 -38.4    140887400   0   1900      1939500
   128  0 1  95.27 10022.50 2   0.0 -38.8    141857600   0   1850       970200
   129  0 1  95.27 10046.50 2   0.0 -39.1    142827700   0   1650       970100
   130  0 1  94.22 10072.00 2   0.0 -39.7    143798100   0   1700       970400
   131  0 1  94.22 10096.00 2   0.0 -40.0    144767850   0   1600       969750
   132  0 1  95.62 10117.00 2   0.0 -40.3    145737500   0   1600       969650
   133  0 1  94.92 10138.00 2   0.0 -40.9    146707400   0   1850       969900
   134  0 1  94.22 10154.50 2   0.0 -41.3    147677250   0   1800       969850
   135  0 1  95.27 10168.00 2   0.0 -41.6    148647100   0   1600       969850
   136  0 1  94.92 10189.00 2   0.0 -42.5    150586850   0   1950      1939750
   137  0 1  95.27 10196.50 2   0.0 -43.1    151557150   0   2000       970300
   138  0 1  94.57 10198.00 2   0.0 -43.4    152527200   0   1700       970050
   139  0 1  94.92 10198.00 2   0.0 -44.1    153537550   0   1600      1010350
   140  0 1  95.27 10195.00 2   0.0 -44.4    154547700   0   1800      1010150
   141  0 1  94.92 10186.00 2   0.0 -45.0    155557900   0   1900      1010200
   142  0 1  95.27 10174.00 2   0.0 -45.6    156567750   0   2000      1009850
   143  0 1  94.22 10157.50 2   0.0 -45.9    157578050   0   1950      1010300
   144  0 1  95.62 10142.50 2   0.0 -46.6    158588050   0   1700      1010000
   145  0 1  94.92 10099.00 2   0.0 -47.5    160618050   0   2000      2030000
   146  0 1  94.57 10073.50 2   0.0 -48.1    161638000   0   1600      1019950
   147  0 1  94.92 10048.00 2   0.0 -48.4    162657950   0   1750      1019950
   148  0 1  94.92 10021.00 2   0.0 -49.1    163678100   0   1600      1020150
   149  0 1  94.92  9992.50 2   0.0 -49.7    164698550   0   2000      1020450
   150  0 1  95.27  9965.50 2   0.0 -50.3    165718950   0   1750      1020400
   151  0 1  95.27  9940.00 2   0.0 -50.6    166739300   0   2000      1020350
   152  0 1  94.57  9916.00 2   0.0 -51.3    167709400   0   2000       970100
   153  0 1  95.62  9893.50 2   0.0 -51.9    168679650   0   2000       970250
   154  0 1  95.62  9854.50 2   0.0 -53.1    170619200   0   1650      1939550
   155  0 1  95.62  9838.00 2   0.0 -53.4    171588950   0   1750       969750
   156  0 1  94.22  9821.50 2   0.0 -54.1    172559300   0   1850       970350
   157  0 1  94.22  9811.00 2   0.0 -54.7    173529550   0   1650       970250
   158  0 1  94.57  9805.00 2   0.0 -55.3    174519550   0   1950       990000
   159  0 1  94.92  9799.00 2   0.0 -55.9    175510000   0   1550       990450
   160  0 1  94.22  9799.00 2   0.0 -56.6    176499500   0   1800       989500
   161  0 1  95.62  9802.00 2   0.0 -57.2    177489050   0   1550       989550
   162  0 1  95.27  9808.00 2   0.0 -57.5    178479450   0   1900       990400
   163  0 1  94.22  9829.00 2   0.0 -58.8    180459100   0   1900      1979650
   164  0 1  94.22  9844.00 2   0.0 -59.4    181459500   0   1650      1000400
   165  0 1  94.57  9865.00 2   0.0 -60.0    182459150   0   1650       999650
   166  0 1  95.27  9886.00 2   0.0 -60.6    183459550   0   2000      1000400
   167  0 1  94.57  9908.50 2   0.0 -61.3    184459600   0   1600      1000050
   168  0 1  95.62  9931.00 2   0.0 -61.9    185459500   0   1650       999900
   169  0 1  94.22  9959.50 2   0.0 -62.5    186459950   0   2000      1000450
   170  0 1  94.22  9983.50 2   0.0 -63.1    187459450   0   1850       999500
   171  0 1  94.57 10010.50 2   0.0 -63.8    188469400   0   1900      1009950
   172  0 1  95.62 10063.00 2   0.0 -65.0    190490100   0   1900      2020700
   173  0 1  95.27 10088.50 2   0.0 -65.6    191499650   0   1600      1009550
   174  0 1  95.27 10112.50 2   0.0 -66.3    192509350   0   1800      1009700
   175  0 1  94.57 10133.50 2   0.0 -66.9    193519750   0   1650      1010400
   176  0 1  95.27 10153.00 2   0.0 -67.5    194529850   0   2000      1010100
   177  0 1  94.92 10166.50 2   0.0 -68.1    195499800   0   2000       969950
   178  0 1  94.22 10180.00 2   0.0 -68.8    196469850   0   1900       970050
   179  0 1  94.22 10190.50 2   0.0 -69.4    197440100   0   1600       970250
