    NO  S V  AOA    FREQ    B  FMOP  AMP      TOA      PMOP  PW         dTOA  
------ -- - ------ -------- - ----- ----- ------------ --- ------ ------------
     0  0 1  94.92 10021.00 2   0.0 -70.0            0   0   1800  42949673000
     1  0 1  95.62 10021.00 2   0.0 -67.5      2045450   0   1650      2045450
     2  0 1  94.22 10019.50 2   0.0 -66.3      3134350   0   1450      1088900
     3  0 1  94.22 10019.50 2   0.0 -65.0      4258750   0   1450      1124400
     4  0 1  94.57 10021.00 2   0.0 -63.8      5403500   0   1550      1144750
     5  0 1  95.62 10019.50 2   0.0 -62.5      6551950   0   1750      1148450
     6  0 1  95.62 10019.50 2   0.0 -61.3      7683750   0   1650      1131800
     7  0 1  94.22 10021.00 2   0.0 -60.0      8782300   0   1900      1098550
     8  0 1  94.22 10021.00 2   0.0 -58.8      9837550   0   1550      1055250
     9  0 1  94.22 10021.00 2   0.0 -57.5     10844500   0   1800      1006950
    10  0 1  95.27 10021.00 2   0.0 -55.3     12723250   0   1450      1878750
    11  0 1  95.27 10019.50 2   0.0 -54.1     13609000   0   1850       885750
    12  0 1  95.62 10019.50 2   0.0 -53.1     14473450   0   1750       864450
    13  0 1  95.62 10021.00 2   0.0 -51.9     15325750   0   1850       852300
    14  0 1  95.62 10021.00 2   0.0 -50.6     16175800   0   1750       850050
    15  0 1  94.92 10019.50 2   0.0 -49.7     17035850   0   1500       860050
    16  0 1  94.57 10021.00 2   0.0 -48.4     17915050   0   1750       879200
    17  0 1  94.92 10021.00 2   0.0 -47.5     18822650   0   1900       907600
    18  0 1  94.57 10021.00 2   0.0 -46.6     19767950   0   1750       945300
    19  0 1  95.27 10021.00 2   0.0 -44.4     21792450   0   1650      2024500
    20  0 1  94.57 10019.50 2   0.0 -43.4     22872650   0   1550      1080200
    21  0 1  95.27 10021.00 2   0.0 -42.5     23989150   0   1450      1116500
    22  0 1  95.27 10021.00 2   0.0 -41.6     25130950   0   1700      1141800
    23  0 1  94.57 10019.50 2   0.0 -40.9     26280350   0   1700      1149400
    24  0 1  95.62 10021.00 2   0.0 -40.0     27418700   0   1800      1138350
    25  0 1  94.22 10021.00 2   0.0 -39.1     28526300   0   1450      1107600
    26  0 1  95.62 10021.00 2   0.0 -38.4     29592250   0   1700      1065950
    27  0 1  94.22 10021.00 2   0.0 -37.5     30611650   0   1700      1019400
    28  0 1  94.57 10021.00 2   0.0 -36.3     32510750   0   1500      1899100
    29  0 1  94.22 10021.00 2   0.0 -35.6     33403850   0   1450       893100
    30  0 1  95.27 10021.00 2   0.0 -35.0     34271700   0   1550       867850
    31  0 1  94.92 10021.00 2   0.0 -34.4     35124900   0   1550       853200
    32  0 1  94.22 10021.00 2   0.0 -33.8     35974900   0   1700       850000
    33  0 1  95.62 10021.00 2   0.0 -33.4     36831050   0   1500       856150
    34  0 1  95.27 10019.50 2   0.0 -32.8     37704650   0   1800       873600
    35  0 1  95.27 10021.00 2   0.0 -32.5     38604600   0   1450       899950
    36  0 1  94.22 10019.50 2   0.0 -31.9     39540150   0   1850       935550
    37  0 1  95.27 10019.50 2   0.0 -31.3     41541900   0   1800      2001750
    38  0 1  94.57 10021.00 2   0.0 -30.9     42610600   0   1500      1068700
    39  0 1  95.27 10021.00 2   0.0 -30.6     43719300   0   1700      1108700
    40  0 1  95.62 10019.50 2   0.0 -30.6     44857200   0   1900      1137900
    41  0 1  94.57 10021.00 2   0.0 -30.3     46005750   0   1450      1148550
    42  0 1  94.92 10019.50 2   0.0 -30.3     47147550   0   1450      1141800
    43  0 1  94.57 10021.00 2   0.0 -30.0     48264600   0   1600      1117050
    44  0 1  95.27 10021.00 2   0.0 -30.0     49341500   0   1450      1076900
    45  0 1  95.62 10019.50 2   0.0 -30.0     50371000   0   1850      1029500
    46  0 1  95.27 10021.00 2   0.0 -30.0     52291250   0   1550      1920250
    47  0 1  94.57 10021.00 2   0.0 -30.3     53192450   0   1500       901200
    48  0 1  95.62 10021.00 2   0.0 -30.3     54065750   0   1450       873300
    49  0 1  95.27 10021.00 2   0.0 -30.6     54921850   0   1550       856100
    50  0 1  94.92 10021.00 2   0.0 -30.6     55771850   0   1600       850000
    51  0 1  94.57 10021.00 2   0.0 -30.9     56625650   0   1850       853800
    52  0 1  94.22 10021.00 2   0.0 -31.3     57494750   0   1550       869100
    53  0 1  94.57 10021.00 2   0.0 -31.6     58387900   0   1900       893150
    54  0 1  94.92 10021.00 2   0.0 -31.9     59314800   0   1550       926900
    55  0 1  94.22 10019.50 2   0.0 -32.8     61294850   0   1500      1980050
    56  0 1  94.22 10021.00 2   0.0 -33.4     62353650   0   1650      1058800
    57  0 1  94.92 10021.00 2   0.0 -33.8     63454300   0   1650      1100650
    58  0 1  95.62 10021.00 2   0.0 -34.4     64586150   0   1600      1131850
    59  0 1  95.62 10021.00 2   0.0 -35.0     65734450   0   1550      1148300
    60  0 1  94.22 10019.50 2   0.0 -35.6     66880400   0   1550      1145950
    61  0 1  94.92 10019.50 2   0.0 -36.3     68003900   0   1900      1123500
    62  0 1  94.57 10019.50 2   0.0 -36.9     69091450   0   1900      1087550
    63  0 1  94.92 10019.50 2   0.0 -37.5     70133050   0   1450      1041600
    64  0 1  95.62 10021.00 2   0.0 -39.1     72074250   0   1650      1941200
    65  0 1  94.92 10019.50 2   0.0 -40.0     72983500   0   1800       909250
    66  0 1  94.57 10021.00 2   0.0 -40.9     73862350   0   1500       878850
    67  0 1  94.57 10021.00 2   0.0 -41.6     74721750   0   1450       859400
    68  0 1  94.92 10021.00 2   0.0 -42.5     75571650   0   1750       849900
    69  0 1  95.27 10021.00 2   0.0 -43.4     76423750   0   1850       852100
    70  0 1  94.57 10021.00 2   0.0 -44.4     77287300   0   1750       863550
    71  0 1  94.92 10019.50 2   0.0 -45.6     78174100   0   1650       886800
    72  0 1  94.92 10021.00 2   0.0 -46.6     79092550   0   1650       918450
    73  0 1  94.92 10019.50 2   0.0 -48.4     81051350   0   1550      1958800
    74  0 1  95.62 10021.00 2   0.0 -49.7     82099600   0   1450      1048250
    75  0 1  95.27 10021.00 2   0.0 -50.6     83190250   0   1500      1090650
    76  0 1  94.22 10019.50 2   0.0 -51.9     84316400   0   1700      1126150
    77  0 1  95.27 10021.00 2   0.0 -53.1     85462450   0   1650      1146050
    78  0 1  94.92 10021.00 2   0.0 -54.1     86610500   0   1600      1148050
    79  0 1  94.57 10019.50 2   0.0 -55.3     87741500   0   1900      1131000
    80  0 1  95.62 10019.50 2   0.0 -56.6     88838750   0   1800      1097250
    81  0 1  94.22 10021.00 2   0.0 -57.5     89891550   0   1750      1052800
    82  0 1  95.27 10019.50 2   0.0 -60.0     91854250   0   1750      1962700
    83  0 1  95.27 10021.00 2   0.0 -61.3     92770950   0   1750       916700
    84  0 1  94.22 10021.00 2   0.0 -62.5     93655700   0   1700       884750
    85  0 1  94.92 10019.50 2   0.0 -63.8     94518850   0   1750       863150
    86  0 1  95.27 10021.00 2   0.0 -65.0     95370050   0   1600       851200
    87  0 1  94.92 10021.00 2   0.0 -66.3     96221500   0   1500       851450
    88  0 1  94.57 10021.00 2   0.0 -67.5     97081650   0   1500       860150
    89  0 1  95.62 10021.00 2   0.0 -68.8     97961800   0   1500       880150
