    NO  S V  AOA    FREQ    B  FMOP  AMP      TOA      PMOP  PW         dTOA  
------ -- - ------ -------- - ----- ----- ------------ --- ------ ------------
     0  0 1  95.27  9998.50 2   0.0 -70.0            0   0   1750  42949673000
     1  0 1  95.27 10027.00 2   0.0 -69.4       999650   0   2000       999650
     2  0 1  95.62 10051.00 2   0.0 -68.8      2000000   0   1600      1000350
     3  0 1  95.62 10078.00 2   0.0 -68.1      2999800   0   1750       999800
     4  0 1  94.22 10099.00 2   0.0 -67.5      3999550   0   1650       999750
     5  0 1  94.22 10123.00 2   0.0 -66.9      4999400   0   1850       999850
     6  0 1  94.22 10141.00 2   0.0 -66.3      5998950   0   1550       999550
     7  0 1  95.27 10174.00 2   0.0 -65.0      8009650   0   1700      2010700
     8  0 1  95.62 10184.50 2   0.0 -64.4      9019300   0   1700      1009650
     9  0 1  95.62 10193.50 2   0.0 -63.8     10029550   0   1850      1010250
    10  0 1  94.92 10198.00 2   0.0 -63.1     11039300   0   1750      1009750
    11  0 1  95.27 10199.50 2   0.0 -62.5     12049250   0   1600      1009950
    12  0 1  95.62 10195.00 2   0.0 -61.9     13059650   0   1650      1010400
    13  0 1  94.57 10189.00 2   0.0 -61.3     14069900   0   1550      1010250
    14  0 1  94.57 10178.50 2   0.0 -60.6     15040250   0   1900       970350
    15  0 1  94.22 10168.00 2   0.0 -60.0     16009800   0   1850       969550
    16  0 1  95.62 10133.50 2   0.0 -58.8     17949300   0   1600      1939500
    17  0 1  94.22 10112.50 2   0.0 -58.1     18919750   0   1550       970450
    18  0 1  94.92 10090.00 2   0.0 -57.5     19889900   0   1650       970150
    19  0 1  94.92 10069.00 2   0.0 -57.2     20859950   0   1900       970050
    20  0 1  95.62 10042.00 2   0.0 -56.6     21829650   0   1950       969700
    21  0 1  94.57 10016.50 2   0.0 -55.9     22799150   0   1650       969500
    22  0 1  94.22  9991.00 2   0.0 -55.3     23769550   0   1750       970400
    23  0 1  94.22  9967.00 2   0.0 -54.7     24739300   0   1600       969750
    24  0 1  94.57  9941.50 2   0.0 -54.1     25709700   0   1950       970400
    25  0 1  95.27  9893.50 2   0.0 -53.1     27650250   0   1550      1940550
    26  0 1  94.57  9871.00 2   0.0 -52.5     28616950   0   1850       966700
    27  0 1  94.22  9853.00 2   0.0 -51.9     29584350   0   1650       967400
    28  0 1  94.57  9838.00 2   0.0 -51.3     30551150   0   1550       966800
    29  0 1  94.92  9823.00 2   0.0 -50.6     31517850   0   1650       966700
    30  0 1  94.57  9811.00 2   0.0 -50.3     32484750   0   1550       966900
    31  0 1  95.62  9803.50 2   0.0 -49.7     33452000   0   1600       967250
    32  0 1  94.22  9802.00 2   0.0 -49.1     34419150   0   2000       967150
    33  0 1  94.92  9799.00 2   0.0 -48.4     35378750   0   1750       959600
    34  0 1  94.57  9805.00 2   0.0 -47.5     37299100   0   1950      1920350
    35  0 1  94.57  9814.00 2   0.0 -46.9     38258600   0   1550       959500
    36  0 1  94.57  9826.00 2   0.0 -46.6     39218200   0   1950       959600
    37  0 1  95.62  9841.00 2   0.0 -45.9     40177750   0   1650       959550
    38  0 1  95.27  9859.00 2   0.0 -45.6     41137950   0   1650       960200
    39  0 1  94.22  9880.00 2   0.0 -45.0     42147750   0   1600      1009800
    40  0 1  95.62  9901.00 2   0.0 -44.4     43157450   0   1900      1009700
    41  0 1  94.92  9925.00 2   0.0 -44.1     44167500   0   1650      1010050
    42  0 1  94.92  9952.00 2   0.0 -43.4     45177350   0   1550      1009850
    43  0 1  94.22 10003.00 2   0.0 -42.5     47197350   0   2000      2020000
    44  0 1  95.62 10031.50 2   0.0 -42.2     48207800   0   1700      1010450
    45  0 1  94.57 10057.00 2   0.0 -41.6     49227500   0   2000      1019700
    46  0 1  95.62 10082.50 2   0.0 -41.3     50247250   0   1800      1019750
    47  0 1  94.92 10105.00 2   0.0 -40.9     51266800   0   1550      1019550
    48  0 1  94.22 10129.00 2   0.0 -40.3     52286950   0   1800      1020150
    49  0 1  95.62 10150.00 2   0.0 -40.0     53307100   0   1600      1020150
    50  0 1  94.92 10166.50 2   0.0 -39.7     54327000   0   1600      1019900
    51  0 1  94.92 10180.00 2   0.0 -39.1     55346850   0   1800      1019850
    52  0 1  95.27 10195.00 2   0.0 -38.4     57286500   0   1950      1939650
    53  0 1  94.22 10199.50 2   0.0 -38.1     58256200   0   1900       969700
    54  0 1  94.92 10199.50 2   0.0 -37.5     59226250   0   1750       970050
    55  0 1  95.27 10196.50 2   0.0 -37.2     60195950   0   1550       969700
    56  0 1  94.22 10189.00 2   0.0 -36.9     61165500   0   1650       969550
    57  0 1  94.57 10180.00 2   0.0 -36.6     62135800   0   2000       970300
    58  0 1  95.27 10165.00 2   0.0 -36.3     63125800   0   1900       990000
    59  0 1  94.92 10148.50 2   0.0 -35.9     64115850   0   1850       990050
    60  0 1  95.62 10132.00 2   0.0 -35.6     65105650   0   1800       989800
    61  0 1  94.57 10088.50 2   0.0 -35.0     67086000   0   1700      1980350
    62  0 1  94.22 10063.00 2   0.0 -34.7     68075900   0   1950       989900
    63  0 1  94.22 10039.00 2   0.0 -34.4     69066150   0   1850       990250
    64  0 1  94.22 10009.00 2   0.0 -34.1     70066200   0   1650      1000050
    65  0 1  94.22  9985.00 2   0.0 -33.8     71066150   0   1600       999950
    66  0 1  95.62  9958.00 2   0.0 -33.4     72066250   0   1700      1000100
    67  0 1  95.62  9932.50 2   0.0 -33.4     73066450   0   1550      1000200
    68  0 1  94.57  9907.00 2   0.0 -33.1     74066900   0   1550      1000450
    69  0 1  94.22  9886.00 2   0.0 -32.8     75066950   0   1550      1000050
    70  0 1  95.62  9844.00 2   0.0 -32.5     77076800   0   1600      2009850
    71  0 1  95.62  9829.00 2   0.0 -32.2     78086750   0   1800      1009950
    72  0 1  95.27  9817.00 2   0.0 -31.9     79096850   0   1650      1010100
    73  0 1  95.27  9806.50 2   0.0 -31.9     80106500   0   1800      1009650
    74  0 1  95.27  9802.00 2   0.0 -31.6     81116850   0   1850      1010350
    75  0 1  95.27  9800.50 2   0.0 -31.6     82126550   0   1650      1009700
    76  0 1  94.57  9799.00 2   0.0 -31.3     83136350   0   1550      1009800
    77  0 1  94.22  9805.00 2   0.0 -31.3     84106450   0   1600       970100
    78  0 1  95.27  9814.00 2   0.0 -30.9     85076700   0   1650       970250
    79  0 1  95.27  9838.00 2   0.0 -30.6     87016200   0   1700      1939500
    80  0 1  95.62  9856.00 2   0.0 -30.6     87986500   0   1700       970300
    81  0 1  94.22  9874.00 2   0.0 -30.6     88956300   0   1750       969800
    82  0 1  95.27  9895.00 2   0.0 -30.3     89925800   0   1800       969500
    83  0 1  94.57  9919.00 2   0.0 -30.3     90895550   0   1600       969750
    84  0 1  94.22  9943.00 2   0.0 -30.3     91865850   0   1650       970300
    85  0 1  95.62  9967.00 2   0.0 -30.3     92835550   0   1850       969700
    86  0 1  94.57  9994.00 2   0.0 -30.0     93806000   0   1550       970450
    87  0 1  95.62 10021.00 2   0.0 -30.0     94776300   0   1550       970300
    88  0 1  94.57 10069.00 2   0.0 -30.0     96716100   0   1950      1939800
    89  0 1  94.22 10093.00 2   0.0 -30.0     97683550   0   1700       967450
    90  0 1  95.27 10115.50 2   0.0 -30.0     98650850   0   1550       967300
    91  0 1  94.57 10135.00 2   0.0 -30.0     99618250   0   1550       967400
    92  0 1  94.92 10153.00 2   0.0 -30.0    100585350   0   1950       967100
    93  0 1  94.57 10169.50 2   0.0 -30.0    101552400   0   1650       967050
    94  0 1  94.22 10181.50 2   0.0 -30.0    102519550   0   1900       967150
    95  0 1  95.27 10189.00 2   0.0 -30.0    103486900   0   1950       967350
    96  0 1  94.22 10195.00 2   0.0 -30.3    104447200   0   2000       960300
    97  0 1  94.57 10198.00 2   0.0 -30.3    106367500   0   1950      1920300
    98  0 1  94.57 10195.00 2   0.0 -30.3    107327400   0   1850       959900
    99  0 1  94.92 10186.00 2   0.0 -30.6    108287200   0   1550       959800
   100  0 1  94.92 10178.50 2   0.0 -30.6    109247200   0   2000       960000
   101  0 1  95.62 10163.50 2   0.0 -30.6    110207000   0   2000       959800
   102  0 1  94.22 10147.00 2   0.0 -30.9    111216750   0   1750      1009750
   103  0 1  94.92 10129.00 2   0.0 -30.9    112226450   0   1550      1009700
   104  0 1  94.57 10108.00 2   0.0 -31.3    113236750   0   1550      1010300
   105  0 1  94.22 10084.00 2   0.0 -31.3    114246450   0   1650      1009700
   106  0 1  94.22 10031.50 2   0.0 -31.6    116266550   0   1600      2020100
   107  0 1  95.27 10006.00 2   0.0 -31.9    117276700   0   1850      1010150
   108  0 1  94.22  9976.00 2   0.0 -31.9    118296350   0   1550      1019650
   109  0 1  94.22  9949.00 2   0.0 -32.2    119316400   0   1700      1020050
   110  0 1  94.57  9925.00 2   0.0 -32.5    120336800   0   1550      1020400
   111  0 1  95.27  9899.50 2   0.0 -32.5    121356950   0   1850      1020150
   112  0 1  94.22  9877.00 2   0.0 -32.8    122376450   0   1950      1019500
   113  0 1  94.22  9856.00 2   0.0 -33.1    123396250   0   1600      1019800
   114  0 1  95.27  9841.00 2   0.0 -33.4    124416000   0   1550      1019750
   115  0 1  95.62  9814.00 2   0.0 -33.8    126356300   0   1950      1940300
   116  0 1  95.27  9805.00 2   0.0 -34.1    127326500   0   1950       970200
   117  0 1  94.22  9800.50 2   0.0 -34.4    128296150   0   1650       969650
   118  0 1  95.62  9799.00 2   0.0 -34.7    129266150   0   1850       970000
   119  0 1  95.62  9800.50 2   0.0 -35.0    130236050   0   1950       969900
   120  0 1  94.22  9806.50 2   0.0 -35.3    131206350   0   1750       970300
   121  0 1  94.22  9814.00 2   0.0 -35.6    132196300   0   1900       989950
   122  0 1  94.92  9826.00 2   0.0 -35.9    133186400   0   1900       990100
   123  0 1  95.62  9841.00 2   0.0 -36.3    134176200   0   1950       989800
   124  0 1  94.92  9880.00 2   0.0 -36.9    136156600   0   1800      1980400
   125  0 1  95.62  9901.00 2   0.0 -37.2    137147000   0   1750       990400
   126  0 1  95.62  9925.00 2   0.0 -37.5    138137150   0   1550       990150
   127  0 1  95.27  9949.00 2   0.0 -38.1    139136850   0   1550       999700
   128  0 1  95.27  9974.50 2   0.0 -38.4    140136800   0   1900       999950
   129  0 1  95.27 10001.50 2   0.0 -38.8    141136500   0   1700       999700
   130  0 1  94.57 10028.50 2   0.0 -39.1    142136800   0   1550      1000300
   131  0 1  94.57 10054.00 2   0.0 -39.7    143136900   0   1700      1000100
   132  0 1  94.57 10079.50 2   0.0 -40.0    144136950   0   1600      1000050
   133  0 1  95.62 10126.00 2   0.0 -40.9    146146750   0   1600      2009800
   134  0 1  94.22 10144.00 2   0.0 -41.3    147156950   0   1950      1010200
   135  0 1  95.27 10162.00 2   0.0 -41.6    148166750   0   1800      1009800
   136  0 1  94.92 10177.00 2   0.0 -42.2    149176850   0   1800      1010100
   137  0 1  95.27 10187.50 2   0.0 -42.5    150187250   0   1800      1010400
   138  0 1  95.27 10195.00 2   0.0 -43.1    151197700   0   1900      1010450
   139  0 1  95.62 10199.50 2   0.0 -43.4    152207550   0   2000      1009850
   140  0 1  94.92 10198.00 2   0.0 -44.1    153177200   0   1900       969650
   141  0 1  94.22 10195.00 2   0.0 -44.4    154147100   0   1800       969900
   142  0 1  94.57 10180.00 2   0.0 -45.6    156086800   0   1750      1939700
   143  0 1  95.27 10166.50 2   0.0 -45.9    157057250   0   1550       970450
   144  0 1  94.22 10150.00 2   0.0 -46.6    158027200   0   1550       969950
   145  0 1  94.92 10135.00 2   0.0 -46.9    158997250   0   1850       970050
   146  0 1  95.27 10114.00 2   0.0 -47.5    159966800   0   1950       969550
   147  0 1  94.57 10090.00 2   0.0 -48.1    160937150   0   1550       970350
   148  0 1  95.27 10067.50 2   0.0 -48.4    161906950   0   1600       969800
   149  0 1  94.92 10043.50 2   0.0 -49.1    162876650   0   1550       969700
   150  0 1  94.92 10016.50 2   0.0 -49.7    163846150   0   1850       969500
   151  0 1  94.22  9964.00 2   0.0 -50.6    165785650   0   1750      1939500
   152  0 1  95.27  9938.50 2   0.0 -51.3    166752750   0   1950       967100
   153  0 1  95.62  9916.00 2   0.0 -51.9    167719300   0   1600       966550
   154  0 1  94.92  9892.00 2   0.0 -52.5    168686500   0   1750       967200
   155  0 1  95.27  9872.50 2   0.0 -53.1    169653800   0   1700       967300
   156  0 1  94.22  9853.00 2   0.0 -53.4    170620750   0   1900       966950
   157  0 1  94.92  9835.00 2   0.0 -54.1    171587500   0   1600       966750
   158  0 1  95.27  9823.00 2   0.0 -54.7    172554000   0   1950       966500
   159  0 1  95.62  9812.50 2   0.0 -55.3    173513650   0   1900       959650
   160  0 1  94.92  9802.00 2   0.0 -56.6    175434200   0   1650      1920550
   161  0 1  94.92  9799.00 2   0.0 -57.2    176394650   0   1600       960450
   162  0 1  94.92  9800.50 2   0.0 -57.5    177354250   0   1600       959600
   163  0 1  95.27  9808.00 2   0.0 -58.1    178313750   0   1900       959500
   164  0 1  94.22  9817.00 2   0.0 -58.8    179273400   0   1750       959650
   165  0 1  94.22  9826.00 2   0.0 -59.4    180283750   0   1900      1010350
   166  0 1  95.62  9841.00 2   0.0 -60.0    181293600   0   1850      1009850
   167  0 1  94.92  9860.50 2   0.0 -60.6    182303300   0   1650      1009700
   168  0 1  94.57  9881.50 2   0.0 -61.3    183313050   0   1800      1009750
   169  0 1  95.62  9928.00 2   0.0 -62.5    185333200   0   1850      2020150
   170  0 1  95.27  9955.00 2   0.0 -63.1    186343500   0   1550      1010300
   171  0 1  94.57  9982.00 2   0.0 -63.8    187363400   0   1750      1019900
   172  0 1  94.57 10009.00 2   0.0 -64.4    188382950   0   1650      1019550
   173  0 1  94.57 10036.00 2   0.0 -65.0    189402600   0   1700      1019650
   174  0 1  94.22 10063.00 2   0.0 -65.6    190422750   0   1750      1020150
   175  0 1  94.57 10087.00 2   0.0 -66.3    191442650   0   1650      1019900
   176  0 1  95.27 10111.00 2   0.0 -66.9    192462250   0   1700      1019600
   177  0 1  95.27 10133.50 2   0.0 -67.5    193482150   0   1700      1019900
   178  0 1  94.57 10166.50 2   0.0 -68.8    195422000   0   1550      1939850
   179  0 1  95.27 10178.50 2   0.0 -69.4    196392350   0   1850       970350
