    NO  S V  AOA    FREQ    B  FMOP  AMP      TOA      PMOP  PW         dTOA  
------ -- - ------ -------- - ----- ----- ------------ --- ------ ------------
     0  0 1  94.92 10000.00 2   0.0 -70.0            0   0   1800  42949673000
     1  0 1  94.57 10024.00 2   0.0 -69.4      1010450   0   1800      1010450
     2  0 1  94.92 10052.50 2   0.0 -68.8      2020550   0   1650      1010100
     3  0 1  94.22 10076.50 2   0.0 -68.1      3030600   0   1600      1010050
     4  0 1  94.22 10102.00 2   0.0 -67.5      4040650   0   1950      1010050
     5  0 1  94.57 10144.00 2   0.0 -66.3      6060600   0   2000      2019950
     6  0 1  94.92 10160.50 2   0.0 -65.6      7070550   0   1650      1009950
     7  0 1  94.22 10174.00 2   0.0 -65.0      8040300   0   2000       969750
     8  0 1  95.27 10186.00 2   0.0 -64.4      9010200   0   1700       969900
     9  0 1  95.27 10192.00 2   0.0 -63.8      9980550   0   1950       970350
    10  0 1  95.27 10196.50 2   0.0 -63.1     10950700   0   1600       970150
    11  0 1  95.62 10198.00 2   0.0 -62.5     11920250   0   1900       969550
    12  0 1  94.92 10195.00 2   0.0 -61.9     12889900   0   1650       969650
    13  0 1  94.92 10192.00 2   0.0 -61.3     13859900   0   1600       970000
    14  0 1  94.22 10171.00 2   0.0 -60.0     15799600   0   1700      1939700
    15  0 1  94.92 10156.00 2   0.0 -59.4     16769200   0   1550       969600
    16  0 1  94.22 10138.00 2   0.0 -58.8     17739450   0   1600       970250
    17  0 1  95.62 10117.00 2   0.0 -58.1     18709800   0   1650       970350
    18  0 1  95.27 10097.50 2   0.0 -57.5     19679650   0   1650       969850
    19  0 1  94.57 10073.50 2   0.0 -57.2     20649900   0   1900       970250
    20  0 1  94.57 10048.00 2   0.0 -56.6     21616900   0   1700       967000
    21  0 1  95.27 10022.50 2   0.0 -55.9     22583800   0   1550       966900
    22  0 1  94.57  9997.00 2   0.0 -55.3     23550800   0   1750       967000
    23  0 1  95.27  9946.00 2   0.0 -54.1     25484850   0   1650      1934050
    24  0 1  94.92  9923.50 2   0.0 -53.4     26452200   0   1850       967350
    25  0 1  95.62  9899.50 2   0.0 -53.1     27418700   0   1750       966500
    26  0 1  94.57  9877.00 2   0.0 -52.5     28378550   0   1700       959850
    27  0 1  95.27  9859.00 2   0.0 -51.9     29338700   0   1600       960150
    28  0 1  94.22  9842.50 2   0.0 -51.3     30298250   0   1800       959550
    29  0 1  94.57  9826.00 2   0.0 -50.6     31257850   0   1650       959600
    30  0 1  94.57  9817.00 2   0.0 -50.3     32217600   0   1750       959750
    31  0 1  95.62  9808.00 2   0.0 -49.7     33177800   0   1650       960200
    32  0 1  95.62  9799.00 2   0.0 -48.4     35148000   0   1950      1970200
    33  0 1  95.62  9799.00 2   0.0 -48.1     36157900   0   1650      1009900
    34  0 1  95.27  9805.00 2   0.0 -47.5     37168050   0   1700      1010150
    35  0 1  94.92  9814.00 2   0.0 -46.9     38177650   0   1900      1009600
    36  0 1  94.22  9827.50 2   0.0 -46.6     39187650   0   1650      1010000
    37  0 1  95.27  9841.00 2   0.0 -45.9     40197850   0   1650      1010200
    38  0 1  94.92  9859.00 2   0.0 -45.6     41207500   0   1750      1009650
    39  0 1  94.57  9880.00 2   0.0 -45.0     42227200   0   1800      1019700
    40  0 1  94.92  9904.00 2   0.0 -44.4     43247000   0   2000      1019800
    41  0 1  94.57  9953.50 2   0.0 -43.4     45287850   0   1800      2040850
    42  0 1  94.57  9982.00 2   0.0 -43.1     46308250   0   1650      1020400
    43  0 1  94.92 10006.00 2   0.0 -42.5     47328650   0   1800      1020400
    44  0 1  94.57 10033.00 2   0.0 -42.2     48349100   0   1850      1020450
    45  0 1  95.27 10060.00 2   0.0 -41.6     49319050   0   1650       969950
    46  0 1  94.57 10084.00 2   0.0 -41.3     50288950   0   2000       969900
    47  0 1  94.57 10108.00 2   0.0 -40.9     51258600   0   1850       969650
    48  0 1  94.92 10126.00 2   0.0 -40.3     52228350   0   1800       969750
    49  0 1  95.27 10147.00 2   0.0 -40.0     53198600   0   1800       970250
    50  0 1  94.57 10177.00 2   0.0 -39.1     55137900   0   1750      1939300
    51  0 1  94.22 10186.00 2   0.0 -38.8     56127650   0   1900       989750
    52  0 1  94.92 10195.00 2   0.0 -38.4     57117600   0   1750       989950
    53  0 1  95.27 10198.00 2   0.0 -38.1     58107200   0   1550       989600
    54  0 1  95.27 10198.00 2   0.0 -37.5     59097250   0   1800       990050
    55  0 1  94.92 10196.50 2   0.0 -37.2     60086800   0   1850       989550
    56  0 1  95.27 10189.00 2   0.0 -36.9     61076550   0   1550       989750
    57  0 1  94.57 10180.00 2   0.0 -36.6     62066300   0   1650       989750
    58  0 1  95.62 10166.50 2   0.0 -36.3     63066450   0   1950      1000150
    59  0 1  94.57 10132.00 2   0.0 -35.6     65066750   0   1900      2000300
    60  0 1  94.57 10111.00 2   0.0 -35.3     66067050   0   1550      1000300
    61  0 1  94.92 10087.00 2   0.0 -35.0     67067150   0   1750      1000100
    62  0 1  94.22 10061.50 2   0.0 -34.7     68066900   0   1600       999750
    63  0 1  94.92 10036.00 2   0.0 -34.4     69066450   0   1600       999550
    64  0 1  94.57 10012.00 2   0.0 -34.1     70076200   0   1850      1009750
    65  0 1  94.22  9982.00 2   0.0 -33.8     71085900   0   1900      1009700
    66  0 1  95.62  9958.00 2   0.0 -33.4     72095800   0   1700      1009900
    67  0 1  94.57  9929.50 2   0.0 -33.4     73105800   0   1900      1010000
    68  0 1  94.92  9883.00 2   0.0 -32.8     75125400   0   1700      2019600
    69  0 1  95.62  9863.50 2   0.0 -32.5     76135400   0   2000      1010000
    70  0 1  94.92  9844.00 2   0.0 -32.5     77105600   0   1600       970200
    71  0 1  95.62  9829.00 2   0.0 -32.2     78075250   0   1750       969650
    72  0 1  94.22  9817.00 2   0.0 -31.9     79045100   0   1850       969850
    73  0 1  94.57  9808.00 2   0.0 -31.9     80014650   0   1600       969550
    74  0 1  94.57  9802.00 2   0.0 -31.6     80984900   0   1650       970250
    75  0 1  94.22  9800.50 2   0.0 -31.6     81955350   0   1550       970450
    76  0 1  95.27  9800.50 2   0.0 -31.3     82925450   0   1650       970100
    77  0 1  95.27  9811.00 2   0.0 -30.9     84865300   0   1900      1939850
    78  0 1  94.92  9821.50 2   0.0 -30.9     85834850   0   1550       969550
    79  0 1  95.27  9835.00 2   0.0 -30.6     86804850   0   1650       970000
    80  0 1  95.62  9853.00 2   0.0 -30.6     87774850   0   1550       970000
    81  0 1  94.22  9869.50 2   0.0 -30.6     88744450   0   1700       969600
    82  0 1  94.57  9892.00 2   0.0 -30.3     89714800   0   1550       970350
    83  0 1  94.57  9913.00 2   0.0 -30.3     90681300   0   1650       966500
    84  0 1  94.22  9938.50 2   0.0 -30.3     91647950   0   1800       966650
    85  0 1  94.22  9964.00 2   0.0 -30.3     92614750   0   1950       966800
    86  0 1  94.92 10015.00 2   0.0 -30.0     94547850   0   1650      1933100
    87  0 1  94.22 10040.50 2   0.0 -30.0     95514950   0   1850       967100
    88  0 1  95.27 10063.00 2   0.0 -30.0     96482200   0   1750       967250
    89  0 1  94.57 10087.00 2   0.0 -30.0     97442600   0   1650       960400
    90  0 1  95.62 10109.50 2   0.0 -30.0     98402650   0   1800       960050
    91  0 1  95.62 10130.50 2   0.0 -30.0     99362300   0   1700       959650
    92  0 1  94.92 10147.00 2   0.0 -30.0    100321850   0   1600       959550
    93  0 1  95.62 10165.00 2   0.0 -30.0    101281550   0   1600       959700
    94  0 1  94.92 10178.50 2   0.0 -30.0    102241450   0   1600       959900
    95  0 1  95.27 10193.50 2   0.0 -30.3    104211900   0   1700      1970450
    96  0 1  95.62 10198.00 2   0.0 -30.3    105221450   0   1950      1009550
    97  0 1  94.57 10198.00 2   0.0 -30.3    106231700   0   1650      1010250
    98  0 1  95.27 10195.00 2   0.0 -30.3    107242150   0   1650      1010450
    99  0 1  94.57 10189.00 2   0.0 -30.6    108251950   0   1800      1009800
   100  0 1  95.62 10177.00 2   0.0 -30.6    109261550   0   1700      1009600
   101  0 1  94.22 10165.00 2   0.0 -30.6    110271150   0   1550      1009600
   102  0 1  94.22 10145.50 2   0.0 -30.9    111290800   0   1550      1019650
   103  0 1  95.62 10126.00 2   0.0 -30.9    112311200   0   2000      1020400
   104  0 1  94.22 10081.00 2   0.0 -31.3    114351100   0   1550      2039900
   105  0 1  94.57 10054.00 2   0.0 -31.6    115370850   0   1600      1019750
   106  0 1  95.27 10027.00 2   0.0 -31.6    116390750   0   1650      1019900
   107  0 1  94.57 10000.00 2   0.0 -31.9    117411200   0   1600      1020450
   108  0 1  94.57  9974.50 2   0.0 -31.9    118380700   0   1900       969500
   109  0 1  95.27  9950.50 2   0.0 -32.2    119350600   0   1800       969900
   110  0 1  94.57  9926.50 2   0.0 -32.5    120320950   0   1650       970350
   111  0 1  95.62  9901.00 2   0.0 -32.5    121290700   0   1550       969750
   112  0 1  94.57  9880.00 2   0.0 -32.8    122260250   0   1800       969550
   113  0 1  95.62  9841.00 2   0.0 -33.4    124200250   0   1650      1940000
   114  0 1  94.22  9827.50 2   0.0 -33.4    125190100   0   1700       989850
   115  0 1  94.92  9817.00 2   0.0 -33.8    126179900   0   1900       989800
   116  0 1  94.22  9806.50 2   0.0 -34.1    127170300   0   1750       990400
   117  0 1  94.22  9802.00 2   0.0 -34.4    128159850   0   1850       989550
   118  0 1  95.62  9799.00 2   0.0 -34.7    129149600   0   1750       989750
   119  0 1  94.57  9802.00 2   0.0 -35.0    130139700   0   1550       990100
   120  0 1  94.92  9806.50 2   0.0 -35.3    131129700   0   2000       990000
   121  0 1  95.62  9812.50 2   0.0 -35.6    132129350   0   1650       999650
   122  0 1  95.27  9841.00 2   0.0 -36.3    134129600   0   1650      2000250
   123  0 1  94.92  9859.00 2   0.0 -36.6    135129300   0   1750       999700
   124  0 1  95.27  9877.00 2   0.0 -36.9    136129750   0   1700      1000450
   125  0 1  94.22  9901.00 2   0.0 -37.2    137129250   0   2000       999500
   126  0 1  95.27  9923.50 2   0.0 -37.5    138129100   0   1650       999850
   127  0 1  95.62  9950.50 2   0.0 -38.1    139139050   0   1650      1009950
   128  0 1  95.62  9977.50 2   0.0 -38.4    140148650   0   1550      1009600
   129  0 1  94.92 10003.00 2   0.0 -38.8    141158850   0   1850      1010200
   130  0 1  94.57 10031.50 2   0.0 -39.1    142168600   0   1750      1009750
   131  0 1  94.22 10081.00 2   0.0 -40.0    144188500   0   1850      2019900
   132  0 1  95.62 10106.50 2   0.0 -40.3    145198850   0   1900      1010350
   133  0 1  95.62 10126.00 2   0.0 -40.9    146169000   0   1550       970150
   134  0 1  94.22 10147.00 2   0.0 -41.3    147138800   0   1750       969800
   135  0 1  94.57 10162.00 2   0.0 -41.6    148109100   0   1600       970300
   136  0 1  95.62 10175.50 2   0.0 -42.2    149078700   0   1800       969600
   137  0 1  94.92 10187.50 2   0.0 -42.5    150048350   0   2000       969650
   138  0 1  94.57 10193.50 2   0.0 -43.1    151018400   0   1650       970050
   139  0 1  94.22 10196.50 2   0.0 -43.4    151987900   0   1550       969500
   140  0 1  95.62 10198.00 2   0.0 -44.4    153927750   0   1750      1939850
   141  0 1  95.27 10189.00 2   0.0 -45.0    154898200   0   1600       970450
   142  0 1  94.92 10183.00 2   0.0 -45.6    155867900   0   1550       969700
   143  0 1  95.62 10169.50 2   0.0 -45.9    156837650   0   1550       969750
   144  0 1  94.22 10154.50 2   0.0 -46.6    157807550   0   1850       969900
   145  0 1  95.27 10138.00 2   0.0 -46.9    158777450   0   1700       969900
   146  0 1  94.57 10117.00 2   0.0 -47.5    159744150   0   1600       966700
   147  0 1  95.62 10096.00 2   0.0 -48.1    160710700   0   1550       966550
   148  0 1  95.27 10073.50 2   0.0 -48.4    161677900   0   1600       967200
   149  0 1  94.57 10021.00 2   0.0 -49.7    163612200   0   1850      1934300
   150  0 1  94.92  9995.50 2   0.0 -50.3    164579000   0   1800       966800
   151  0 1  95.27  9971.50 2   0.0 -50.6    165546150   0   1950       967150
   152  0 1  95.62  9946.00 2   0.0 -51.3    166505900   0   1850       959750
   153  0 1  94.22  9922.00 2   0.0 -51.9    167465450   0   1950       959550
   154  0 1  95.62  9898.00 2   0.0 -52.5    168425100   0   1600       959650
   155  0 1  94.57  9877.00 2   0.0 -53.1    169384600   0   2000       959500
   156  0 1  94.57  9859.00 2   0.0 -53.4    170344900   0   1900       960300
   157  0 1  95.62  9841.00 2   0.0 -54.1    171304600   0   1600       959700
   158  0 1  94.92  9815.50 2   0.0 -55.3    173274650   0   1550      1970050
   159  0 1  95.27  9806.50 2   0.0 -55.9    174284350   0   1800      1009700
   160  0 1  94.22  9802.00 2   0.0 -56.6    175294050   0   1650      1009700
   161  0 1  94.57  9799.00 2   0.0 -57.2    176304350   0   1950      1010300
   162  0 1  94.57  9802.00 2   0.0 -57.5    177314500   0   1850      1010150
   163  0 1  95.62  9806.50 2   0.0 -58.1    178324400   0   2000      1009900
   164  0 1  94.92  9814.00 2   0.0 -58.8    179334750   0   2000      1010350
   165  0 1  94.92  9827.50 2   0.0 -59.4    180354550   0   1550      1019800
   166  0 1  94.22  9844.00 2   0.0 -60.0    181374200   0   1550      1019650
   167  0 1  94.57  9883.00 2   0.0 -61.3    183414200   0   1900      2040000
   168  0 1  95.27  9907.00 2   0.0 -61.9    184434250   0   1750      1020050
   169  0 1  94.92  9934.00 2   0.0 -62.5    185454300   0   2000      1020050
   170  0 1  95.62  9958.00 2   0.0 -63.1    186474650   0   1650      1020350
   171  0 1  95.27  9985.00 2   0.0 -63.8    187444950   0   1800       970300
   172  0 1  94.57 10009.00 2   0.0 -64.4    188415050   0   1850       970100
   173  0 1  94.92 10036.00 2   0.0 -65.0    189384700   0   1950       969650
   174  0 1  94.22 10060.00 2   0.0 -65.6    190354750   0   1950       970050
   175  0 1  95.62 10084.00 2   0.0 -66.3    191324600   0   1550       969850
   176  0 1  94.57 10129.00 2   0.0 -67.5    193264500   0   1850      1939900
   177  0 1  95.62 10148.50 2   0.0 -68.1    194254100   0   1550       989600
   178  0 1  94.92 10163.50 2   0.0 -68.8    195243800   0   1600       989700
   179  0 1  94.22 10177.00 2   0.0 -69.4    196233350   0   1600       989550
