    NO  S V  AOA    FREQ    B  FMOP  AMP      TOA      PMOP  PW         dTOA  
------ -- - ------ -------- - ----- ----- ------------ --- ------ ------------
     0  0 1  94.57 10000.00 2   0.0 -70.0            0   0   1600  42949673000
     1  0 1  95.62 10051.00 2   0.0 -68.8      2019800   0   1650      2019800
     2  0 1  94.22 10078.00 2   0.0 -68.1      3030250   0   1600      1010450
     3  0 1  95.27 10102.00 2   0.0 -67.5      4040600   0   1700      1010350
     4  0 1  95.27 10123.00 2   0.0 -66.9      5051050   0   1650      1010450
     5  0 1  94.22 10144.00 2   0.0 -66.3      6061500   0   1950      1010450
     6  0 1  95.62 10162.00 2   0.0 -65.6      7071150   0   1750      1009650
     7  0 1  95.27 10175.50 2   0.0 -65.0      8090650   0   1900      1019500
     8  0 1  95.62 10186.00 2   0.0 -64.4      9110750   0   1750      1020100
     9  0 1  95.27 10195.00 2   0.0 -63.8     10130400   0   1650      1019650
    10  0 1  94.92 10198.00 2   0.0 -62.5     12171100   0   1800      2040700
    11  0 1  95.62 10195.00 2   0.0 -61.9     13191450   0   2000      1020350
    12  0 1  94.92 10189.00 2   0.0 -61.3     14211300   0   1900      1019850
    13  0 1  94.92 10178.50 2   0.0 -60.6     15181600   0   1550       970300
    14  0 1  95.62 10165.00 2   0.0 -60.0     16151250   0   2000       969650
    15  0 1  95.27 10150.00 2   0.0 -59.4     17121550   0   1950       970300
    16  0 1  95.62 10132.00 2   0.0 -58.8     18091500   0   1950       969950
    17  0 1  94.57 10111.00 2   0.0 -58.1     19061950   0   1900       970450
    18  0 1  94.57 10087.00 2   0.0 -57.5     20032100   0   1800       970150
    19  0 1  94.92 10040.50 2   0.0 -56.6     21992050   0   1600      1959950
    20  0 1  94.57 10012.00 2   0.0 -55.9     22982000   0   1950       989950
    21  0 1  95.62  9986.50 2   0.0 -55.3     23972450   0   1900       990450
    22  0 1  95.27  9959.50 2   0.0 -54.7     24962250   0   1700       989800
    23  0 1  95.62  9934.00 2   0.0 -54.1     25952300   0   1550       990050
    24  0 1  95.27  9910.00 2   0.0 -53.4     26942150   0   1550       989850
    25  0 1  95.27  9886.00 2   0.0 -53.1     27932450   0   1700       990300
    26  0 1  94.22  9865.00 2   0.0 -52.5     28932300   0   1850       999850
    27  0 1  94.22  9848.50 2   0.0 -51.9     29932600   0   1750      1000300
    28  0 1  94.57  9820.00 2   0.0 -50.6     31932850   0   1650      2000250
    29  0 1  95.27  9808.00 2   0.0 -50.3     32932450   0   1600       999600
    30  0 1  94.57  9802.00 2   0.0 -49.7     33932700   0   1700      1000250
    31  0 1  95.62  9800.50 2   0.0 -49.1     34932300   0   1900       999600
    32  0 1  94.22  9799.00 2   0.0 -48.4     35942400   0   1600      1010100
    33  0 1  95.27  9805.00 2   0.0 -48.1     36952050   0   1750      1009650
    34  0 1  94.92  9811.00 2   0.0 -47.5     37961800   0   1850      1009750
    35  0 1  95.62  9823.00 2   0.0 -46.9     38971800   0   1750      1010000
    36  0 1  94.22  9838.00 2   0.0 -46.6     39981550   0   1650      1009750
    37  0 1  95.62  9874.00 2   0.0 -45.6     42001600   0   1700      2020050
    38  0 1  94.57  9898.00 2   0.0 -45.0     42971200   0   1800       969600
    39  0 1  95.62  9919.00 2   0.0 -44.4     43941150   0   1950       969950
    40  0 1  95.27  9944.50 2   0.0 -44.1     44911250   0   2000       970100
    41  0 1  94.57  9970.00 2   0.0 -43.4     45881350   0   1700       970100
    42  0 1  94.22  9995.50 2   0.0 -43.1     46851150   0   2000       969800
    43  0 1  94.92 10019.50 2   0.0 -42.5     47821200   0   1550       970050
    44  0 1  94.22 10045.00 2   0.0 -42.2     48790850   0   2000       969650
    45  0 1  94.57 10072.00 2   0.0 -41.6     49760950   0   1650       970100
    46  0 1  94.92 10117.00 2   0.0 -40.9     51700950   0   1550      1940000
    47  0 1  94.57 10138.00 2   0.0 -40.3     52670850   0   1850       969900
    48  0 1  94.57 10153.00 2   0.0 -40.0     53641050   0   1650       970200
    49  0 1  95.62 10168.00 2   0.0 -39.7     54611050   0   1700       970000
    50  0 1  94.22 10180.00 2   0.0 -39.1     55581450   0   1550       970400
    51  0 1  94.57 10192.00 2   0.0 -38.8     56548150   0   1700       966700
    52  0 1  95.62 10196.50 2   0.0 -38.4     57515450   0   1950       967300
    53  0 1  94.22 10198.00 2   0.0 -38.1     58482150   0   1950       966700
    54  0 1  95.27 10198.00 2   0.0 -37.5     59448700   0   1550       966550
    55  0 1  95.27 10186.00 2   0.0 -36.9     61382700   0   1800      1934000
    56  0 1  94.92 10177.00 2   0.0 -36.6     62349500   0   1800       966800
    57  0 1  94.57 10163.50 2   0.0 -36.3     63309500   0   1600       960000
    58  0 1  94.57 10145.50 2   0.0 -35.9     64269750   0   1550       960250
    59  0 1  94.92 10127.50 2   0.0 -35.6     65229650   0   1950       959900
    60  0 1  95.62 10106.50 2   0.0 -35.3     66189300   0   1700       959650
    61  0 1  95.27 10087.00 2   0.0 -35.0     67149050   0   1600       959750
    62  0 1  94.92 10061.50 2   0.0 -34.7     68109150   0   1600       960100
    63  0 1  94.57 10037.50 2   0.0 -34.4     69068800   0   2000       959650
    64  0 1  95.62  9983.50 2   0.0 -33.8     71089250   0   1700      2020450
    65  0 1  94.22  9956.50 2   0.0 -33.4     72098950   0   1900      1009700
    66  0 1  95.27  9931.00 2   0.0 -33.4     73109350   0   2000      1010400
    67  0 1  94.92  9904.00 2   0.0 -33.1     74119300   0   1600      1009950
    68  0 1  95.62  9883.00 2   0.0 -32.8     75129050   0   1550      1009750
    69  0 1  95.62  9862.00 2   0.0 -32.5     76138600   0   1600      1009550
    70  0 1  95.27  9844.00 2   0.0 -32.5     77158150   0   1750      1019550
    71  0 1  95.27  9829.00 2   0.0 -32.2     78178500   0   1650      1020350
    72  0 1  94.22  9815.50 2   0.0 -31.9     79198000   0   1650      1019500
    73  0 1  94.22  9802.00 2   0.0 -31.6     81238100   0   1600      2040100
    74  0 1  94.92  9799.00 2   0.0 -31.6     82257800   0   1550      1019700
    75  0 1  94.92  9802.00 2   0.0 -31.3     83278200   0   2000      1020400
    76  0 1  94.57  9806.50 2   0.0 -31.3     84248650   0   1700       970450
    77  0 1  94.92  9814.00 2   0.0 -30.9     85218500   0   1950       969850
    78  0 1  94.57  9826.00 2   0.0 -30.9     86188650   0   1700       970150
    79  0 1  94.92  9841.00 2   0.0 -30.6     87158500   0   1850       969850
    80  0 1  94.92  9856.00 2   0.0 -30.6     88128750   0   1750       970250
    81  0 1  94.92  9877.00 2   0.0 -30.6     89099150   0   1850       970400
    82  0 1  94.22  9922.00 2   0.0 -30.3     91058450   0   1900      1959300
    83  0 1  94.22  9946.00 2   0.0 -30.3     92047950   0   1550       989500
    84  0 1  95.62  9973.00 2   0.0 -30.3     93037800   0   1900       989850
    85  0 1  94.22 10000.00 2   0.0 -30.0     94028100   0   1900       990300
    86  0 1  95.62 10027.00 2   0.0 -30.0     95018300   0   2000       990200
    87  0 1  94.22 10052.50 2   0.0 -30.0     96007900   0   1750       989600
    88  0 1  94.92 10078.00 2   0.0 -30.0     96998250   0   1550       990350
    89  0 1  95.27 10099.00 2   0.0 -30.0     97997750   0   1650       999500
    90  0 1  94.22 10123.00 2   0.0 -30.0     98997750   0   2000      1000000
    91  0 1  94.57 10160.50 2   0.0 -30.0    100997750   0   2000      2000000
    92  0 1  94.92 10174.00 2   0.0 -30.0    101997800   0   1850      1000050
    93  0 1  94.57 10186.00 2   0.0 -30.0    102997400   0   1600       999600
    94  0 1  94.92 10195.00 2   0.0 -30.0    103997000   0   1800       999600
    95  0 1  94.22 10198.00 2   0.0 -30.3    105006650   0   1550      1009650
    96  0 1  94.92 10198.00 2   0.0 -30.3    106016450   0   1750      1009800
    97  0 1  94.57 10198.00 2   0.0 -30.3    107026050   0   1650      1009600
    98  0 1  94.22 10189.00 2   0.0 -30.3    108035650   0   1600      1009600
    99  0 1  95.62 10180.00 2   0.0 -30.6    109045550   0   1950      1009900
   100  0 1  95.62 10150.00 2   0.0 -30.6    111065000   0   1850      2019450
   101  0 1  94.92 10132.00 2   0.0 -30.9    112035300   0   1850       970300
   102  0 1  94.57 10112.50 2   0.0 -30.9    113005150   0   1750       969850
   103  0 1  94.92 10090.00 2   0.0 -31.3    113975000   0   1950       969850
   104  0 1  95.27 10066.00 2   0.0 -31.3    114945200   0   1750       970200
   105  0 1  94.92 10042.00 2   0.0 -31.6    115915100   0   1600       969900
   106  0 1  94.57 10016.50 2   0.0 -31.6    116884800   0   1600       969700
   107  0 1  95.62  9991.00 2   0.0 -31.9    117854700   0   1750       969900
   108  0 1  94.92  9962.50 2   0.0 -31.9    118825000   0   1800       970300
   109  0 1  95.62  9916.00 2   0.0 -32.5    120764850   0   1600      1939850
   110  0 1  94.22  9890.50 2   0.0 -32.5    121735000   0   1550       970150
   111  0 1  95.27  9871.00 2   0.0 -32.8    122705250   0   1650       970250
   112  0 1  95.27  9851.50 2   0.0 -33.1    123675500   0   1900       970250
   113  0 1  94.22  9835.00 2   0.0 -33.4    124645800   0   1550       970300
   114  0 1  94.22  9823.00 2   0.0 -33.4    125613000   0   1950       967200
   115  0 1  94.57  9812.50 2   0.0 -33.8    126580450   0   1900       967450
   116  0 1  94.57  9803.50 2   0.0 -34.1    127547600   0   1600       967150
   117  0 1  94.92  9799.00 2   0.0 -34.4    128514700   0   1650       967100
   118  0 1  95.27  9800.50 2   0.0 -35.0    130448050   0   1850      1933350
   119  0 1  94.22  9806.50 2   0.0 -35.3    131414600   0   1750       966550
   120  0 1  95.62  9815.50 2   0.0 -35.6    132375000   0   2000       960400
   121  0 1  94.22  9829.00 2   0.0 -35.9    133334750   0   1950       959750
   122  0 1  94.92  9844.00 2   0.0 -36.3    134295150   0   1600       960400
   123  0 1  94.57  9862.00 2   0.0 -36.6    135254650   0   1800       959500
   124  0 1  95.62  9880.00 2   0.0 -36.9    136214750   0   1550       960100
   125  0 1  95.62  9902.50 2   0.0 -37.2    137175200   0   1950       960450
   126  0 1  94.22  9923.50 2   0.0 -37.5    138135050   0   1950       959850
   127  0 1  95.62  9977.50 2   0.0 -38.4    140155200   0   1550      2020150
   128  0 1  94.92 10004.50 2   0.0 -38.8    141165450   0   1600      1010250
   129  0 1  94.92 10031.50 2   0.0 -39.1    142175850   0   1950      1010400
   130  0 1  95.62 10057.00 2   0.0 -39.7    143185650   0   2000      1009800
   131  0 1  94.57 10081.00 2   0.0 -40.0    144195350   0   1950      1009700
   132  0 1  94.92 10105.00 2   0.0 -40.3    145205250   0   1600      1009900
   133  0 1  94.57 10126.00 2   0.0 -40.9    146225100   0   1650      1019850
   134  0 1  95.27 10148.50 2   0.0 -41.3    147245250   0   2000      1020150
   135  0 1  94.57 10165.00 2   0.0 -41.6    148265500   0   1550      1020250
   136  0 1  95.62 10187.50 2   0.0 -42.5    150305850   0   1750      2040350
   137  0 1  95.62 10196.50 2   0.0 -43.1    151325800   0   1800      1019950
   138  0 1  94.22 10199.50 2   0.0 -43.4    152346200   0   1550      1020400
   139  0 1  94.57 10198.00 2   0.0 -44.1    153316350   0   1900       970150
   140  0 1  94.22 10195.00 2   0.0 -44.4    154286200   0   1800       969850
   141  0 1  95.27 10186.00 2   0.0 -45.0    155256100   0   1950       969900
   142  0 1  94.22 10177.00 2   0.0 -45.6    156225900   0   1600       969800
   143  0 1  95.27 10165.00 2   0.0 -45.9    157195900   0   1650       970000
   144  0 1  94.22 10147.00 2   0.0 -46.6    158165800   0   1900       969900
   145  0 1  94.92 10111.00 2   0.0 -47.5    160126200   0   1700      1960400
   146  0 1  94.92 10085.50 2   0.0 -48.1    161115950   0   1700       989750
   147  0 1  94.92 10063.00 2   0.0 -48.4    162106050   0   1650       990100
   148  0 1  95.27 10036.00 2   0.0 -49.1    163096400   0   2000       990350
   149  0 1  94.92 10010.50 2   0.0 -49.7    164086650   0   1650       990250
   150  0 1  95.27  9983.50 2   0.0 -50.3    165076950   0   2000       990300
   151  0 1  95.62  9958.00 2   0.0 -50.6    166066600   0   1800       989650
   152  0 1  95.62  9932.50 2   0.0 -51.3    167066100   0   1800       999500
   153  0 1  95.62  9907.00 2   0.0 -51.9    168066550   0   2000      1000450
   154  0 1  94.92  9862.00 2   0.0 -53.1    170066550   0   1650      2000000
   155  0 1  95.27  9844.00 2   0.0 -53.4    171066250   0   1800       999700
   156  0 1  94.57  9829.00 2   0.0 -54.1    172065950   0   1550       999700
   157  0 1  94.92  9817.00 2   0.0 -54.7    173065900   0   1800       999950
   158  0 1  94.22  9808.00 2   0.0 -55.3    174076300   0   2000      1010400
   159  0 1  94.22  9802.00 2   0.0 -55.9    175086200   0   1800      1009900
   160  0 1  94.22  9799.00 2   0.0 -56.6    176096400   0   2000      1010200
   161  0 1  95.27  9799.00 2   0.0 -57.2    177106200   0   1900      1009800
   162  0 1  95.27  9805.00 2   0.0 -57.5    178116550   0   1600      1010350
   163  0 1  94.92  9824.50 2   0.0 -58.8    180136700   0   1600      2020150
   164  0 1  95.62  9839.50 2   0.0 -59.4    181106500   0   1850       969800
   165  0 1  95.27  9856.00 2   0.0 -60.0    182076900   0   1600       970400
   166  0 1  95.62  9877.00 2   0.0 -60.6    183047150   0   1950       970250
   167  0 1  95.27  9898.00 2   0.0 -61.3    184017050   0   1550       969900
   168  0 1  94.22  9919.00 2   0.0 -61.9    184987250   0   1750       970200
   169  0 1  95.27  9946.00 2   0.0 -62.5    185957550   0   1950       970300
   170  0 1  94.22  9971.50 2   0.0 -63.1    186927350   0   1700       969800
   171  0 1  94.22  9997.00 2   0.0 -63.8    187897100   0   1800       969750
   172  0 1  95.62 10048.00 2   0.0 -65.0    189836400   0   1650      1939300
   173  0 1  95.27 10072.00 2   0.0 -65.6    190806250   0   1600       969850
   174  0 1  94.22 10094.50 2   0.0 -66.3    191776550   0   2000       970300
   175  0 1  94.92 10117.00 2   0.0 -66.9    192746950   0   1750       970400
   176  0 1  94.92 10138.00 2   0.0 -67.5    193717050   0   1750       970100
   177  0 1  95.27 10156.00 2   0.0 -68.1    194683650   0   2000       966600
   178  0 1  94.22 10171.00 2   0.0 -68.8    195650650   0   1750       967000
   179  0 1  94.92 10183.00 2   0.0 -69.4    196617900   0   1550       967250
