    NO  S V  AOA    FREQ    B  FMOP  AMP      TOA      PMOP  PW         dTOA  
------ -- - ------ -------- - ----- ----- ------------ --- ------ ------------
     0  0 1  95.27  9998.50 2   0.0 -70.0            0   0   1700  42949673000
     1  0 1  94.22 10025.50 2   0.0 -69.4      1000100   0   1850      1000100
     2  0 1  94.92 10051.00 2   0.0 -68.8      2000100   0   1650      1000000
     3  0 1  94.57 10078.00 2   0.0 -68.1      3000100   0   1900      1000000
     4  0 1  95.27 10123.00 2   0.0 -66.9      4999900   0   1850      1999800
     5  0 1  94.22 10141.00 2   0.0 -66.3      6000150   0   1850      1000250
     6  0 1  95.62 10162.00 2   0.0 -65.6      7000000   0   1800       999850
     7  0 1  94.57 10174.00 2   0.0 -65.0      8010300   0   1950      1010300
     8  0 1  95.62 10186.00 2   0.0 -64.4      9020650   0   1550      1010350
     9  0 1  94.92 10193.50 2   0.0 -63.8     10030200   0   1550      1009550
    10  0 1  94.22 10199.50 2   0.0 -63.1     11040550   0   1600      1010350
    11  0 1  95.27 10198.00 2   0.0 -62.5     12050200   0   1550      1009650
    12  0 1  94.57 10196.50 2   0.0 -61.9     13060300   0   1800      1010100
    13  0 1  94.57 10180.00 2   0.0 -60.6     15040300   0   1750      1980000
    14  0 1  94.22 10168.00 2   0.0 -60.0     16010050   0   1600       969750
    15  0 1  95.62 10153.00 2   0.0 -59.4     16980450   0   1800       970400
    16  0 1  94.22 10135.00 2   0.0 -58.8     17950600   0   1600       970150
    17  0 1  94.57 10114.00 2   0.0 -58.1     18921000   0   1650       970400
    18  0 1  94.57 10090.00 2   0.0 -57.5     19890950   0   1950       969950
    19  0 1  94.92 10067.50 2   0.0 -57.2     20860800   0   1850       969850
    20  0 1  95.62 10042.00 2   0.0 -56.6     21831200   0   1600       970400
    21  0 1  94.92 10018.00 2   0.0 -55.9     22801100   0   1900       969900
    22  0 1  94.92  9967.00 2   0.0 -54.7     24740750   0   1900      1939650
    23  0 1  94.57  9941.50 2   0.0 -54.1     25710650   0   1600       969900
    24  0 1  95.27  9917.50 2   0.0 -53.4     26680500   0   1850       969850
    25  0 1  94.57  9892.00 2   0.0 -53.1     27650500   0   1550       970000
    26  0 1  95.62  9871.00 2   0.0 -52.5     28617100   0   2000       966600
    27  0 1  94.57  9854.50 2   0.0 -51.9     29583950   0   1850       966850
    28  0 1  94.22  9838.00 2   0.0 -51.3     30551400   0   1650       967450
    29  0 1  95.27  9824.50 2   0.0 -50.6     31518350   0   1650       966950
    30  0 1  95.62  9814.00 2   0.0 -50.3     32484950   0   1850       966600
    31  0 1  95.62  9802.00 2   0.0 -49.1     34418850   0   1600      1933900
    32  0 1  94.57  9799.00 2   0.0 -48.4     35378700   0   1900       959850
    33  0 1  94.22  9802.00 2   0.0 -48.1     36338500   0   1750       959800
    34  0 1  95.62  9805.00 2   0.0 -47.5     37298450   0   1850       959950
    35  0 1  94.22  9815.50 2   0.0 -46.9     38258150   0   1600       959700
    36  0 1  94.92  9827.50 2   0.0 -46.6     39217900   0   1600       959750
    37  0 1  95.27  9839.50 2   0.0 -45.9     40178100   0   1950       960200
    38  0 1  95.27  9857.50 2   0.0 -45.6     41138500   0   1950       960400
    39  0 1  94.57  9878.50 2   0.0 -45.0     42148400   0   1750      1009900
    40  0 1  94.92  9926.50 2   0.0 -44.1     44168350   0   1950      2019950
    41  0 1  94.22  9950.50 2   0.0 -43.4     45178100   0   1550      1009750
    42  0 1  94.92  9977.50 2   0.0 -43.1     46188250   0   2000      1010150
    43  0 1  94.22 10006.00 2   0.0 -42.5     47198000   0   1700      1009750
    44  0 1  94.92 10031.50 2   0.0 -42.2     48208200   0   1800      1010200
    45  0 1  95.27 10057.00 2   0.0 -41.6     49228400   0   1950      1020200
    46  0 1  95.62 10084.00 2   0.0 -41.3     50248500   0   1550      1020100
    47  0 1  95.62 10108.00 2   0.0 -40.9     51268050   0   2000      1019550
    48  0 1  94.92 10129.00 2   0.0 -40.3     52287800   0   1850      1019750
    49  0 1  94.22 10165.00 2   0.0 -39.7     54328150   0   1850      2040350
    50  0 1  94.92 10178.50 2   0.0 -39.1     55347650   0   1600      1019500
    51  0 1  95.27 10189.00 2   0.0 -38.8     56317500   0   1800       969850
    52  0 1  95.27 10196.50 2   0.0 -38.4     57287400   0   1900       969900
    53  0 1  95.27 10198.00 2   0.0 -38.1     58257500   0   1650       970100
    54  0 1  94.92 10198.00 2   0.0 -37.5     59227450   0   1550       969950
    55  0 1  95.27 10196.50 2   0.0 -37.2     60197700   0   1950       970250
    56  0 1  94.57 10189.00 2   0.0 -36.9     61168150   0   1700       970450
    57  0 1  94.57 10177.00 2   0.0 -36.6     62138550   0   1900       970400
    58  0 1  94.92 10150.00 2   0.0 -35.9     64117800   0   1800      1979250
    59  0 1  94.92 10132.00 2   0.0 -35.6     65108100   0   1850       990300
    60  0 1  94.92 10111.00 2   0.0 -35.3     66098300   0   1750       990200
    61  0 1  95.62 10087.00 2   0.0 -35.0     67088650   0   1800       990350
    62  0 1  94.57 10061.50 2   0.0 -34.7     68078450   0   1700       989800
    63  0 1  94.92 10039.00 2   0.0 -34.4     69068750   0   1700       990300
    64  0 1  95.62 10009.00 2   0.0 -34.1     70068400   0   1750       999650
    65  0 1  94.92  9982.00 2   0.0 -33.8     71068050   0   1700       999650
    66  0 1  95.62  9958.00 2   0.0 -33.4     72068150   0   1750      1000100
    67  0 1  94.22  9908.50 2   0.0 -33.1     74067400   0   1900      1999250
    68  0 1  95.27  9883.00 2   0.0 -32.8     75067600   0   2000      1000200
    69  0 1  94.92  9862.00 2   0.0 -32.5     76067250   0   1700       999650
    70  0 1  94.22  9845.50 2   0.0 -32.5     77077550   0   1700      1010300
    71  0 1  95.62  9829.00 2   0.0 -32.2     78087750   0   1550      1010200
    72  0 1  94.22  9817.00 2   0.0 -31.9     79097950   0   1850      1010200
    73  0 1  94.22  9808.00 2   0.0 -31.9     80108250   0   1900      1010300
    74  0 1  94.22  9802.00 2   0.0 -31.6     81117750   0   1550      1009500
    75  0 1  95.27  9799.00 2   0.0 -31.6     82127650   0   1600      1009900
    76  0 1  94.22  9805.00 2   0.0 -31.3     84107150   0   1550      1979500
    77  0 1  95.27  9814.00 2   0.0 -30.9     85077500   0   1550       970350
    78  0 1  94.22  9823.00 2   0.0 -30.9     86047850   0   1850       970350
    79  0 1  95.27  9838.00 2   0.0 -30.6     87018200   0   1900       970350
    80  0 1  95.62  9854.50 2   0.0 -30.6     87987700   0   1850       969500
    81  0 1  94.22  9874.00 2   0.0 -30.6     88957650   0   1950       969950
    82  0 1  94.92  9896.50 2   0.0 -30.3     89927850   0   1550       970200
    83  0 1  94.22  9919.00 2   0.0 -30.3     90897600   0   1750       969750
    84  0 1  95.27  9943.00 2   0.0 -30.3     91867350   0   1750       969750
    85  0 1  94.22  9994.00 2   0.0 -30.0     93806650   0   1600      1939300
    86  0 1  94.92 10018.00 2   0.0 -30.0     94776750   0   1750       970100
    87  0 1  94.92 10046.50 2   0.0 -30.0     95746300   0   1650       969550
    88  0 1  94.22 10070.50 2   0.0 -30.0     96716000   0   1850       969700
    89  0 1  94.92 10094.50 2   0.0 -30.0     97682500   0   1550       966500
    90  0 1  94.22 10114.00 2   0.0 -30.0     98649650   0   2000       967150
    91  0 1  95.62 10135.00 2   0.0 -30.0     99616750   0   1700       967100
    92  0 1  94.92 10153.00 2   0.0 -30.0    100584050   0   1950       967300
    93  0 1  94.22 10169.50 2   0.0 -30.0    101550850   0   1750       966800
    94  0 1  94.57 10190.50 2   0.0 -30.0    103485100   0   1750      1934250
    95  0 1  95.62 10195.00 2   0.0 -30.3    104444650   0   1750       959550
    96  0 1  94.57 10198.00 2   0.0 -30.3    105404400   0   1800       959750
    97  0 1  94.92 10198.00 2   0.0 -30.3    106363900   0   1750       959500
    98  0 1  94.22 10195.00 2   0.0 -30.3    107323550   0   1850       959650
    99  0 1  94.92 10189.00 2   0.0 -30.6    108283400   0   1550       959850
   100  0 1  94.22 10177.00 2   0.0 -30.6    109243150   0   1750       959750
   101  0 1  94.92 10165.00 2   0.0 -30.6    110202850   0   1850       959700
   102  0 1  94.57 10147.00 2   0.0 -30.9    111212450   0   1900      1009600
   103  0 1  94.22 10108.00 2   0.0 -31.3    113232800   0   1550      2020350
   104  0 1  94.92 10084.00 2   0.0 -31.3    114243250   0   1550      1010450
   105  0 1  95.27 10057.00 2   0.0 -31.6    115253550   0   1650      1010300
   106  0 1  95.27 10033.00 2   0.0 -31.6    116263800   0   1650      1010250
   107  0 1  95.62 10006.00 2   0.0 -31.9    117273650   0   1700      1009850
   108  0 1  95.62  9976.00 2   0.0 -31.9    118293450   0   1550      1019800
   109  0 1  94.57  9952.00 2   0.0 -32.2    119313450   0   1700      1020000
   110  0 1  95.27  9926.50 2   0.0 -32.5    120333150   0   1900      1019700
   111  0 1  94.92  9901.00 2   0.0 -32.5    121352950   0   1550      1019800
   112  0 1  95.62  9856.00 2   0.0 -33.1    123392900   0   1850      2039950
   113  0 1  94.92  9838.00 2   0.0 -33.4    124413100   0   1650      1020200
   114  0 1  94.22  9826.00 2   0.0 -33.4    125382950   0   1700       969850
   115  0 1  94.22  9814.00 2   0.0 -33.8    126352650   0   2000       969700
   116  0 1  95.27  9805.00 2   0.0 -34.1    127322850   0   1750       970200
   117  0 1  95.27  9799.00 2   0.0 -34.4    128293250   0   1900       970400
   118  0 1  95.27  9799.00 2   0.0 -34.7    129262900   0   1600       969650
   119  0 1  95.27  9802.00 2   0.0 -35.0    130232650   0   1850       969750
   120  0 1  95.27  9805.00 2   0.0 -35.3    131202500   0   1900       969850
   121  0 1  94.22  9826.00 2   0.0 -35.9    133181700   0   1750      1979200
   122  0 1  95.62  9841.00 2   0.0 -36.3    134171300   0   2000       989600
   123  0 1  94.92  9859.00 2   0.0 -36.6    135160950   0   1600       989650
   124  0 1  95.62  9878.50 2   0.0 -36.9    136150950   0   1550       990000
   125  0 1  94.57  9901.00 2   0.0 -37.2    137140600   0   2000       989650
   126  0 1  95.27  9925.00 2   0.0 -37.5    138130100   0   2000       989500
   127  0 1  94.92  9950.50 2   0.0 -38.1    139129850   0   2000       999750
   128  0 1  95.27  9976.00 2   0.0 -38.4    140130100   0   1750      1000250
   129  0 1  94.22 10001.50 2   0.0 -38.8    141130200   0   1600      1000100
   130  0 1  95.62 10055.50 2   0.0 -39.7    143130250   0   1700      2000050
   131  0 1  94.92 10081.00 2   0.0 -40.0    144129750   0   1850       999500
   132  0 1  94.92 10105.00 2   0.0 -40.3    145129300   0   1900       999550
   133  0 1  95.62 10126.00 2   0.0 -40.9    146138900   0   1550      1009600
   134  0 1  94.92 10147.00 2   0.0 -41.3    147149050   0   1850      1010150
   135  0 1  95.62 10162.00 2   0.0 -41.6    148159300   0   1650      1010250
   136  0 1  95.62 10175.50 2   0.0 -42.2    149169250   0   1800      1009950
   137  0 1  94.57 10186.00 2   0.0 -42.5    150179200   0   1850      1009950
   138  0 1  95.27 10195.00 2   0.0 -43.1    151189500   0   1750      1010300
   139  0 1  94.57 10198.00 2   0.0 -44.1    153169550   0   1900      1980050
   140  0 1  94.92 10196.50 2   0.0 -44.4    154139300   0   1650       969750
   141  0 1  95.62 10189.00 2   0.0 -45.0    155109450   0   1750       970150
   142  0 1  95.27 10178.50 2   0.0 -45.6    156079200   0   1700       969750
   143  0 1  94.57 10165.00 2   0.0 -45.9    157048950   0   2000       969750
   144  0 1  94.22 10150.00 2   0.0 -46.6    158018950   0   1550       970000
   145  0 1  94.57 10135.00 2   0.0 -46.9    158988450   0   1850       969500
   146  0 1  95.27 10114.00 2   0.0 -47.5    159958350   0   1600       969900
   147  0 1  95.27 10091.50 2   0.0 -48.1    160928800   0   1550       970450
   148  0 1  95.62 10043.50 2   0.0 -49.1    162868250   0   2000      1939450
   149  0 1  95.27 10016.50 2   0.0 -49.7    163838150   0   1550       969900
   150  0 1  95.27  9991.00 2   0.0 -50.3    164808450   0   1650       970300
   151  0 1  95.62  9964.00 2   0.0 -50.6    165778300   0   1700       969850
   152  0 1  94.92  9940.00 2   0.0 -51.3    166745600   0   1600       967300
   153  0 1  95.27  9916.00 2   0.0 -51.9    167712700   0   2000       967100
   154  0 1  95.27  9893.50 2   0.0 -52.5    168679900   0   1850       967200
   155  0 1  95.62  9872.50 2   0.0 -53.1    169646400   0   1650       966500
   156  0 1  94.92  9853.00 2   0.0 -53.4    170613300   0   1850       966900
   157  0 1  94.92  9823.00 2   0.0 -54.7    172546800   0   1800      1933500
   158  0 1  95.62  9812.50 2   0.0 -55.3    173507100   0   1700       960300
   159  0 1  94.22  9805.00 2   0.0 -55.9    174466700   0   1600       959600
   160  0 1  95.62  9799.00 2   0.0 -56.6    175426650   0   1600       959950
   161  0 1  95.27  9799.00 2   0.0 -57.2    176386700   0   1650       960050
   162  0 1  94.22  9802.00 2   0.0 -57.5    177346500   0   1550       959800
   163  0 1  95.62  9806.50 2   0.0 -58.1    178306350   0   1700       959850
   164  0 1  95.62  9815.50 2   0.0 -58.8    179266050   0   1950       959700
   165  0 1  95.62  9826.00 2   0.0 -59.4    180276200   0   1650      1010150
   166  0 1  95.62  9859.00 2   0.0 -60.6    182296400   0   1650      2020200
   167  0 1  95.27  9880.00 2   0.0 -61.3    183306850   0   1800      1010450
   168  0 1  95.62  9904.00 2   0.0 -61.9    184316550   0   1650      1009700
   169  0 1  94.22  9928.00 2   0.0 -62.5    185326250   0   1800      1009700
   170  0 1  94.92  9955.00 2   0.0 -63.1    186335850   0   1650      1009600
   171  0 1  95.27  9982.00 2   0.0 -63.8    187355550   0   1700      1019700
   172  0 1  94.22 10010.50 2   0.0 -64.4    188375050   0   1950      1019500
   173  0 1  94.57 10036.00 2   0.0 -65.0    189394800   0   1700      1019750
   174  0 1  94.22 10063.00 2   0.0 -65.6    190414850   0   1550      1020050
   175  0 1  95.27 10111.00 2   0.0 -66.9    192454400   0   1950      2039550
   176  0 1  94.22 10132.00 2   0.0 -67.5    193473950   0   1900      1019550
   177  0 1  94.57 10150.00 2   0.0 -68.1    194444200   0   1900       970250
   178  0 1  94.22 10168.00 2   0.0 -68.8    195414050   0   1600       969850
   179  0 1  95.62 10180.00 2   0.0 -69.4    196383650   0   1800       969600
