    NO  S V  AOA    FREQ    B  FMOP  AMP      TOA      PMOP  PW         dTOA  
------ -- - ------ -------- - ----- ----- ------------ --- ------ ------------
     0  0 1  95.62 10058.50 2   0.0 -70.0            0   0   1650  42949673000
     1  0 1  95.27 10060.00 2   0.0 -69.4       969800   0   1900       969800
     2  0 1  94.57 10060.00 2   0.0 -68.8      1940200   0   1700       970400
     3  0 1  94.57 10060.00 2   0.0 -68.1      2940600   0   1750      1000400
     4  0 1  95.62 10048.00 2   0.0 -67.5      3940800   0   1650      1000200
     5  0 1  94.57 10048.00 2   0.0 -66.9      4941050   0   2000      1000250
     6  0 1  94.92 10049.50 2   0.0 -66.3      5940600   0   1850       999550
     7  0 1  94.92 10039.00 2   0.0 -65.0      7940650   0   1750      2000050
     8  0 1  94.92 10040.50 2   0.0 -64.4      8940200   0   1700       999550
     9  0 1  94.92 10040.50 2   0.0 -63.8      9940100   0   2100       999900
    10  0 1  95.27 10039.00 2   0.0 -63.1     10939600   0   1650       999500
    11  0 1  95.62 10030.00 2   0.0 -62.5     11940050   0   1650      1000450
    12  0 1  94.22 10030.00 2   0.0 -61.9     12930150   0   1800       990100
    13  0 1  94.92 10030.00 2   0.0 -61.3     13920100   0   1800       989950
    14  0 1  94.57 10030.00 2   0.0 -60.6     14910150   0   1750       990050
    15  0 1  95.62 10018.00 2   0.0 -60.0     15899950   0   1750       989800
    16  0 1  94.92 10018.00 2   0.0 -58.8     17890400   0   1800      1990450
    17  0 1  95.62 10018.00 2   0.0 -58.1     18890150   0   1750       999750
    18  0 1  95.27 10009.00 2   0.0 -57.5     19890000   0   1650       999850
    19  0 1  94.92 10010.50 2   0.0 -57.2     20890200   0   2050      1000200
    20  0 1  94.92 10010.50 2   0.0 -56.6     21890250   0   2100      1000050
    21  0 1  95.27 10009.00 2   0.0 -55.9     22900050   0   2000      1009800
    22  0 1  94.57  9998.50 2   0.0 -55.3     23909800   0   1800      1009750
    23  0 1  94.92  9998.50 2   0.0 -54.7     24919850   0   1900      1010050
    24  0 1  95.27 10000.00 2   0.0 -54.1     25930050   0   1700      1010200
    25  0 1  94.57  9988.00 2   0.0 -53.1     27939450   0   1800      2009400
    26  0 1  95.27  9991.00 2   0.0 -52.5     28939350   0   1750       999900
    27  0 1  95.27  9989.50 2   0.0 -51.9     29939150   0   1750       999800
    28  0 1  94.92  9988.00 2   0.0 -51.3     30939450   0   2100      1000300
    29  0 1  94.92  9979.00 2   0.0 -50.6     31939400   0   1700       999950
    30  0 1  95.62  9979.00 2   0.0 -50.3     32979700   0   2050      1040300
    31  0 1  94.22  9980.50 2   0.0 -49.7     34019500   0   1800      1039800
    32  0 1  95.27  9980.50 2   0.0 -49.1     35059350   0   1800      1039850
    33  0 1  95.27  9970.00 2   0.0 -48.4     36098850   0   2100      1039500
    34  0 1  94.92  9970.00 2   0.0 -47.5     38138850   0   1650      2040000
    35  0 1  95.27  9970.00 2   0.0 -46.9     39139000   0   1700      1000150
    36  0 1  95.62  9961.00 2   0.0 -46.6     40138900   0   1900       999900
    37  0 1  94.57  9959.50 2   0.0 -45.9     41139350   0   1900      1000450
    38  0 1  94.92  9958.00 2   0.0 -45.6     42139400   0   1700      1000050
    39  0 1  95.27  9961.00 2   0.0 -45.0     43138900   0   1850       999500
    40  0 1  94.57  9950.50 2   0.0 -44.4     44139200   0   1950      1000300
    41  0 1  94.22  9949.00 2   0.0 -44.1     45138900   0   1800       999700
    42  0 1  94.57  9949.00 2   0.0 -43.4     46138550   0   1750       999650
    43  0 1  94.22  9940.00 2   0.0 -42.5     48118950   0   1850      1980400
    44  0 1  94.92  9940.00 2   0.0 -42.2     49098600   0   1850       979650
    45  0 1  95.62  9940.00 2   0.0 -41.6     50078600   0   2050       980000
    46  0 1  95.62  9940.00 2   0.0 -41.3     51058100   0   1700       979500
    47  0 1  94.57 10070.50 2   0.0 -40.9     52037600   0   2000       979500
    48  0 1  95.27 10069.00 2   0.0 -40.3     53007750   0   1700       970150
    49  0 1  95.27 10069.00 2   0.0 -40.0     53977650   0   1650       969900
    50  0 1  94.22 10069.00 2   0.0 -39.7     54947900   0   2100       970250
    51  0 1  94.22 10058.50 2   0.0 -39.1     55918300   0   1650       970400
    52  0 1  94.57 10058.50 2   0.0 -38.4     57858800   0   1750      1940500
    53  0 1  94.57 10060.00 2   0.0 -38.1     58828650   0   1850       969850
    54  0 1  95.27 10048.00 2   0.0 -37.5     59798950   0   1700       970300
    55  0 1  94.57 10051.00 2   0.0 -37.2     60769200   0   1850       970250
    56  0 1  94.92 10051.00 2   0.0 -36.9     61739050   0   1750       969850
    57  0 1  94.57 10051.00 2   0.0 -36.6     62739150   0   2100      1000100
    58  0 1  94.22 10039.00 2   0.0 -36.3     63739250   0   2100      1000100
    59  0 1  94.57 10039.00 2   0.0 -35.9     64738750   0   1700       999500
    60  0 1  94.57 10040.50 2   0.0 -35.6     65738750   0   1700      1000000
    61  0 1  94.92 10030.00 2   0.0 -35.0     67738950   0   1750      2000200
    62  0 1  94.22 10030.00 2   0.0 -34.7     68738700   0   2000       999750
    63  0 1  95.62 10028.50 2   0.0 -34.4     69738200   0   1800       999500
    64  0 1  94.57 10028.50 2   0.0 -34.1     70738300   0   1700      1000100
    65  0 1  95.27 10018.00 2   0.0 -33.8     71738350   0   1950      1000050
    66  0 1  94.22 10018.00 2   0.0 -33.4     72728350   0   2050       990000
    67  0 1  94.57 10019.50 2   0.0 -33.4     73718400   0   1950       990050
    68  0 1  95.27 10021.00 2   0.0 -33.1     74708550   0   1750       990150
    69  0 1  94.92 10009.00 2   0.0 -32.8     75698600   0   1850       990050
    70  0 1  95.62 10010.50 2   0.0 -32.5     77688600   0   2000      1990000
    71  0 1  95.62 10010.50 2   0.0 -32.2     78688850   0   1850      1000250
    72  0 1  94.22 10000.00 2   0.0 -31.9     79688600   0   1650       999750
    73  0 1  94.92 10000.00 2   0.0 -31.9     80688150   0   1750       999550
    74  0 1  95.62 10000.00 2   0.0 -31.6     81688300   0   1850      1000150
    75  0 1  95.62 10000.00 2   0.0 -31.6     82698600   0   1650      1010300
    76  0 1  95.62  9989.50 2   0.0 -31.3     83708800   0   2100      1010200
    77  0 1  94.92  9988.00 2   0.0 -31.3     84718350   0   2000      1009550
    78  0 1  95.27  9991.00 2   0.0 -30.9     85728000   0   2000      1009650
    79  0 1  94.57  9979.00 2   0.0 -30.6     87738200   0   1800      2010200
    80  0 1  94.22  9979.00 2   0.0 -30.6     88737950   0   2100       999750
    81  0 1  94.92  9979.00 2   0.0 -30.6     89738150   0   1650      1000200
    82  0 1  95.27  9980.50 2   0.0 -30.3     90738150   0   1750      1000000
    83  0 1  95.62  9970.00 2   0.0 -30.3     91738100   0   1800       999950
    84  0 1  94.57  9968.50 2   0.0 -30.3     92778100   0   1850      1040000
    85  0 1  95.27  9968.50 2   0.0 -30.3     93818250   0   1800      1040150
    86  0 1  95.27  9970.00 2   0.0 -30.0     94857800   0   1900      1039550
    87  0 1  94.92  9961.00 2   0.0 -30.0     95897950   0   1900      1040150
    88  0 1  94.92  9958.00 2   0.0 -30.0     97937400   0   1700      2039450
    89  0 1  94.22  9961.00 2   0.0 -30.0     98937850   0   2000      1000450
    90  0 1  94.92  9949.00 2   0.0 -30.0     99937350   0   1850       999500
    91  0 1  95.62  9949.00 2   0.0 -30.0    100937450   0   1900      1000100
    92  0 1  95.27  9949.00 2   0.0 -30.0    101937800   0   1700      1000350
    93  0 1  95.62  9949.00 2   0.0 -30.0    102937550   0   2050       999750
    94  0 1  94.57  9938.50 2   0.0 -30.0    103937800   0   2050      1000250
    95  0 1  94.92  9938.50 2   0.0 -30.0    104937650   0   1800       999850
    96  0 1  94.22  9940.00 2   0.0 -30.3    105937950   0   2050      1000300
    97  0 1  94.92 10070.50 2   0.0 -30.3    107918250   0   2100      1980300
    98  0 1  94.22 10069.00 2   0.0 -30.3    108897900   0   2050       979650
    99  0 1  94.22 10069.00 2   0.0 -30.6    109878350   0   1650       980450
   100  0 1  95.62 10069.00 2   0.0 -30.6    110858800   0   1800       980450
   101  0 1  95.62 10060.00 2   0.0 -30.6    111839100   0   1750       980300
   102  0 1  95.27 10058.50 2   0.0 -30.9    112809050   0   1800       969950
   103  0 1  94.57 10060.00 2   0.0 -30.9    113778600   0   2050       969550
   104  0 1  95.27 10060.00 2   0.0 -31.3    114748550   0   1650       969950
   105  0 1  94.92 10049.50 2   0.0 -31.3    115718700   0   1800       970150
   106  0 1  95.27 10051.00 2   0.0 -31.6    117658550   0   1700      1939850
   107  0 1  94.57 10048.00 2   0.0 -31.9    118628250   0   2050       969700
   108  0 1  94.92 10040.50 2   0.0 -31.9    119597850   0   1900       969600
   109  0 1  94.57 10040.50 2   0.0 -32.2    120567550   0   2100       969700
   110  0 1  95.62 10039.00 2   0.0 -32.5    121537900   0   1700       970350
   111  0 1  94.22 10039.00 2   0.0 -32.5    122537950   0   1750      1000050
   112  0 1  94.57 10028.50 2   0.0 -32.8    123538200   0   2050      1000250
   113  0 1  95.27 10028.50 2   0.0 -33.1    124538600   0   2000      1000400
   114  0 1  94.22 10030.00 2   0.0 -33.4    125538100   0   1700       999500
   115  0 1  95.27 10018.00 2   0.0 -33.8    127538000   0   2050      1999900
   116  0 1  94.22 10019.50 2   0.0 -34.1    128538250   0   1900      1000250
   117  0 1  95.62 10021.00 2   0.0 -34.4    129538650   0   2100      1000400
   118  0 1  95.62 10018.00 2   0.0 -34.7    130538900   0   1900      1000250
   119  0 1  95.62 10009.00 2   0.0 -35.0    131538850   0   1700       999950
   120  0 1  95.62 10010.50 2   0.0 -35.3    132528900   0   2050       990050
   121  0 1  94.57 10009.00 2   0.0 -35.6    133518800   0   1750       989900
   122  0 1  94.57 10009.00 2   0.0 -35.9    134509200   0   1800       990400
   123  0 1  94.57 10000.00 2   0.0 -36.3    135499500   0   2050       990300
   124  0 1  95.27 10000.00 2   0.0 -36.9    137489150   0   1700      1989650
   125  0 1  95.62 10000.00 2   0.0 -37.2    138489550   0   1700      1000400
   126  0 1  94.92  9991.00 2   0.0 -37.5    139489600   0   2100      1000050
   127  0 1  95.62  9988.00 2   0.0 -38.1    140489150   0   2050       999550
   128  0 1  94.92  9991.00 2   0.0 -38.4    141488900   0   1700       999750
   129  0 1  94.57  9991.00 2   0.0 -38.8    142498550   0   2050      1009650
   130  0 1  95.62  9979.00 2   0.0 -39.1    143508300   0   2000      1009750
   131  0 1  95.27  9979.00 2   0.0 -39.7    144518250   0   1700      1009950
   132  0 1  94.57  9979.00 2   0.0 -40.0    145528050   0   1750      1009800
   133  0 1  94.57  9970.00 2   0.0 -40.9    147538300   0   1850      2010250
   134  0 1  94.57  9970.00 2   0.0 -41.3    148538200   0   2000       999900
   135  0 1  94.92  9970.00 2   0.0 -41.6    149538100   0   1950       999900
   136  0 1  95.62  9970.00 2   0.0 -42.2    150537800   0   2100       999700
   137  0 1  95.62  9958.00 2   0.0 -42.5    151537750   0   1650       999950
   138  0 1  94.22  9958.00 2   0.0 -43.1    152577800   0   1900      1040050
   139  0 1  94.22  9961.00 2   0.0 -43.4    153617950   0   2000      1040150
   140  0 1  94.57  9959.50 2   0.0 -44.1    154658250   0   1700      1040300
   141  0 1  95.27  9950.50 2   0.0 -44.4    155697850   0   2100      1039600
   142  0 1  95.27  9949.00 2   0.0 -45.6    157737850   0   1850      2040000
   143  0 1  94.57  9950.50 2   0.0 -45.9    158737900   0   1800      1000050
   144  0 1  94.92  9940.00 2   0.0 -46.6    159738100   0   1700      1000200
   145  0 1  94.57  9940.00 2   0.0 -46.9    160737900   0   2050       999800
   146  0 1  94.92  9938.50 2   0.0 -47.5    161737500   0   2050       999600
   147  0 1  94.57  9940.00 2   0.0 -48.1    162737600   0   2100      1000100
   148  0 1  94.92 10070.50 2   0.0 -48.4    163737300   0   2050       999700
   149  0 1  94.22 10070.50 2   0.0 -49.1    164736800   0   1850       999500
   150  0 1  94.22 10069.00 2   0.0 -49.7    165736450   0   1700       999650
   151  0 1  94.22 10060.00 2   0.0 -50.6    167716150   0   2050      1979700
   152  0 1  95.62 10060.00 2   0.0 -51.3    168695950   0   1750       979800
   153  0 1  94.22 10058.50 2   0.0 -51.9    169675650   0   1700       979700
   154  0 1  95.27 10060.00 2   0.0 -52.5    170655250   0   1950       979600
   155  0 1  94.92 10048.00 2   0.0 -53.1    171635000   0   1850       979750
   156  0 1  95.27 10048.00 2   0.0 -53.4    172604550   0   1650       969550
   157  0 1  95.27 10051.00 2   0.0 -54.1    173574400   0   2100       969850
   158  0 1  95.27 10051.00 2   0.0 -54.7    174543950   0   1950       969550
   159  0 1  94.57 10039.00 2   0.0 -55.3    175513550   0   1650       969600
   160  0 1  94.57 10039.00 2   0.0 -56.6    177454050   0   1900      1940500
   161  0 1  95.62 10040.50 2   0.0 -57.2    178423700   0   1700       969650
   162  0 1  94.57 10030.00 2   0.0 -57.5    179393500   0   2050       969800
   163  0 1  95.62 10028.50 2   0.0 -58.1    180363350   0   2000       969850
   164  0 1  95.62 10030.00 2   0.0 -58.8    181333500   0   2100       970150
   165  0 1  94.57 10028.50 2   0.0 -59.4    182333200   0   2100       999700
   166  0 1  95.62 10019.50 2   0.0 -60.0    183333600   0   1950      1000400
   167  0 1  94.22 10021.00 2   0.0 -60.6    184333700   0   2050      1000100
   168  0 1  95.27 10018.00 2   0.0 -61.3    185333900   0   1950      1000200
   169  0 1  94.57 10009.00 2   0.0 -62.5    187333600   0   2050      1999700
   170  0 1  94.92 10009.00 2   0.0 -63.1    188333400   0   1900       999800
   171  0 1  94.22 10010.50 2   0.0 -63.8    189333550   0   2000      1000150
   172  0 1  94.92 10009.00 2   0.0 -64.4    190333600   0   2000      1000050
   173  0 1  94.57 10000.00 2   0.0 -65.0    191333750   0   2100      1000150
   174  0 1  95.62 10000.00 2   0.0 -65.6    192323950   0   1850       990200
   175  0 1  94.57 10000.00 2   0.0 -66.3    193313550   0   1750       989600
   176  0 1  95.62 10000.00 2   0.0 -66.9    194303300   0   1950       989750
   177  0 1  94.57  9988.00 2   0.0 -67.5    195293350   0   1650       990050
   178  0 1  95.62  9991.00 2   0.0 -68.8    197283150   0   1800      1989800
   179  0 1  94.57  9991.00 2   0.0 -69.4    198282650   0   1850       999500
