    NO  S V  AOA    FREQ    B  FMOP  AMP      TOA      PMOP  PW         dTOA  
------ -- - ------ -------- - ----- ----- ------------ --- ------ ------------
     0  0 1  94.57 10060.00 2   0.0 -70.0            0   0   2000  42949673000
     1  0 1  94.57 10058.50 2   0.0 -69.4       970000   0   2100       970000
     2  0 1  95.27 10060.00 2   0.0 -68.8      1939750   0   1700       969750
     3  0 1  94.57 10049.50 2   0.0 -67.5      3879550   0   1750      1939800
     4  0 1  94.22 10049.50 2   0.0 -66.9      4849200   0   1850       969650
     5  0 1  94.92 10049.50 2   0.0 -66.3      5819600   0   1850       970400
     6  0 1  95.62 10048.00 2   0.0 -65.6      6789800   0   1800       970200
     7  0 1  95.27 10040.50 2   0.0 -65.0      7789300   0   2050       999500
     8  0 1  94.57 10040.50 2   0.0 -64.4      8789650   0   1900      1000350
     9  0 1  95.27 10040.50 2   0.0 -63.8      9789800   0   2050      1000150
    10  0 1  94.57 10039.00 2   0.0 -63.1     10789450   0   1700       999650
    11  0 1  95.62 10028.50 2   0.0 -62.5     11789250   0   1650       999800
    12  0 1  95.27 10030.00 2   0.0 -61.3     13788950   0   2000      1999700
    13  0 1  94.92 10030.00 2   0.0 -60.6     14789000   0   1800      1000050
    14  0 1  94.57 10018.00 2   0.0 -60.0     15788550   0   2000       999550
    15  0 1  94.22 10019.50 2   0.0 -59.4     16788050   0   1700       999500
    16  0 1  94.92 10021.00 2   0.0 -58.8     17778450   0   1750       990400
    17  0 1  94.22 10019.50 2   0.0 -58.1     18768750   0   1750       990300
    18  0 1  94.92 10009.00 2   0.0 -57.5     19758600   0   1950       989850
    19  0 1  94.22 10009.00 2   0.0 -57.2     20748250   0   1700       989650
    20  0 1  94.22 10010.50 2   0.0 -56.6     21738400   0   1950       990150
    21  0 1  94.57 10000.00 2   0.0 -55.3     23738850   0   1750      2000450
    22  0 1  94.92  9998.50 2   0.0 -54.7     24739050   0   1900      1000200
    23  0 1  94.92  9998.50 2   0.0 -54.1     25738900   0   1700       999850
    24  0 1  95.27  9998.50 2   0.0 -53.4     26739100   0   1750      1000200
    25  0 1  95.62  9988.00 2   0.0 -53.1     27749550   0   1800      1010450
    26  0 1  95.62  9988.00 2   0.0 -52.5     28759700   0   1900      1010150
    27  0 1  95.27  9991.00 2   0.0 -51.9     29769550   0   1650      1009850
    28  0 1  94.57  9989.50 2   0.0 -51.3     30779500   0   1950      1009950
    29  0 1  95.27  9980.50 2   0.0 -50.6     31789850   0   2100      1010350
    30  0 1  95.62  9979.00 2   0.0 -49.7     33789800   0   1750      1999950
    31  0 1  94.57  9979.00 2   0.0 -49.1     34789400   0   1900       999600
    32  0 1  95.27  9970.00 2   0.0 -48.4     35788900   0   1700       999500
    33  0 1  95.27  9968.50 2   0.0 -48.1     36789150   0   1800      1000250
    34  0 1  94.22  9968.50 2   0.0 -47.5     37829350   0   2050      1040200
    35  0 1  95.62  9970.00 2   0.0 -46.9     38869150   0   1750      1039800
    36  0 1  95.27  9958.00 2   0.0 -46.6     39909300   0   2000      1040150
    37  0 1  94.57  9958.00 2   0.0 -45.9     40949000   0   2000      1039700
    38  0 1  95.62  9961.00 2   0.0 -45.6     41989200   0   2000      1040200
    39  0 1  95.62  9949.00 2   0.0 -44.4     43988700   0   1800      1999500
    40  0 1  95.62  9950.50 2   0.0 -44.1     44988850   0   2100      1000150
    41  0 1  95.27  9950.50 2   0.0 -43.4     45989200   0   1800      1000350
    42  0 1  95.62  9949.00 2   0.0 -43.1     46988900   0   1650       999700
    43  0 1  94.92  9940.00 2   0.0 -42.5     47988750   0   1700       999850
    44  0 1  95.27  9938.50 2   0.0 -42.2     48988250   0   2000       999500
    45  0 1  94.22  9940.00 2   0.0 -41.6     49988150   0   1800       999900
    46  0 1  94.57  9940.00 2   0.0 -41.3     50988450   0   2100      1000300
    47  0 1  95.27 10070.50 2   0.0 -40.9     51988450   0   1700      1000000
    48  0 1  95.62 10070.50 2   0.0 -40.0     53948300   0   1800      1959850
    49  0 1  94.57 10069.00 2   0.0 -39.7     54927800   0   1650       979500
    50  0 1  94.22 10060.00 2   0.0 -39.1     55908050   0   1650       980250
    51  0 1  94.57 10058.50 2   0.0 -38.8     56888100   0   1750       980050
    52  0 1  94.57 10058.50 2   0.0 -38.4     57858300   0   2100       970200
    53  0 1  94.22 10060.00 2   0.0 -38.1     58828400   0   1750       970100
    54  0 1  94.22 10048.00 2   0.0 -37.5     59798650   0   1750       970250
    55  0 1  94.57 10049.50 2   0.0 -37.2     60768400   0   1650       969750
    56  0 1  95.62 10051.00 2   0.0 -36.9     61738450   0   1650       970050
    57  0 1  94.57 10039.00 2   0.0 -36.3     63679000   0   1800      1940550
    58  0 1  95.27 10039.00 2   0.0 -35.9     64648550   0   1950       969550
    59  0 1  95.62 10040.50 2   0.0 -35.6     65618050   0   1850       969500
    60  0 1  94.22 10039.00 2   0.0 -35.3     66587750   0   2050       969700
    61  0 1  94.92 10030.00 2   0.0 -35.0     67587950   0   2000      1000200
    62  0 1  94.57 10030.00 2   0.0 -34.7     68588050   0   1650      1000100
    63  0 1  94.57 10028.50 2   0.0 -34.4     69588500   0   1700      1000450
    64  0 1  95.27 10030.00 2   0.0 -34.1     70588350   0   1800       999850
    65  0 1  95.62 10018.00 2   0.0 -33.8     71588600   0   2000      1000250
    66  0 1  94.22 10019.50 2   0.0 -33.4     73589500   0   1650      2000900
    67  0 1  94.57 10019.50 2   0.0 -33.1     74589500   0   1800      1000000
    68  0 1  94.92 10009.00 2   0.0 -32.8     75589350   0   1700       999850
    69  0 1  94.92 10009.00 2   0.0 -32.5     76589200   0   1700       999850
    70  0 1  95.27 10009.00 2   0.0 -32.5     77579250   0   2100       990050
    71  0 1  94.92 10010.50 2   0.0 -32.2     78569500   0   1700       990250
    72  0 1  94.92 10000.00 2   0.0 -31.9     79559350   0   1900       989850
    73  0 1  95.27 10000.00 2   0.0 -31.9     80549250   0   1850       989900
    74  0 1  94.57 10000.00 2   0.0 -31.6     81539450   0   2000       990200
    75  0 1  94.22  9988.00 2   0.0 -31.3     83540300   0   2000      2000850
    76  0 1  94.92  9988.00 2   0.0 -31.3     84540450   0   1850      1000150
    77  0 1  94.92  9991.00 2   0.0 -30.9     85540300   0   1700       999850
    78  0 1  94.92  9991.00 2   0.0 -30.9     86540200   0   1850       999900
    79  0 1  95.27  9979.00 2   0.0 -30.6     87549900   0   1950      1009700
    80  0 1  94.57  9979.00 2   0.0 -30.6     88559650   0   1650      1009750
    81  0 1  95.62  9979.00 2   0.0 -30.6     89569850   0   1650      1010200
    82  0 1  94.57  9980.50 2   0.0 -30.3     90580250   0   1650      1010400
    83  0 1  95.27  9970.00 2   0.0 -30.3     91589750   0   1650      1009500
    84  0 1  94.22  9968.50 2   0.0 -30.3     93589850   0   1900      2000100
    85  0 1  94.57  9970.00 2   0.0 -30.0     94589450   0   1750       999600
    86  0 1  95.62  9961.00 2   0.0 -30.0     95589750   0   1950      1000300
    87  0 1  94.57  9961.00 2   0.0 -30.0     96589700   0   1900       999950
    88  0 1  95.62  9958.00 2   0.0 -30.0     97629700   0   1800      1040000
    89  0 1  94.57  9958.00 2   0.0 -30.0     98669200   0   1850      1039500
    90  0 1  94.57  9950.50 2   0.0 -30.0     99709350   0   2050      1040150
    91  0 1  94.92  9949.00 2   0.0 -30.0    100748950   0   2000      1039600
    92  0 1  95.62  9949.00 2   0.0 -30.0    101788500   0   1850      1039550
    93  0 1  95.62  9938.50 2   0.0 -30.0    103788950   0   1750      2000450
    94  0 1  94.57  9938.50 2   0.0 -30.0    104788450   0   1650       999500
    95  0 1  95.27  9940.00 2   0.0 -30.3    105788250   0   1800       999800
    96  0 1  94.57  9938.50 2   0.0 -30.3    106788100   0   1900       999850
    97  0 1  95.27 10069.00 2   0.0 -30.3    107788150   0   1900      1000050
    98  0 1  94.92 10069.00 2   0.0 -30.3    108788350   0   1650      1000200
    99  0 1  94.57 10069.00 2   0.0 -30.6    109787950   0   1700       999600
   100  0 1  94.57 10070.50 2   0.0 -30.6    110787800   0   1700       999850
   101  0 1  95.27 10058.50 2   0.0 -30.6    111788250   0   1950      1000450
   102  0 1  95.62 10060.00 2   0.0 -30.9    113748850   0   1750      1960600
   103  0 1  94.57 10058.50 2   0.0 -31.3    114728950   0   2000       980100
   104  0 1  95.27 10049.50 2   0.0 -31.3    115708650   0   2100       979700
   105  0 1  95.27 10049.50 2   0.0 -31.6    116688400   0   1850       979750
   106  0 1  94.92 10051.00 2   0.0 -31.6    117658500   0   2100       970100
   107  0 1  94.92 10049.50 2   0.0 -31.9    118628050   0   1750       969550
   108  0 1  95.62 10040.50 2   0.0 -31.9    119597850   0   1700       969800
   109  0 1  94.92 10039.00 2   0.0 -32.2    120567950   0   2000       970100
   110  0 1  94.92 10040.50 2   0.0 -32.5    121537800   0   2100       969850
   111  0 1  95.62 10028.50 2   0.0 -32.8    123477250   0   1900      1939450
   112  0 1  94.92 10030.00 2   0.0 -33.1    124446750   0   1650       969500
   113  0 1  94.92 10028.50 2   0.0 -33.4    125416550   0   1650       969800
   114  0 1  94.92 10028.50 2   0.0 -33.4    126386050   0   2050       969500
   115  0 1  94.22 10019.50 2   0.0 -33.8    127386500   0   1750      1000450
   116  0 1  94.92 10019.50 2   0.0 -34.1    128386650   0   1950      1000150
   117  0 1  94.22 10018.00 2   0.0 -34.4    129386950   0   2000      1000300
   118  0 1  95.27 10019.50 2   0.0 -34.7    130386900   0   2100       999950
   119  0 1  94.22 10009.00 2   0.0 -35.0    131386400   0   2000       999500
   120  0 1  94.92 10009.00 2   0.0 -35.6    133385500   0   2000      1999100
   121  0 1  94.57 10009.00 2   0.0 -35.9    134385050   0   2100       999550
   122  0 1  95.62 10000.00 2   0.0 -36.3    135384900   0   1750       999850
   123  0 1  94.57  9998.50 2   0.0 -36.6    136385100   0   2050      1000200
   124  0 1  95.62 10000.00 2   0.0 -36.9    137374850   0   1700       989750
   125  0 1  95.27  9998.50 2   0.0 -37.2    138364600   0   1700       989750
   126  0 1  94.57  9989.50 2   0.0 -37.5    139354300   0   1800       989700
   127  0 1  94.22  9989.50 2   0.0 -38.1    140344750   0   1900       990450
   128  0 1  94.57  9991.00 2   0.0 -38.4    141334750   0   2100       990000
   129  0 1  95.27  9979.00 2   0.0 -39.1    143334950   0   1800      2000200
   130  0 1  94.57  9980.50 2   0.0 -39.7    144334500   0   1800       999550
   131  0 1  94.92  9979.00 2   0.0 -40.0    145334950   0   1950      1000450
   132  0 1  95.27  9979.00 2   0.0 -40.3    146335000   0   2000      1000050
   133  0 1  94.22  9968.50 2   0.0 -40.9    147344600   0   1650      1009600
   134  0 1  94.22  9970.00 2   0.0 -41.3    148355050   0   1650      1010450
   135  0 1  95.27  9968.50 2   0.0 -41.6    149364800   0   1950      1009750
   136  0 1  94.57  9970.00 2   0.0 -42.2    150374450   0   1650      1009650
   137  0 1  95.62  9959.50 2   0.0 -42.5    151384600   0   1700      1010150
   138  0 1  94.22  9959.50 2   0.0 -43.4    153384850   0   1650      2000250
   139  0 1  94.92  9959.50 2   0.0 -44.1    154384650   0   1900       999800
   140  0 1  94.92  9949.00 2   0.0 -44.4    155385050   0   1750      1000400
   141  0 1  95.62  9950.50 2   0.0 -45.0    156384900   0   1950       999850
   142  0 1  95.27  9949.00 2   0.0 -45.6    157425200   0   1900      1040300
   143  0 1  94.22  9949.00 2   0.0 -45.9    158465450   0   1800      1040250
   144  0 1  95.62  9938.50 2   0.0 -46.6    159505300   0   1700      1039850
   145  0 1  94.92  9940.00 2   0.0 -46.9    160545350   0   1850      1040050
   146  0 1  95.27  9938.50 2   0.0 -47.5    161585600   0   1850      1040250
   147  0 1  94.22 10069.00 2   0.0 -48.4    163585400   0   2050      1999800
   148  0 1  95.27 10069.00 2   0.0 -49.1    164585200   0   2100       999800
   149  0 1  95.27 10070.50 2   0.0 -49.7    165585100   0   1900       999900
   150  0 1  94.92 10069.00 2   0.0 -50.3    166585050   0   1850       999950
   151  0 1  94.92 10058.50 2   0.0 -50.6    167584750   0   1950       999700
   152  0 1  94.22 10060.00 2   0.0 -51.3    168584650   0   1800       999900
   153  0 1  95.27 10060.00 2   0.0 -51.9    169584450   0   1700       999800
   154  0 1  94.57 10058.50 2   0.0 -52.5    170584350   0   2100       999900
   155  0 1  94.92 10048.00 2   0.0 -53.1    171584350   0   1850      1000000
   156  0 1  94.22 10051.00 2   0.0 -54.1    173544500   0   1700      1960150
   157  0 1  94.22 10049.50 2   0.0 -54.7    174524050   0   2100       979550
   158  0 1  94.92 10039.00 2   0.0 -55.3    175504500   0   1900       980450
   159  0 1  95.27 10040.50 2   0.0 -55.9    176484250   0   2050       979750
   160  0 1  94.22 10039.00 2   0.0 -56.6    177454200   0   2050       969950
   161  0 1  95.62 10039.00 2   0.0 -57.2    178424050   0   2100       969850
   162  0 1  94.22 10030.00 2   0.0 -57.5    179393800   0   1850       969750
   163  0 1  94.92 10030.00 2   0.0 -58.1    180363350   0   1950       969550
   164  0 1  95.27 10028.50 2   0.0 -58.8    181333050   0   2000       969700
   165  0 1  95.62 10021.00 2   0.0 -60.0    183272750   0   1700      1939700
   166  0 1  95.62 10018.00 2   0.0 -60.6    184242350   0   1850       969600
   167  0 1  95.62 10021.00 2   0.0 -61.3    185211850   0   2050       969500
   168  0 1  95.62 10019.50 2   0.0 -61.9    186181950   0   2000       970100
   169  0 1  94.22 10009.00 2   0.0 -62.5    187181800   0   2000       999850
   170  0 1  94.92 10009.00 2   0.0 -63.1    188181400   0   2050       999600
   171  0 1  94.22 10010.50 2   0.0 -63.8    189181300   0   2050       999900
   172  0 1  95.27 10009.00 2   0.0 -64.4    190181350   0   1950      1000050
   173  0 1  95.62 10000.00 2   0.0 -65.0    191181650   0   1750      1000300
   174  0 1  95.62  9998.50 2   0.0 -66.3    193181500   0   1800      1999850
   175  0 1  94.92 10000.00 2   0.0 -66.9    194181250   0   2050       999750
   176  0 1  94.92  9991.00 2   0.0 -67.5    195181450   0   1850      1000200
   177  0 1  95.62  9991.00 2   0.0 -68.1    196181700   0   1850      1000250
   178  0 1  94.57  9991.00 2   0.0 -68.8    197171850   0   2050       990150
   179  0 1  94.57  9989.50 2   0.0 -69.4    198161500   0   2100       989650
