    NO  S V  AOA    FREQ    B  FMOP  AMP      TOA      PMOP  PW         dTOA  
------ -- - ------ -------- - ----- ----- ------------ --- ------ ------------
     0  0 1  94.57 10060.00 2   0.0 -70.0            0   0   1750  42949673000
     1  0 1  94.22 10060.00 2   0.0 -69.4       969650   0   1750       969650
     2  0 1  94.22 10058.50 2   0.0 -68.8      1940050   0   1800       970400
     3  0 1  95.62 10060.00 2   0.0 -68.1      2939900   0   1700       999850
     4  0 1  94.57 10051.00 2   0.0 -67.5      3940000   0   1800      1000100
     5  0 1  95.27 10048.00 2   0.0 -66.9      4940400   0   2000      1000400
     6  0 1  95.27 10048.00 2   0.0 -66.3      5939950   0   1750       999550
     7  0 1  94.92 10048.00 2   0.0 -65.6      6940250   0   1800      1000300
     8  0 1  94.57 10039.00 2   0.0 -65.0      7940300   0   2050      1000050
     9  0 1  94.92 10039.00 2   0.0 -63.8      9939400   0   2000      1999100
    10  0 1  94.92 10039.00 2   0.0 -63.1     10939250   0   1850       999850
    11  0 1  94.92 10028.50 2   0.0 -62.5     11939150   0   1700       999900
    12  0 1  94.92 10030.00 2   0.0 -61.9     12929250   0   1950       990100
    13  0 1  94.57 10028.50 2   0.0 -61.3     13918900   0   1650       989650
    14  0 1  94.57 10030.00 2   0.0 -60.6     14909100   0   2000       990200
    15  0 1  94.22 10021.00 2   0.0 -60.0     15899050   0   2100       989950
    16  0 1  95.27 10018.00 2   0.0 -59.4     16889300   0   1700       990250
    17  0 1  95.27 10019.50 2   0.0 -58.8     17889750   0   2050      1000450
    18  0 1  94.22 10009.00 2   0.0 -57.5     19889700   0   1900      1999950
    19  0 1  95.62 10009.00 2   0.0 -57.2     20889800   0   1650      1000100
    20  0 1  94.92 10009.00 2   0.0 -56.6     21889900   0   2050      1000100
    21  0 1  95.62 10009.00 2   0.0 -55.9     22900050   0   1700      1010150
    22  0 1  94.57  9998.50 2   0.0 -55.3     23909600   0   1900      1009550
    23  0 1  95.27 10000.00 2   0.0 -54.7     24919400   0   1750      1009800
    24  0 1  94.92 10000.00 2   0.0 -54.1     25929200   0   1750      1009800
    25  0 1  95.27 10000.00 2   0.0 -53.4     26938850   0   1700      1009650
    26  0 1  94.22  9991.00 2   0.0 -53.1     27938850   0   1950      1000000
    27  0 1  94.92  9989.50 2   0.0 -51.9     29938600   0   1800      1999750
    28  0 1  95.62  9988.00 2   0.0 -51.3     30938550   0   1950       999950
    29  0 1  94.57  9980.50 2   0.0 -50.6     31938400   0   1950       999850
    30  0 1  94.22  9980.50 2   0.0 -50.3     32978250   0   1650      1039850
    31  0 1  95.62  9979.00 2   0.0 -49.7     34018250   0   1850      1040000
    32  0 1  94.22  9979.00 2   0.0 -49.1     35058500   0   1800      1040250
    33  0 1  95.62  9968.50 2   0.0 -48.4     36098200   0   2000      1039700
    34  0 1  94.92  9970.00 2   0.0 -48.1     37138300   0   1700      1040100
    35  0 1  94.92  9970.00 2   0.0 -47.5     38138050   0   1700       999750
    36  0 1  94.92  9958.00 2   0.0 -46.6     40138100   0   1850      2000050
    37  0 1  94.57  9959.50 2   0.0 -45.9     41138550   0   1650      1000450
    38  0 1  94.22  9959.50 2   0.0 -45.6     42138750   0   1700      1000200
    39  0 1  95.27  9959.50 2   0.0 -45.0     43138400   0   1750       999650
    40  0 1  94.22  9949.00 2   0.0 -44.4     44138100   0   2100       999700
    41  0 1  95.62  9950.50 2   0.0 -44.1     45137650   0   2050       999550
    42  0 1  95.27  9950.50 2   0.0 -43.4     46138000   0   1700      1000350
    43  0 1  94.22  9950.50 2   0.0 -43.1     47137650   0   1950       999650
    44  0 1  95.62  9940.00 2   0.0 -42.5     48117800   0   1900       980150
    45  0 1  94.22  9940.00 2   0.0 -41.6     50078150   0   1850      1960350
    46  0 1  95.27  9938.50 2   0.0 -41.3     51058250   0   2000       980100
    47  0 1  94.57 10069.00 2   0.0 -40.9     52037850   0   1700       979600
    48  0 1  94.92 10069.00 2   0.0 -40.3     53007950   0   1800       970100
    49  0 1  94.57 10070.50 2   0.0 -40.0     53978150   0   1750       970200
    50  0 1  94.57 10069.00 2   0.0 -39.7     54948500   0   2000       970350
    51  0 1  94.57 10060.00 2   0.0 -39.1     55918800   0   2100       970300
    52  0 1  95.62 10060.00 2   0.0 -38.8     56889100   0   2000       970300
    53  0 1  95.62 10060.00 2   0.0 -38.4     57859200   0   1750       970100
    54  0 1  95.27 10048.00 2   0.0 -37.5     59799100   0   1700      1939900
    55  0 1  94.22 10051.00 2   0.0 -37.2     60768900   0   1650       969800
    56  0 1  94.22 10051.00 2   0.0 -36.9     61739300   0   1800       970400
    57  0 1  95.27 10049.50 2   0.0 -36.6     62739200   0   2050       999900
    58  0 1  95.62 10039.00 2   0.0 -36.3     63739150   0   2100       999950
    59  0 1  95.62 10039.00 2   0.0 -35.9     64738900   0   1650       999750
    60  0 1  94.92 10039.00 2   0.0 -35.6     65739150   0   1700      1000250
    61  0 1  94.57 10039.00 2   0.0 -35.3     66739250   0   1750      1000100
    62  0 1  95.62 10030.00 2   0.0 -35.0     67739050   0   1650       999800
    63  0 1  94.57 10030.00 2   0.0 -34.4     69739100   0   1900      2000050
    64  0 1  95.27 10030.00 2   0.0 -34.1     70738600   0   2100       999500
    65  0 1  95.27 10018.00 2   0.0 -33.8     71738300   0   2000       999700
    66  0 1  94.92 10018.00 2   0.0 -33.4     72728600   0   1850       990300
    67  0 1  95.27 10018.00 2   0.0 -33.4     73719000   0   2100       990400
    68  0 1  94.92 10019.50 2   0.0 -33.1     74708650   0   2000       989650
    69  0 1  95.27 10010.50 2   0.0 -32.8     75698200   0   2100       989550
    70  0 1  94.57 10009.00 2   0.0 -32.5     76688050   0   1900       989850
    71  0 1  95.27 10010.50 2   0.0 -32.5     77687600   0   1800       999550
    72  0 1  94.92 10000.00 2   0.0 -31.9     79687100   0   2050      1999500
    73  0 1  95.27 10000.00 2   0.0 -31.9     80686700   0   2050       999600
    74  0 1  95.27  9998.50 2   0.0 -31.6     81686450   0   1900       999750
    75  0 1  94.22 10000.00 2   0.0 -31.6     82696300   0   2100      1009850
    76  0 1  95.27  9989.50 2   0.0 -31.3     83706300   0   1950      1010000
    77  0 1  95.62  9988.00 2   0.0 -31.3     84716500   0   1850      1010200
    78  0 1  95.62  9989.50 2   0.0 -30.9     85726050   0   1850      1009550
    79  0 1  94.92  9991.00 2   0.0 -30.9     86736500   0   1650      1010450
    80  0 1  95.62  9979.00 2   0.0 -30.6     87736400   0   1800       999900
    81  0 1  95.27  9980.50 2   0.0 -30.6     89736900   0   1750      2000500
    82  0 1  94.92  9980.50 2   0.0 -30.3     90736400   0   1850       999500
    83  0 1  95.27  9968.50 2   0.0 -30.3     91736350   0   1650       999950
    84  0 1  95.27  9970.00 2   0.0 -30.3     92776600   0   1900      1040250
    85  0 1  94.57  9968.50 2   0.0 -30.3     93816700   0   1850      1040100
    86  0 1  94.22  9970.00 2   0.0 -30.0     94856850   0   2000      1040150
    87  0 1  95.27  9958.00 2   0.0 -30.0     95896800   0   2000      1039950
    88  0 1  95.62  9958.00 2   0.0 -30.0     96936450   0   1800      1039650
    89  0 1  94.22  9961.00 2   0.0 -30.0     97936000   0   1800       999550
    90  0 1  94.22  9949.00 2   0.0 -30.0     99935950   0   1800      1999950
    91  0 1  94.57  9950.50 2   0.0 -30.0    100936200   0   1700      1000250
    92  0 1  94.92  9949.00 2   0.0 -30.0    101936250   0   1700      1000050
    93  0 1  94.22  9950.50 2   0.0 -30.0    102935950   0   1750       999700
    94  0 1  94.92  9940.00 2   0.0 -30.0    103936000   0   1700      1000050
    95  0 1  95.62  9940.00 2   0.0 -30.0    104935800   0   1850       999800
    96  0 1  95.27  9938.50 2   0.0 -30.3    105935850   0   1900      1000050
    97  0 1  95.27  9940.00 2   0.0 -30.3    106935800   0   1950       999950
    98  0 1  94.92 10069.00 2   0.0 -30.3    107915450   0   1950       979650
    99  0 1  95.62 10070.50 2   0.0 -30.6    109875250   0   1900      1959800
   100  0 1  94.57 10069.00 2   0.0 -30.6    110855350   0   1750       980100
   101  0 1  95.27 10060.00 2   0.0 -30.6    111835800   0   1950       980450
   102  0 1  95.27 10060.00 2   0.0 -30.9    112805450   0   2000       969650
   103  0 1  94.57 10060.00 2   0.0 -30.9    113775600   0   1900       970150
   104  0 1  95.27 10058.50 2   0.0 -31.3    114745500   0   2050       969900
   105  0 1  94.57 10048.00 2   0.0 -31.3    115715950   0   1700       970450
   106  0 1  95.62 10049.50 2   0.0 -31.6    116686250   0   1700       970300
   107  0 1  95.27 10051.00 2   0.0 -31.6    117656000   0   1900       969750
   108  0 1  94.92 10039.00 2   0.0 -31.9    119595500   0   1800      1939500
   109  0 1  94.92 10039.00 2   0.0 -32.2    120565150   0   1800       969650
   110  0 1  95.27 10039.00 2   0.0 -32.5    121534800   0   2100       969650
   111  0 1  94.92 10039.00 2   0.0 -32.5    122535100   0   1750      1000300
   112  0 1  94.92 10028.50 2   0.0 -32.8    123535450   0   1850      1000350
   113  0 1  94.92 10028.50 2   0.0 -33.1    124535600   0   1800      1000150
   114  0 1  95.27 10030.00 2   0.0 -33.4    125535300   0   1650       999700
   115  0 1  95.27 10030.00 2   0.0 -33.4    126534950   0   1850       999650
   116  0 1  94.22 10019.50 2   0.0 -33.8    127535100   0   1700      1000150
   117  0 1  94.22 10018.00 2   0.0 -34.4    129535200   0   1800      2000100
   118  0 1  94.22 10019.50 2   0.0 -34.7    130534950   0   2000       999750
   119  0 1  94.57 10010.50 2   0.0 -35.0    131534500   0   2000       999550
   120  0 1  95.27 10009.00 2   0.0 -35.3    132524800   0   1700       990300
   121  0 1  95.62 10010.50 2   0.0 -35.6    133514800   0   1950       990000
   122  0 1  95.62 10010.50 2   0.0 -35.9    134504550   0   2050       989750
   123  0 1  95.62  9998.50 2   0.0 -36.3    135494950   0   1750       990400
   124  0 1  95.62 10000.00 2   0.0 -36.6    136485250   0   2000       990300
   125  0 1  94.22 10000.00 2   0.0 -36.9    137485000   0   2050       999750
   126  0 1  94.57  9991.00 2   0.0 -37.5    139484650   0   1950      1999650
   127  0 1  94.22  9989.50 2   0.0 -38.1    140484700   0   2000      1000050
   128  0 1  94.22  9988.00 2   0.0 -38.4    141484600   0   1850       999900
   129  0 1  94.57  9991.00 2   0.0 -38.8    142494900   0   1700      1010300
   130  0 1  94.92  9980.50 2   0.0 -39.1    143505300   0   1750      1010400
   131  0 1  95.62  9979.00 2   0.0 -39.7    144514850   0   1650      1009550
   132  0 1  94.92  9980.50 2   0.0 -40.0    145525100   0   1700      1010250
   133  0 1  94.92  9980.50 2   0.0 -40.3    146534900   0   1650      1009800
   134  0 1  94.22  9970.00 2   0.0 -40.9    147534500   0   1900       999600
   135  0 1  94.92  9970.00 2   0.0 -41.6    149534000   0   1850      1999500
   136  0 1  94.57  9968.50 2   0.0 -42.2    150534300   0   1900      1000300
   137  0 1  94.57  9959.50 2   0.0 -42.5    151534550   0   1750      1000250
   138  0 1  95.27  9959.50 2   0.0 -43.1    152574650   0   1700      1040100
   139  0 1  94.57  9961.00 2   0.0 -43.4    153614300   0   2000      1039650
   140  0 1  94.22  9959.50 2   0.0 -44.1    154653850   0   2050      1039550
   141  0 1  94.57  9950.50 2   0.0 -44.4    155693900   0   1950      1040050
   142  0 1  94.57  9950.50 2   0.0 -45.0    156734200   0   1700      1040300
   143  0 1  94.57  9949.00 2   0.0 -45.6    157733700   0   2000       999500
   144  0 1  94.22  9938.50 2   0.0 -46.6    159733250   0   1700      1999550
   145  0 1  94.57  9940.00 2   0.0 -46.9    160733300   0   1900      1000050
   146  0 1  95.27  9940.00 2   0.0 -47.5    161732800   0   1900       999500
   147  0 1  94.22  9940.00 2   0.0 -48.1    162732550   0   2100       999750
   148  0 1  94.92 10070.50 2   0.0 -48.4    163732150   0   1750       999600
   149  0 1  94.92 10069.00 2   0.0 -49.1    164731950   0   1850       999800
   150  0 1  94.22 10069.00 2   0.0 -49.7    165731550   0   1850       999600
   151  0 1  95.62 10070.50 2   0.0 -50.3    166731200   0   1650       999650
   152  0 1  95.62 10058.50 2   0.0 -50.6    167711250   0   1650       980050
   153  0 1  94.57 10060.00 2   0.0 -51.9    169671100   0   2000      1959850
   154  0 1  95.27 10058.50 2   0.0 -52.5    170651500   0   1850       980400
   155  0 1  94.57 10048.00 2   0.0 -53.1    171631500   0   1850       980000
   156  0 1  95.27 10048.00 2   0.0 -53.4    172601600   0   1650       970100
   157  0 1  94.92 10048.00 2   0.0 -54.1    173572050   0   2050       970450
   158  0 1  95.27 10051.00 2   0.0 -54.7    174541800   0   1700       969750
   159  0 1  94.57 10039.00 2   0.0 -55.3    175511950   0   1700       970150
   160  0 1  94.92 10040.50 2   0.0 -55.9    176481650   0   1650       969700
   161  0 1  94.57 10039.00 2   0.0 -56.6    177452000   0   2000       970350
   162  0 1  94.92 10030.00 2   0.0 -57.5    179391450   0   1850      1939450
   163  0 1  94.92 10028.50 2   0.0 -58.1    180361350   0   1800       969900
   164  0 1  95.27 10028.50 2   0.0 -58.8    181331650   0   1850       970300
   165  0 1  94.57 10028.50 2   0.0 -59.4    182331800   0   1750      1000150
   166  0 1  95.62 10019.50 2   0.0 -60.0    183331600   0   1650       999800
   167  0 1  95.27 10019.50 2   0.0 -60.6    184331600   0   1800      1000000
   168  0 1  94.57 10018.00 2   0.0 -61.3    185331350   0   1700       999750
   169  0 1  94.92 10019.50 2   0.0 -61.9    186331400   0   1650      1000050
   170  0 1  95.62 10009.00 2   0.0 -62.5    187331350   0   1750       999950
   171  0 1  94.57 10009.00 2   0.0 -63.8    189330950   0   2050      1999600
   172  0 1  94.92 10009.00 2   0.0 -64.4    190331100   0   1700      1000150
   173  0 1  95.62 10000.00 2   0.0 -65.0    191330600   0   2050       999500
   174  0 1  95.62 10000.00 2   0.0 -65.6    192320700   0   1950       990100
   175  0 1  94.57 10000.00 2   0.0 -66.3    193310650   0   1800       989950
   176  0 1  94.92 10000.00 2   0.0 -66.9    194300450   0   1850       989800
   177  0 1  94.92  9991.00 2   0.0 -67.5    195290700   0   1900       990250
   178  0 1  95.62  9991.00 2   0.0 -68.1    196280650   0   1950       989950
   179  0 1  94.92  9991.00 2   0.0 -68.8    197280250   0   1800       999600
