    NO  S V  AOA    FREQ    B  FMOP  AMP      TOA      PMOP  PW         dTOA  
------ -- - ------ -------- - ----- ----- ------------ --- ------ ------------
     0  0 1  94.22 10060.00 2   0.0 -70.0            0   0   1950  42949673000
     1  0 1  95.62 10060.00 2   0.0 -69.4       990400   0   1650       990400
     2  0 1  95.62 10058.50 2   0.0 -68.8      1979900   0   1950       989500
     3  0 1  94.57 10051.00 2   0.0 -67.5      3980000   0   1650      2000100
     4  0 1  94.92 10051.00 2   0.0 -66.9      4979850   0   1800       999850
     5  0 1  94.57 10051.00 2   0.0 -66.3      5980150   0   2100      1000300
     6  0 1  94.22 10048.00 2   0.0 -65.6      6979800   0   1850       999650
     7  0 1  94.92 10039.00 2   0.0 -65.0      7989750   0   1850      1009950
     8  0 1  95.27 10039.00 2   0.0 -64.4      9000100   0   2000      1010350
     9  0 1  94.92 10039.00 2   0.0 -63.8     10009950   0   1750      1009850
    10  0 1  95.62 10039.00 2   0.0 -63.1     11019600   0   2050      1009650
    11  0 1  94.57 10030.00 2   0.0 -62.5     12029450   0   2050      1009850
    12  0 1  94.57 10030.00 2   0.0 -61.3     14029300   0   2100      1999850
    13  0 1  94.22 10030.00 2   0.0 -60.6     15029600   0   1650      1000300
    14  0 1  94.92 10019.50 2   0.0 -60.0     16029450   0   1900       999850
    15  0 1  94.57 10021.00 2   0.0 -59.4     17029450   0   2050      1000000
    16  0 1  95.62 10018.00 2   0.0 -58.8     18069600   0   1900      1040150
    17  0 1  94.57 10021.00 2   0.0 -58.1     19109750   0   1650      1040150
    18  0 1  94.57 10010.50 2   0.0 -57.5     20149550   0   2000      1039800
    19  0 1  94.22 10009.00 2   0.0 -57.2     21189600   0   1700      1040050
    20  0 1  95.27 10009.00 2   0.0 -56.6     22229150   0   1700      1039550
    21  0 1  95.27 10000.00 2   0.0 -55.3     24228650   0   1750      1999500
    22  0 1  95.27 10000.00 2   0.0 -54.7     25228600   0   1700       999950
    23  0 1  95.27 10000.00 2   0.0 -54.1     26229000   0   2100      1000400
    24  0 1  95.62 10000.00 2   0.0 -53.4     27229200   0   1750      1000200
    25  0 1  95.62  9988.00 2   0.0 -53.1     28229150   0   1900       999950
    26  0 1  95.62  9988.00 2   0.0 -52.5     29229450   0   1700      1000300
    27  0 1  95.62  9989.50 2   0.0 -51.9     30229350   0   1850       999900
    28  0 1  95.27  9988.00 2   0.0 -51.3     31229100   0   2000       999750
    29  0 1  95.27  9979.00 2   0.0 -50.6     32229400   0   1700      1000300
    30  0 1  94.57  9979.00 2   0.0 -49.7     34188500   0   1700      1959100
    31  0 1  95.27  9979.00 2   0.0 -49.1     35168550   0   1800       980050
    32  0 1  94.22  9970.00 2   0.0 -48.4     36148550   0   1800       980000
    33  0 1  94.92  9970.00 2   0.0 -48.1     37128750   0   2100       980200
    34  0 1  95.62  9970.00 2   0.0 -47.5     38099150   0   1950       970400
    35  0 1  95.62  9970.00 2   0.0 -46.9     39068900   0   1900       969750
    36  0 1  94.22  9959.50 2   0.0 -46.6     40038600   0   1700       969700
    37  0 1  94.57  9959.50 2   0.0 -45.9     41008500   0   1650       969900
    38  0 1  95.62  9961.00 2   0.0 -45.6     41978350   0   2000       969850
    39  0 1  94.57  9949.00 2   0.0 -44.4     43918150   0   1900      1939800
    40  0 1  94.22  9950.50 2   0.0 -44.1     44887800   0   1750       969650
    41  0 1  94.57  9949.00 2   0.0 -43.4     45858050   0   1750       970250
    42  0 1  95.62  9950.50 2   0.0 -43.1     46828450   0   1650       970400
    43  0 1  95.62  9940.00 2   0.0 -42.5     47828150   0   1750       999700
    44  0 1  95.27  9940.00 2   0.0 -42.2     48827650   0   1700       999500
    45  0 1  94.92  9938.50 2   0.0 -41.6     49827950   0   1800      1000300
    46  0 1  94.57  9940.00 2   0.0 -41.3     50828300   0   1950      1000350
    47  0 1  94.22 10069.00 2   0.0 -40.9     51828450   0   1850      1000150
    48  0 1  94.57 10069.00 2   0.0 -40.0     53828200   0   1650      1999750
    49  0 1  94.92 10069.00 2   0.0 -39.7     54827750   0   2100       999550
    50  0 1  94.57 10058.50 2   0.0 -39.1     55827500   0   1650       999750
    51  0 1  94.57 10060.00 2   0.0 -38.8     56827900   0   2050      1000400
    52  0 1  95.62 10060.00 2   0.0 -38.4     57818000   0   2000       990100
    53  0 1  95.27 10060.00 2   0.0 -38.1     58807600   0   1700       989600
    54  0 1  94.92 10049.50 2   0.0 -37.5     59797850   0   1750       990250
    55  0 1  95.62 10049.50 2   0.0 -37.2     60787800   0   1750       989950
    56  0 1  94.57 10049.50 2   0.0 -36.9     61777900   0   2100       990100
    57  0 1  95.27 10039.00 2   0.0 -36.3     63777550   0   2000      1999650
    58  0 1  94.92 10039.00 2   0.0 -35.9     64777150   0   1900       999600
    59  0 1  94.57 10039.00 2   0.0 -35.6     65777000   0   1650       999850
    60  0 1  95.27 10040.50 2   0.0 -35.3     66777450   0   1750      1000450
    61  0 1  94.92 10030.00 2   0.0 -35.0     67787100   0   1900      1009650
    62  0 1  94.57 10030.00 2   0.0 -34.7     68797150   0   1650      1010050
    63  0 1  94.57 10030.00 2   0.0 -34.4     69806900   0   1750      1009750
    64  0 1  95.27 10030.00 2   0.0 -34.1     70817000   0   1750      1010100
    65  0 1  94.57 10021.00 2   0.0 -33.8     71826650   0   2050      1009650
    66  0 1  94.57 10018.00 2   0.0 -33.4     73826050   0   1650      1999400
    67  0 1  95.27 10021.00 2   0.0 -33.1     74825900   0   1800       999850
    68  0 1  94.92 10009.00 2   0.0 -32.8     75826150   0   1750      1000250
    69  0 1  95.27 10009.00 2   0.0 -32.5     76826350   0   1850      1000200
    70  0 1  94.22 10010.50 2   0.0 -32.5     77866500   0   1900      1040150
    71  0 1  94.57 10010.50 2   0.0 -32.2     78906200   0   1900      1039700
    72  0 1  95.27 10000.00 2   0.0 -31.9     79946400   0   1650      1040200
    73  0 1  94.57 10000.00 2   0.0 -31.9     80986650   0   1900      1040250
    74  0 1  94.22 10000.00 2   0.0 -31.6     82026400   0   2100      1039750
    75  0 1  94.92  9989.50 2   0.0 -31.3     84025800   0   2000      1999400
    76  0 1  94.57  9989.50 2   0.0 -31.3     85025300   0   2000       999500
    77  0 1  94.57  9989.50 2   0.0 -30.9     86025000   0   1950       999700
    78  0 1  95.62  9991.00 2   0.0 -30.9     87024850   0   1800       999850
    79  0 1  95.27  9979.00 2   0.0 -30.6     88025300   0   2100      1000450
    80  0 1  94.92  9979.00 2   0.0 -30.6     89025600   0   1650      1000300
    81  0 1  95.27  9979.00 2   0.0 -30.6     90025900   0   1650      1000300
    82  0 1  94.22  9980.50 2   0.0 -30.3     91025750   0   1950       999850
    83  0 1  95.62  9970.00 2   0.0 -30.3     92025600   0   2000       999850
    84  0 1  94.57  9970.00 2   0.0 -30.3     93985800   0   2000      1960200
    85  0 1  95.27  9970.00 2   0.0 -30.0     94965400   0   2050       979600
    86  0 1  95.27  9959.50 2   0.0 -30.0     95945150   0   2100       979750
    87  0 1  94.92  9958.00 2   0.0 -30.0     96924850   0   2050       979700
    88  0 1  94.92  9958.00 2   0.0 -30.0     97894650   0   1650       969800
    89  0 1  95.27  9958.00 2   0.0 -30.0     98864500   0   2000       969850
    90  0 1  94.92  9949.00 2   0.0 -30.0     99834500   0   2000       970000
    91  0 1  95.62  9950.50 2   0.0 -30.0    100804400   0   1800       969900
    92  0 1  94.22  9949.00 2   0.0 -30.0    101774800   0   2100       970400
    93  0 1  95.27  9940.00 2   0.0 -30.0    103714550   0   1800      1939750
    94  0 1  94.92  9938.50 2   0.0 -30.0    104684250   0   2000       969700
    95  0 1  94.57  9938.50 2   0.0 -30.3    105654450   0   1650       970200
    96  0 1  94.57  9940.00 2   0.0 -30.3    106624100   0   1850       969650
    97  0 1  94.92 10069.00 2   0.0 -30.3    107623650   0   2050       999550
    98  0 1  95.62 10069.00 2   0.0 -30.3    108624100   0   1700      1000450
    99  0 1  94.92 10069.00 2   0.0 -30.6    109624250   0   1900      1000150
   100  0 1  94.92 10070.50 2   0.0 -30.6    110624500   0   2050      1000250
   101  0 1  94.92 10060.00 2   0.0 -30.6    111624500   0   1800      1000000
   102  0 1  95.27 10058.50 2   0.0 -30.9    113624950   0   1850      2000450
   103  0 1  94.57 10058.50 2   0.0 -31.3    114624950   0   1700      1000000
   104  0 1  94.57 10051.00 2   0.0 -31.3    115625350   0   2050      1000400
   105  0 1  95.62 10048.00 2   0.0 -31.6    116625200   0   1800       999850
   106  0 1  95.62 10048.00 2   0.0 -31.6    117615650   0   1900       990450
   107  0 1  94.92 10051.00 2   0.0 -31.9    118605200   0   1950       989550
   108  0 1  95.27 10040.50 2   0.0 -31.9    119595000   0   1750       989800
   109  0 1  94.92 10040.50 2   0.0 -32.2    120584900   0   1800       989900
   110  0 1  95.62 10040.50 2   0.0 -32.5    121574800   0   1700       989900
   111  0 1  95.27 10030.00 2   0.0 -32.8    123574600   0   2000      1999800
   112  0 1  94.57 10030.00 2   0.0 -33.1    124574400   0   1750       999800
   113  0 1  94.22 10030.00 2   0.0 -33.4    125574250   0   1900       999850
   114  0 1  95.27 10028.50 2   0.0 -33.4    126574150   0   1900       999900
   115  0 1  94.92 10018.00 2   0.0 -33.8    127583750   0   2000      1009600
   116  0 1  95.62 10021.00 2   0.0 -34.1    128593550   0   1800      1009800
   117  0 1  94.92 10019.50 2   0.0 -34.4    129603700   0   1950      1010150
   118  0 1  95.27 10019.50 2   0.0 -34.7    130614050   0   2000      1010350
   119  0 1  94.22 10009.00 2   0.0 -35.0    131623600   0   1800      1009550
   120  0 1  95.62 10010.50 2   0.0 -35.6    133622850   0   1700      1999250
   121  0 1  95.62 10010.50 2   0.0 -35.9    134623200   0   2000      1000350
   122  0 1  94.92 10000.00 2   0.0 -36.3    135623100   0   2000       999900
   123  0 1  95.62  9998.50 2   0.0 -36.6    136623300   0   2000      1000200
   124  0 1  95.62 10000.00 2   0.0 -36.9    137663050   0   1650      1039750
   125  0 1  94.92 10000.00 2   0.0 -37.2    138702700   0   1950      1039650
   126  0 1  94.92  9988.00 2   0.0 -37.5    139742400   0   1800      1039700
   127  0 1  94.92  9991.00 2   0.0 -38.1    140782700   0   2100      1040300
   128  0 1  94.22  9989.50 2   0.0 -38.4    141822650   0   1650      1039950
   129  0 1  94.57  9980.50 2   0.0 -39.1    143822300   0   1800      1999650
   130  0 1  95.27  9980.50 2   0.0 -39.7    144822600   0   1950      1000300
   131  0 1  94.22  9979.00 2   0.0 -40.0    145822500   0   1900       999900
   132  0 1  94.57  9979.00 2   0.0 -40.3    146822300   0   2050       999800
   133  0 1  95.27  9970.00 2   0.0 -40.9    147822000   0   1950       999700
   134  0 1  94.57  9970.00 2   0.0 -41.3    148821700   0   1700       999700
   135  0 1  94.57  9968.50 2   0.0 -41.6    149822150   0   1750      1000450
   136  0 1  94.22  9968.50 2   0.0 -42.2    150822300   0   1800      1000150
   137  0 1  94.57  9961.00 2   0.0 -42.5    151822050   0   2000       999750
   138  0 1  94.57  9958.00 2   0.0 -43.4    153782350   0   1700      1960300
   139  0 1  94.92  9958.00 2   0.0 -44.1    154761900   0   2050       979550
   140  0 1  94.22  9949.00 2   0.0 -44.4    155741800   0   1650       979900
   141  0 1  94.22  9949.00 2   0.0 -45.0    156722200   0   1850       980400
   142  0 1  94.22  9949.00 2   0.0 -45.6    157692450   0   1850       970250
   143  0 1  94.92  9949.00 2   0.0 -45.9    158662850   0   1650       970400
   144  0 1  95.62  9940.00 2   0.0 -46.6    159632800   0   1650       969950
   145  0 1  95.27  9940.00 2   0.0 -46.9    160603200   0   1900       970400
   146  0 1  95.62  9940.00 2   0.0 -47.5    161573400   0   1850       970200
   147  0 1  95.27 10069.00 2   0.0 -48.4    163513250   0   1800      1939850
   148  0 1  94.92 10069.00 2   0.0 -49.1    164483000   0   1950       969750
   149  0 1  94.22 10069.00 2   0.0 -49.7    165452950   0   1950       969950
   150  0 1  94.92 10070.50 2   0.0 -50.3    166422600   0   1850       969650
   151  0 1  94.22 10060.00 2   0.0 -50.6    167422400   0   1850       999800
   152  0 1  94.57 10060.00 2   0.0 -51.3    168422750   0   1950      1000350
   153  0 1  94.92 10058.50 2   0.0 -51.9    169422300   0   2050       999550
   154  0 1  94.92 10060.00 2   0.0 -52.5    170421850   0   2050       999550
   155  0 1  95.27 10048.00 2   0.0 -53.1    171421550   0   2100       999700
   156  0 1  94.92 10049.50 2   0.0 -54.1    173421600   0   1700      2000050
   157  0 1  94.92 10049.50 2   0.0 -54.7    174421550   0   1800       999950
   158  0 1  94.22 10040.50 2   0.0 -55.3    175421050   0   1950       999500
   159  0 1  95.62 10039.00 2   0.0 -55.9    176421050   0   1750      1000000
   160  0 1  94.57 10039.00 2   0.0 -56.6    177411300   0   2100       990250
   161  0 1  95.62 10039.00 2   0.0 -57.2    178401150   0   2050       989850
   162  0 1  95.27 10030.00 2   0.0 -57.5    179391400   0   2050       990250
   163  0 1  95.27 10030.00 2   0.0 -58.1    180381400   0   1900       990000
   164  0 1  94.57 10030.00 2   0.0 -58.8    181371850   0   1900       990450
   165  0 1  95.62 10018.00 2   0.0 -60.0    183371800   0   1850      1999950
   166  0 1  94.57 10019.50 2   0.0 -60.6    184371350   0   1850       999550
   167  0 1  95.62 10019.50 2   0.0 -61.3    185371050   0   1800       999700
   168  0 1  95.27 10019.50 2   0.0 -61.9    186370800   0   1950       999750
   169  0 1  95.27 10009.00 2   0.0 -62.5    187381250   0   1750      1010450
   170  0 1  95.62 10009.00 2   0.0 -63.1    188391100   0   1950      1009850
   171  0 1  94.57 10010.50 2   0.0 -63.8    189401350   0   2100      1010250
   172  0 1  94.92 10009.00 2   0.0 -64.4    190411550   0   1750      1010200
   173  0 1  94.92 10000.00 2   0.0 -65.0    191421300   0   2000      1009750
   174  0 1  94.57 10000.00 2   0.0 -66.3    193422000   0   2000      2000700
   175  0 1  94.92 10000.00 2   0.0 -66.9    194422200   0   1900      1000200
   176  0 1  94.92  9988.00 2   0.0 -67.5    195422250   0   1800      1000050
   177  0 1  94.57  9991.00 2   0.0 -68.1    196421800   0   1950       999550
   178  0 1  94.57  9988.00 2   0.0 -68.8    197461750   0   1650      1039950
   179  0 1  94.22  9988.00 2   0.0 -69.4    198501550   0   1950      1039800
