    NO  S V  AOA    FREQ    B  FMOP  AMP      TOA      PMOP  PW         dTOA  
------ -- - ------ -------- - ----- ----- ------------ --- ------ ------------
     0  0 1  95.62  9970.00 2   0.0 -70.0            0   0   1700  42949673000
     1  0 1  95.62  9970.00 2   0.0 -69.4      1019700   0   1950      1019700
     2  0 1  95.62  9970.00 2   0.0 -68.8      2040050   0   2000      1020350
     3  0 1  94.57  9970.00 2   0.0 -68.1      3009950   0   1700       969900
     4  0 1  95.62  9958.00 2   0.0 -67.5      3979500   0   1600       969550
     5  0 1  94.92  9959.50 2   0.0 -66.9      4949300   0   1700       969800
     6  0 1  95.27  9961.00 2   0.0 -66.3      5919450   0   1850       970150
     7  0 1  95.27  9968.50 2   0.0 -65.0      7880000   0   1850      1960550
     8  0 1  95.62  9970.00 2   0.0 -64.4      8870450   0   1850       990450
     9  0 1  94.22  9970.00 2   0.0 -63.8      9860900   0   1800       990450
    10  0 1  94.22  9970.00 2   0.0 -63.1     10851100   0   2000       990200
    11  0 1  94.92  9980.50 2   0.0 -62.5     11841050   0   1950       989950
    12  0 1  95.27  9979.00 2   0.0 -61.9     12840750   0   1800       999700
    13  0 1  95.27  9979.00 2   0.0 -61.3     13840650   0   1800       999900
    14  0 1  95.62  9980.50 2   0.0 -60.6     14840250   0   1550       999600
    15  0 1  94.92  9991.00 2   0.0 -60.0     15840600   0   1550      1000350
    16  0 1  94.22  9989.50 2   0.0 -58.8     17850350   0   1600      2009750
    17  0 1  95.27  9991.00 2   0.0 -58.1     18860050   0   1850      1009700
    18  0 1  95.62 10000.00 2   0.0 -57.5     19869850   0   1950      1009800
    19  0 1  95.62 10000.00 2   0.0 -57.2     20879400   0   1550      1009550
    20  0 1  94.22  9998.50 2   0.0 -56.6     21889400   0   1950      1010000
    21  0 1  95.27 10000.00 2   0.0 -55.9     22858950   0   1950       969550
    22  0 1  94.92 10009.00 2   0.0 -55.3     23828450   0   1700       969500
    23  0 1  94.92 10009.00 2   0.0 -54.7     24798050   0   2000       969600
    24  0 1  95.62 10010.50 2   0.0 -54.1     25767600   0   1650       969550
    25  0 1  95.62 10019.50 2   0.0 -53.1     27707600   0   1600      1940000
    26  0 1  95.62 10018.00 2   0.0 -52.5     28677300   0   1900       969700
    27  0 1  94.92 10021.00 2   0.0 -51.9     29647350   0   1850       970050
    28  0 1  94.22 10021.00 2   0.0 -51.3     30617300   0   1800       969950
    29  0 1  95.27 10030.00 2   0.0 -50.6     31587250   0   1750       969950
    30  0 1  95.62 10030.00 2   0.0 -50.3     32547300   0   1650       960050
    31  0 1  94.92 10030.00 2   0.0 -49.7     33507250   0   1650       959950
    32  0 1  94.92 10028.50 2   0.0 -49.1     34466850   0   1550       959600
    33  0 1  94.22 10039.00 2   0.0 -48.4     35427200   0   1650       960350
    34  0 1  95.27 10039.00 2   0.0 -47.5     37337050   0   2000      1909850
    35  0 1  94.57 10039.00 2   0.0 -46.9     38286800   0   1700       949750
    36  0 1  94.57 10051.00 2   0.0 -46.6     39236650   0   1600       949850
    37  0 1  94.92 10051.00 2   0.0 -45.9     40186300   0   1700       949650
    38  0 1  95.62 10049.50 2   0.0 -45.6     41136000   0   1800       949700
    39  0 1  94.92 10049.50 2   0.0 -45.0     42166150   0   1750      1030150
    40  0 1  95.62 10060.00 2   0.0 -44.4     43196200   0   2000      1030050
    41  0 1  94.57 10060.00 2   0.0 -44.1     44226550   0   1600      1030350
    42  0 1  94.92 10060.00 2   0.0 -43.4     45256250   0   1950      1029700
    43  0 1  95.27 10069.00 2   0.0 -42.5     47326450   0   1600      2070200
    44  0 1  94.57 10069.00 2   0.0 -42.2     48366200   0   1950      1039750
    45  0 1  94.57 10070.50 2   0.0 -41.6     49405850   0   1600      1039650
    46  0 1  94.57 10069.00 2   0.0 -41.3     50446000   0   1750      1040150
    47  0 1  95.27  9959.50 2   0.0 -40.9     51485950   0   1900      1039950
    48  0 1  95.27  9961.00 2   0.0 -40.3     52496000   0   1700      1010050
    49  0 1  95.27  9958.00 2   0.0 -40.0     53506450   0   1750      1010450
    50  0 1  94.57  9959.50 2   0.0 -39.7     54516700   0   1850      1010250
    51  0 1  95.27  9970.00 2   0.0 -39.1     55526900   0   1900      1010200
    52  0 1  94.92  9968.50 2   0.0 -38.4     57556800   0   1800      2029900
    53  0 1  94.22  9970.00 2   0.0 -38.1     58577150   0   1550      1020350
    54  0 1  95.27  9961.00 2   0.0 -37.5     59597300   0   1600      1020150
    55  0 1  94.92  9961.00 2   0.0 -37.2     60617150   0   1550      1019850
    56  0 1  95.27  9959.50 2   0.0 -36.9     61636750   0   1900      1019600
    57  0 1  94.57  9958.00 2   0.0 -36.6     62606450   0   1700       969700
    58  0 1  95.27  9968.50 2   0.0 -36.3     63576750   0   1550       970300
    59  0 1  94.57  9970.00 2   0.0 -35.9     64547200   0   1600       970450
    60  0 1  94.22  9968.50 2   0.0 -35.6     65517200   0   1650       970000
    61  0 1  95.62  9980.50 2   0.0 -35.0     67478000   0   2000      1960800
    62  0 1  94.92  9979.00 2   0.0 -34.7     68468400   0   1600       990400
    63  0 1  94.57  9980.50 2   0.0 -34.4     69458050   0   1600       989650
    64  0 1  94.57  9979.00 2   0.0 -34.1     70448400   0   1600       990350
    65  0 1  94.22  9988.00 2   0.0 -33.8     71438450   0   1850       990050
    66  0 1  95.62  9991.00 2   0.0 -33.4     72438350   0   1600       999900
    67  0 1  95.27  9991.00 2   0.0 -33.4     73438000   0   1550       999650
    68  0 1  94.22  9991.00 2   0.0 -33.1     74438350   0   1700      1000350
    69  0 1  94.92  9998.50 2   0.0 -32.8     75437900   0   1600       999550
    70  0 1  95.27 10000.00 2   0.0 -32.5     77448050   0   1800      2010150
    71  0 1  94.22 10000.00 2   0.0 -32.2     78457900   0   1800      1009850
    72  0 1  94.57 10009.00 2   0.0 -31.9     79467550   0   1850      1009650
    73  0 1  95.62 10010.50 2   0.0 -31.9     80477600   0   1950      1010050
    74  0 1  95.62 10010.50 2   0.0 -31.6     81487250   0   1700      1009650
    75  0 1  94.57 10009.00 2   0.0 -31.6     82457050   0   2000       969800
    76  0 1  94.92 10021.00 2   0.0 -31.3     83427000   0   1550       969950
    77  0 1  94.22 10019.50 2   0.0 -31.3     84397000   0   1900       970000
    78  0 1  94.92 10021.00 2   0.0 -30.9     85366550   0   1600       969550
    79  0 1  95.27 10030.00 2   0.0 -30.6     87306050   0   1800      1939500
    80  0 1  94.92 10030.00 2   0.0 -30.6     88275950   0   1800       969900
    81  0 1  94.92 10030.00 2   0.0 -30.6     89245550   0   1600       969600
    82  0 1  94.57 10028.50 2   0.0 -30.3     90215050   0   2000       969500
    83  0 1  94.92 10039.00 2   0.0 -30.3     91185100   0   1550       970050
    84  0 1  94.57 10039.00 2   0.0 -30.3     92144750   0   1600       959650
    85  0 1  94.92 10040.50 2   0.0 -30.3     93104700   0   1600       959950
    86  0 1  95.62 10040.50 2   0.0 -30.0     94064750   0   2000       960050
    87  0 1  95.27 10049.50 2   0.0 -30.0     95024650   0   1700       959900
    88  0 1  95.62 10049.50 2   0.0 -30.0     96934650   0   2000      1910000
    89  0 1  95.27 10051.00 2   0.0 -30.0     97884400   0   1650       949750
    90  0 1  95.27 10060.00 2   0.0 -30.0     98834750   0   1950       950350
    91  0 1  94.57 10060.00 2   0.0 -30.0     99784400   0   1650       949650
    92  0 1  94.57 10058.50 2   0.0 -30.0    100733900   0   1900       949500
    93  0 1  95.62 10058.50 2   0.0 -30.0    101763900   0   1600      1030000
    94  0 1  94.22 10070.50 2   0.0 -30.0    102793400   0   1650      1029500
    95  0 1  95.27 10069.00 2   0.0 -30.0    103823400   0   1750      1030000
    96  0 1  94.22 10070.50 2   0.0 -30.3    104853800   0   1550      1030400
    97  0 1  95.27  9958.00 2   0.0 -30.3    106924200   0   1700      2070400
    98  0 1  95.27  9959.50 2   0.0 -30.3    107963950   0   1600      1039750
    99  0 1  94.22  9961.00 2   0.0 -30.6    109004200   0   1550      1040250
   100  0 1  95.27  9961.00 2   0.0 -30.6    110044550   0   1750      1040350
   101  0 1  94.57  9970.00 2   0.0 -30.6    111084900   0   2000      1040350
   102  0 1  95.62  9968.50 2   0.0 -30.9    112094900   0   1650      1010000
   103  0 1  94.92  9970.00 2   0.0 -30.9    113105350   0   1950      1010450
   104  0 1  94.92  9970.00 2   0.0 -31.3    114115300   0   1700      1009950
   105  0 1  95.27  9958.00 2   0.0 -31.3    115125100   0   1700      1009800
   106  0 1  94.92  9958.00 2   0.0 -31.6    117154850   0   1600      2029750
   107  0 1  95.27  9958.00 2   0.0 -31.9    118174950   0   1800      1020100
   108  0 1  94.92  9968.50 2   0.0 -31.9    119194650   0   1950      1019700
   109  0 1  95.62  9970.00 2   0.0 -32.2    120214800   0   1600      1020150
   110  0 1  95.62  9970.00 2   0.0 -32.5    121234700   0   1750      1019900
   111  0 1  94.57  9970.00 2   0.0 -32.5    122204950   0   1850       970250
   112  0 1  95.62  9979.00 2   0.0 -32.8    123174500   0   1550       969550
   113  0 1  94.57  9979.00 2   0.0 -33.1    124144800   0   1900       970300
   114  0 1  95.27  9980.50 2   0.0 -33.4    125114800   0   1700       970000
   115  0 1  95.27  9989.50 2   0.0 -33.8    127074050   0   1900      1959250
   116  0 1  95.27  9991.00 2   0.0 -34.1    128063850   0   1550       989800
   117  0 1  94.57  9988.00 2   0.0 -34.4    129054300   0   1750       990450
   118  0 1  94.92  9989.50 2   0.0 -34.7    130044500   0   1900       990200
   119  0 1  94.22 10000.00 2   0.0 -35.0    131034250   0   1850       989750
   120  0 1  94.92 10000.00 2   0.0 -35.3    132034400   0   1550      1000150
   121  0 1  94.92  9998.50 2   0.0 -35.6    133034400   0   1600      1000000
   122  0 1  94.22 10000.00 2   0.0 -35.9    134034100   0   1950       999700
   123  0 1  94.22 10009.00 2   0.0 -36.3    135034300   0   2000      1000200
   124  0 1  94.22 10009.00 2   0.0 -36.9    137044500   0   1800      2010200
   125  0 1  94.57 10010.50 2   0.0 -37.2    138054250   0   1650      1009750
   126  0 1  95.62 10021.00 2   0.0 -37.5    139064650   0   2000      1010400
   127  0 1  95.27 10019.50 2   0.0 -38.1    140074200   0   1950      1009550
   128  0 1  94.92 10019.50 2   0.0 -38.4    141084400   0   1600      1010200
   129  0 1  94.92 10021.00 2   0.0 -38.8    142054500   0   1750       970100
   130  0 1  94.22 10030.00 2   0.0 -39.1    143024650   0   1800       970150
   131  0 1  94.92 10030.00 2   0.0 -39.7    143994450   0   1850       969800
   132  0 1  95.27 10030.00 2   0.0 -40.0    144964200   0   1650       969750
   133  0 1  94.57 10040.50 2   0.0 -40.9    146904250   0   1700      1940050
   134  0 1  94.22 10039.00 2   0.0 -41.3    147873850   0   1600       969600
   135  0 1  94.92 10040.50 2   0.0 -41.6    148844000   0   1550       970150
   136  0 1  94.22 10040.50 2   0.0 -42.2    149814300   0   1700       970300
   137  0 1  95.27 10049.50 2   0.0 -42.5    150784650   0   1800       970350
   138  0 1  94.92 10048.00 2   0.0 -43.1    151745050   0   1600       960400
   139  0 1  94.22 10049.50 2   0.0 -43.4    152705500   0   1550       960450
   140  0 1  94.92 10049.50 2   0.0 -44.1    153665800   0   1550       960300
   141  0 1  94.92 10060.00 2   0.0 -44.4    154625500   0   1550       959700
   142  0 1  94.22 10058.50 2   0.0 -45.6    156535150   0   1600      1909650
   143  0 1  94.92 10058.50 2   0.0 -45.9    157485100   0   1650       949950
   144  0 1  94.57 10070.50 2   0.0 -46.6    158434900   0   1950       949800
   145  0 1  94.92 10069.00 2   0.0 -46.9    159384600   0   1650       949700
   146  0 1  94.22 10070.50 2   0.0 -47.5    160334700   0   1900       950100
   147  0 1  94.92 10069.00 2   0.0 -48.1    161364400   0   1800      1029700
   148  0 1  94.92  9959.50 2   0.0 -48.4    162394550   0   1950      1030150
   149  0 1  95.62  9959.50 2   0.0 -49.1    163424700   0   1650      1030150
   150  0 1  95.62  9961.00 2   0.0 -49.7    164454250   0   1600      1029550
   151  0 1  94.92  9968.50 2   0.0 -50.6    166525000   0   1600      2070750
   152  0 1  94.57  9968.50 2   0.0 -51.3    167565150   0   1850      1040150
   153  0 1  94.92  9968.50 2   0.0 -51.9    168604850   0   1800      1039700
   154  0 1  95.27  9970.00 2   0.0 -52.5    169644750   0   1850      1039900
   155  0 1  94.92  9959.50 2   0.0 -53.1    170685000   0   1950      1040250
   156  0 1  94.92  9958.00 2   0.0 -53.4    171694950   0   1750      1009950
   157  0 1  94.22  9959.50 2   0.0 -54.1    172705350   0   1600      1010400
   158  0 1  94.92  9959.50 2   0.0 -54.7    173715050   0   1600      1009700
   159  0 1  95.27  9968.50 2   0.0 -55.3    174724600   0   1550      1009550
   160  0 1  95.27  9970.00 2   0.0 -56.6    176754400   0   1800      2029800
   161  0 1  94.22  9970.00 2   0.0 -57.2    177774350   0   1900      1019950
   162  0 1  95.27  9979.00 2   0.0 -57.5    178794200   0   1900      1019850
   163  0 1  95.27  9979.00 2   0.0 -58.1    179814300   0   1800      1020100
   164  0 1  94.22  9980.50 2   0.0 -58.8    180834100   0   1850      1019800
   165  0 1  95.27  9980.50 2   0.0 -59.4    181803900   0   1550       969800
   166  0 1  95.62  9988.00 2   0.0 -60.0    182773550   0   2000       969650
   167  0 1  94.22  9991.00 2   0.0 -60.6    183743300   0   1650       969750
   168  0 1  95.27  9988.00 2   0.0 -61.3    184713350   0   1900       970050
   169  0 1  94.22  9998.50 2   0.0 -62.5    186673450   0   1950      1960100
   170  0 1  95.27 10000.00 2   0.0 -63.1    187663850   0   1700       990400
   171  0 1  94.57  9998.50 2   0.0 -63.8    188654050   0   1650       990200
   172  0 1  95.27 10000.00 2   0.0 -64.4    189643550   0   1550       989500
   173  0 1  94.57 10010.50 2   0.0 -65.0    190633500   0   1550       989950
   174  0 1  95.62 10010.50 2   0.0 -65.6    191633000   0   1900       999500
   175  0 1  94.22 10009.00 2   0.0 -66.3    192632550   0   1700       999550
   176  0 1  94.22 10010.50 2   0.0 -66.9    193632200   0   1900       999650
   177  0 1  94.57 10019.50 2   0.0 -67.5    194632050   0   1550       999850
   178  0 1  95.62 10018.00 2   0.0 -68.8    196641750   0   1750      2009700
   179  0 1  95.27 10021.00 2   0.0 -69.4    197651550   0   1900      1009800
