    NO  S V  AOA    FREQ    B  FMOP  AMP      TOA      PMOP  PW         dTOA  
------ -- - ------ -------- - ----- ----- ------------ --- ------ ------------
     0  0 1  94.57  9970.00 2   0.0 -70.0            0   0   1650  42949673000
     1  0 1  94.22  9970.00 2   0.0 -69.4      1040000   0   1600      1040000
     2  0 1  94.22  9970.00 2   0.0 -68.8      2080400   0   1700      1040400
     3  0 1  94.57  9970.00 2   0.0 -68.1      3090600   0   1850      1010200
     4  0 1  95.27  9959.50 2   0.0 -67.5      4100900   0   2000      1010300
     5  0 1  95.27  9958.00 2   0.0 -66.9      5110450   0   1550      1009550
     6  0 1  95.62  9961.00 2   0.0 -66.3      6120150   0   1750      1009700
     7  0 1  94.57  9958.00 2   0.0 -65.6      7129650   0   1550      1009500
     8  0 1  94.22  9970.00 2   0.0 -64.4      9169600   0   1600      2039950
     9  0 1  94.57  9968.50 2   0.0 -63.8     10189350   0   1600      1019750
    10  0 1  95.62  9970.00 2   0.0 -63.1     11209400   0   1700      1020050
    11  0 1  95.62  9979.00 2   0.0 -62.5     12229200   0   1850      1019800
    12  0 1  94.57  9980.50 2   0.0 -61.9     13199300   0   1950       970100
    13  0 1  94.92  9980.50 2   0.0 -61.3     14169700   0   1550       970400
    14  0 1  94.22  9980.50 2   0.0 -60.6     15139850   0   1850       970150
    15  0 1  95.62  9989.50 2   0.0 -60.0     16109500   0   1750       969650
    16  0 1  94.92  9989.50 2   0.0 -59.4     17079100   0   1950       969600
    17  0 1  94.22  9988.00 2   0.0 -58.1     19059000   0   1550      1979900
    18  0 1  94.22  9998.50 2   0.0 -57.5     20048850   0   1750       989850
    19  0 1  94.57  9998.50 2   0.0 -57.2     21038700   0   1800       989850
    20  0 1  95.62  9998.50 2   0.0 -56.6     22028450   0   1600       989750
    21  0 1  95.62 10000.00 2   0.0 -55.9     23028150   0   1650       999700
    22  0 1  94.22 10009.00 2   0.0 -55.3     24028100   0   1850       999950
    23  0 1  94.92 10009.00 2   0.0 -54.7     25027700   0   1550       999600
    24  0 1  94.22 10009.00 2   0.0 -54.1     26028050   0   2000      1000350
    25  0 1  94.92 10009.00 2   0.0 -53.4     27028350   0   1700      1000300
    26  0 1  94.92 10021.00 2   0.0 -52.5     29048450   0   1550      2020100
    27  0 1  94.92 10021.00 2   0.0 -51.9     30058650   0   1950      1010200
    28  0 1  95.62 10018.00 2   0.0 -51.3     31069050   0   1850      1010400
    29  0 1  95.27 10030.00 2   0.0 -50.6     32079250   0   1600      1010200
    30  0 1  95.27 10030.00 2   0.0 -50.3     33049100   0   1700       969850
    31  0 1  94.22 10030.00 2   0.0 -49.7     34018750   0   2000       969650
    32  0 1  94.22 10030.00 2   0.0 -49.1     34988450   0   1700       969700
    33  0 1  95.27 10039.00 2   0.0 -48.4     35958900   0   2000       970450
    34  0 1  95.62 10039.00 2   0.0 -48.1     36928750   0   1850       969850
    35  0 1  94.92 10039.00 2   0.0 -46.9     38868600   0   1950      1939850
    36  0 1  94.22 10049.50 2   0.0 -46.6     39839050   0   1650       970450
    37  0 1  94.92 10051.00 2   0.0 -45.9     40808950   0   1700       969900
    38  0 1  95.27 10051.00 2   0.0 -45.6     41779400   0   1650       970450
    39  0 1  95.62 10049.50 2   0.0 -45.0     42739200   0   1750       959800
    40  0 1  94.92 10060.00 2   0.0 -44.4     43698800   0   2000       959600
    41  0 1  94.57 10058.50 2   0.0 -44.1     44658450   0   1650       959650
    42  0 1  94.57 10060.00 2   0.0 -43.4     45618300   0   2000       959850
    43  0 1  95.62 10060.00 2   0.0 -43.1     46578250   0   1650       959950
    44  0 1  95.27 10069.00 2   0.0 -42.2     48478050   0   1800      1899800
    45  0 1  94.57 10069.00 2   0.0 -41.6     49427950   0   1850       949900
    46  0 1  94.92 10069.00 2   0.0 -41.3     50377600   0   1600       949650
    47  0 1  94.57  9961.00 2   0.0 -40.9     51327550   0   1900       949950
    48  0 1  94.22  9959.50 2   0.0 -40.3     52357600   0   1900      1030050
    49  0 1  94.22  9961.00 2   0.0 -40.0     53388050   0   1750      1030450
    50  0 1  94.22  9961.00 2   0.0 -39.7     54418050   0   1950      1030000
    51  0 1  95.62  9970.00 2   0.0 -39.1     55447650   0   1650      1029600
    52  0 1  94.92  9968.50 2   0.0 -38.8     56477650   0   1900      1030000
    53  0 1  94.92  9970.00 2   0.0 -38.1     58557250   0   1800      2079600
    54  0 1  95.62  9958.00 2   0.0 -37.5     59597050   0   1950      1039800
    55  0 1  95.27  9958.00 2   0.0 -37.2     60636550   0   1650      1039500
    56  0 1  94.57  9959.50 2   0.0 -36.9     61676100   0   1550      1039550
    57  0 1  94.92  9959.50 2   0.0 -36.6     62685650   0   1650      1009550
    58  0 1  95.27  9968.50 2   0.0 -36.3     63695150   0   1850      1009500
    59  0 1  94.22  9970.00 2   0.0 -35.9     64704650   0   1600      1009500
    60  0 1  94.57  9968.50 2   0.0 -35.6     65714600   0   1800      1009950
    61  0 1  94.57  9970.00 2   0.0 -35.3     66725050   0   2000      1010450
    62  0 1  94.22  9979.00 2   0.0 -34.7     68764700   0   1850      2039650
    63  0 1  94.22  9979.00 2   0.0 -34.4     69784600   0   1650      1019900
    64  0 1  95.62  9979.00 2   0.0 -34.1     70804600   0   1600      1020000
    65  0 1  94.92  9991.00 2   0.0 -33.8     71825000   0   1800      1020400
    66  0 1  94.57  9988.00 2   0.0 -33.4     72795450   0   1650       970450
    67  0 1  95.62  9991.00 2   0.0 -33.4     73765850   0   2000       970400
    68  0 1  94.92  9988.00 2   0.0 -33.1     74735500   0   1650       969650
    69  0 1  95.62 10000.00 2   0.0 -32.8     75705800   0   1900       970300
    70  0 1  95.62 10000.00 2   0.0 -32.5     76676200   0   1550       970400
    71  0 1  94.22 10000.00 2   0.0 -32.2     78656150   0   1850      1979950
    72  0 1  94.22 10009.00 2   0.0 -31.9     79646400   0   1900       990250
    73  0 1  95.27 10010.50 2   0.0 -31.9     80636350   0   1750       989950
    74  0 1  95.62 10009.00 2   0.0 -31.6     81626650   0   1650       990300
    75  0 1  95.62 10009.00 2   0.0 -31.6     82626950   0   1550      1000300
    76  0 1  94.57 10021.00 2   0.0 -31.3     83626850   0   1850       999900
    77  0 1  95.62 10018.00 2   0.0 -31.3     84626350   0   1850       999500
    78  0 1  94.22 10021.00 2   0.0 -30.9     85626350   0   1600      1000000
    79  0 1  95.62 10019.50 2   0.0 -30.9     86626450   0   1600      1000100
    80  0 1  94.22 10030.00 2   0.0 -30.6     88646600   0   1950      2020150
    81  0 1  94.57 10030.00 2   0.0 -30.6     89656300   0   1700      1009700
    82  0 1  94.22 10030.00 2   0.0 -30.3     90666650   0   1600      1010350
    83  0 1  95.62 10040.50 2   0.0 -30.3     91676700   0   1600      1010050
    84  0 1  94.57 10040.50 2   0.0 -30.3     92646500   0   2000       969800
    85  0 1  95.27 10039.00 2   0.0 -30.3     93616100   0   1950       969600
    86  0 1  94.57 10040.50 2   0.0 -30.0     94586400   0   1950       970300
    87  0 1  94.92 10049.50 2   0.0 -30.0     95556850   0   2000       970450
    88  0 1  94.92 10051.00 2   0.0 -30.0     96526700   0   1900       969850
    89  0 1  94.22 10048.00 2   0.0 -30.0     98466100   0   1600      1939400
    90  0 1  95.62 10058.50 2   0.0 -30.0     99436250   0   2000       970150
    91  0 1  94.92 10060.00 2   0.0 -30.0    100405750   0   1900       969500
    92  0 1  94.57 10058.50 2   0.0 -30.0    101375350   0   1950       969600
    93  0 1  94.22 10058.50 2   0.0 -30.0    102335400   0   1650       960050
    94  0 1  95.27 10070.50 2   0.0 -30.0    103295600   0   1950       960200
    95  0 1  94.92 10070.50 2   0.0 -30.0    104255600   0   1900       960000
    96  0 1  94.57 10070.50 2   0.0 -30.3    105215850   0   1900       960250
    97  0 1  95.27 10069.00 2   0.0 -30.3    106175550   0   2000       959700
    98  0 1  95.62  9958.00 2   0.0 -30.3    108075450   0   1800      1899900
    99  0 1  95.27  9959.50 2   0.0 -30.6    109025550   0   1800       950100
   100  0 1  95.27  9958.00 2   0.0 -30.6    109975650   0   1700       950100
   101  0 1  95.27  9970.00 2   0.0 -30.6    110925350   0   1850       949700
   102  0 1  94.92  9970.00 2   0.0 -30.9    111955750   0   1850      1030400
   103  0 1  95.62  9968.50 2   0.0 -30.9    112985350   0   1550      1029600
   104  0 1  95.62  9970.00 2   0.0 -31.3    114015600   0   1950      1030250
   105  0 1  95.62  9959.50 2   0.0 -31.3    115045700   0   1750      1030100
   106  0 1  95.27  9958.00 2   0.0 -31.6    116075500   0   2000      1029800
   107  0 1  95.27  9961.00 2   0.0 -31.9    118155200   0   1950      2079700
   108  0 1  95.62  9970.00 2   0.0 -31.9    119194800   0   1900      1039600
   109  0 1  95.62  9970.00 2   0.0 -32.2    120234800   0   1750      1040000
   110  0 1  94.22  9970.00 2   0.0 -32.5    121274850   0   1550      1040050
   111  0 1  95.27  9970.00 2   0.0 -32.5    122284550   0   1650      1009700
   112  0 1  95.62  9980.50 2   0.0 -32.8    123294850   0   1650      1010300
   113  0 1  94.92  9979.00 2   0.0 -33.1    124305200   0   1750      1010350
   114  0 1  95.62  9979.00 2   0.0 -33.4    125315250   0   1950      1010050
   115  0 1  94.22  9980.50 2   0.0 -33.4    126325150   0   1850      1009900
   116  0 1  95.62  9991.00 2   0.0 -34.1    128365650   0   1850      2040500
   117  0 1  94.92  9989.50 2   0.0 -34.4    129385800   0   1900      1020150
   118  0 1  95.62  9989.50 2   0.0 -34.7    130405300   0   1850      1019500
   119  0 1  95.27 10000.00 2   0.0 -35.0    131424950   0   1650      1019650
   120  0 1  94.92 10000.00 2   0.0 -35.3    132395300   0   1850       970350
   121  0 1  95.62 10000.00 2   0.0 -35.6    133365650   0   2000       970350
   122  0 1  94.92  9998.50 2   0.0 -35.9    134335950   0   1850       970300
   123  0 1  94.57 10010.50 2   0.0 -36.3    135305800   0   1700       969850
   124  0 1  94.22 10009.00 2   0.0 -36.6    136275450   0   1700       969650
   125  0 1  95.27 10009.00 2   0.0 -37.2    138254750   0   1900      1979300
   126  0 1  94.92 10018.00 2   0.0 -37.5    139244550   0   1700       989800
   127  0 1  94.22 10021.00 2   0.0 -38.1    140234050   0   1700       989500
   128  0 1  95.27 10019.50 2   0.0 -38.4    141223550   0   1750       989500
   129  0 1  94.22 10021.00 2   0.0 -38.8    142223350   0   1900       999800
   130  0 1  94.92 10030.00 2   0.0 -39.1    143223350   0   1650      1000000
   131  0 1  94.22 10030.00 2   0.0 -39.7    144223050   0   1950       999700
   132  0 1  95.27 10028.50 2   0.0 -40.0    145223400   0   1700      1000350
   133  0 1  95.62 10030.00 2   0.0 -40.3    146223200   0   1600       999800
   134  0 1  95.27 10040.50 2   0.0 -41.3    148243850   0   1900      2020650
   135  0 1  94.92 10039.00 2   0.0 -41.6    149254150   0   1550      1010300
   136  0 1  95.62 10039.00 2   0.0 -42.2    150264400   0   1850      1010250
   137  0 1  94.92 10049.50 2   0.0 -42.5    151273950   0   2000      1009550
   138  0 1  95.27 10049.50 2   0.0 -43.1    152244150   0   1550       970200
   139  0 1  95.27 10049.50 2   0.0 -43.4    153213800   0   1850       969650
   140  0 1  94.22 10048.00 2   0.0 -44.1    154183750   0   1650       969950
   141  0 1  95.27 10060.00 2   0.0 -44.4    155153750   0   2000       970000
   142  0 1  94.57 10058.50 2   0.0 -45.0    156123300   0   1600       969550
   143  0 1  94.92 10060.00 2   0.0 -45.9    158063500   0   1800      1940200
   144  0 1  94.57 10069.00 2   0.0 -46.6    159033550   0   1600       970050
   145  0 1  94.22 10069.00 2   0.0 -46.9    160003800   0   1900       970250
   146  0 1  94.57 10070.50 2   0.0 -47.5    160974200   0   1600       970400
   147  0 1  95.27 10069.00 2   0.0 -48.1    161934600   0   1600       960400
   148  0 1  94.92  9958.00 2   0.0 -48.4    162894450   0   1750       959850
   149  0 1  94.22  9958.00 2   0.0 -49.1    163854850   0   1850       960400
   150  0 1  95.62  9958.00 2   0.0 -49.7    164814550   0   1950       959700
   151  0 1  94.57  9958.00 2   0.0 -50.3    165774800   0   1900       960250
   152  0 1  94.57  9968.50 2   0.0 -51.3    167674500   0   1700      1899700
   153  0 1  95.27  9968.50 2   0.0 -51.9    168624700   0   1650       950200
   154  0 1  94.22  9970.00 2   0.0 -52.5    169574850   0   1600       950150
   155  0 1  94.57  9959.50 2   0.0 -53.1    170524700   0   1600       949850
   156  0 1  95.62  9959.50 2   0.0 -53.4    171554550   0   1550      1029850
   157  0 1  94.92  9958.00 2   0.0 -54.1    172584500   0   1550      1029950
   158  0 1  95.27  9961.00 2   0.0 -54.7    173614700   0   1550      1030200
   159  0 1  94.92  9970.00 2   0.0 -55.3    174644500   0   1750      1029800
   160  0 1  94.22  9970.00 2   0.0 -55.9    175674600   0   1950      1030100
   161  0 1  94.57  9970.00 2   0.0 -57.2    177753950   0   1550      2079350
   162  0 1  94.22  9979.00 2   0.0 -57.5    178793950   0   1650      1040000
   163  0 1  94.57  9980.50 2   0.0 -58.1    179833650   0   1550      1039700
   164  0 1  94.22  9979.00 2   0.0 -58.8    180873250   0   1800      1039600
   165  0 1  95.27  9979.00 2   0.0 -59.4    181883150   0   1700      1009900
   166  0 1  94.22  9988.00 2   0.0 -60.0    182893550   0   1900      1010400
   167  0 1  95.27  9988.00 2   0.0 -60.6    183903950   0   2000      1010400
   168  0 1  94.92  9989.50 2   0.0 -61.3    184914400   0   1950      1010450
   169  0 1  95.27  9991.00 2   0.0 -61.9    185924250   0   1750      1009850
   170  0 1  95.27 10000.00 2   0.0 -63.1    187964200   0   1600      2039950
   171  0 1  94.57  9998.50 2   0.0 -63.8    188984150   0   1900      1019950
   172  0 1  94.57 10000.00 2   0.0 -64.4    190004450   0   1700      1020300
   173  0 1  95.27 10010.50 2   0.0 -65.0    191024200   0   1750      1019750
   174  0 1  94.22 10009.00 2   0.0 -65.6    191993950   0   1650       969750
   175  0 1  94.92 10009.00 2   0.0 -66.3    192963450   0   1800       969500
   176  0 1  95.62 10009.00 2   0.0 -66.9    193933800   0   1650       970350
   177  0 1  94.92 10018.00 2   0.0 -67.5    194904050   0   2000       970250
   178  0 1  95.27 10019.50 2   0.0 -68.1    195874350   0   1700       970300
   179  0 1  95.62 10018.00 2   0.0 -69.4    197853950   0   1900      1979600
