    NO  S V  AOA    FREQ    B  FMOP  AMP      TOA      PMOP  PW         dTOA  
------ -- - ------ -------- - ----- ----- ------------ --- ------ ------------
     0  0 1 199.69  5300.00 1   0.0 -70.0            0   0   3950  42949673000
     1  0 1 199.69  5300.00 1   0.0 -67.5       539950   0   3950       539950
     2  0 1 199.69  5300.00 1   0.0 -65.0      1079700   0   4000       539750
     3  0 1 199.69  5298.75 1   0.0 -62.5      1539850   0   4000       460150
     4  0 1 199.69  5400.00 1   0.0 -60.0      2001300   0   4000       461450
     5  0 1 199.69  5400.00 1   0.0 -55.3      2921050   0   3950       919750
     6  0 1 199.69  5400.00 1   0.0 -53.1      3383300   0   4000       462250
     7  0 1 199.69  5500.00 1   0.0 -50.6      3865100   0   3950       481800
     8  0 1 199.69  5498.75 1   0.0 -48.4      4346700   0   4000       481600
     9  0 1 199.69  5500.00 1   0.0 -46.6      4824900   0   4000       478200
    10  0 1 199.69  5500.00 1   0.0 -44.4      5305950   0   4000       481050
    11  0 1 199.69  5598.75 1   0.0 -42.5      5784100   0   4000       478150
    12  0 1 199.69  5600.00 1   0.0 -40.9      6314250   0   4000       530150
    13  0 1 199.69  5600.00 1   0.0 -39.1      6843350   0   4000       529100
    14  0 1 199.69  5700.00 1   0.0 -36.3      7903450   0   4000      1060100
    15  0 1 199.69  5700.00 1   0.0 -35.0      8433150   0   4000       529700
    16  0 1 199.69  5698.75 1   0.0 -33.8      8972100   0   4000       538950
    17  0 1 199.69  5700.00 1   0.0 -32.8      9512100   0   3950       540000
    18  0 1 199.69  5798.75 1   0.0 -31.9     10051800   0   3950       539700
    19  0 1 199.69  5800.00 1   0.0 -31.3     10591250   0   4000       539450
    20  0 1 199.69  5800.00 1   0.0 -30.6     11131450   0   4000       540200
    21  0 1 199.69  5798.75 1   0.0 -30.3     11591400   0   3950       459950
    22  0 1 199.69  5200.00 1   0.0 -30.0     12052600   0   4000       461200
    23  0 1 199.69  5200.00 1   0.0 -30.0     12971400   0   3950       918800
    24  0 1 199.69  5200.00 1   0.0 -30.3     13430150   0   3950       458750
    25  0 1 199.69  5298.75 1   0.0 -30.6     13908350   0   4000       478200
    26  0 1 199.69  5300.00 1   0.0 -31.3     14389550   0   3950       481200
    27  0 1 199.69  5300.00 1   0.0 -31.9     14868700   0   4000       479150
    28  0 1 199.69  5300.00 1   0.0 -32.8     15351050   0   3950       482350
    29  0 1 199.69  5400.00 1   0.0 -33.8     15832200   0   4000       481150
    30  0 1 199.69  5400.00 1   0.0 -35.0     16363100   0   3950       530900
    31  0 1 199.69  5400.00 1   0.0 -36.3     16890700   0   3950       527600
    32  0 1 199.69  5500.00 1   0.0 -39.1     17948400   0   3950      1057700
    33  0 1 199.69  5500.00 1   0.0 -40.9     18477100   0   4000       528700
    34  0 1 199.69  5500.00 1   0.0 -42.5     19017650   0   4000       540550
    35  0 1 199.69  5500.00 1   0.0 -44.4     19556750   0   3950       539100
    36  0 1 199.69  5600.00 1   0.0 -46.6     20095500   0   3950       538750
    37  0 1 199.69  5600.00 1   0.0 -48.4     20635100   0   4000       539600
    38  0 1 199.69  5600.00 1   0.0 -50.6     21175800   0   3950       540700
    39  0 1 199.69  5600.00 1   0.0 -53.1     21636300   0   4000       460500
    40  0 1 199.69  5700.00 1   0.0 -55.3     22097300   0   4000       461000
    41  0 1 199.69  5700.00 1   0.0 -60.0     23018750   0   4000       921450
    42  0 1 199.69  5700.00 1   0.0 -62.5     23478750   0   3950       460000
    43  0 1 199.69  5800.00 1   0.0 -65.0     23961000   0   4000       482250
    44  0 1 199.69  5800.00 1   0.0 -67.5     24439750   0   4000       478750
