    NO  S V  AOA    FREQ    B  FMOP  AMP      TOA      PMOP  PW         dTOA  
------ -- - ------ -------- - ----- ----- ------------ --- ------ ------------
     0  0 1 199.69  5300.00 1   0.0 -70.0            0   0   4000  42949673000
     1  0 1 199.69  5300.00 1   0.0 -67.5       530450   0   4000       530450
     2  0 1 199.69  5300.00 1   0.0 -65.0      1060550   0   3950       530100
     3  0 1 199.69  5298.75 1   0.0 -62.5      1602000   0   3950       541450
     4  0 1 199.69  5398.75 1   0.0 -57.5      2685700   0   4000      1083700
     5  0 1 199.69  5400.00 1   0.0 -55.3      3224450   0   3950       538750
     6  0 1 199.69  5398.75 1   0.0 -53.1      3765000   0   4000       540550
     7  0 1 199.69  5500.00 1   0.0 -50.6      4222850   0   3950       457850
     8  0 1 199.69  5498.75 1   0.0 -48.4      4680600   0   3950       457750
     9  0 1 199.69  5500.00 1   0.0 -46.6      5142700   0   3950       462100
    10  0 1 199.69  5500.00 1   0.0 -44.4      5601200   0   3950       458500
    11  0 1 199.69  5598.75 1   0.0 -42.5      6063000   0   3950       461800
    12  0 1 199.69  5600.00 1   0.0 -40.9      6542850   0   3950       479850
    13  0 1 199.69  5598.75 1   0.0 -37.5      7504000   0   3950       961150
    14  0 1 199.69  5700.00 1   0.0 -36.3      7983900   0   3950       479900
    15  0 1 199.69  5700.00 1   0.0 -35.0      8464700   0   3950       480800
    16  0 1 199.69  5700.00 1   0.0 -33.8      8994250   0   3950       529550
    17  0 1 199.69  5698.75 1   0.0 -32.8      9524000   0   4000       529750
    18  0 1 199.69  5800.00 1   0.0 -31.9     10055150   0   3950       531150
    19  0 1 199.69  5800.00 1   0.0 -31.3     10582800   0   4000       527650
    20  0 1 199.69  5800.00 1   0.0 -30.6     11112350   0   4000       529550
    21  0 1 199.69  5800.00 1   0.0 -30.3     11650350   0   3950       538000
    22  0 1 199.69  5198.75 1   0.0 -30.0     12730750   0   3950      1080400
    23  0 1 199.69  5200.00 1   0.0 -30.0     13268950   0   3950       538200
    24  0 1 199.69  5200.00 1   0.0 -30.3     13811300   0   3950       542350
    25  0 1 199.69  5300.00 1   0.0 -30.6     14269650   0   3950       458350
    26  0 1 199.69  5300.00 1   0.0 -31.3     14729400   0   4000       459750
    27  0 1 199.69  5300.00 1   0.0 -31.9     15191850   0   3950       462450
    28  0 1 199.69  5298.75 1   0.0 -32.8     15653550   0   3950       461700
    29  0 1 199.69  5400.00 1   0.0 -33.8     16111700   0   4000       458150
    30  0 1 199.69  5398.75 1   0.0 -35.0     16589350   0   3950       477650
    31  0 1 199.69  5400.00 1   0.0 -37.5     17551500   0   3950       962150
    32  0 1 199.69  5500.00 1   0.0 -39.1     18029750   0   4000       478250
    33  0 1 199.69  5498.75 1   0.0 -40.9     18510750   0   3950       481000
    34  0 1 199.69  5498.75 1   0.0 -42.5     19042800   0   4000       532050
    35  0 1 199.69  5498.75 1   0.0 -44.4     19571350   0   4000       528550
    36  0 1 199.69  5600.00 1   0.0 -46.6     20100600   0   4000       529250
    37  0 1 199.69  5598.75 1   0.0 -48.4     20632900   0   4000       532300
    38  0 1 199.69  5600.00 1   0.0 -50.6     21163300   0   3950       530400
    39  0 1 199.69  5600.00 1   0.0 -53.1     21704800   0   3950       541500
    40  0 1 199.69  5698.75 1   0.0 -57.5     22786600   0   4000      1081800
    41  0 1 199.69  5700.00 1   0.0 -60.0     23329000   0   4000       542400
    42  0 1 199.69  5700.00 1   0.0 -62.5     23869550   0   3950       540550
    43  0 1 199.69  5800.00 1   0.0 -65.0     24329100   0   3950       459550
    44  0 1 199.69  5800.00 1   0.0 -67.5     24788450   0   3950       459350
