    NO  S V  AOA    FREQ    B  FMOP  AMP      TOA      PMOP  PW         dTOA  
------ -- - ------ -------- - ----- ----- ------------ --- ------ ------------
     0  0 1 199.69  5300.00 1   0.0 -70.0            0   0   3950  42949673000
     1  0 1 199.69  5300.00 1   0.0 -67.5       478000   0   4000       478000
     2  0 1 199.69  5300.00 1   0.0 -62.5      1489050   0   4000      1011050
     3  0 1 199.69  5400.00 1   0.0 -60.0      2017850   0   4000       528800
     4  0 1 199.69  5400.00 1   0.0 -57.5      2549050   0   3950       531200
     5  0 1 199.69  5400.00 1   0.0 -55.3      3078750   0   3950       529700
     6  0 1 199.69  5400.00 1   0.0 -53.1      3609750   0   4000       531000
     7  0 1 199.69  5500.00 1   0.0 -50.6      4152150   0   3950       542400
     8  0 1 199.69  5500.00 1   0.0 -48.4      4693250   0   4000       541100
     9  0 1 199.69  5500.00 1   0.0 -46.6      5235300   0   4000       542050
    10  0 1 199.69  5498.75 1   0.0 -44.4      5775800   0   3950       540500
    11  0 1 199.69  5600.00 1   0.0 -40.9      6775150   0   4000       999350
    12  0 1 199.69  5598.75 1   0.0 -39.1      7235000   0   3950       459850
    13  0 1 199.69  5600.00 1   0.0 -37.5      7692750   0   4000       457750
    14  0 1 199.69  5700.00 1   0.0 -36.3      8150950   0   3950       458200
    15  0 1 199.69  5700.00 1   0.0 -35.0      8613350   0   4000       462400
    16  0 1 199.69  5700.00 1   0.0 -33.8      9094350   0   3950       481000
    17  0 1 199.69  5698.75 1   0.0 -32.8      9574400   0   3950       480050
    18  0 1 199.69  5800.00 1   0.0 -31.9     10053050   0   3950       478650
    19  0 1 199.69  5800.00 1   0.0 -31.3     10531400   0   3950       478350
    20  0 1 199.69  5800.00 1   0.0 -30.3     11538700   0   4000      1007300
    21  0 1 199.69  5198.75 1   0.0 -30.0     12070600   0   3950       531900
    22  0 1 199.69  5200.00 1   0.0 -30.0     12603000   0   3950       532400
    23  0 1 199.69  5198.75 1   0.0 -30.0     13133000   0   3950       530000
    24  0 1 199.69  5200.00 1   0.0 -30.3     13661000   0   3950       528000
    25  0 1 199.69  5300.00 1   0.0 -30.6     14199500   0   4000       538500
    26  0 1 199.69  5298.75 1   0.0 -31.3     14740300   0   4000       540800
    27  0 1 199.69  5300.00 1   0.0 -31.9     15281000   0   4000       540700
    28  0 1 199.69  5298.75 1   0.0 -32.8     15822750   0   4000       541750
    29  0 1 199.69  5398.75 1   0.0 -35.0     16824800   0   4000      1002050
    30  0 1 199.69  5398.75 1   0.0 -36.3     17285600   0   4000       460800
    31  0 1 199.69  5400.00 1   0.0 -37.5     17746650   0   3950       461050
    32  0 1 199.69  5500.00 1   0.0 -39.1     18204750   0   4000       458100
    33  0 1 199.69  5500.00 1   0.0 -40.9     18662300   0   4000       457550
    34  0 1 199.69  5500.00 1   0.0 -42.5     19144100   0   3950       481800
    35  0 1 199.69  5500.00 1   0.0 -44.4     19624750   0   4000       480650
    36  0 1 199.69  5598.75 1   0.0 -46.6     20105600   0   4000       480850
    37  0 1 199.69  5600.00 1   0.0 -48.4     20583750   0   3950       478150
    38  0 1 199.69  5600.00 1   0.0 -53.1     21596600   0   4000      1012850
    39  0 1 199.69  5698.75 1   0.0 -55.3     22128800   0   4000       532200
    40  0 1 199.69  5700.00 1   0.0 -57.5     22661200   0   3950       532400
    41  0 1 199.69  5700.00 1   0.0 -60.0     23190900   0   3950       529700
    42  0 1 199.69  5700.00 1   0.0 -62.5     23718450   0   4000       527550
    43  0 1 199.69  5798.75 1   0.0 -65.0     24256100   0   4000       537650
    44  0 1 199.69  5798.75 1   0.0 -67.5     24796550   0   4000       540450
