    NO  S V  AOA    FREQ    B  FMOP  AMP      TOA      PMOP  PW         dTOA  
------ -- - ------ -------- - ----- ----- ------------ --- ------ ------------
     0  0 1 199.69  5300.00 1   0.0 -70.0            0   0   4000  42949673000
     1  0 1 199.69  5300.00 1   0.0 -67.5       529500   0   4000       529500
     2  0 1 199.69  5298.75 1   0.0 -65.0      1060050   0   3950       530550
     3  0 1 199.69  5300.00 1   0.0 -62.5      1598000   0   4000       537950
     4  0 1 199.69  5400.00 1   0.0 -60.0      2137350   0   4000       539350
     5  0 1 199.69  5400.00 1   0.0 -55.3      3214400   0   3950      1077050
     6  0 1 199.69  5398.75 1   0.0 -53.1      3752250   0   3950       537850
     7  0 1 199.69  5498.75 1   0.0 -50.6      4212350   0   3950       460100
     8  0 1 199.69  5500.00 1   0.0 -48.4      4673300   0   4000       460950
     9  0 1 199.69  5498.75 1   0.0 -46.6      5132350   0   4000       459050
    10  0 1 199.69  5498.75 1   0.0 -44.4      5593750   0   4000       461400
    11  0 1 199.69  5600.00 1   0.0 -42.5      6052750   0   3950       459000
    12  0 1 199.69  5600.00 1   0.0 -40.9      6533750   0   3950       481000
    13  0 1 199.69  5600.00 1   0.0 -39.1      7011950   0   4000       478200
    14  0 1 199.69  5700.00 1   0.0 -36.3      7971100   0   4000       959150
    15  0 1 199.69  5698.75 1   0.0 -35.0      8449600   0   4000       478500
    16  0 1 199.69  5700.00 1   0.0 -33.8      8978650   0   4000       529050
    17  0 1 199.69  5700.00 1   0.0 -32.8      9508100   0   3950       529450
    18  0 1 199.69  5800.00 1   0.0 -31.9     10040000   0   3950       531900
    19  0 1 199.69  5800.00 1   0.0 -31.3     10569100   0   4000       529100
    20  0 1 199.69  5800.00 1   0.0 -30.6     11099850   0   4000       530750
    21  0 1 199.69  5800.00 1   0.0 -30.3     11641650   0   4000       541800
    22  0 1 199.69  5200.00 1   0.0 -30.0     12182300   0   4000       540650
    23  0 1 199.69  5198.75 1   0.0 -30.0     13259050   0   4000      1076750
    24  0 1 199.69  5200.00 1   0.0 -30.3     13797350   0   3950       538300
    25  0 1 199.69  5298.75 1   0.0 -30.6     14256500   0   3950       459150
    26  0 1 199.69  5300.00 1   0.0 -31.3     14714550   0   3950       458050
    27  0 1 199.69  5298.75 1   0.0 -31.9     15176550   0   3950       462000
    28  0 1 199.69  5298.75 1   0.0 -32.8     15637050   0   4000       460500
    29  0 1 199.69  5400.00 1   0.0 -33.8     16096800   0   4000       459750
    30  0 1 199.69  5398.75 1   0.0 -35.0     16576100   0   4000       479300
    31  0 1 199.69  5400.00 1   0.0 -36.3     17053900   0   3950       477800
    32  0 1 199.69  5498.75 1   0.0 -39.1     18011650   0   3950       957750
    33  0 1 199.69  5498.75 1   0.0 -40.9     18491450   0   4000       479800
    34  0 1 199.69  5498.75 1   0.0 -42.5     19019700   0   4000       528250
    35  0 1 199.69  5498.75 1   0.0 -44.4     19552050   0   4000       532350
    36  0 1 199.69  5600.00 1   0.0 -46.6     20081950   0   3950       529900
    37  0 1 199.69  5600.00 1   0.0 -48.4     20612550   0   3950       530600
    38  0 1 199.69  5600.00 1   0.0 -50.6     21141550   0   3950       529000
    39  0 1 199.69  5598.75 1   0.0 -53.1     21682450   0   3950       540900
    40  0 1 199.69  5700.00 1   0.0 -55.3     22221550   0   3950       539100
    41  0 1 199.69  5700.00 1   0.0 -60.0     23305050   0   3950      1083500
    42  0 1 199.69  5700.00 1   0.0 -62.5     23845800   0   3950       540750
    43  0 1 199.69  5800.00 1   0.0 -65.0     24304200   0   4000       458400
    44  0 1 199.69  5798.75 1   0.0 -67.5     24764000   0   3950       459800
