    NO  S V  AOA    FREQ    B  FMOP  AMP      TOA      PMOP  PW         dTOA  
------ -- - ------ -------- - ----- ----- ------------ --- ------ ------------
     0  0 1 199.69  5298.75 1   0.0 -70.0            0   0   3950  42949673000
     1  0 1 199.69  5298.75 1   0.0 -67.5       482250   0   3950       482250
     2  0 1 199.69  5300.00 1   0.0 -65.0       962600   0   4000       480350
     3  0 1 199.69  5300.00 1   0.0 -62.5      1490300   0   4000       527700
     4  0 1 199.69  5400.00 1   0.0 -60.0      2022250   0   3950       531950
     5  0 1 199.69  5400.00 1   0.0 -57.5      2553450   0   3950       531200
     6  0 1 199.69  5400.00 1   0.0 -53.1      3612000   0   4000      1058550
     7  0 1 199.69  5500.00 1   0.0 -50.6      4149500   0   4000       537500
     8  0 1 199.69  5500.00 1   0.0 -48.4      4691950   0   3950       542450
     9  0 1 199.69  5500.00 1   0.0 -46.6      5233100   0   4000       541150
    10  0 1 199.69  5500.00 1   0.0 -44.4      5771050   0   4000       537950
    11  0 1 199.69  5600.00 1   0.0 -42.5      6313200   0   3950       542150
    12  0 1 199.69  5598.75 1   0.0 -40.9      6774300   0   3950       461100
    13  0 1 199.69  5600.00 1   0.0 -39.1      7236100   0   3950       461800
    14  0 1 199.69  5600.00 1   0.0 -37.5      7694200   0   4000       458100
    15  0 1 199.69  5700.00 1   0.0 -35.0      8613400   0   3950       919200
    16  0 1 199.69  5700.00 1   0.0 -33.8      9094650   0   4000       481250
    17  0 1 199.69  5700.00 1   0.0 -32.8      9572950   0   3950       478300
    18  0 1 199.69  5800.00 1   0.0 -31.9     10052250   0   3950       479300
    19  0 1 199.69  5800.00 1   0.0 -31.3     10532950   0   3950       480700
    20  0 1 199.69  5800.00 1   0.0 -30.6     11010650   0   3950       477700
    21  0 1 199.69  5800.00 1   0.0 -30.3     11538650   0   4000       528000
    22  0 1 199.69  5198.75 1   0.0 -30.0     12067900   0   3950       529250
    23  0 1 199.69  5200.00 1   0.0 -30.0     12595650   0   4000       527750
    24  0 1 199.69  5198.75 1   0.0 -30.3     13656350   0   4000      1060700
    25  0 1 199.69  5298.75 1   0.0 -30.6     14197050   0   3950       540700
    26  0 1 199.69  5298.75 1   0.0 -31.3     14735500   0   4000       538450
    27  0 1 199.69  5300.00 1   0.0 -31.9     15273650   0   3950       538150
    28  0 1 199.69  5300.00 1   0.0 -32.8     15811550   0   3950       537900
    29  0 1 199.69  5400.00 1   0.0 -33.8     16349050   0   4000       537500
    30  0 1 199.69  5400.00 1   0.0 -35.0     16808700   0   3950       459650
    31  0 1 199.69  5398.75 1   0.0 -36.3     17268550   0   3950       459850
    32  0 1 199.69  5400.00 1   0.0 -37.5     17726600   0   3950       458050
    33  0 1 199.69  5498.75 1   0.0 -40.9     18650750   0   4000       924150
    34  0 1 199.69  5500.00 1   0.0 -42.5     19132550   0   4000       481800
    35  0 1 199.69  5500.00 1   0.0 -44.4     19613750   0   4000       481200
    36  0 1 199.69  5600.00 1   0.0 -46.6     20093350   0   4000       479600
    37  0 1 199.69  5600.00 1   0.0 -48.4     20575550   0   3950       482200
    38  0 1 199.69  5600.00 1   0.0 -50.6     21056150   0   3950       480600
    39  0 1 199.69  5598.75 1   0.0 -53.1     21586000   0   3950       529850
    40  0 1 199.69  5700.00 1   0.0 -55.3     22116100   0   4000       530100
    41  0 1 199.69  5698.75 1   0.0 -57.5     22645900   0   4000       529800
    42  0 1 199.69  5698.75 1   0.0 -62.5     23704450   0   4000      1058550
    43  0 1 199.69  5798.75 1   0.0 -65.0     24242700   0   3950       538250
    44  0 1 199.69  5800.00 1   0.0 -67.5     24781050   0   3950       538350
