    NO  S V  AOA    FREQ    B  FMOP  AMP      TOA      PMOP  PW         dTOA  
------ -- - ------ -------- - ----- ----- ------------ --- ------ ------------
     0  0 1 199.69  5300.00 1   0.0 -70.0            0   0   3950  42949673000
     1  0 1 199.69  5298.75 1   0.0 -67.5       528300   0   4000       528300
     2  0 1 199.69  5298.75 1   0.0 -65.0      1056650   0   4000       528350
     3  0 1 199.69  5300.00 1   0.0 -62.5      1598050   0   3950       541400
     4  0 1 199.69  5398.75 1   0.0 -57.5      2678050   0   4000      1080000
     5  0 1 199.69  5400.00 1   0.0 -55.3      3218800   0   4000       540750
     6  0 1 199.69  5400.00 1   0.0 -53.1      3757250   0   4000       538450
     7  0 1 199.69  5500.00 1   0.0 -50.6      4215950   0   4000       458700
     8  0 1 199.69  5500.00 1   0.0 -48.4      4675100   0   4000       459150
     9  0 1 199.69  5500.00 1   0.0 -46.6      5136950   0   4000       461850
    10  0 1 199.69  5498.75 1   0.0 -44.4      5595350   0   4000       458400
    11  0 1 199.69  5598.75 1   0.0 -42.5      6054250   0   3950       458900
    12  0 1 199.69  5598.75 1   0.0 -40.9      6533700   0   3950       479450
    13  0 1 199.69  5600.00 1   0.0 -37.5      7491300   0   3950       957600
    14  0 1 199.69  5698.75 1   0.0 -36.3      7972650   0   4000       481350
    15  0 1 199.69  5700.00 1   0.0 -35.0      8450950   0   3950       478300
    16  0 1 199.69  5700.00 1   0.0 -33.8      8978450   0   4000       527500
    17  0 1 199.69  5700.00 1   0.0 -32.8      9505950   0   3950       527500
    18  0 1 199.69  5800.00 1   0.0 -31.9     10037200   0   4000       531250
    19  0 1 199.69  5800.00 1   0.0 -31.3     10567200   0   3950       530000
    20  0 1 199.69  5800.00 1   0.0 -30.6     11098700   0   3950       531500
    21  0 1 199.69  5800.00 1   0.0 -30.3     11639850   0   4000       541150
    22  0 1 199.69  5198.75 1   0.0 -30.0     12720050   0   4000      1080200
    23  0 1 199.69  5200.00 1   0.0 -30.0     13260250   0   3950       540200
    24  0 1 199.69  5198.75 1   0.0 -30.3     13801500   0   3950       541250
    25  0 1 199.69  5300.00 1   0.0 -30.6     14259150   0   4000       457650
    26  0 1 199.69  5300.00 1   0.0 -31.3     14721500   0   4000       462350
    27  0 1 199.69  5300.00 1   0.0 -31.9     15181600   0   4000       460100
    28  0 1 199.69  5300.00 1   0.0 -32.8     15641950   0   3950       460350
    29  0 1 199.69  5398.75 1   0.0 -33.8     16102350   0   3950       460400
    30  0 1 199.69  5400.00 1   0.0 -35.0     16582850   0   4000       480500
    31  0 1 199.69  5398.75 1   0.0 -37.5     17544050   0   4000       961200
    32  0 1 199.69  5500.00 1   0.0 -39.1     18024250   0   4000       480200
    33  0 1 199.69  5500.00 1   0.0 -40.9     18505650   0   3950       481400
    34  0 1 199.69  5500.00 1   0.0 -42.5     19037200   0   4000       531550
    35  0 1 199.69  5498.75 1   0.0 -44.4     19567500   0   4000       530300
    36  0 1 199.69  5600.00 1   0.0 -46.6     20097650   0   4000       530150
    37  0 1 199.69  5600.00 1   0.0 -48.4     20628500   0   4000       530850
    38  0 1 199.69  5600.00 1   0.0 -50.6     21160200   0   4000       531700
    39  0 1 199.69  5598.75 1   0.0 -53.1     21700900   0   3950       540700
    40  0 1 199.69  5698.75 1   0.0 -57.5     22778950   0   3950      1078050
    41  0 1 199.69  5698.75 1   0.0 -60.0     23319700   0   3950       540750
    42  0 1 199.69  5698.75 1   0.0 -62.5     23859500   0   4000       539800
    43  0 1 199.69  5800.00 1   0.0 -65.0     24318950   0   4000       459450
    44  0 1 199.69  5798.75 1   0.0 -67.5     24778450   0   3950       459500
