    NO  S V  AOA    FREQ    B  FMOP  AMP      TOA      PMOP  PW         dTOA  
------ -- - ------ -------- - ----- ----- ------------ --- ------ ------------
     0  0 1 199.69  5298.75 1   0.0 -70.0            0   0   3950  42949673000
     1  0 1 199.69  5300.00 1   0.0 -65.0      1077600   0   3950      1077600
     2  0 1 199.69  5300.00 1   0.0 -62.5      1537850   0   4000       460250
     3  0 1 199.69  5398.75 1   0.0 -60.0      1996500   0   3950       458650
     4  0 1 199.69  5398.75 1   0.0 -57.5      2458850   0   4000       462350
     5  0 1 199.69  5400.00 1   0.0 -55.3      2918250   0   3950       459400
     6  0 1 199.69  5398.75 1   0.0 -53.1      3380550   0   3950       462300
     7  0 1 199.69  5498.75 1   0.0 -50.6      3861700   0   3950       481150
     8  0 1 199.69  5500.00 1   0.0 -48.4      4342250   0   4000       480550
     9  0 1 199.69  5500.00 1   0.0 -46.6      4823500   0   3950       481250
    10  0 1 199.69  5598.75 1   0.0 -42.5      5784050   0   4000       960550
    11  0 1 199.69  5598.75 1   0.0 -40.9      6314000   0   4000       529950
    12  0 1 199.69  5600.00 1   0.0 -39.1      6843450   0   3950       529450
    13  0 1 199.69  5600.00 1   0.0 -37.5      7375050   0   3950       531600
    14  0 1 199.69  5698.75 1   0.0 -36.3      7903500   0   3950       528450
    15  0 1 199.69  5698.75 1   0.0 -35.0      8435350   0   4000       531850
    16  0 1 199.69  5698.75 1   0.0 -33.8      8974500   0   3950       539150
    17  0 1 199.69  5698.75 1   0.0 -32.8      9512650   0   3950       538150
    18  0 1 199.69  5798.75 1   0.0 -31.9     10050950   0   4000       538300
    19  0 1 199.69  5800.00 1   0.0 -30.6     11131500   0   3950      1080550
    20  0 1 199.69  5798.75 1   0.0 -30.3     11589950   0   3950       458450
    21  0 1 199.69  5200.00 1   0.0 -30.0     12047800   0   3950       457850
    22  0 1 199.69  5200.00 1   0.0 -30.0     12510100   0   3950       462300
    23  0 1 199.69  5198.75 1   0.0 -30.0     12967950   0   3950       457850
    24  0 1 199.69  5200.00 1   0.0 -30.3     13429250   0   3950       461300
    25  0 1 199.69  5300.00 1   0.0 -30.6     13910700   0   4000       481450
    26  0 1 199.69  5298.75 1   0.0 -31.3     14391450   0   3950       480750
    27  0 1 199.69  5300.00 1   0.0 -31.9     14871700   0   3950       480250
    28  0 1 199.69  5400.00 1   0.0 -33.8     15832800   0   3950       961100
    29  0 1 199.69  5400.00 1   0.0 -35.0     16363550   0   3950       530750
    30  0 1 199.69  5398.75 1   0.0 -36.3     16891800   0   3950       528250
    31  0 1 199.69  5400.00 1   0.0 -37.5     17423700   0   3950       531900
    32  0 1 199.69  5500.00 1   0.0 -39.1     17955200   0   4000       531500
    33  0 1 199.69  5500.00 1   0.0 -40.9     18486350   0   4000       531150
    34  0 1 199.69  5500.00 1   0.0 -42.5     19024550   0   4000       538200
    35  0 1 199.69  5500.00 1   0.0 -44.4     19562100   0   4000       537550
    36  0 1 199.69  5598.75 1   0.0 -46.6     20102500   0   4000       540400
    37  0 1 199.69  5598.75 1   0.0 -50.6     21180900   0   4000      1078400
    38  0 1 199.69  5600.00 1   0.0 -53.1     21642600   0   4000       461700
    39  0 1 199.69  5700.00 1   0.0 -55.3     22100750   0   4000       458150
    40  0 1 199.69  5698.75 1   0.0 -57.5     22559700   0   3950       458950
    41  0 1 199.69  5700.00 1   0.0 -60.0     23019900   0   3950       460200
    42  0 1 199.69  5700.00 1   0.0 -62.5     23481250   0   4000       461350
    43  0 1 199.69  5800.00 1   0.0 -65.0     23960550   0   3950       479300
    44  0 1 199.69  5800.00 1   0.0 -67.5     24441650   0   3950       481100
