    NO  S V  AOA    FREQ    B  FMOP  AMP      TOA      PMOP  PW         dTOA  
------ -- - ------ -------- - ----- ----- ------------ --- ------ ------------
     0  0 1 199.69  5298.75 1   0.0 -70.0            0   0   3950  42949673000
     1  0 1 199.69  5300.00 1   0.0 -67.5       528650   0   3950       528650
     2  0 1 199.69  5300.00 1   0.0 -65.0      1056850   0   4000       528200
     3  0 1 199.69  5398.75 1   0.0 -60.0      2137950   0   3950      1081100
     4  0 1 199.69  5400.00 1   0.0 -57.5      2679800   0   3950       541850
     5  0 1 199.69  5398.75 1   0.0 -55.3      3220200   0   3950       540400
     6  0 1 199.69  5398.75 1   0.0 -53.1      3761900   0   4000       541700
     7  0 1 199.69  5498.75 1   0.0 -50.6      4221450   0   3950       459550
     8  0 1 199.69  5500.00 1   0.0 -48.4      4679800   0   4000       458350
     9  0 1 199.69  5500.00 1   0.0 -46.6      5140950   0   4000       461150
    10  0 1 199.69  5500.00 1   0.0 -44.4      5601900   0   3950       460950
    11  0 1 199.69  5600.00 1   0.0 -42.5      6061100   0   3950       459200
    12  0 1 199.69  5600.00 1   0.0 -39.1      7017900   0   4000       956800
    13  0 1 199.69  5600.00 1   0.0 -37.5      7499150   0   3950       481250
    14  0 1 199.69  5700.00 1   0.0 -36.3      7981100   0   4000       481950
    15  0 1 199.69  5700.00 1   0.0 -35.0      8463500   0   3950       482400
    16  0 1 199.69  5700.00 1   0.0 -33.8      8993200   0   4000       529700
    17  0 1 199.69  5700.00 1   0.0 -32.8      9523800   0   3950       530600
    18  0 1 199.69  5800.00 1   0.0 -31.9     10051450   0   4000       527650
    19  0 1 199.69  5800.00 1   0.0 -31.3     10583250   0   4000       531800
    20  0 1 199.69  5800.00 1   0.0 -30.6     11111800   0   4000       528550
    21  0 1 199.69  5198.75 1   0.0 -30.0     12196050   0   3950      1084250
    22  0 1 199.69  5200.00 1   0.0 -30.0     12737600   0   3950       541550
    23  0 1 199.69  5200.00 1   0.0 -30.0     13276900   0   4000       539300
    24  0 1 199.69  5200.00 1   0.0 -30.3     13818750   0   3950       541850
    25  0 1 199.69  5300.00 1   0.0 -30.6     14280850   0   4000       462100
    26  0 1 199.69  5300.00 1   0.0 -31.3     14742600   0   3950       461750
    27  0 1 199.69  5300.00 1   0.0 -31.9     15205050   0   4000       462450
    28  0 1 199.69  5300.00 1   0.0 -32.8     15664150   0   3950       459100
    29  0 1 199.69  5400.00 1   0.0 -33.8     16123150   0   3950       459000
    30  0 1 199.69  5400.00 1   0.0 -36.3     17083100   0   4000       959950
    31  0 1 199.69  5400.00 1   0.0 -37.5     17561300   0   4000       478200
    32  0 1 199.69  5500.00 1   0.0 -39.1     18043550   0   4000       482250
    33  0 1 199.69  5500.00 1   0.0 -40.9     18521650   0   4000       478100
    34  0 1 199.69  5500.00 1   0.0 -42.5     19050100   0   3950       528450
    35  0 1 199.69  5500.00 1   0.0 -44.4     19580300   0   3950       530200
    36  0 1 199.69  5598.75 1   0.0 -46.6     20108450   0   3950       528150
    37  0 1 199.69  5600.00 1   0.0 -48.4     20637550   0   4000       529100
    38  0 1 199.69  5598.75 1   0.0 -50.6     21169900   0   4000       532350
    39  0 1 199.69  5700.00 1   0.0 -55.3     22247300   0   4000      1077400
    40  0 1 199.69  5698.75 1   0.0 -57.5     22787450   0   4000       540150
    41  0 1 199.69  5698.75 1   0.0 -60.0     23328650   0   3950       541200
    42  0 1 199.69  5698.75 1   0.0 -62.5     23866650   0   3950       538000
    43  0 1 199.69  5800.00 1   0.0 -65.0     24324400   0   4000       457750
    44  0 1 199.69  5800.00 1   0.0 -67.5     24786050   0   4000       461650
