    NO  S V  AOA    FREQ    B  FMOP  AMP      TOA      PMOP  PW         dTOA  
------ -- - ------ -------- - ----- ----- ------------ --- ------ ------------
     0  0 1  95.27 10027.00 2   0.0 -70.0            0   0   2100  42949673000
     1  0 1  94.57 10027.00 2   0.0 -69.4       970250   0   1750       970250
     2  0 1  95.27 10027.00 2   0.0 -68.8      1940450   0   2050       970200
     3  0 1  95.27 10025.50 2   0.0 -68.1      2910600   0   2000       970150
     4  0 1  94.22 10027.00 2   0.0 -67.5      3880950   0   1850       970350
     5  0 1  94.92 10027.00 2   0.0 -66.9      4851150   0   1900       970200
     6  0 1  95.62 10027.00 2   0.0 -66.3      5811100   0   1650       959950
     7  0 1  95.62 10027.00 2   0.0 -65.6      6771050   0   1900       959950
     8  0 1  94.57 10027.00 2   0.0 -64.4      8691100   0   1850      1920050
     9  0 1  94.22 10025.50 2   0.0 -63.8      9650650   0   1700       959550
    10  0 1  95.62 10027.00 2   0.0 -63.1     10600950   0   1650       950300
    11  0 1  95.27 10025.50 2   0.0 -62.5     11551100   0   1750       950150
    12  0 1  95.27 10025.50 2   0.0 -61.9     12501200   0   1650       950100
    13  0 1  95.62 10027.00 2   0.0 -61.3     13451200   0   1800       950000
    14  0 1  95.62 10025.50 2   0.0 -60.6     14401050   0   2000       949850
    15  0 1  94.57 10027.00 2   0.0 -60.0     15341250   0   2100       940200
    16  0 1  95.62 10025.50 2   0.0 -59.4     16281200   0   1650       939950
    17  0 1  95.62 10027.00 2   0.0 -58.1     18161300   0   1950      1880100
    18  0 1  94.22 10025.50 2   0.0 -57.5     19101100   0   1900       939800
    19  0 1  94.57 10027.00 2   0.0 -57.2     20031400   0   1700       930300
    20  0 1  94.92 10027.00 2   0.0 -56.6     20961450   0   1800       930050
    21  0 1  94.22 10027.00 2   0.0 -55.9     21891200   0   1700       929750
    22  0 1  95.27 10027.00 2   0.0 -55.3     22821450   0   1650       930250
    23  0 1  95.62 10027.00 2   0.0 -54.7     23751800   0   1650       930350
    24  0 1  94.22 10027.00 2   0.0 -54.1     24751900   0   1650      1000100
    25  0 1  95.27 10027.00 2   0.0 -53.4     25751700   0   1700       999800
    26  0 1  94.22 10025.50 2   0.0 -52.5     27751850   0   1850      2000150
    27  0 1  95.62 10027.00 2   0.0 -51.9     28751700   0   1800       999850
    28  0 1  95.62 10027.00 2   0.0 -51.3     29741950   0   2100       990250
    29  0 1  95.62 10025.50 2   0.0 -50.6     30732300   0   1700       990350
    30  0 1  94.22 10025.50 2   0.0 -50.3     31722600   0   2000       990300
    31  0 1  94.22 10027.00 2   0.0 -49.7     32712350   0   1850       989750
    32  0 1  94.92 10025.50 2   0.0 -49.1     33702500   0   2000       990150
    33  0 1  94.92 10027.00 2   0.0 -48.4     34682250   0   2050       979750
    34  0 1  94.57 10027.00 2   0.0 -48.1     35662700   0   1850       980450
    35  0 1  95.62 10025.50 2   0.0 -46.9     37622700   0   1850      1960000
    36  0 1  94.22 10027.00 2   0.0 -46.6     38602450   0   1800       979750
    37  0 1  94.22 10025.50 2   0.0 -45.9     39572550   0   1800       970100
    38  0 1  95.27 10025.50 2   0.0 -45.6     40542900   0   1950       970350
    39  0 1  95.62 10025.50 2   0.0 -45.0     41513250   0   2050       970350
    40  0 1  95.62 10025.50 2   0.0 -44.4     42483650   0   2000       970400
    41  0 1  95.27 10027.00 2   0.0 -44.1     43454050   0   1650       970400
    42  0 1  94.92 10027.00 2   0.0 -43.4     44413850   0   1900       959800
    43  0 1  94.22 10027.00 2   0.0 -43.1     45373550   0   1950       959700
    44  0 1  94.92 10025.50 2   0.0 -42.2     47292850   0   1700      1919300
    45  0 1  95.62 10027.00 2   0.0 -41.6     48253000   0   2000       960150
    46  0 1  95.27 10027.00 2   0.0 -41.3     49202550   0   1650       949550
    47  0 1  94.92 10027.00 2   0.0 -40.9     50152900   0   1900       950350
    48  0 1  95.27 10025.50 2   0.0 -40.3     51102950   0   2000       950050
    49  0 1  94.57 10027.00 2   0.0 -40.0     52053050   0   1750       950100
    50  0 1  94.92 10025.50 2   0.0 -39.7     53003300   0   1800       950250
    51  0 1  95.27 10027.00 2   0.0 -39.1     53942800   0   1750       939500
    52  0 1  94.92 10027.00 2   0.0 -38.8     54882750   0   1650       939950
    53  0 1  94.22 10027.00 2   0.0 -38.1     56762200   0   1900      1879450
    54  0 1  95.62 10027.00 2   0.0 -37.5     57702150   0   2000       939950
    55  0 1  94.22 10027.00 2   0.0 -37.2     58631800   0   1800       929650
    56  0 1  94.92 10025.50 2   0.0 -36.9     59561950   0   1900       930150
    57  0 1  94.92 10027.00 2   0.0 -36.6     60491800   0   1850       929850
    58  0 1  95.62 10027.00 2   0.0 -36.3     61421500   0   2050       929700
    59  0 1  95.62 10027.00 2   0.0 -35.9     62351050   0   2000       929550
    60  0 1  94.57 10027.00 2   0.0 -35.6     63350650   0   1650       999600
    61  0 1  94.92 10027.00 2   0.0 -35.3     64350200   0   2100       999550
    62  0 1  94.57 10025.50 2   0.0 -34.7     66350550   0   1750      2000350
    63  0 1  95.62 10027.00 2   0.0 -34.4     67350950   0   1850      1000400
    64  0 1  95.62 10025.50 2   0.0 -34.1     68340950   0   1850       990000
    65  0 1  95.27 10025.50 2   0.0 -33.8     69330850   0   2000       989900
    66  0 1  95.62 10025.50 2   0.0 -33.4     70320700   0   1750       989850
    67  0 1  95.27 10027.00 2   0.0 -33.4     71310550   0   1800       989850
    68  0 1  94.92 10027.00 2   0.0 -33.1     72300950   0   1800       990400
    69  0 1  94.57 10027.00 2   0.0 -32.8     73280650   0   2000       979700
    70  0 1  94.57 10027.00 2   0.0 -32.5     74260800   0   1850       980150
    71  0 1  94.57 10025.50 2   0.0 -32.2     76220200   0   2100      1959400
    72  0 1  94.92 10027.00 2   0.0 -31.9     77199850   0   1850       979650
    73  0 1  95.62 10025.50 2   0.0 -31.9     78169500   0   2100       969650
    74  0 1  94.92 10027.00 2   0.0 -31.6     79139800   0   1950       970300
    75  0 1  95.27 10027.00 2   0.0 -31.6     80110250   0   1900       970450
    76  0 1  94.92 10027.00 2   0.0 -31.3     81079950   0   1800       969700
    77  0 1  95.62 10027.00 2   0.0 -31.3     82050000   0   1700       970050
    78  0 1  95.27 10027.00 2   0.0 -30.9     83009550   0   1700       959550
    79  0 1  95.27 10025.50 2   0.0 -30.9     83969800   0   1750       960250
    80  0 1  94.22 10025.50 2   0.0 -30.6     85889200   0   1650      1919400
    81  0 1  95.62 10027.00 2   0.0 -30.6     86849300   0   2000       960100
    82  0 1  94.92 10025.50 2   0.0 -30.3     87799250   0   2050       949950
    83  0 1  94.22 10027.00 2   0.0 -30.3     88749400   0   1800       950150
    84  0 1  95.62 10027.00 2   0.0 -30.3     89699500   0   1650       950100
    85  0 1  94.92 10027.00 2   0.0 -30.3     90649000   0   2050       949500
    86  0 1  94.22 10027.00 2   0.0 -30.0     91598850   0   1650       949850
    87  0 1  94.92 10025.50 2   0.0 -30.0     92538900   0   1700       940050
    88  0 1  95.62 10027.00 2   0.0 -30.0     93478550   0   2100       939650
    89  0 1  94.92 10027.00 2   0.0 -30.0     95358850   0   2000      1880300
