    NO  S V  AOA    FREQ    B  FMOP  AMP      TOA      PMOP  PW         dTOA  
------ -- - ------ -------- - ----- ----- ------------ --- ------ ------------
     0  0 1  95.27 10009.00 2   0.0 -70.0            0   0   1350  42949673000
     1  0 1  93.52 10009.00 2   0.0 -65.0      1990450   0   1200      1990450
     2  0 1  94.92 10009.00 2   0.0 -62.5      2970400   0   1300       979950
     3  0 1  93.52 10007.50 2   0.0 -60.0      3940000   0   1150       969600
     4  0 1  93.52 10007.50 2   0.0 -57.5      4899600   0   1500       959600
     5  0 1  93.52 10007.50 2   0.0 -55.3      5849950   0   1400       950350
     6  0 1  94.92 10009.00 2   0.0 -53.1      6789600   0   1150       939650
     7  0 1  93.52 10007.50 2   0.0 -50.6      7719400   0   1350       929800
     8  0 1  94.57 10009.00 2   0.0 -48.4      8718950   0   1200       999550
     9  0 1  93.87 10009.00 2   0.0 -46.6      9708700   0   1200       989750
    10  0 1  95.27 10007.50 2   0.0 -42.5     11657850   0   1500      1949150
    11  0 1  93.87 10009.00 2   0.0 -40.9     12617850   0   1450       960000
    12  0 1  95.27 10009.00 2   0.0 -39.1     13567350   0   1250       949500
    13  0 1  95.27 10007.50 2   0.0 -37.5     14507300   0   1500       939950
    14  0 1  93.52 10007.50 2   0.0 -36.3     15437050   0   1300       929750
    15  0 1  93.87 10009.00 2   0.0 -35.0     16437000   0   1100       999950
    16  0 1  94.57 10007.50 2   0.0 -33.8     17427250   0   1200       990250
    17  0 1  93.52 10009.00 2   0.0 -32.8     18407100   0   1250       979850
    18  0 1  94.57 10009.00 2   0.0 -31.9     19377450   0   1250       970350
    19  0 1  95.27 10007.50 2   0.0 -30.6     21286600   0   1500      1909150
    20  0 1  94.57 10009.00 2   0.0 -30.3     22226550   0   1150       939950
    21  0 1  95.98 10009.00 2   0.0 -30.0     23156400   0   1050       929850
    22  0 1  95.27 10007.50 2   0.0 -30.0     24156350   0   1100       999950
    23  0 1  94.92 10009.00 2   0.0 -30.0     25146600   0   1150       990250
    24  0 1  95.98 10009.00 2   0.0 -30.3     26126450   0   1250       979850
    25  0 1  94.92 10009.00 2   0.0 -30.6     27096150   0   1250       969700
    26  0 1  94.57 10009.00 2   0.0 -31.3     28056450   0   1500       960300
    27  0 1  93.87 10007.50 2   0.0 -31.9     29006450   0   1500       950000
    28  0 1  94.57 10007.50 2   0.0 -33.8     30875600   0   1150      1869150
    29  0 1  93.52 10007.50 2   0.0 -35.0     31875750   0   1200      1000150
    30  0 1  95.27 10007.50 2   0.0 -36.3     32865700   0   1200       989950
    31  0 1  93.52 10009.00 2   0.0 -37.5     33845500   0   1500       979800
    32  0 1  95.62 10009.00 2   0.0 -39.1     34815700   0   1300       970200
    33  0 1  95.27 10009.00 2   0.0 -40.9     35776050   0   1050       960350
    34  0 1  93.87 10009.00 2   0.0 -42.5     36726400   0   1050       950350
    35  0 1  95.27 10009.00 2   0.0 -44.4     37666700   0   1100       940300
    36  0 1  95.27 10007.50 2   0.0 -46.6     38596850   0   1150       930150
    37  0 1  95.62 10009.00 2   0.0 -50.6     40587500   0   1250      1990650
    38  0 1  93.52 10009.00 2   0.0 -53.1     41567350   0   1200       979850
    39  0 1  94.22 10007.50 2   0.0 -55.3     42537600   0   1300       970250
    40  0 1  93.87 10007.50 2   0.0 -57.5     43498050   0   1450       960450
    41  0 1  95.27 10009.00 2   0.0 -60.0     44447600   0   1400       949550
    42  0 1  94.22 10009.00 2   0.0 -62.5     45387850   0   1050       940250
    43  0 1  95.27 10009.00 2   0.0 -65.0     46317600   0   1250       929750
    44  0 1  94.57 10007.50 2   0.0 -67.5     47317800   0   1150      1000200
