    NO  S V  AOA    FREQ    B  FMOP  AMP      TOA      PMOP  PW         dTOA  
------ -- - ------ -------- - ----- ----- ------------ --- ------ ------------
     0  0 1  94.57 10000.00 2   0.0 -70.0            0   0   1950  42949673000
     1  0 1  94.57 10027.00 2   0.0 -69.4      1000000   0   1950      1000000
     2  0 1  95.62 10051.00 2   0.0 -68.8      1999650   0   1950       999650
     3  0 1  94.92 10078.00 2   0.0 -68.1      2999800   0   1550      1000150
     4  0 1  94.22 10100.50 2   0.0 -67.5      4000050   0   1700      1000250
     5  0 1  94.57 10141.00 2   0.0 -66.3      6000150   0   1800      2000100
     6  0 1  95.27 10159.00 2   0.0 -65.6      6999950   0   1850       999800
     7  0 1  94.92 10174.00 2   0.0 -65.0      8009600   0   1800      1009650
     8  0 1  94.22 10186.00 2   0.0 -64.4      9019300   0   1800      1009700
     9  0 1  95.62 10192.00 2   0.0 -63.8     10028800   0   1800      1009500
    10  0 1  94.57 10198.00 2   0.0 -63.1     11038500   0   1750      1009700
    11  0 1  95.62 10198.00 2   0.0 -62.5     12048800   0   1750      1010300
    12  0 1  94.57 10195.00 2   0.0 -61.9     13058950   0   1900      1010150
    13  0 1  95.62 10189.00 2   0.0 -61.3     14069350   0   1850      1010400
    14  0 1  94.92 10168.00 2   0.0 -60.0     16010000   0   1650      1940650
    15  0 1  94.92 10151.50 2   0.0 -59.4     16979950   0   1900       969950
    16  0 1  94.22 10135.00 2   0.0 -58.8     17950150   0   1650       970200
    17  0 1  94.22 10112.50 2   0.0 -58.1     18919850   0   1850       969700
    18  0 1  95.27 10093.00 2   0.0 -57.5     19889500   0   1900       969650
    19  0 1  95.62 10067.50 2   0.0 -57.2     20859650   0   1750       970150
    20  0 1  94.57 10045.00 2   0.0 -56.6     21829900   0   1850       970250
    21  0 1  95.27 10016.50 2   0.0 -55.9     22800250   0   1650       970350
    22  0 1  95.62  9991.00 2   0.0 -55.3     23770700   0   2000       970450
    23  0 1  94.57  9941.50 2   0.0 -54.1     25710000   0   2000      1939300
    24  0 1  94.22  9917.50 2   0.0 -53.4     26679600   0   1700       969600
    25  0 1  94.22  9893.50 2   0.0 -53.1     27649500   0   1850       969900
    26  0 1  95.62  9874.00 2   0.0 -52.5     28616800   0   1800       967300
    27  0 1  95.27  9853.00 2   0.0 -51.9     29583500   0   1650       966700
    28  0 1  94.22  9838.00 2   0.0 -51.3     30550100   0   1600       966600
    29  0 1  95.27  9824.50 2   0.0 -50.6     31517050   0   1900       966950
    30  0 1  94.92  9814.00 2   0.0 -50.3     32484400   0   2000       967350
    31  0 1  94.22  9805.00 2   0.0 -49.7     33451000   0   1750       966600
    32  0 1  95.27  9799.00 2   0.0 -48.4     35377050   0   1950      1926050
    33  0 1  95.62  9802.00 2   0.0 -48.1     36337100   0   1750       960050
    34  0 1  94.92  9808.00 2   0.0 -47.5     37297300   0   1750       960200
    35  0 1  95.27  9814.00 2   0.0 -46.9     38257400   0   1650       960100
    36  0 1  94.57  9826.00 2   0.0 -46.6     39217150   0   2000       959750
    37  0 1  95.62  9841.00 2   0.0 -45.9     40177100   0   1650       959950
    38  0 1  95.62  9856.00 2   0.0 -45.6     41136850   0   1700       959750
    39  0 1  94.92  9878.50 2   0.0 -45.0     42146800   0   1750      1009950
    40  0 1  94.57  9901.00 2   0.0 -44.4     43156800   0   1550      1010000
    41  0 1  94.57  9952.00 2   0.0 -43.4     45177200   0   1950      2020400
    42  0 1  94.22  9979.00 2   0.0 -43.1     46187300   0   2000      1010100
    43  0 1  95.62 10003.00 2   0.0 -42.5     47197150   0   1650      1009850
    44  0 1  94.57 10031.50 2   0.0 -42.2     48207000   0   1950      1009850
    45  0 1  94.92 10058.50 2   0.0 -41.6     49227100   0   1650      1020100
    46  0 1  95.27 10082.50 2   0.0 -41.3     50246750   0   1900      1019650
    47  0 1  95.27 10108.00 2   0.0 -40.9     51266350   0   1900      1019600
    48  0 1  94.22 10129.00 2   0.0 -40.3     52286550   0   1600      1020200
    49  0 1  94.92 10147.00 2   0.0 -40.0     53306150   0   1750      1019600
    50  0 1  94.22 10180.00 2   0.0 -39.1     55346800   0   1900      2040650
    51  0 1  94.22 10189.00 2   0.0 -38.8     56316950   0   1700       970150
    52  0 1  94.92 10195.00 2   0.0 -38.4     57287200   0   2000       970250
    53  0 1  94.92 10198.00 2   0.0 -38.1     58257400   0   1950       970200
    54  0 1  95.62 10198.00 2   0.0 -37.5     59226900   0   1800       969500
    55  0 1  94.22 10195.00 2   0.0 -37.2     60196700   0   1700       969800
    56  0 1  94.22 10189.00 2   0.0 -36.9     61166800   0   1900       970100
    57  0 1  95.27 10180.00 2   0.0 -36.6     62136900   0   1900       970100
    58  0 1  94.57 10166.50 2   0.0 -36.3     63126500   0   1900       989600
    59  0 1  95.27 10130.50 2   0.0 -35.6     65105900   0   1750      1979400
    60  0 1  95.27 10111.00 2   0.0 -35.3     66096300   0   1550       990400
    61  0 1  94.92 10087.00 2   0.0 -35.0     67086250   0   1900       989950
    62  0 1  95.27 10061.50 2   0.0 -34.7     68076450   0   1800       990200
    63  0 1  95.62 10037.50 2   0.0 -34.4     69066500   0   1950       990050
    64  0 1  94.92 10010.50 2   0.0 -34.1     70066400   0   1550       999900
    65  0 1  94.22  9983.50 2   0.0 -33.8     71066050   0   1750       999650
    66  0 1  95.27  9958.00 2   0.0 -33.4     72066450   0   1800      1000400
    67  0 1  94.92  9931.00 2   0.0 -33.4     73066050   0   1650       999600
    68  0 1  95.27  9883.00 2   0.0 -32.8     75065850   0   1650      1999800
    69  0 1  95.62  9862.00 2   0.0 -32.5     76066200   0   1850      1000350
    70  0 1  95.27  9844.00 2   0.0 -32.5     77076200   0   1850      1010000
    71  0 1  95.62  9829.00 2   0.0 -32.2     78086350   0   1700      1010150
    72  0 1  94.22  9817.00 2   0.0 -31.9     79096800   0   1750      1010450
    73  0 1  94.57  9806.50 2   0.0 -31.9     80107000   0   1650      1010200
    74  0 1  94.92  9800.50 2   0.0 -31.6     81117450   0   1650      1010450
    75  0 1  95.62  9800.50 2   0.0 -31.6     82127650   0   1900      1010200
    76  0 1  94.22  9802.00 2   0.0 -31.3     83137650   0   2000      1010000
    77  0 1  95.62  9814.00 2   0.0 -30.9     85077650   0   1600      1940000
    78  0 1  95.62  9823.00 2   0.0 -30.9     86047700   0   1600       970050
    79  0 1  95.27  9838.00 2   0.0 -30.6     87017200   0   1600       969500
    80  0 1  94.22  9854.50 2   0.0 -30.6     87987150   0   1750       969950
    81  0 1  94.92  9875.50 2   0.0 -30.6     88957600   0   1600       970450
    82  0 1  94.22  9895.00 2   0.0 -30.3     89927600   0   1800       970000
    83  0 1  95.27  9919.00 2   0.0 -30.3     90897800   0   1900       970200
    84  0 1  95.62  9943.00 2   0.0 -30.3     91867950   0   1900       970150
    85  0 1  94.92  9970.00 2   0.0 -30.3     92838300   0   1800       970350
    86  0 1  95.27 10018.00 2   0.0 -30.0     94778650   0   2000      1940350
    87  0 1  94.22 10045.00 2   0.0 -30.0     95749100   0   1950       970450
    88  0 1  94.22 10069.00 2   0.0 -30.0     96718800   0   1700       969700
    89  0 1  95.62 10094.50 2   0.0 -30.0     97685500   0   1800       966700
    90  0 1  95.62 10114.00 2   0.0 -30.0     98652200   0   1800       966700
    91  0 1  95.62 10135.00 2   0.0 -30.0     99619200   0   1800       967000
    92  0 1  94.22 10153.00 2   0.0 -30.0    100586350   0   1850       967150
    93  0 1  94.92 10169.50 2   0.0 -30.0    101553250   0   1700       966900
    94  0 1  94.22 10180.00 2   0.0 -30.0    102520500   0   1850       967250
    95  0 1  95.62 10195.00 2   0.0 -30.3    104447800   0   1850      1927300
    96  0 1  95.27 10198.00 2   0.0 -30.3    105408000   0   1600       960200
    97  0 1  94.92 10198.00 2   0.0 -30.3    106367550   0   1650       959550
    98  0 1  95.27 10195.00 2   0.0 -30.3    107327150   0   1600       959600
    99  0 1  94.22 10186.00 2   0.0 -30.6    108286900   0   1750       959750
   100  0 1  94.22 10177.00 2   0.0 -30.6    109246950   0   1850       960050
   101  0 1  94.22 10163.50 2   0.0 -30.6    110206800   0   1650       959850
   102  0 1  95.62 10147.00 2   0.0 -30.9    111216800   0   1850      1010000
   103  0 1  94.22 10129.00 2   0.0 -30.9    112227050   0   1550      1010250
   104  0 1  95.27 10082.50 2   0.0 -31.3    114247100   0   1900      2020050
   105  0 1  94.92 10057.00 2   0.0 -31.6    115257300   0   1550      1010200
   106  0 1  94.22 10031.50 2   0.0 -31.6    116267100   0   1700      1009800
   107  0 1  95.62 10003.00 2   0.0 -31.9    117277100   0   1700      1010000
   108  0 1  95.27  9979.00 2   0.0 -31.9    118297500   0   1650      1020400
   109  0 1  95.62  9952.00 2   0.0 -32.2    119317100   0   1850      1019600
   110  0 1  94.92  9925.00 2   0.0 -32.5    120336600   0   1850      1019500
   111  0 1  95.27  9901.00 2   0.0 -32.5    121356700   0   1800      1020100
   112  0 1  94.92  9877.00 2   0.0 -32.8    122376800   0   1800      1020100
   113  0 1  94.92  9841.00 2   0.0 -33.4    124416200   0   1800      2039400
   114  0 1  95.62  9826.00 2   0.0 -33.4    125385900   0   1950       969700
   115  0 1  94.57  9814.00 2   0.0 -33.8    126355550   0   2000       969650
   116  0 1  94.22  9806.50 2   0.0 -34.1    127325550   0   2000       970000
   117  0 1  94.22  9802.00 2   0.0 -34.4    128295350   0   1750       969800
   118  0 1  94.57  9799.00 2   0.0 -34.7    129265400   0   1550       970050
   119  0 1  94.57  9799.00 2   0.0 -35.0    130235500   0   1750       970100
   120  0 1  94.22  9806.50 2   0.0 -35.3    131205350   0   2000       969850
   121  0 1  94.92  9815.50 2   0.0 -35.6    132195250   0   1750       989900
   122  0 1  94.22  9839.50 2   0.0 -36.3    134174700   0   1950      1979450
   123  0 1  95.62  9859.00 2   0.0 -36.6    135165050   0   1650       990350
   124  0 1  95.62  9880.00 2   0.0 -36.9    136155000   0   1600       989950
   125  0 1  94.57  9899.50 2   0.0 -37.2    137145450   0   1650       990450
   126  0 1  94.57  9923.50 2   0.0 -37.5    138135850   0   1800       990400
   127  0 1  94.22  9949.00 2   0.0 -38.1    139135400   0   1550       999550
   128  0 1  95.62  9976.00 2   0.0 -38.4    140135600   0   2000      1000200
   129  0 1  95.27 10003.00 2   0.0 -38.8    141136000   0   1750      1000400
   130  0 1  95.62 10030.00 2   0.0 -39.1    142135750   0   2000       999750
   131  0 1  95.62 10081.00 2   0.0 -40.0    144136650   0   1650      2000900
   132  0 1  95.62 10103.50 2   0.0 -40.3    145136950   0   1950      1000300
   133  0 1  94.57 10124.50 2   0.0 -40.9    146146550   0   1550      1009600
   134  0 1  94.57 10147.00 2   0.0 -41.3    147156550   0   1750      1010000
   135  0 1  95.62 10162.00 2   0.0 -41.6    148166600   0   1700      1010050
   136  0 1  94.22 10175.50 2   0.0 -42.2    149176400   0   1650      1009800
   137  0 1  94.22 10189.00 2   0.0 -42.5    150186750   0   1950      1010350
   138  0 1  95.27 10195.00 2   0.0 -43.1    151196700   0   1550      1009950
   139  0 1  95.27 10198.00 2   0.0 -43.4    152206700   0   1650      1010000
   140  0 1  94.57 10195.00 2   0.0 -44.4    154146800   0   1700      1940100
   141  0 1  95.27 10190.50 2   0.0 -45.0    155116400   0   1550       969600
   142  0 1  94.92 10178.50 2   0.0 -45.6    156086000   0   1800       969600
   143  0 1  94.92 10165.00 2   0.0 -45.9    157055950   0   1700       969950
   144  0 1  95.62 10153.00 2   0.0 -46.6    158026050   0   1950       970100
   145  0 1  94.57 10135.00 2   0.0 -46.9    158995850   0   1650       969800
   146  0 1  94.22 10112.50 2   0.0 -47.5    159965850   0   1750       970000
   147  0 1  94.57 10091.50 2   0.0 -48.1    160935850   0   1550       970000
   148  0 1  95.62 10066.00 2   0.0 -48.4    161905600   0   1950       969750
   149  0 1  94.57 10016.50 2   0.0 -49.7    163845250   0   1600      1939650
   150  0 1  95.62  9991.00 2   0.0 -50.3    164815350   0   2000       970100
   151  0 1  94.57  9964.00 2   0.0 -50.6    165785450   0   1750       970100
   152  0 1  95.62  9938.50 2   0.0 -51.3    166752850   0   1850       967400
   153  0 1  95.27  9914.50 2   0.0 -51.9    167720200   0   1950       967350
   154  0 1  94.92  9892.00 2   0.0 -52.5    168687500   0   1900       967300
   155  0 1  95.27  9871.00 2   0.0 -53.1    169654600   0   1800       967100
   156  0 1  94.57  9854.50 2   0.0 -53.4    170621900   0   2000       967300
   157  0 1  94.92  9838.00 2   0.0 -54.1    171588750   0   1950       966850
   158  0 1  94.22  9812.50 2   0.0 -55.3    173515350   0   1850      1926600
   159  0 1  94.57  9805.00 2   0.0 -55.9    174474900   0   1650       959550
   160  0 1  94.57  9800.50 2   0.0 -56.6    175434450   0   1550       959550
   161  0 1  94.22  9800.50 2   0.0 -57.2    176394450   0   1550       960000
   162  0 1  94.92  9800.50 2   0.0 -57.5    177354800   0   1900       960350
   163  0 1  95.62  9808.00 2   0.0 -58.1    178314800   0   1600       960000
   164  0 1  94.92  9814.00 2   0.0 -58.8    179274800   0   1550       960000
   165  0 1  95.62  9829.00 2   0.0 -59.4    180284850   0   1650      1010050
   166  0 1  94.57  9842.50 2   0.0 -60.0    181295200   0   1850      1010350
   167  0 1  95.62  9881.50 2   0.0 -61.3    183315100   0   2000      2019900
   168  0 1  94.22  9904.00 2   0.0 -61.9    184324700   0   1700      1009600
   169  0 1  95.27  9931.00 2   0.0 -62.5    185335050   0   1700      1010350
   170  0 1  94.57  9955.00 2   0.0 -63.1    186344950   0   1550      1009900
   171  0 1  94.22  9982.00 2   0.0 -63.8    187364900   0   1750      1019950
   172  0 1  94.92 10009.00 2   0.0 -64.4    188384750   0   1950      1019850
   173  0 1  94.92 10037.50 2   0.0 -65.0    189405100   0   1600      1020350
   174  0 1  94.22 10063.00 2   0.0 -65.6    190425500   0   1550      1020400
   175  0 1  95.62 10088.50 2   0.0 -66.3    191445900   0   2000      1020400
   176  0 1  94.92 10133.50 2   0.0 -67.5    193485750   0   1600      2039850
   177  0 1  94.57 10150.00 2   0.0 -68.1    194456050   0   1550       970300
   178  0 1  95.62 10165.00 2   0.0 -68.8    195426200   0   1600       970150
   179  0 1  94.57 10178.50 2   0.0 -69.4    196396100   0   1850       969900
