    NO  S V  AOA    FREQ    B  FMOP  AMP      TOA      PMOP  PW         dTOA  
------ -- - ------ -------- - ----- ----- ------------ --- ------ ------------
     0  0 1  95.62  9998.50 2   0.0 -70.0            0   0   1750  42949673000
     1  0 1  95.27 10024.00 2   0.0 -69.4       970400   0   1600       970400
     2  0 1  95.62 10051.00 2   0.0 -68.8      1940450   0   1900       970050
     3  0 1  94.22 10075.00 2   0.0 -68.1      2910200   0   1650       969750
     4  0 1  95.62 10120.00 2   0.0 -66.9      4849600   0   1950      1939400
     5  0 1  94.92 10141.00 2   0.0 -66.3      5819150   0   1700       969550
     6  0 1  94.22 10156.00 2   0.0 -65.6      6789400   0   1800       970250
     7  0 1  94.92 10171.00 2   0.0 -65.0      7779700   0   1700       990300
     8  0 1  94.22 10183.00 2   0.0 -64.4      8770150   0   1950       990450
     9  0 1  95.27 10192.00 2   0.0 -63.8      9760050   0   1850       989900
    10  0 1  95.62 10198.00 2   0.0 -63.1     10750400   0   1950       990350
    11  0 1  95.62 10198.00 2   0.0 -62.5     11740600   0   1900       990200
    12  0 1  94.22 10198.00 2   0.0 -61.9     12730350   0   1600       989750
    13  0 1  95.27 10184.50 2   0.0 -60.6     14720200   0   1550      1989850
    14  0 1  95.27 10171.00 2   0.0 -60.0     15720250   0   1550      1000050
    15  0 1  94.22 10157.50 2   0.0 -59.4     16719750   0   1600       999500
    16  0 1  95.27 10138.00 2   0.0 -58.8     17720150   0   1550      1000400
    17  0 1  95.62 10117.00 2   0.0 -58.1     18719750   0   1650       999600
    18  0 1  95.62 10096.00 2   0.0 -57.5     19720000   0   1550      1000250
    19  0 1  94.22 10072.00 2   0.0 -57.2     20720100   0   1950      1000100
    20  0 1  95.62 10046.50 2   0.0 -56.6     21729900   0   1900      1009800
    21  0 1  95.62 10018.00 2   0.0 -55.9     22740200   0   1600      1010300
    22  0 1  95.62  9964.00 2   0.0 -54.7     24760550   0   1600      2020350
    23  0 1  95.62  9938.50 2   0.0 -54.1     25770850   0   1800      1010300
    24  0 1  94.92  9914.50 2   0.0 -53.4     26780800   0   1750      1009950
    25  0 1  94.22  9889.00 2   0.0 -53.1     27790650   0   1700      1009850
    26  0 1  95.27  9868.00 2   0.0 -52.5     28760250   0   1750       969600
    27  0 1  95.62  9853.00 2   0.0 -51.9     29730150   0   1550       969900
    28  0 1  94.57  9833.50 2   0.0 -51.3     30700550   0   1600       970400
    29  0 1  94.92  9823.00 2   0.0 -50.6     31670450   0   1550       969900
    30  0 1  94.22  9811.00 2   0.0 -50.3     32640450   0   1900       970000
    31  0 1  94.92  9799.00 2   0.0 -49.1     34580200   0   1600      1939750
    32  0 1  95.62  9799.00 2   0.0 -48.4     35549700   0   1700       969500
    33  0 1  94.22  9802.00 2   0.0 -48.1     36519600   0   1900       969900
    34  0 1  95.27  9808.00 2   0.0 -47.5     37489150   0   1800       969550
    35  0 1  95.62  9817.00 2   0.0 -46.9     38458750   0   2000       969600
    36  0 1  95.27  9830.50 2   0.0 -46.6     39428500   0   1650       969750
    37  0 1  95.27  9844.00 2   0.0 -45.9     40398000   0   1650       969500
    38  0 1  94.22  9862.00 2   0.0 -45.6     41367550   0   1800       969550
    39  0 1  94.92  9883.00 2   0.0 -45.0     42334150   0   1700       966600
    40  0 1  94.57  9926.50 2   0.0 -44.1     44268800   0   1550      1934650
    41  0 1  94.22  9953.50 2   0.0 -43.4     45235650   0   1850       966850
    42  0 1  95.27  9979.00 2   0.0 -43.1     46202300   0   1550       966650
    43  0 1  94.57 10004.50 2   0.0 -42.5     47169700   0   1700       967400
    44  0 1  94.57 10028.50 2   0.0 -42.2     48136500   0   1550       966800
    45  0 1  95.27 10054.00 2   0.0 -41.6     49096600   0   1650       960100
    46  0 1  94.57 10078.00 2   0.0 -41.3     50056150   0   2000       959550
    47  0 1  95.62 10100.50 2   0.0 -40.9     51016200   0   1600       960050
    48  0 1  95.62 10121.50 2   0.0 -40.3     51976350   0   1700       960150
    49  0 1  94.22 10157.50 2   0.0 -39.7     53896050   0   1850      1919700
    50  0 1  94.92 10172.50 2   0.0 -39.1     54855950   0   1900       959900
    51  0 1  95.27 10186.00 2   0.0 -38.8     55865600   0   1900      1009650
    52  0 1  95.27 10193.50 2   0.0 -38.4     56875650   0   1550      1010050
    53  0 1  95.27 10198.00 2   0.0 -38.1     57885800   0   1600      1010150
    54  0 1  95.62 10198.00 2   0.0 -37.5     58895850   0   1850      1010050
    55  0 1  95.62 10198.00 2   0.0 -37.2     59905950   0   1550      1010100
    56  0 1  95.62 10189.00 2   0.0 -36.9     60916050   0   1900      1010100
    57  0 1  94.22 10183.00 2   0.0 -36.6     61925550   0   1800      1009500
    58  0 1  94.57 10153.00 2   0.0 -35.9     63964950   0   2000      2039400
    59  0 1  95.27 10133.50 2   0.0 -35.6     64984600   0   1900      1019650
    60  0 1  95.27 10112.50 2   0.0 -35.3     66004200   0   1600      1019600
    61  0 1  95.62 10088.50 2   0.0 -35.0     67023800   0   2000      1019600
    62  0 1  95.27 10063.00 2   0.0 -34.7     68043650   0   1600      1019850
    63  0 1  94.22 10036.00 2   0.0 -34.4     69063700   0   1550      1020050
    64  0 1  94.22 10012.00 2   0.0 -34.1     70033250   0   1650       969550
    65  0 1  95.27  9986.50 2   0.0 -33.8     71002950   0   1550       969700
    66  0 1  95.27  9961.00 2   0.0 -33.4     71973350   0   1800       970400
    67  0 1  94.22  9910.00 2   0.0 -33.1     73913100   0   1800      1939750
    68  0 1  94.92  9889.00 2   0.0 -32.8     74882800   0   1950       969700
    69  0 1  95.62  9868.00 2   0.0 -32.5     75852550   0   1950       969750
    70  0 1  94.92  9848.50 2   0.0 -32.5     76842750   0   1650       990200
    71  0 1  94.57  9832.00 2   0.0 -32.2     77833050   0   1550       990300
    72  0 1  94.92  9820.00 2   0.0 -31.9     78823050   0   1550       990000
    73  0 1  94.22  9808.00 2   0.0 -31.9     79813200   0   1550       990150
    74  0 1  95.62  9802.00 2   0.0 -31.6     80803050   0   2000       989850
    75  0 1  94.92  9800.50 2   0.0 -31.6     81792550   0   1550       989500
    76  0 1  95.62  9803.50 2   0.0 -31.3     83782450   0   1800      1989900
    77  0 1  95.62  9809.50 2   0.0 -30.9     84782800   0   1950      1000350
    78  0 1  94.57  9820.00 2   0.0 -30.9     85782850   0   2000      1000050
    79  0 1  94.22  9835.00 2   0.0 -30.6     86783200   0   1700      1000350
    80  0 1  94.92  9851.50 2   0.0 -30.6     87783250   0   1750      1000050
    81  0 1  94.22  9871.00 2   0.0 -30.6     88782750   0   1950       999500
    82  0 1  95.27  9892.00 2   0.0 -30.3     89782900   0   1550      1000150
    83  0 1  94.92  9914.50 2   0.0 -30.3     90792450   0   1850      1009550
    84  0 1  95.62  9940.00 2   0.0 -30.3     91801950   0   2000      1009500
    85  0 1  94.22  9995.50 2   0.0 -30.0     93821200   0   1650      2019250
    86  0 1  95.27 10021.00 2   0.0 -30.0     94831250   0   1650      1010050
    87  0 1  95.27 10046.50 2   0.0 -30.0     95840800   0   1950      1009550
    88  0 1  95.62 10072.00 2   0.0 -30.0     96850950   0   1950      1010150
    89  0 1  95.62 10097.50 2   0.0 -30.0     97820850   0   2000       969900
    90  0 1  94.57 10120.00 2   0.0 -30.0     98790800   0   1650       969950
    91  0 1  95.62 10138.00 2   0.0 -30.0     99760500   0   1550       969700
    92  0 1  95.27 10156.00 2   0.0 -30.0    100730250   0   1700       969750
    93  0 1  94.22 10171.00 2   0.0 -30.0    101700050   0   1900       969800
    94  0 1  94.57 10192.00 2   0.0 -30.0    103639500   0   1850      1939450
    95  0 1  94.57 10196.50 2   0.0 -30.3    104609900   0   1700       970400
    96  0 1  94.22 10198.00 2   0.0 -30.3    105579600   0   1650       969700
    97  0 1  94.22 10196.50 2   0.0 -30.3    106549700   0   1650       970100
    98  0 1  94.92 10193.50 2   0.0 -30.3    107520150   0   1650       970450
    99  0 1  95.62 10186.00 2   0.0 -30.6    108489900   0   1600       969750
   100  0 1  94.22 10174.00 2   0.0 -30.6    109459500   0   1950       969600
   101  0 1  95.62 10162.00 2   0.0 -30.6    110429100   0   1600       969600
   102  0 1  94.57 10144.00 2   0.0 -30.9    111396250   0   1650       967150
   103  0 1  94.57 10105.00 2   0.0 -31.3    113329700   0   1700      1933450
   104  0 1  94.57 10082.50 2   0.0 -31.3    114297050   0   1800       967350
   105  0 1  95.62 10057.00 2   0.0 -31.6    115263650   0   1600       966600
   106  0 1  95.62 10033.00 2   0.0 -31.6    116231050   0   1600       967400
   107  0 1  95.62 10009.00 2   0.0 -31.9    117198450   0   1700       967400
   108  0 1  95.27  9982.00 2   0.0 -31.9    118158100   0   1850       959650
   109  0 1  94.22  9958.00 2   0.0 -32.2    119117850   0   1600       959750
   110  0 1  94.57  9931.00 2   0.0 -32.5    120077600   0   1550       959750
   111  0 1  95.27  9907.00 2   0.0 -32.5    121037850   0   1850       960250
   112  0 1  94.57  9866.50 2   0.0 -33.1    122957250   0   1600      1919400
   113  0 1  95.27  9848.50 2   0.0 -33.4    123917500   0   1600       960250
   114  0 1  95.62  9830.50 2   0.0 -33.4    124927600   0   1800      1010100
   115  0 1  94.57  9820.00 2   0.0 -33.8    125937650   0   1800      1010050
   116  0 1  95.27  9808.00 2   0.0 -34.1    126947750   0   1850      1010100
   117  0 1  94.57  9802.00 2   0.0 -34.4    127958050   0   1650      1010300
   118  0 1  95.27  9799.00 2   0.0 -34.7    128967700   0   1750      1009650
   119  0 1  94.92  9800.50 2   0.0 -35.0    129977850   0   1800      1010150
   120  0 1  94.92  9805.00 2   0.0 -35.3    130988200   0   1650      1010350
   121  0 1  95.27  9824.50 2   0.0 -35.9    133028000   0   1650      2039800
   122  0 1  95.62  9838.00 2   0.0 -36.3    134047500   0   1950      1019500
   123  0 1  95.62  9856.00 2   0.0 -36.6    135067050   0   1700      1019550
   124  0 1  94.22  9877.00 2   0.0 -36.9    136087050   0   1850      1020000
   125  0 1  95.62  9898.00 2   0.0 -37.2    137106750   0   1850      1019700
   126  0 1  95.62  9923.50 2   0.0 -37.5    138126500   0   1600      1019750
   127  0 1  95.62  9949.00 2   0.0 -38.1    139096700   0   1550       970200
   128  0 1  94.92  9973.00 2   0.0 -38.4    140066700   0   1900       970000
   129  0 1  94.22 10000.00 2   0.0 -38.8    141036450   0   1750       969750
   130  0 1  94.22 10052.50 2   0.0 -39.7    142976800   0   1800      1940350
   131  0 1  94.57 10075.00 2   0.0 -40.0    143947150   0   2000       970350
   132  0 1  95.27 10099.00 2   0.0 -40.3    144917350   0   1750       970200
   133  0 1  94.22 10120.00 2   0.0 -40.9    145907200   0   1900       989850
   134  0 1  94.22 10141.00 2   0.0 -41.3    146897400   0   1750       990200
   135  0 1  95.27 10157.50 2   0.0 -41.6    147887100   0   1550       989700
   136  0 1  94.57 10171.00 2   0.0 -42.2    148877350   0   1800       990250
   137  0 1  95.62 10186.00 2   0.0 -42.5    149867200   0   1800       989850
   138  0 1  94.57 10193.50 2   0.0 -43.1    150857650   0   1800       990450
   139  0 1  95.27 10198.00 2   0.0 -44.1    152847350   0   1750      1989700
   140  0 1  95.27 10196.50 2   0.0 -44.4    153847650   0   1550      1000300
   141  0 1  94.57 10190.50 2   0.0 -45.0    154847200   0   1900       999550
   142  0 1  94.22 10181.50 2   0.0 -45.6    155847200   0   1600      1000000
   143  0 1  95.62 10171.00 2   0.0 -45.9    156847600   0   1900      1000400
   144  0 1  95.27 10153.00 2   0.0 -46.6    157848050   0   1600      1000450
   145  0 1  94.57 10138.00 2   0.0 -46.9    158848300   0   1650      1000250
   146  0 1  94.57 10117.00 2   0.0 -47.5    159857950   0   1700      1009650
   147  0 1  94.22 10093.00 2   0.0 -48.1    160867600   0   1950      1009650
   148  0 1  94.92 10042.00 2   0.0 -49.1    162887300   0   1850      2019700
   149  0 1  94.92 10015.00 2   0.0 -49.7    163897450   0   1650      1010150
   150  0 1  94.92  9988.00 2   0.0 -50.3    164907700   0   1850      1010250
   151  0 1  95.62  9961.00 2   0.0 -50.6    165918100   0   1850      1010400
   152  0 1  95.27  9937.00 2   0.0 -51.3    166887750   0   2000       969650
   153  0 1  94.92  9913.00 2   0.0 -51.9    167857400   0   1550       969650
   154  0 1  95.27  9890.50 2   0.0 -52.5    168827350   0   2000       969950
   155  0 1  94.57  9869.50 2   0.0 -53.1    169797200   0   1550       969850
   156  0 1  94.22  9851.50 2   0.0 -53.4    170767150   0   1600       969950
   157  0 1  94.92  9823.00 2   0.0 -54.7    172707350   0   1600      1940200
   158  0 1  94.92  9811.00 2   0.0 -55.3    173677600   0   1650       970250
   159  0 1  94.22  9803.50 2   0.0 -55.9    174647150   0   1850       969550
   160  0 1  94.57  9799.00 2   0.0 -56.6    175617600   0   1700       970450
   161  0 1  94.57  9799.00 2   0.0 -57.2    176587350   0   2000       969750
   162  0 1  94.57  9803.50 2   0.0 -57.5    177557800   0   1600       970450
   163  0 1  95.62  9808.00 2   0.0 -58.1    178528050   0   1800       970250
   164  0 1  95.27  9818.50 2   0.0 -58.8    179498300   0   1550       970250
   165  0 1  95.27  9829.00 2   0.0 -59.4    180464800   0   1600       966500
   166  0 1  94.92  9862.00 2   0.0 -60.6    182398700   0   1750      1933900
   167  0 1  94.22  9883.00 2   0.0 -61.3    183365950   0   2000       967250
   168  0 1  94.57  9904.00 2   0.0 -61.9    184333350   0   1550       967400
   169  0 1  94.57  9929.50 2   0.0 -62.5    185299850   0   1650       966500
   170  0 1  94.22  9953.50 2   0.0 -63.1    186267300   0   1650       967450
   171  0 1  94.22  9979.00 2   0.0 -63.8    187227300   0   1800       960000
   172  0 1  95.27 10003.00 2   0.0 -64.4    188187400   0   1950       960100
   173  0 1  95.62 10030.00 2   0.0 -65.0    189147750   0   1650       960350
   174  0 1  94.57 10055.50 2   0.0 -65.6    190107450   0   1900       959700
   175  0 1  95.27 10100.50 2   0.0 -66.9    192027450   0   1600      1920000
   176  0 1  94.22 10121.50 2   0.0 -67.5    192986950   0   1550       959500
   177  0 1  94.22 10141.00 2   0.0 -68.1    193997200   0   1850      1010250
   178  0 1  94.92 10162.00 2   0.0 -68.8    195007400   0   1650      1010200
   179  0 1  95.27 10174.00 2   0.0 -69.4    196017800   0   1550      1010400
