    NO  S V  AOA    FREQ    B  FMOP  AMP      TOA      PMOP  PW         dTOA  
------ -- - ------ -------- - ----- ----- ------------ --- ------ ------------
     0  0 1  94.57 10006.00 2   0.0 -70.0            0   0   1600  42949673000
     1  0 1  94.92 10009.00 2   0.0 -69.4      1000200   0   1800      1000200
     2  0 1  95.62 10015.00 2   0.0 -68.8      2045950   0   1550      1045750
     3  0 1  94.57 10018.00 2   0.0 -68.1      3135050   0   1600      1089100
     4  0 1  95.62 10024.00 2   0.0 -67.5      4258650   0   1600      1123600
     5  0 1  95.27 10030.00 2   0.0 -66.9      5403700   0   1750      1145050
     6  0 1  95.27 10034.50 2   0.0 -66.3      6551900   0   1700      1148200
     7  0 1  95.27 10040.50 2   0.0 -65.6      7684300   0   1450      1132400
     8  0 1  94.22 10043.50 2   0.0 -65.0      8782900   0   1600      1098600
     9  0 1  94.92 10055.50 2   0.0 -63.8     10844750   0   1550      2061850
    10  0 1  94.92 10058.50 2   0.0 -63.1     11804550   0   1400       959800
    11  0 1  94.22 10066.00 2   0.0 -62.5     12723850   0   1750       919300
    12  0 1  94.22 10069.00 2   0.0 -61.9     13609950   0   1450       886100
    13  0 1  94.22 10073.50 2   0.0 -61.3     14474100   0   1800       864150
    14  0 1  94.57 10081.00 2   0.0 -60.6     15326050   0   1650       851950
    15  0 1  95.62 10085.50 2   0.0 -60.0     16176450   0   1450       850400
    16  0 1  95.27 10090.00 2   0.0 -59.4     17036200   0   1350       859750
    17  0 1  95.62 10094.50 2   0.0 -58.8     17915150   0   1550       878950
    18  0 1  94.22 10105.00 2   0.0 -57.5     19768200   0   1600      1853050
    19  0 1  95.62 10108.00 2   0.0 -57.2     20757450   0   1600       989250
    20  0 1  94.92 10114.00 2   0.0 -56.6     21792550   0   1550      1035100
    21  0 1  95.62 10118.50 2   0.0 -55.9     22872350   0   1350      1079800
    22  0 1  95.27 10124.50 2   0.0 -55.3     23989100   0   1400      1116750
    23  0 1  94.57  9880.00 2   0.0 -54.7     25130750   0   1700      1141650
    24  0 1  94.92  9886.00 2   0.0 -54.1     26279600   0   1650      1148850
    25  0 1  95.27  9889.00 2   0.0 -53.4     27417350   0   1700      1137750
    26  0 1  94.57  9895.00 2   0.0 -53.1     28525000   0   1600      1107650
    27  0 1  94.22  9905.50 2   0.0 -51.9     30611050   0   1400      2086050
    28  0 1  94.57  9910.00 2   0.0 -51.3     31582350   0   1550       971300
    29  0 1  95.62  9916.00 2   0.0 -50.6     32510550   0   1650       928200
    30  0 1  94.22  9919.00 2   0.0 -50.3     33403300   0   1600       892750
    31  0 1  94.57  9925.00 2   0.0 -49.7     34271100   0   1400       867800
    32  0 1  94.92  9931.00 2   0.0 -49.1     35123950   0   1750       852850
    33  0 1  94.57  9934.00 2   0.0 -48.4     35974400   0   1350       850450
    34  0 1  94.22  9940.00 2   0.0 -48.1     36829950   0   1650       855550
    35  0 1  94.92  9943.00 2   0.0 -47.5     37703600   0   1350       873650
    36  0 1  95.27  9953.50 2   0.0 -46.6     39539600   0   1800      1836000
    37  0 1  95.27  9959.50 2   0.0 -45.9     40517400   0   1750       977800
    38  0 1  94.22  9964.00 2   0.0 -45.6     41541350   0   1350      1023950
    39  0 1  94.22  9970.00 2   0.0 -45.0     42610550   0   1400      1069200
    40  0 1  95.62  9973.00 2   0.0 -44.4     43719600   0   1800      1109050
    41  0 1  94.92  9979.00 2   0.0 -44.1     44857800   0   1700      1138200
    42  0 1  95.62  9985.00 2   0.0 -43.4     46006450   0   1550      1148650
    43  0 1  94.22  9989.50 2   0.0 -43.1     47148350   0   1400      1141900
    44  0 1  95.62  9995.50 2   0.0 -42.5     48264950   0   1350      1116600
    45  0 1  94.92 10003.00 2   0.0 -41.6     50372050   0   1400      2107100
    46  0 1  95.62 10009.00 2   0.0 -41.3     51354050   0   1800       982000
    47  0 1  95.27 10015.00 2   0.0 -40.9     52291750   0   1450       937700
    48  0 1  94.92 10021.00 2   0.0 -40.3     53192600   0   1400       900850
    49  0 1  94.92 10025.50 2   0.0 -40.0     54065500   0   1700       872900
    50  0 1  94.57 10028.50 2   0.0 -39.7     54921300   0   1750       855800
    51  0 1  94.22 10036.00 2   0.0 -39.1     55771300   0   1650       850000
    52  0 1  94.92 10039.00 2   0.0 -38.8     56624900   0   1800       853600
    53  0 1  94.22 10045.00 2   0.0 -38.4     57493750   0   1800       868850
    54  0 1  94.22 10054.00 2   0.0 -37.5     59313350   0   1450      1819600
    55  0 1  94.92 10060.00 2   0.0 -37.2     60280600   0   1650       967250
    56  0 1  95.27 10064.50 2   0.0 -36.9     61293500   0   1500      1012900
    57  0 1  94.57 10070.50 2   0.0 -36.6     62352650   0   1450      1059150
    58  0 1  94.57 10075.00 2   0.0 -36.3     63453750   0   1750      1101100
    59  0 1  94.22 10078.00 2   0.0 -35.9     64586100   0   1750      1132350
    60  0 1  94.22 10085.50 2   0.0 -35.6     65734350   0   1550      1148250
    61  0 1  94.22 10088.50 2   0.0 -35.3     66880000   0   1750      1145650
    62  0 1  94.57 10093.00 2   0.0 -35.0     68004000   0   1500      1124000
    63  0 1  94.22 10105.00 2   0.0 -34.4     70134800   0   1700      2130800
    64  0 1  94.22 10108.00 2   0.0 -34.1     71127400   0   1800       992600
    65  0 1  95.62 10114.00 2   0.0 -33.8     72074100   0   1600       946700
    66  0 1  94.22 10118.50 2   0.0 -33.4     72983550   0   1650       909450
    67  0 1  94.92 10126.00 2   0.0 -33.4     73862800   0   1600       879250
    68  0 1  94.92  9880.00 2   0.0 -33.1     74722050   0   1600       859250
    69  0 1  94.92  9884.50 2   0.0 -32.8     75571700   0   1600       849650
    70  0 1  95.62  9890.50 2   0.0 -32.5     76424100   0   1600       852400
    71  0 1  94.22  9895.00 2   0.0 -32.5     77288150   0   1400       864050
    72  0 1  94.57  9905.50 2   0.0 -31.9     79093500   0   1650      1805350
    73  0 1  94.92  9910.00 2   0.0 -31.9     80050000   0   1600       956500
    74  0 1  95.27  9914.50 2   0.0 -31.6     81051700   0   1650      1001700
    75  0 1  94.22  9920.50 2   0.0 -31.6     82099650   0   1400      1047950
    76  0 1  94.22  9925.00 2   0.0 -31.3     83190650   0   1700      1091000
    77  0 1  94.22  9929.50 2   0.0 -31.3     84316750   0   1700      1126100
    78  0 1  94.57  9935.50 2   0.0 -30.9     85462250   0   1700      1145500
    79  0 1  94.92  9940.00 2   0.0 -30.9     86610500   0   1600      1148250
    80  0 1  95.62  9944.50 2   0.0 -30.6     87741800   0   1400      1131300
    81  0 1  94.57  9955.00 2   0.0 -30.6     89891900   0   1350      2150100
    82  0 1  94.22  9959.50 2   0.0 -30.3     90896600   0   1350      1004700
    83  0 1  95.62  9964.00 2   0.0 -30.3     91854250   0   1800       957650
    84  0 1  94.92  9970.00 2   0.0 -30.3     92771000   0   1500       916750
    85  0 1  95.27  9974.50 2   0.0 -30.3     93656200   0   1500       885200
    86  0 1  94.22  9980.50 2   0.0 -30.0     94518900   0   1400       862700
    87  0 1  95.27  9985.00 2   0.0 -30.0     95370350   0   1350       851450
    88  0 1  94.57  9989.50 2   0.0 -30.0     96221300   0   1400       850950
    89  0 1  95.62  9995.50 2   0.0 -30.0     97081700   0   1450       860400
    90  0 1  94.22 10003.00 2   0.0 -30.0     98871800   0   1700      1790100
    91  0 1  95.62 10009.00 2   0.0 -30.0     99818800   0   1350       947000
    92  0 1  95.27 10013.50 2   0.0 -30.0    100809350   0   1450       990550
    93  0 1  94.22 10021.00 2   0.0 -30.0    101846150   0   1650      1036800
    94  0 1  94.22 10025.50 2   0.0 -30.0    102927700   0   1650      1081550
    95  0 1  94.92 10028.50 2   0.0 -30.0    104046850   0   1550      1119150
    96  0 1  95.27 10033.00 2   0.0 -30.3    105189900   0   1450      1143050
    97  0 1  94.22 10040.50 2   0.0 -30.3    106339100   0   1400      1149200
    98  0 1  94.22 10045.00 2   0.0 -30.3    107475400   0   1550      1136300
    99  0 1  94.22 10054.00 2   0.0 -30.6    109645650   0   1600      2170250
   100  0 1  95.62 10060.00 2   0.0 -30.6    110662000   0   1400      1016350
   101  0 1  95.27 10064.50 2   0.0 -30.6    111631150   0   1450       969150
   102  0 1  94.22 10070.50 2   0.0 -30.9    112557250   0   1450       926100
   103  0 1  94.22 10073.50 2   0.0 -30.9    113448800   0   1500       891550
   104  0 1  95.27 10081.00 2   0.0 -31.3    114315300   0   1500       866500
   105  0 1  95.62 10084.00 2   0.0 -31.3    115168400   0   1350       853100
   106  0 1  94.22 10090.00 2   0.0 -31.6    116018600   0   1550       850200
   107  0 1  94.92 10096.00 2   0.0 -31.6    116876000   0   1450       857400
   108  0 1  95.62 10105.00 2   0.0 -31.9    118653000   0   1650      1777000
   109  0 1  94.92 10111.00 2   0.0 -32.2    119590800   0   1450       937800
   110  0 1  95.27 10114.00 2   0.0 -32.5    120570450   0   1600       979650
   111  0 1  94.22 10120.00 2   0.0 -32.5    121596400   0   1500      1025950
   112  0 1  94.92 10123.00 2   0.0 -32.8    122668600   0   1700      1072200
   113  0 1  94.22  9880.00 2   0.0 -33.1    123779900   0   1400      1111300
   114  0 1  95.62  9883.00 2   0.0 -33.4    124919050   0   1350      1139150
   115  0 1  95.62  9890.50 2   0.0 -33.4    126068500   0   1800      1149450
   116  0 1  94.22  9895.00 2   0.0 -33.8    127209400   0   1400      1140900
   117  0 1  94.22  9905.50 2   0.0 -34.4    129400200   0   1650      2190800
   118  0 1  95.62  9910.00 2   0.0 -34.7    130428600   0   1350      1028400
   119  0 1  94.57  9916.00 2   0.0 -35.0    131408050   0   1400       979450
   120  0 1  95.27  9919.00 2   0.0 -35.3    132343250   0   1400       935200
   121  0 1  95.27  9923.50 2   0.0 -35.6    133242600   0   1800       899350
   122  0 1  94.92  9929.50 2   0.0 -35.9    134114200   0   1400       871600
   123  0 1  95.62  9935.50 2   0.0 -36.3    134969200   0   1550       855000
   124  0 1  94.92  9940.00 2   0.0 -36.6    135819500   0   1350       850300
   125  0 1  94.22  9943.00 2   0.0 -36.9    136673200   0   1700       853700
   126  0 1  94.57  9955.00 2   0.0 -37.5    138438350   0   1450      1765150
   127  0 1  95.27  9961.00 2   0.0 -38.1    139366850   0   1350       928500
   128  0 1  94.22  9964.00 2   0.0 -38.4    140336600   0   1700       969750
   129  0 1  95.62  9970.00 2   0.0 -38.8    141351250   0   1750      1014650
   130  0 1  95.27  9976.00 2   0.0 -39.1    142411750   0   1350      1060500
   131  0 1  95.62  9980.50 2   0.0 -39.7    143514650   0   1600      1102900
   132  0 1  94.57  9985.00 2   0.0 -40.0    144647300   0   1350      1132650
   133  0 1  95.27  9989.50 2   0.0 -40.3    145796250   0   1600      1148950
   134  0 1  94.22  9994.00 2   0.0 -40.9    146941300   0   1600      1145050
   135  0 1  94.57 10006.00 2   0.0 -41.6    149147950   0   1350      2206650
   136  0 1  95.27 10010.50 2   0.0 -42.2    150186650   0   1350      1038700
   137  0 1  94.92 10015.00 2   0.0 -42.5    151178100   0   1550       991450
   138  0 1  95.62 10021.00 2   0.0 -43.1    152122750   0   1800       944650
   139  0 1  95.27 10024.00 2   0.0 -43.4    153029550   0   1400       906800
   140  0 1  95.27 10030.00 2   0.0 -44.1    153906550   0   1650       877000
   141  0 1  95.27 10036.00 2   0.0 -44.4    154764800   0   1400       858250
   142  0 1  94.92 10040.50 2   0.0 -45.0    155614700   0   1400       849900
   143  0 1  95.62 10043.50 2   0.0 -45.6    156466250   0   1600       851550
   144  0 1  95.27 10055.50 2   0.0 -46.6    158218500   0   1500      1752250
   145  0 1  94.92 10060.00 2   0.0 -46.9    159138500   0   1650       920000
   146  0 1  94.92 10064.50 2   0.0 -47.5    160097500   0   1350       959000
   147  0 1  94.57 10070.50 2   0.0 -48.1    161101450   0   1800      1003950
   148  0 1  94.22 10073.50 2   0.0 -48.4    162151200   0   1800      1049750
   149  0 1  94.57 10079.50 2   0.0 -49.1    163244100   0   1400      1092900
   150  0 1  95.62 10084.00 2   0.0 -49.7    164370700   0   1450      1126600
   151  0 1  95.62 10088.50 2   0.0 -50.3    165517200   0   1800      1146500
   152  0 1  94.57 10096.00 2   0.0 -50.6    166665550   0   1500      1148350
   153  0 1  95.62 10103.50 2   0.0 -51.9    168889050   0   1400      2223500
   154  0 1  94.22 10109.50 2   0.0 -52.5    169939800   0   1550      1050750
   155  0 1  94.57 10114.00 2   0.0 -53.1    170941350   0   1400      1001550
   156  0 1  94.57 10118.50 2   0.0 -53.4    171897350   0   1800       956000
   157  0 1  94.22 10124.50 2   0.0 -54.1    172812400   0   1550       915050
   158  0 1  95.62  9880.00 2   0.0 -54.7    173696000   0   1400       883600
   159  0 1  95.62  9884.50 2   0.0 -55.3    174558050   0   1800       862050
   160  0 1  94.92  9889.00 2   0.0 -55.9    175408800   0   1700       850750
   161  0 1  95.27  9895.00 2   0.0 -56.6    176260200   0   1550       851400
   162  0 1  94.92  9904.00 2   0.0 -57.5    178003700   0   1600      1743500
   163  0 1  95.27  9910.00 2   0.0 -58.1    178914200   0   1600       910500
   164  0 1  94.22  9913.00 2   0.0 -58.8    179863300   0   1400       949100
   165  0 1  94.57  9919.00 2   0.0 -59.4    180856250   0   1500       992950
   166  0 1  94.22  9925.00 2   0.0 -60.0    181894950   0   1400      1038700
   167  0 1  94.57  9928.00 2   0.0 -60.6    182978700   0   1700      1083750
   168  0 1  94.57  9934.00 2   0.0 -61.3    184099150   0   1500      1120450
   169  0 1  95.62  9938.50 2   0.0 -61.9    185242900   0   1500      1143750
   170  0 1  94.57  9943.00 2   0.0 -62.5    186392250   0   1500      1149350
   171  0 1  94.57  9955.00 2   0.0 -63.8    188632600   0   1650      2240350
   172  0 1  94.57  9958.00 2   0.0 -64.4    189694950   0   1650      1062350
   173  0 1  95.27  9965.50 2   0.0 -65.0    190708800   0   1800      1013850
   174  0 1  95.27  9970.00 2   0.0 -65.6    191674350   0   1550       965550
   175  0 1  94.57  9976.00 2   0.0 -66.3    192598250   0   1750       923900
   176  0 1  95.62  9980.50 2   0.0 -66.9    193487800   0   1800       889550
   177  0 1  95.62  9983.50 2   0.0 -67.5    194353900   0   1500       866100
   178  0 1  94.92  9989.50 2   0.0 -68.1    195206700   0   1750       852800
   179  0 1  94.92  9994.00 2   0.0 -68.8    196057000   0   1700       850300
