    NO  S V  AOA    FREQ    B  FMOP  AMP      TOA      PMOP  PW         dTOA  
------ -- - ------ -------- - ----- ----- ------------ --- ------ ------------
     0  0 1  95.62 10003.00 2   0.0 -70.0            0   0   1400  42949673000
     1  0 1  94.57 10013.50 2   0.0 -68.8      2045500   0   1550      2045500
     2  0 1  94.92 10019.50 2   0.0 -68.1      3134950   0   1400      1089450
     3  0 1  94.57 10024.00 2   0.0 -67.5      4259350   0   1400      1124400
     4  0 1  95.62 10030.00 2   0.0 -66.9      5404600   0   1750      1145250
     5  0 1  95.27 10036.00 2   0.0 -66.3      6552150   0   1650      1147550
     6  0 1  95.27 10039.00 2   0.0 -65.6      7684350   0   1800      1132200
     7  0 1  95.27 10045.00 2   0.0 -65.0      8783750   0   1550      1099400
     8  0 1  94.22 10051.00 2   0.0 -64.4      9839050   0   1350      1055300
     9  0 1  94.92 10054.00 2   0.0 -63.8     10846300   0   1350      1007250
    10  0 1  95.27 10063.00 2   0.0 -62.5     12724750   0   1700      1878450
    11  0 1  94.57 10069.00 2   0.0 -61.9     13611150   0   1350       886400
    12  0 1  94.92 10075.00 2   0.0 -61.3     14474900   0   1700       863750
    13  0 1  94.57 10079.50 2   0.0 -60.6     15326550   0   1350       851650
    14  0 1  94.22 10084.00 2   0.0 -60.0     16176700   0   1350       850150
    15  0 1  95.62 10090.00 2   0.0 -59.4     17036400   0   1400       859700
    16  0 1  94.92 10094.50 2   0.0 -58.8     17915150   0   1450       878750
    17  0 1  94.22 10099.00 2   0.0 -58.1     18823600   0   1500       908450
    18  0 1  94.57 10105.00 2   0.0 -57.5     19768600   0   1650       945000
    19  0 1  94.92 10114.00 2   0.0 -56.6     21792300   0   1800      2023700
    20  0 1  95.62 10120.00 2   0.0 -55.9     22872700   0   1600      1080400
    21  0 1  95.27 10123.00 2   0.0 -55.3     23989500   0   1600      1116800
    22  0 1  94.57  9880.00 2   0.0 -54.7     25131600   0   1450      1142100
    23  0 1  94.22  9884.50 2   0.0 -54.1     26281050   0   1650      1149450
    24  0 1  94.92  9889.00 2   0.0 -53.4     27419150   0   1450      1138100
    25  0 1  94.22  9895.00 2   0.0 -53.1     28527350   0   1750      1108200
    26  0 1  94.57  9898.00 2   0.0 -52.5     29593400   0   1450      1066050
    27  0 1  94.57  9904.00 2   0.0 -51.9     30612700   0   1450      1019300
    28  0 1  94.22  9913.00 2   0.0 -50.6     32511400   0   1700      1898700
    29  0 1  95.62  9919.00 2   0.0 -50.3     33404050   0   1500       892650
    30  0 1  94.92  9923.50 2   0.0 -49.7     34272300   0   1600       868250
    31  0 1  95.62  9931.00 2   0.0 -49.1     35125750   0   1350       853450
    32  0 1  95.62  9934.00 2   0.0 -48.4     35975500   0   1400       849750
    33  0 1  95.27  9938.50 2   0.0 -48.1     36831650   0   1750       856150
    34  0 1  95.27  9946.00 2   0.0 -47.5     37705500   0   1350       873850
    35  0 1  95.62  9949.00 2   0.0 -46.9     38605650   0   1400       900150
    36  0 1  94.92  9953.50 2   0.0 -46.6     39541250   0   1500       935600
    37  0 1  95.62  9964.00 2   0.0 -45.6     41543100   0   1650      2001850
    38  0 1  95.62  9968.50 2   0.0 -45.0     42612150   0   1350      1069050
    39  0 1  94.57  9976.00 2   0.0 -44.4     43721200   0   1650      1109050
    40  0 1  94.57  9979.00 2   0.0 -44.1     44858850   0   1400      1137650
    41  0 1  95.27  9985.00 2   0.0 -43.4     46008300   0   1450      1149450
    42  0 1  95.62  9991.00 2   0.0 -43.1     47150250   0   1650      1141950
    43  0 1  95.62  9994.00 2   0.0 -42.5     48267150   0   1450      1116900
    44  0 1  94.57 10000.00 2   0.0 -42.2     49343900   0   1650      1076750
    45  0 1  94.22 10006.00 2   0.0 -41.6     50374000   0   1600      1030100
    46  0 1  95.62 10015.00 2   0.0 -40.9     52293400   0   1650      1919400
    47  0 1  95.62 10021.00 2   0.0 -40.3     53194550   0   1550       901150
    48  0 1  95.62 10024.00 2   0.0 -40.0     54067400   0   1400       872850
    49  0 1  94.92 10028.50 2   0.0 -39.7     54923300   0   1750       855900
    50  0 1  94.92 10036.00 2   0.0 -39.1     55773250   0   1400       849950
    51  0 1  95.27 10039.00 2   0.0 -38.8     56626950   0   1800       853700
    52  0 1  95.62 10045.00 2   0.0 -38.4     57495750   0   1800       868800
    53  0 1  95.62 10051.00 2   0.0 -38.1     58388900   0   1450       893150
    54  0 1  94.22 10054.00 2   0.0 -37.5     59315900   0   1400       927000
    55  0 1  94.92 10066.00 2   0.0 -36.9     61297250   0   1450      1981350
    56  0 1  94.57 10069.00 2   0.0 -36.6     62355900   0   1450      1058650
    57  0 1  94.92 10073.50 2   0.0 -36.3     63456650   0   1500      1100750
    58  0 1  95.62 10078.00 2   0.0 -35.9     64588500   0   1500      1131850
    59  0 1  95.62 10084.00 2   0.0 -35.6     65736200   0   1550      1147700
    60  0 1  94.92 10090.00 2   0.0 -35.3     66882050   0   1350      1145850
    61  0 1  95.62 10093.00 2   0.0 -35.0     68005600   0   1700      1123550
    62  0 1  94.57 10099.00 2   0.0 -34.7     69092700   0   1650      1087100
    63  0 1  94.57 10105.00 2   0.0 -34.4     70134950   0   1400      1042250
    64  0 1  94.22 10115.50 2   0.0 -33.8     72075350   0   1450      1940400
    65  0 1  94.22 10118.50 2   0.0 -33.4     72982900   0   1400       907550
    66  0 1  95.27 10123.00 2   0.0 -33.4     73861800   0   1400       878900
    67  0 1  94.22  9880.00 2   0.0 -33.1     74721050   0   1800       859250
    68  0 1  94.92  9884.50 2   0.0 -32.8     75571450   0   1800       850400
    69  0 1  94.92  9889.00 2   0.0 -32.5     76423650   0   1400       852200
    70  0 1  94.57  9895.00 2   0.0 -32.5     77287800   0   1550       864150
    71  0 1  94.92  9899.50 2   0.0 -32.2     78174550   0   1650       886750
    72  0 1  95.62  9904.00 2   0.0 -31.9     79092700   0   1500       918150
    73  0 1  94.92  9913.00 2   0.0 -31.6     81051250   0   1350      1958550
    74  0 1  95.62  9919.00 2   0.0 -31.6     82098950   0   1400      1047700
    75  0 1  94.57  9925.00 2   0.0 -31.3     83190300   0   1750      1091350
    76  0 1  95.27  9928.00 2   0.0 -31.3     84316350   0   1700      1126050
    77  0 1  94.92  9934.00 2   0.0 -30.9     85462700   0   1450      1146350
    78  0 1  94.22  9940.00 2   0.0 -30.9     86610500   0   1600      1147800
    79  0 1  94.57  9946.00 2   0.0 -30.6     87741850   0   1600      1131350
    80  0 1  95.62  9950.50 2   0.0 -30.6     88838800   0   1800      1096950
    81  0 1  95.27  9953.50 2   0.0 -30.6     89891350   0   1550      1052550
    82  0 1  94.22  9964.00 2   0.0 -30.3     91854100   0   1400      1962750
    83  0 1  94.22  9970.00 2   0.0 -30.3     92771000   0   1400       916900
    84  0 1  95.62  9974.50 2   0.0 -30.3     93656400   0   1800       885400
    85  0 1  95.62  9980.50 2   0.0 -30.0     94518950   0   1350       862550
    86  0 1  95.62  9983.50 2   0.0 -30.0     95369650   0   1400       850700
    87  0 1  94.57  9991.00 2   0.0 -30.0     96220300   0   1700       850650
    88  0 1  94.57  9995.50 2   0.0 -30.0     97080150   0   1450       859850
    89  0 1  95.62 10000.00 2   0.0 -30.0     97959900   0   1600       879750
    90  0 1  94.57 10004.50 2   0.0 -30.0     98869850   0   1450       909950
    91  0 1  95.62 10015.00 2   0.0 -30.0    100807050   0   1800      1937200
    92  0 1  95.27 10018.00 2   0.0 -30.0    101843850   0   1600      1036800
    93  0 1  95.62 10025.50 2   0.0 -30.0    102926000   0   1500      1082150
    94  0 1  95.27 10030.00 2   0.0 -30.0    104044950   0   1400      1118950
    95  0 1  94.22 10036.00 2   0.0 -30.3    105187950   0   1700      1143000
    96  0 1  95.62 10039.00 2   0.0 -30.3    106336600   0   1600      1148650
    97  0 1  95.27 10043.50 2   0.0 -30.3    107472550   0   1800      1135950
    98  0 1  94.92 10048.00 2   0.0 -30.3    108578900   0   1750      1106350
    99  0 1  94.22 10055.50 2   0.0 -30.6    109642850   0   1400      1063950
   100  0 1  94.57 10064.50 2   0.0 -30.6    111627600   0   1500      1984750
   101  0 1  94.92 10070.50 2   0.0 -30.9    112554000   0   1750       926400
   102  0 1  95.62 10073.50 2   0.0 -30.9    113445550   0   1500       891550
   103  0 1  95.27 10081.00 2   0.0 -31.3    114312050   0   1650       866500
   104  0 1  95.62 10084.00 2   0.0 -31.3    115165150   0   1750       853100
   105  0 1  94.92 10088.50 2   0.0 -31.6    116015150   0   1350       850000
   106  0 1  94.57 10093.00 2   0.0 -31.6    116872250   0   1750       857100
   107  0 1  94.92 10099.00 2   0.0 -31.9    117747250   0   1700       875000
   108  0 1  95.27 10103.50 2   0.0 -31.9    118649400   0   1550       902150
   109  0 1  95.62 10114.00 2   0.0 -32.5    120567900   0   1650      1918500
   110  0 1  95.62 10120.00 2   0.0 -32.5    121594150   0   1700      1026250
   111  0 1  95.27 10123.00 2   0.0 -32.8    122666350   0   1700      1072200
   112  0 1  94.22  9878.50 2   0.0 -33.1    123777750   0   1650      1111400
   113  0 1  94.57  9883.00 2   0.0 -33.4    124917050   0   1500      1139300
   114  0 1  95.62  9890.50 2   0.0 -33.4    126065950   0   1550      1148900
   115  0 1  94.92  9895.00 2   0.0 -33.8    127207250   0   1550      1141300
   116  0 1  94.57  9901.00 2   0.0 -34.1    128322400   0   1800      1115150
   117  0 1  94.22  9904.00 2   0.0 -34.4    129397650   0   1400      1075250
   118  0 1  94.22  9916.00 2   0.0 -35.0    131405350   0   1700      2007700
   119  0 1  95.27  9919.00 2   0.0 -35.3    132340150   0   1750       934800
   120  0 1  94.92  9925.00 2   0.0 -35.6    133239250   0   1700       899100
   121  0 1  95.27  9929.50 2   0.0 -35.9    134111550   0   1600       872300
   122  0 1  94.92  9934.00 2   0.0 -36.3    134966900   0   1450       855350
   123  0 1  94.22  9938.50 2   0.0 -36.6    135817300   0   1400       850400
   124  0 1  95.62  9943.00 2   0.0 -36.9    136670850   0   1650       853550
   125  0 1  95.62  9950.50 2   0.0 -37.2    137540800   0   1550       869950
   126  0 1  95.27  9955.00 2   0.0 -37.5    138436200   0   1750       895400
   127  0 1  94.22  9964.00 2   0.0 -38.4    140334600   0   1800      1898400
   128  0 1  95.62  9970.00 2   0.0 -38.8    141350000   0   1800      1015400
   129  0 1  95.62  9976.00 2   0.0 -39.1    142410550   0   1750      1060550
   130  0 1  95.62  9979.00 2   0.0 -39.7    143513350   0   1750      1102800
   131  0 1  95.62  9985.00 2   0.0 -40.0    144646250   0   1450      1132900
   132  0 1  94.22  9989.50 2   0.0 -40.3    145795200   0   1350      1148950
   133  0 1  94.57  9994.00 2   0.0 -40.9    146939700   0   1650      1144500
   134  0 1  94.57  9998.50 2   0.0 -41.3    148062250   0   1400      1122550
   135  0 1  94.22 10004.50 2   0.0 -41.6    149146950   0   1700      1084700
   136  0 1  95.62 10015.00 2   0.0 -42.5    151177400   0   1550      2030450
   137  0 1  94.92 10019.50 2   0.0 -43.1    152122650   0   1350       945250
   138  0 1  95.27 10024.00 2   0.0 -43.4    153029500   0   1700       906850
   139  0 1  94.92 10030.00 2   0.0 -44.1    153906150   0   1350       876650
   140  0 1  95.62 10034.50 2   0.0 -44.4    154764150   0   1450       858000
   141  0 1  94.22 10040.50 2   0.0 -45.0    155613900   0   1800       849750
   142  0 1  94.22 10045.00 2   0.0 -45.6    156465550   0   1700       851650
   143  0 1  94.92 10048.00 2   0.0 -45.9    157330450   0   1750       864900
   144  0 1  94.22 10055.50 2   0.0 -46.6    158218200   0   1450       887750
   145  0 1  95.27 10064.50 2   0.0 -47.5    160097550   0   1650      1879350
   146  0 1  95.27 10069.00 2   0.0 -48.1    161101350   0   1350      1003800
   147  0 1  94.22 10073.50 2   0.0 -48.4    162150900   0   1550      1049550
   148  0 1  94.57 10078.00 2   0.0 -49.1    163244200   0   1350      1093300
   149  0 1  94.22 10084.00 2   0.0 -49.7    164371450   0   1800      1127250
   150  0 1  94.92 10090.00 2   0.0 -50.3    165518500   0   1500      1147050
   151  0 1  94.22 10094.50 2   0.0 -50.6    166666650   0   1800      1148150
   152  0 1  94.22 10099.00 2   0.0 -51.3    167795750   0   1650      1129100
   153  0 1  95.62 10105.00 2   0.0 -51.9    168891100   0   1800      1095350
   154  0 1  95.27 10114.00 2   0.0 -53.1    170944500   0   1450      2053400
   155  0 1  94.57 10118.50 2   0.0 -53.4    171900350   0   1650       955850
   156  0 1  95.62 10126.00 2   0.0 -54.1    172815600   0   1600       915250
   157  0 1  94.57  9878.50 2   0.0 -54.7    173698150   0   1500       882550
   158  0 1  94.92  9884.50 2   0.0 -55.3    174560450   0   1650       862300
   159  0 1  94.57  9889.00 2   0.0 -55.9    175411750   0   1450       851300
   160  0 1  95.62  9895.00 2   0.0 -56.6    176263200   0   1500       851450
   161  0 1  95.62  9898.00 2   0.0 -57.2    177124650   0   1800       861450
   162  0 1  94.92  9904.00 2   0.0 -57.5    178006450   0   1350       881800
   163  0 1  94.22  9916.00 2   0.0 -58.8    179866800   0   1350      1860350
   164  0 1  94.57  9919.00 2   0.0 -59.4    180859900   0   1450       993100
   165  0 1  94.57  9925.00 2   0.0 -60.0    181899700   0   1450      1039800
   166  0 1  95.62  9931.00 2   0.0 -60.6    182984150   0   1350      1084450
   167  0 1  94.57  9934.00 2   0.0 -61.3    184104550   0   1350      1120400
   168  0 1  94.57  9938.50 2   0.0 -61.9    185248250   0   1400      1143700
   169  0 1  95.62  9946.00 2   0.0 -62.5    186397450   0   1650      1149200
   170  0 1  94.57  9950.50 2   0.0 -63.1    187532200   0   1400      1134750
   171  0 1  94.92  9955.00 2   0.0 -63.8    188636650   0   1450      1104450
   172  0 1  94.22  9964.00 2   0.0 -65.0    190713250   0   1350      2076600
   173  0 1  95.62  9970.00 2   0.0 -65.6    191679100   0   1550       965850
   174  0 1  94.22  9976.00 2   0.0 -66.3    192602700   0   1550       923600
   175  0 1  95.62  9980.50 2   0.0 -66.9    193492550   0   1800       889850
   176  0 1  94.22  9985.00 2   0.0 -67.5    194358900   0   1800       866350
   177  0 1  95.27  9989.50 2   0.0 -68.1    195212350   0   1350       853450
   178  0 1  95.27  9994.00 2   0.0 -68.8    196062350   0   1600       850000
   179  0 1  94.57 10000.00 2   0.0 -69.4    196920400   0   1350       858050
