    NO  S V  AOA    FREQ    B  FMOP  AMP      TOA      PMOP  PW         dTOA  
------ -- - ------ -------- - ----- ----- ------------ --- ------ ------------
     0  0 1  94.92 10004.50 2   0.0 -70.0            0   0   1600  42949673000
     1  0 1  94.92 10015.00 2   0.0 -68.8      2045350   0   1800      2045350
     2  0 1  95.27 10019.50 2   0.0 -68.1      3134800   0   1400      1089450
     3  0 1  95.62 10025.50 2   0.0 -67.5      4258850   0   1350      1124050
     4  0 1  95.62 10030.00 2   0.0 -66.9      5404050   0   1600      1145200
     5  0 1  94.22 10033.00 2   0.0 -66.3      6552400   0   1650      1148350
     6  0 1  95.62 10040.50 2   0.0 -65.6      7684850   0   1650      1132450
     7  0 1  94.57 10045.00 2   0.0 -65.0      8783550   0   1700      1098700
     8  0 1  95.27 10048.00 2   0.0 -64.4      9838550   0   1350      1055000
     9  0 1  94.92 10055.50 2   0.0 -63.8     10845500   0   1500      1006950
    10  0 1  94.22 10064.50 2   0.0 -62.5     12724650   0   1450      1879150
    11  0 1  95.62 10070.50 2   0.0 -61.9     13610250   0   1400       885600
    12  0 1  94.57 10075.00 2   0.0 -61.3     14474550   0   1650       864300
    13  0 1  94.57 10078.00 2   0.0 -60.6     15326250   0   1750       851700
    14  0 1  94.92 10084.00 2   0.0 -60.0     16176250   0   1400       850000
    15  0 1  95.27 10088.50 2   0.0 -59.4     17036300   0   1350       860050
    16  0 1  94.92 10093.00 2   0.0 -58.8     17915750   0   1400       879450
    17  0 1  94.22 10100.50 2   0.0 -58.1     18824000   0   1500       908250
    18  0 1  94.57 10105.00 2   0.0 -57.5     19769350   0   1650       945350
    19  0 1  94.22 10114.00 2   0.0 -56.6     21792600   0   1400      2023250
    20  0 1  95.62 10118.50 2   0.0 -55.9     22872500   0   1800      1079900
    21  0 1  95.27 10123.00 2   0.0 -55.3     23989450   0   1550      1116950
    22  0 1  94.57  9880.00 2   0.0 -54.7     25131300   0   1350      1141850
    23  0 1  94.92  9884.50 2   0.0 -54.1     26280350   0   1550      1149050
    24  0 1  95.27  9889.00 2   0.0 -53.4     27418700   0   1800      1138350
    25  0 1  94.22  9895.00 2   0.0 -53.1     28526350   0   1500      1107650
    26  0 1  95.27  9898.00 2   0.0 -52.5     29592150   0   1350      1065800
    27  0 1  94.92  9904.00 2   0.0 -51.9     30610750   0   1350      1018600
    28  0 1  94.92  9914.50 2   0.0 -50.6     32509100   0   1400      1898350
    29  0 1  95.62  9919.00 2   0.0 -50.3     33402150   0   1800       893050
    30  0 1  95.62  9925.00 2   0.0 -49.7     34270500   0   1700       868350
    31  0 1  95.27  9929.50 2   0.0 -49.1     35123550   0   1350       853050
    32  0 1  94.92  9935.50 2   0.0 -48.4     35973300   0   1800       849750
    33  0 1  94.57  9940.00 2   0.0 -48.1     36828900   0   1400       855600
    34  0 1  95.62  9943.00 2   0.0 -47.5     37702400   0   1350       873500
    35  0 1  95.62  9949.00 2   0.0 -46.9     38602400   0   1450       900000
    36  0 1  94.57  9955.00 2   0.0 -46.6     39538250   0   1450       935850
    37  0 1  94.92  9964.00 2   0.0 -45.6     41540350   0   1450      2002100
    38  0 1  95.62  9970.00 2   0.0 -45.0     42609100   0   1650      1068750
    39  0 1  95.62  9974.50 2   0.0 -44.4     43717750   0   1600      1108650
    40  0 1  95.62  9979.00 2   0.0 -44.1     44855050   0   1550      1137300
    41  0 1  95.27  9985.00 2   0.0 -43.4     46004200   0   1350      1149150
    42  0 1  94.22  9989.50 2   0.0 -43.1     47146300   0   1400      1142100
    43  0 1  94.22  9994.00 2   0.0 -42.5     48263550   0   1500      1117250
    44  0 1  94.22 10000.00 2   0.0 -42.2     49340850   0   1800      1077300
    45  0 1  95.27 10003.00 2   0.0 -41.6     50370350   0   1500      1029500
    46  0 1  94.22 10015.00 2   0.0 -40.9     52290700   0   1700      1920350
    47  0 1  95.62 10019.50 2   0.0 -40.3     53191350   0   1350       900650
    48  0 1  94.22 10024.00 2   0.0 -40.0     54064450   0   1600       873100
    49  0 1  94.57 10030.00 2   0.0 -39.7     54920650   0   1600       856200
    50  0 1  94.92 10034.50 2   0.0 -39.1     55770850   0   1600       850200
    51  0 1  94.22 10039.00 2   0.0 -38.8     56624550   0   1750       853700
    52  0 1  94.22 10045.00 2   0.0 -38.4     57493300   0   1500       868750
    53  0 1  94.57 10049.50 2   0.0 -38.1     58386250   0   1500       892950
    54  0 1  95.27 10054.00 2   0.0 -37.5     59313600   0   1750       927350
    55  0 1  95.62 10066.00 2   0.0 -36.9     61293000   0   1600      1979400
    56  0 1  95.62 10069.00 2   0.0 -36.6     62351800   0   1350      1058800
    57  0 1  94.92 10075.00 2   0.0 -36.3     63453000   0   1400      1101200
    58  0 1  95.62 10078.00 2   0.0 -35.9     64585400   0   1400      1132400
    59  0 1  94.22 10084.00 2   0.0 -35.6     65733550   0   1800      1148150
    60  0 1  94.57 10090.00 2   0.0 -35.3     66879500   0   1400      1145950
    61  0 1  94.22 10094.50 2   0.0 -35.0     68003400   0   1400      1123900
    62  0 1  94.22 10100.50 2   0.0 -34.7     69090900   0   1350      1087500
    63  0 1  94.22 10103.50 2   0.0 -34.4     70132450   0   1500      1041550
    64  0 1  94.22 10114.00 2   0.0 -33.8     72073500   0   1600      1941050
    65  0 1  95.27 10120.00 2   0.0 -33.4     72982650   0   1400       909150
    66  0 1  94.22 10124.50 2   0.0 -33.4     73862100   0   1400       879450
    67  0 1  94.92  9880.00 2   0.0 -33.1     74721150   0   1550       859050
    68  0 1  95.27  9886.00 2   0.0 -32.8     75570650   0   1450       849500
    69  0 1  94.22  9890.50 2   0.0 -32.5     76422500   0   1450       851850
    70  0 1  95.27  9893.50 2   0.0 -32.5     77286750   0   1700       864250
    71  0 1  94.92  9901.00 2   0.0 -32.2     78174100   0   1350       887350
    72  0 1  94.57  9904.00 2   0.0 -31.9     79092200   0   1350       918100
    73  0 1  95.27  9914.50 2   0.0 -31.6     81051250   0   1650      1959050
    74  0 1  94.92  9920.50 2   0.0 -31.6     82099600   0   1600      1048350
    75  0 1  94.57  9925.00 2   0.0 -31.3     83190900   0   1600      1091300
    76  0 1  94.22  9931.00 2   0.0 -31.3     84316550   0   1800      1125650
    77  0 1  95.27  9935.50 2   0.0 -30.9     85462600   0   1500      1146050
    78  0 1  94.57  9940.00 2   0.0 -30.9     86610300   0   1350      1147700
    79  0 1  94.57  9943.00 2   0.0 -30.6     87741050   0   1800      1130750
    80  0 1  94.57  9949.00 2   0.0 -30.6     88838300   0   1750      1097250
    81  0 1  95.62  9955.00 2   0.0 -30.6     89891050   0   1800      1052750
    82  0 1  94.57  9964.00 2   0.0 -30.3     91854400   0   1450      1963350
    83  0 1  95.62  9968.50 2   0.0 -30.3     92771300   0   1550       916900
    84  0 1  94.92  9973.00 2   0.0 -30.3     93656700   0   1700       885400
    85  0 1  94.57  9979.00 2   0.0 -30.0     94519700   0   1400       863000
    86  0 1  95.62  9983.50 2   0.0 -30.0     95370900   0   1650       851200
    87  0 1  94.92  9991.00 2   0.0 -30.0     96221900   0   1600       851000
    88  0 1  95.27  9994.00 2   0.0 -30.0     97081500   0   1400       859600
    89  0 1  95.27 10000.00 2   0.0 -30.0     97961550   0   1600       880050
    90  0 1  95.62 10006.00 2   0.0 -30.0     98871900   0   1650       910350
    91  0 1  94.22 10015.00 2   0.0 -30.0    100810600   0   1400      1938700
    92  0 1  94.57 10019.50 2   0.0 -30.0    101847850   0   1800      1037250
    93  0 1  94.92 10024.00 2   0.0 -30.0    102929550   0   1400      1081700
    94  0 1  95.62 10030.00 2   0.0 -30.0    104048400   0   1750      1118850
    95  0 1  94.57 10036.00 2   0.0 -30.3    105191550   0   1550      1143150
    96  0 1  95.27 10039.00 2   0.0 -30.3    106341000   0   1500      1149450
    97  0 1  95.62 10043.50 2   0.0 -30.3    107476950   0   1350      1135950
    98  0 1  95.62 10049.50 2   0.0 -30.3    108582800   0   1450      1105850
    99  0 1  95.27 10054.00 2   0.0 -30.6    109646800   0   1500      1064000
   100  0 1  95.62 10066.00 2   0.0 -30.6    111630500   0   1650      1983700
   101  0 1  95.62 10069.00 2   0.0 -30.9    112556600   0   1650       926100
   102  0 1  95.62 10075.00 2   0.0 -30.9    113448800   0   1500       892200
   103  0 1  94.57 10078.00 2   0.0 -31.3    114316200   0   1750       867400
   104  0 1  94.92 10085.50 2   0.0 -31.3    115169250   0   1750       853050
   105  0 1  95.27 10090.00 2   0.0 -31.6    116018950   0   1650       849700
   106  0 1  94.92 10093.00 2   0.0 -31.6    116875600   0   1650       856650
   107  0 1  94.92 10099.00 2   0.0 -31.9    117750700   0   1500       875100
   108  0 1  95.62 10105.00 2   0.0 -31.9    118652600   0   1700       901900
   109  0 1  95.62 10114.00 2   0.0 -32.5    120570250   0   1550      1917650
   110  0 1  94.92 10120.00 2   0.0 -32.5    121596400   0   1500      1026150
   111  0 1  94.22 10123.00 2   0.0 -32.8    122668300   0   1350      1071900
   112  0 1  94.92  9880.00 2   0.0 -33.1    123778950   0   1800      1110650
   113  0 1  95.62  9884.50 2   0.0 -33.4    124917600   0   1800      1138650
   114  0 1  95.62  9889.00 2   0.0 -33.4    126066650   0   1750      1149050
   115  0 1  95.62  9893.50 2   0.0 -33.8    127207500   0   1450      1140850
   116  0 1  95.27  9901.00 2   0.0 -34.1    128322350   0   1450      1114850
   117  0 1  94.57  9904.00 2   0.0 -34.4    129397450   0   1500      1075100
   118  0 1  94.22  9916.00 2   0.0 -35.0    131405300   0   1450      2007850
   119  0 1  94.57  9919.00 2   0.0 -35.3    132340750   0   1350       935450
   120  0 1  95.62  9923.50 2   0.0 -35.6    133239900   0   1600       899150
   121  0 1  95.27  9928.00 2   0.0 -35.9    134111650   0   1400       871750
   122  0 1  94.22  9934.00 2   0.0 -36.3    134967050   0   1450       855400
   123  0 1  94.22  9940.00 2   0.0 -36.6    135817200   0   1400       850150
   124  0 1  95.27  9943.00 2   0.0 -36.9    136671300   0   1700       854100
   125  0 1  95.62  9949.00 2   0.0 -37.2    137541000   0   1800       869700
   126  0 1  95.27  9955.00 2   0.0 -37.5    138435700   0   1800       894700
   127  0 1  95.27  9965.50 2   0.0 -38.4    140335000   0   1450      1899300
   128  0 1  95.62  9970.00 2   0.0 -38.8    141350050   0   1650      1015050
   129  0 1  94.57  9976.00 2   0.0 -39.1    142410600   0   1600      1060550
   130  0 1  94.22  9980.50 2   0.0 -39.7    143513900   0   1800      1103300
   131  0 1  94.22  9985.00 2   0.0 -40.0    144646550   0   1350      1132650
   132  0 1  94.57  9991.00 2   0.0 -40.3    145795850   0   1500      1149300
   133  0 1  94.92  9995.50 2   0.0 -40.9    146940450   0   1700      1144600
   134  0 1  94.57 10000.00 2   0.0 -41.3    148062450   0   1650      1122000
   135  0 1  95.27 10006.00 2   0.0 -41.6    149147750   0   1350      1085300
   136  0 1  95.27 10015.00 2   0.0 -42.5    151177600   0   1800      2029850
   137  0 1  95.27 10019.50 2   0.0 -43.1    152122900   0   1500       945300
   138  0 1  94.22 10024.00 2   0.0 -43.4    153030000   0   1600       907100
   139  0 1  95.62 10030.00 2   0.0 -44.1    153906500   0   1500       876500
   140  0 1  94.22 10033.00 2   0.0 -44.4    154764250   0   1550       857750
   141  0 1  95.27 10039.00 2   0.0 -45.0    155614250   0   1400       850000
   142  0 1  95.62 10043.50 2   0.0 -45.6    156466000   0   1550       851750
   143  0 1  94.22 10048.00 2   0.0 -45.9    157330950   0   1350       864950
   144  0 1  94.22 10054.00 2   0.0 -46.6    158218700   0   1700       887750
   145  0 1  94.22 10064.50 2   0.0 -47.5    160097550   0   1400      1878850
   146  0 1  94.92 10070.50 2   0.0 -48.1    161101800   0   1550      1004250
   147  0 1  95.62 10073.50 2   0.0 -48.4    162151900   0   1800      1050100
   148  0 1  94.22 10078.00 2   0.0 -49.1    163245150   0   1700      1093250
   149  0 1  94.22 10084.00 2   0.0 -49.7    164371900   0   1400      1126750
   150  0 1  94.92 10090.00 2   0.0 -50.3    165518600   0   1350      1146700
   151  0 1  94.92 10093.00 2   0.0 -50.6    166666150   0   1550      1147550
   152  0 1  94.22 10099.00 2   0.0 -51.3    167794850   0   1500      1128700
   153  0 1  94.57 10105.00 2   0.0 -51.9    168889350   0   1400      1094500
   154  0 1  94.92 10114.00 2   0.0 -53.1    170942600   0   1500      2053250
   155  0 1  95.62 10120.00 2   0.0 -53.4    171898200   0   1450       955600
   156  0 1  94.22 10123.00 2   0.0 -54.1    172813000   0   1500       914800
   157  0 1  94.57  9878.50 2   0.0 -54.7    173697250   0   1500       884250
   158  0 1  94.57  9884.50 2   0.0 -55.3    174559000   0   1450       861750
   159  0 1  94.22  9890.50 2   0.0 -55.9    175409700   0   1450       850700
   160  0 1  95.62  9895.00 2   0.0 -56.6    176260400   0   1800       850700
   161  0 1  94.57  9898.00 2   0.0 -57.2    177121050   0   1450       860650
   162  0 1  95.62  9905.50 2   0.0 -57.5    178003500   0   1400       882450
   163  0 1  94.22  9913.00 2   0.0 -58.8    179863300   0   1550      1859800
   164  0 1  94.57  9920.50 2   0.0 -59.4    180856700   0   1750       993400
   165  0 1  94.22  9923.50 2   0.0 -60.0    181895300   0   1350      1038600
   166  0 1  95.27  9931.00 2   0.0 -60.6    182979300   0   1350      1084000
   167  0 1  94.92  9935.50 2   0.0 -61.3    184099700   0   1500      1120400
   168  0 1  94.57  9938.50 2   0.0 -61.9    185243800   0   1700      1144100
   169  0 1  94.92  9943.00 2   0.0 -62.5    186392450   0   1450      1148650
   170  0 1  95.27  9950.50 2   0.0 -63.1    187527100   0   1400      1134650
   171  0 1  95.27  9953.50 2   0.0 -63.8    188631650   0   1550      1104550
   172  0 1  94.57  9965.50 2   0.0 -65.0    190707950   0   1800      2076300
   173  0 1  94.92  9968.50 2   0.0 -65.6    191673900   0   1600       965950
   174  0 1  94.22  9976.00 2   0.0 -66.3    192598150   0   1350       924250
   175  0 1  94.92  9979.00 2   0.0 -66.9    193487650   0   1600       889500
   176  0 1  94.22  9985.00 2   0.0 -67.5    194354100   0   1400       866450
   177  0 1  95.62  9991.00 2   0.0 -68.1    195207050   0   1600       852950
   178  0 1  95.27  9995.50 2   0.0 -68.8    196056600   0   1400       849550
   179  0 1  94.22 10000.00 2   0.0 -69.4    196914700   0   1600       858100
