    NO  S V  AOA    FREQ    B  FMOP  AMP      TOA      PMOP  PW         dTOA  
------ -- - ------ -------- - ----- ----- ------------ --- ------ ------------
     0  0 1  95.62 10000.00 2   0.0 -70.0            0   0    850  42949673000
     1  0 1  94.92 10000.00 2   0.0 -67.5       999650   0   1100       999650
     2  0 1  94.22  9998.50 2   0.0 -65.0      1999600   0    900       999950
     3  0 1  95.27 10000.00 2   0.0 -62.5      3000050   0   1000      1000450
     4  0 1  95.27 10000.00 2   0.0 -60.0      3999700   0    750       999650
     5  0 1  95.62  9998.50 2   0.0 -57.5      4999300   0   1200       999600
     6  0 1  94.92 10000.00 2   0.0 -53.1      6998550   0    800      1999250
     7  0 1  94.57  9998.50 2   0.0 -50.6      7998850   0   1150      1000300
     8  0 1  94.57 10000.00 2   0.0 -48.4      8999250   0   1050      1000400
     9  0 1  95.62 10000.00 2   0.0 -46.6      9999150   0   1100       999900
    10  0 1  94.92 10000.00 2   0.0 -44.4     10999000   0    850       999850
    11  0 1  95.62  9998.50 2   0.0 -42.5     11998500   0   1000       999500
    12  0 1  94.92  9998.50 2   0.0 -40.9     12998750   0   1100      1000250
    13  0 1  94.92  9998.50 2   0.0 -39.1     13998850   0   1000      1000100
    14  0 1  94.57  9998.50 2   0.0 -37.5     14999200   0    750      1000350
    15  0 1  94.92 10000.00 2   0.0 -35.0     16999700   0    900      2000500
    16  0 1  95.27 10000.00 2   0.0 -33.8     17999600   0    900       999900
    17  0 1  94.57 10000.00 2   0.0 -32.8     18999750   0   1150      1000150
    18  0 1  94.22 10000.00 2   0.0 -31.9     20000100   0    850      1000350
    19  0 1  94.57 10000.00 2   0.0 -31.3     21000450   0   1000      1000350
    20  0 1  95.27 10000.00 2   0.0 -30.6     22000450   0    750      1000000
    21  0 1  95.27 10000.00 2   0.0 -30.3     23000650   0   1000      1000200
    22  0 1  95.27 10000.00 2   0.0 -30.0     24000950   0   1000      1000300
    23  0 1  94.22 10000.00 2   0.0 -30.0     25000450   0    800       999500
    24  0 1  94.57 10000.00 2   0.0 -30.3     27000600   0    750      2000150
    25  0 1  94.92  9998.50 2   0.0 -30.6     28000250   0   1050       999650
    26  0 1  95.27  9998.50 2   0.0 -31.3     29000550   0    800      1000300
    27  0 1  94.92  9998.50 2   0.0 -31.9     30000800   0   1200      1000250
    28  0 1  95.62 10000.00 2   0.0 -32.8     31000650   0   1050       999850
    29  0 1  94.92  9998.50 2   0.0 -33.8     32000400   0    750       999750
    30  0 1  94.92  9998.50 2   0.0 -35.0     33000050   0    800       999650
    31  0 1  95.27  9998.50 2   0.0 -36.3     34000350   0    800      1000300
    32  0 1  94.92  9998.50 2   0.0 -37.5     34999900   0    800       999550
    33  0 1  94.22 10000.00 2   0.0 -40.9     36999800   0    850      1999900
    34  0 1  95.62  9998.50 2   0.0 -42.5     38000050   0    750      1000250
    35  0 1  95.27 10000.00 2   0.0 -44.4     39000100   0   1200      1000050
    36  0 1  95.62 10000.00 2   0.0 -46.6     40000500   0   1150      1000400
    37  0 1  95.62  9998.50 2   0.0 -48.4     41000950   0    850      1000450
    38  0 1  94.22  9998.50 2   0.0 -50.6     42001050   0    800      1000100
    39  0 1  94.57 10000.00 2   0.0 -53.1     43001050   0    800      1000000
    40  0 1  94.22  9998.50 2   0.0 -55.3     44001100   0   1200      1000050
    41  0 1  94.92 10000.00 2   0.0 -57.5     45000700   0    950       999600
    42  0 1  94.92 10000.00 2   0.0 -62.5     47000250   0    950      1999550
    43  0 1  95.62 10000.00 2   0.0 -65.0     48000150   0   1150       999900
    44  0 1  95.62 10000.00 2   0.0 -67.5     48999650   0   1150       999500
