    NO  S V  AOA    FREQ    B  FMOP  AMP      TOA      PMOP  PW         dTOA  
------ -- - ------ -------- - ----- ----- ------------ --- ------ ------------
     0  0 1 109.69  5265.00 1   0.0 -68.8       491700   0   3000  42950164700
     1  0 1 109.69  5277.50 1   0.0 -67.5      1011450   0   3000       519750
     2  0 1 109.69  5288.75 1   0.0 -66.3      1506250   0   2950       494800
     3  0 1 109.69  5296.25 1   0.0 -65.0      1965950   0   3000       459700
     4  0 1 109.69  5298.75 1   0.0 -63.8      2454700   0   2950       488750
     5  0 1 109.69  5297.50 1   0.0 -62.5      2904100   0   3000       449400
     6  0 1 109.69  5291.25 1   0.0 -61.3      3369800   0   2950       465700
     7  0 1 109.69  5281.25 1   0.0 -60.0      3863900   0   3000       494100
     8  0 1 109.69  5268.75 1   0.0 -58.8      4379350   0   3000       515450
     9  0 1 109.69  5237.50 1   0.0 -56.6      5408700   0   3000      1029350
    10  0 1 109.69  5222.50 1   0.0 -55.3      5877300   0   2950       468600
    11  0 1 109.69  5211.25 1   0.0 -54.1      6399450   0   3000       522150
    12  0 1 109.69  5203.75 1   0.0 -53.1      6877150   0   3000       477700
    13  0 1 109.69  5200.00 1   0.0 -51.9      7391900   0   2950       514750
    14  0 1 109.69  5200.00 1   0.0 -50.6      7935250   0   3000       543350
    15  0 1 109.69  5208.75 1   0.0 -49.7      8471850   0   2950       536600
    16  0 1 109.69  5218.75 1   0.0 -48.4      8926250   0   3000       454400
    17  0 1 109.69  5232.50 1   0.0 -47.5      9440650   0   2950       514400
    18  0 1 109.69  5262.50 1   0.0 -45.6     10471050   0   3000      1030400
    19  0 1 109.69  5276.25 1   0.0 -44.4     10939800   0   2950       468750
    20  0 1 109.69  5287.50 1   0.0 -43.4     11422050   0   2950       482250
    21  0 1 109.69  5295.00 1   0.0 -42.5     11898950   0   2950       476900
    22  0 1 109.69  5300.00 1   0.0 -41.6     12364450   0   3000       465500
    23  0 1 109.69  5296.25 1   0.0 -40.9     12902700   0   3000       538250
    24  0 1 109.69  5291.25 1   0.0 -40.0     13451800   0   2950       549100
    25  0 1 109.69  5281.25 1   0.0 -39.1     13909850   0   2950       458050
    26  0 1 109.69  5266.25 1   0.0 -38.4     14450950   0   3000       541100
    27  0 1 109.69  5235.00 1   0.0 -36.9     15479900   0   2950      1028950
    28  0 1 109.69  5221.25 1   0.0 -36.3     15965050   0   2950       485150
    29  0 1 109.69  5208.75 1   0.0 -35.6     16491400   0   2950       526350
    30  0 1 109.69  5201.25 1   0.0 -35.0     17041700   0   3000       550300
    31  0 1 109.69  5200.00 1   0.0 -34.4     17523200   0   3000       481500
    32  0 1 109.69  5202.50 1   0.0 -33.8     18051700   0   3000       528500
    33  0 1 109.69  5210.00 1   0.0 -33.4     18569250   0   2950       517550
    34  0 1 109.69  5220.00 1   0.0 -32.8     19053250   0   3000       484000
    35  0 1 109.69  5235.00 1   0.0 -32.5     19563950   0   2950       510700
    36  0 1 109.69  5266.25 1   0.0 -31.6     20527900   0   3000       963950
    37  0 1 109.69  5278.75 1   0.0 -31.3     21059900   0   2950       532000
    38  0 1 109.69  5291.25 1   0.0 -30.9     21605650   0   2950       545750
    39  0 1 109.69  5297.50 1   0.0 -30.6     22118550   0   2950       512900
    40  0 1 109.69  5297.50 1   0.0 -30.6     22615000   0   3000       496450
    41  0 1 109.69  5295.00 1   0.0 -30.3     23128350   0   3000       513350
    42  0 1 109.69  5288.75 1   0.0 -30.3     23587550   0   2950       459200
    43  0 1 109.69  5276.25 1   0.0 -30.0     24068400   0   2950       480850
    44  0 1 109.69  5262.50 1   0.0 -30.0     24581600   0   2950       513200
    45  0 1 109.69  5231.25 1   0.0 -30.0     25548550   0   2950       966950
    46  0 1 109.69  5217.50 1   0.0 -30.0     26034400   0   2950       485850
    47  0 1 109.69  5207.50 1   0.0 -30.3     26510850   0   3000       476450
    48  0 1 109.69  5200.00 1   0.0 -30.3     26999550   0   3000       488700
    49  0 1 109.69  5200.00 1   0.0 -30.6     27514550   0   2950       515000
    50  0 1 109.69  5201.25 1   0.0 -30.6     27985850   0   2950       471300
    51  0 1 109.69  5207.50 1   0.0 -30.9     28473400   0   2950       487550
    52  0 1 109.69  5220.00 1   0.0 -31.3     28944400   0   3000       471000
    53  0 1 109.69  5230.00 1   0.0 -31.6     29419800   0   2950       475400
    54  0 1 109.69  5261.25 1   0.0 -32.5     30384500   0   2950       964700
    55  0 1 109.69  5277.50 1   0.0 -32.8     30920150   0   3000       535650
    56  0 1 109.69  5286.25 1   0.0 -33.4     31398800   0   2950       478650
    57  0 1 109.69  5296.25 1   0.0 -33.8     31932400   0   2950       533600
    58  0 1 109.69  5298.75 1   0.0 -34.4     32470500   0   3000       538100
    59  0 1 109.69  5297.50 1   0.0 -35.0     32966650   0   2950       496150
    60  0 1 109.69  5290.00 1   0.0 -35.6     33478900   0   3000       512250
    61  0 1 109.69  5280.00 1   0.0 -36.3     33964300   0   3000       485400
    62  0 1 109.69  5265.00 1   0.0 -36.9     34485950   0   2950       521650
    63  0 1 109.69  5233.75 1   0.0 -38.4     35506550   0   3000      1020600
    64  0 1 109.69  5221.25 1   0.0 -39.1     35961400   0   2950       454850
    65  0 1 109.69  5210.00 1   0.0 -40.0     36493350   0   3000       531950
    66  0 1 109.69  5201.25 1   0.0 -40.9     37012800   0   3000       519450
    67  0 1 109.69  5200.00 1   0.0 -41.6     37520550   0   3000       507750
    68  0 1 109.69  5202.50 1   0.0 -42.5     38002800   0   2950       482250
    69  0 1 109.69  5210.00 1   0.0 -43.4     38552350   0   3000       549550
    70  0 1 109.69  5220.00 1   0.0 -44.4     39003800   0   2950       451450
    71  0 1 109.69  5233.75 1   0.0 -45.6     39538550   0   2950       534750
    72  0 1 109.69  5265.00 1   0.0 -47.5     40528250   0   3000       989700
    73  0 1 109.69  5280.00 1   0.0 -48.4     41005500   0   2950       477250
    74  0 1 109.69  5290.00 1   0.0 -49.7     41505000   0   3000       499500
    75  0 1 109.69  5297.50 1   0.0 -50.6     42054250   0   3000       549250
    76  0 1 109.69  5297.50 1   0.0 -51.9     42593900   0   3000       539650
    77  0 1 109.69  5295.00 1   0.0 -53.1     43064150   0   2950       470250
    78  0 1 109.69  5287.50 1   0.0 -54.1     43562550   0   2950       498400
    79  0 1 109.69  5277.50 1   0.0 -55.3     44023050   0   3000       460500
    80  0 1 109.69  5265.00 1   0.0 -56.6     44478500   0   2950       455450
    81  0 1 109.69  5231.25 1   0.0 -58.8     45532600   0   2950      1054100
    82  0 1 109.69  5220.00 1   0.0 -60.0     46001950   0   2950       469350
    83  0 1 109.69  5210.00 1   0.0 -61.3     46454650   0   2950       452700
    84  0 1 109.69  5203.75 1   0.0 -62.5     46905350   0   2950       450700
    85  0 1 109.69  5198.75 1   0.0 -63.8     47367650   0   3000       462300
    86  0 1 109.69  5200.00 1   0.0 -65.0     47915150   0   3000       547500
    87  0 1 109.69  5208.75 1   0.0 -66.3     48418400   0   2950       503250
    88  0 1 109.69  5215.00 1   0.0 -67.5     48875600   0   2950       457200
    89  0 1 109.69  5230.00 1   0.0 -68.8     49354000   0   3000       478400
