    NO  S V  AOA    FREQ    B  FMOP  AMP      TOA      PMOP  PW         dTOA  
------ -- - ------ -------- - ----- ----- ------------ --- ------ ------------
     0  0 1 109.69  5250.00 1   0.0 -70.0            0   0   3000  42949673000
     1  0 1 109.69  5263.75 1   0.0 -68.8       491350   0   3000       491350
     2  0 1 109.69  5277.50 1   0.0 -67.5       982450   0   3000       491100
     3  0 1 109.69  5290.00 1   0.0 -66.3      1493350   0   3000       510900
     4  0 1 109.69  5297.50 1   0.0 -65.0      2017450   0   2950       524100
     5  0 1 109.69  5298.75 1   0.0 -63.8      2520400   0   2950       502950
     6  0 1 109.69  5288.75 1   0.0 -61.3      3546700   0   2950      1026300
     7  0 1 109.69  5277.50 1   0.0 -60.0      4015500   0   3000       468800
     8  0 1 109.69  5263.75 1   0.0 -58.8      4543400   0   2950       527900
     9  0 1 109.69  5247.50 1   0.0 -57.5      5079150   0   2950       535750
    10  0 1 109.69  5232.50 1   0.0 -56.6      5578600   0   3000       499450
    11  0 1 109.69  5217.50 1   0.0 -55.3      6109800   0   3000       531200
    12  0 1 109.69  5206.25 1   0.0 -54.1      6577500   0   2950       467700
    13  0 1 109.69  5201.25 1   0.0 -53.1      7085250   0   3000       507750
    14  0 1 109.69  5200.00 1   0.0 -51.9      7572200   0   2950       486950
    15  0 1 109.69  5210.00 1   0.0 -49.7      8483700   0   2950       911500
    16  0 1 109.69  5217.50 1   0.0 -48.4      8968550   0   2950       484850
    17  0 1 109.69  5233.75 1   0.0 -47.5      9476500   0   3000       507950
    18  0 1 109.69  5250.00 1   0.0 -46.6     10005400   0   3000       528900
    19  0 1 109.69  5265.00 1   0.0 -45.6     10520050   0   2950       514650
    20  0 1 109.69  5278.75 1   0.0 -44.4     10981300   0   3000       461250
    21  0 1 109.69  5290.00 1   0.0 -43.4     11497350   0   2950       516050
    22  0 1 109.69  5296.25 1   0.0 -42.5     11996850   0   3000       499500
    23  0 1 109.69  5300.00 1   0.0 -41.6     12534550   0   3000       537700
    24  0 1 109.69  5290.00 1   0.0 -40.0     13485100   0   3000       950550
    25  0 1 109.69  5280.00 1   0.0 -39.1     13994700   0   3000       509600
    26  0 1 109.69  5265.00 1   0.0 -38.4     14492700   0   2950       498000
    27  0 1 109.69  5250.00 1   0.0 -37.5     14979500   0   2950       486800
    28  0 1 109.69  5233.75 1   0.0 -36.9     15487300   0   3000       507800
    29  0 1 109.69  5222.50 1   0.0 -36.3     15942100   0   3000       454800
    30  0 1 109.69  5210.00 1   0.0 -35.6     16489050   0   2950       546950
    31  0 1 109.69  5202.50 1   0.0 -35.0     16983400   0   2950       494350
    32  0 1 109.69  5198.75 1   0.0 -34.4     17465800   0   2950       482400
    33  0 1 109.69  5207.50 1   0.0 -33.4     18515650   0   2950      1049850
    34  0 1 109.69  5220.00 1   0.0 -32.8     19050700   0   3000       535050
    35  0 1 109.69  5235.00 1   0.0 -32.5     19517450   0   3000       466750
    36  0 1 109.69  5250.00 1   0.0 -31.9     20041550   0   2950       524100
    37  0 1 109.69  5265.00 1   0.0 -31.6     20538150   0   2950       496600
    38  0 1 109.69  5278.75 1   0.0 -31.3     21056000   0   3000       517850
    39  0 1 109.69  5291.25 1   0.0 -30.9     21536400   0   3000       480400
    40  0 1 109.69  5296.25 1   0.0 -30.6     22073650   0   3000       537250
    41  0 1 109.69  5300.00 1   0.0 -30.6     22589650   0   2950       516000
    42  0 1 109.69  5288.75 1   0.0 -30.3     23606750   0   3000      1017100
    43  0 1 109.69  5275.00 1   0.0 -30.0     24110900   0   2950       504150
    44  0 1 109.69  5260.00 1   0.0 -30.0     24658750   0   2950       547850
    45  0 1 109.69  5243.75 1   0.0 -30.0     25154200   0   3000       495450
    46  0 1 109.69  5230.00 1   0.0 -30.0     25681350   0   2950       527150
    47  0 1 109.69  5215.00 1   0.0 -30.0     26146750   0   3000       465400
    48  0 1 109.69  5205.00 1   0.0 -30.3     26676150   0   3000       529400
    49  0 1 109.69  5200.00 1   0.0 -30.3     27206500   0   2950       530350
    50  0 1 109.69  5198.75 1   0.0 -30.6     27684800   0   3000       478300
    51  0 1 109.69  5213.75 1   0.0 -30.9     28734900   0   3000      1050100
    52  0 1 109.69  5227.50 1   0.0 -31.3     29241000   0   3000       506100
    53  0 1 109.69  5241.25 1   0.0 -31.6     29773400   0   2950       532400
    54  0 1 109.69  5257.50 1   0.0 -31.9     30234350   0   2950       460950
    55  0 1 109.69  5272.50 1   0.0 -32.5     30767200   0   3000       532850
    56  0 1 109.69  5285.00 1   0.0 -32.8     31303200   0   2950       536000
    57  0 1 109.69  5293.75 1   0.0 -33.4     31802550   0   2950       499350
    58  0 1 109.69  5297.50 1   0.0 -33.8     32284850   0   2950       482300
    59  0 1 109.69  5297.50 1   0.0 -34.4     32796700   0   3000       511850
    60  0 1 109.69  5282.50 1   0.0 -35.6     33776050   0   3000       979350
    61  0 1 109.69  5270.00 1   0.0 -36.3     34315700   0   2950       539650
    62  0 1 109.69  5253.75 1   0.0 -36.9     34859600   0   3000       543900
    63  0 1 109.69  5236.25 1   0.0 -37.5     35398100   0   3000       538500
    64  0 1 109.69  5223.75 1   0.0 -38.4     35854600   0   3000       456500
    65  0 1 109.69  5213.75 1   0.0 -39.1     36311250   0   3000       456650
    66  0 1 109.69  5203.75 1   0.0 -40.0     36852800   0   2950       541550
    67  0 1 109.69  5200.00 1   0.0 -40.9     37308800   0   2950       456000
    68  0 1 109.69  5200.00 1   0.0 -41.6     37852200   0   2950       543400
    69  0 1 109.69  5215.00 1   0.0 -43.4     38829850   0   2950       977650
    70  0 1 109.69  5230.00 1   0.0 -44.4     39353300   0   3000       523450
    71  0 1 109.69  5245.00 1   0.0 -45.6     39841500   0   2950       488200
    72  0 1 109.69  5257.50 1   0.0 -46.6     40302450   0   3000       460950
    73  0 1 109.69  5275.00 1   0.0 -47.5     40837300   0   3000       534850
    74  0 1 109.69  5287.50 1   0.0 -48.4     41342150   0   3000       504850
    75  0 1 109.69  5295.00 1   0.0 -49.7     41857750   0   3000       515600
    76  0 1 109.69  5297.50 1   0.0 -50.6     42325900   0   2950       468150
    77  0 1 109.69  5296.25 1   0.0 -51.9     42844750   0   3000       518850
    78  0 1 109.69  5283.75 1   0.0 -54.1     43819200   0   2950       974450
    79  0 1 109.69  5270.00 1   0.0 -55.3     44284400   0   3000       465200
    80  0 1 109.69  5253.75 1   0.0 -56.6     44814600   0   2950       530200
    81  0 1 109.69  5240.00 1   0.0 -57.5     45295800   0   2950       481200
    82  0 1 109.69  5227.50 1   0.0 -58.8     45757100   0   3000       461300
    83  0 1 109.69  5213.75 1   0.0 -60.0     46294650   0   2950       537550
    84  0 1 109.69  5205.00 1   0.0 -61.3     46766600   0   2950       471950
    85  0 1 109.69  5200.00 1   0.0 -62.5     47221800   0   2950       455200
    86  0 1 109.69  5200.00 1   0.0 -63.8     47760500   0   3000       538700
    87  0 1 109.69  5213.75 1   0.0 -66.3     48751300   0   2950       990800
    88  0 1 109.69  5226.25 1   0.0 -67.5     49246850   0   2950       495550
    89  0 1 109.69  5241.25 1   0.0 -68.8     49714600   0   3000       467750
