    NO  S V  AOA    FREQ    B  FMOP  AMP      TOA      PMOP  PW         dTOA  
------ -- - ------ -------- - ----- ----- ------------ --- ------ ------------
     0  0 1 109.69  5250.00 1   0.0 -70.0            0   0   2950  42949673000
     1  0 1 109.69  5265.00 1   0.0 -68.8       542500   0   2950       542500
     2  0 1 109.69  5280.00 1   0.0 -67.5      1033200   0   2950       490700
     3  0 1 109.69  5290.00 1   0.0 -66.3      1525400   0   3000       492200
     4  0 1 109.69  5295.00 1   0.0 -65.0      1987350   0   3000       461950
     5  0 1 109.69  5298.75 1   0.0 -63.8      2451350   0   3000       464000
     6  0 1 109.69  5298.75 1   0.0 -62.5      2900050   0   2950       448700
     7  0 1 109.69  5290.00 1   0.0 -61.3      3394800   0   2950       494750
     8  0 1 109.69  5280.00 1   0.0 -60.0      3935950   0   2950       541150
     9  0 1 109.69  5253.75 1   0.0 -57.5      4892200   0   3000       956250
    10  0 1 109.69  5235.00 1   0.0 -56.6      5419400   0   3000       527200
    11  0 1 109.69  5220.00 1   0.0 -55.3      5965850   0   3000       546450
    12  0 1 109.69  5208.75 1   0.0 -54.1      6430250   0   2950       464400
    13  0 1 109.69  5203.75 1   0.0 -53.1      6887350   0   2950       457100
    14  0 1 109.69  5198.75 1   0.0 -51.9      7378850   0   3000       491500
    15  0 1 109.69  5200.00 1   0.0 -50.6      7916400   0   2950       537550
    16  0 1 109.69  5207.50 1   0.0 -49.7      8377600   0   3000       461200
    17  0 1 109.69  5215.00 1   0.0 -48.4      8833000   0   3000       455400
    18  0 1 109.69  5243.75 1   0.0 -46.6      9779600   0   2950       946600
    19  0 1 109.69  5260.00 1   0.0 -45.6     10330650   0   3000       551050
    20  0 1 109.69  5272.50 1   0.0 -44.4     10796300   0   3000       465650
    21  0 1 109.69  5287.50 1   0.0 -43.4     11344900   0   3000       548600
    22  0 1 109.69  5295.00 1   0.0 -42.5     11794700   0   3000       449800
    23  0 1 109.69  5298.75 1   0.0 -41.6     12340200   0   3000       545500
    24  0 1 109.69  5297.50 1   0.0 -40.9     12826900   0   3000       486700
    25  0 1 109.69  5292.50 1   0.0 -40.0     13358850   0   3000       531950
    26  0 1 109.69  5281.25 1   0.0 -39.1     13816350   0   2950       457500
    27  0 1 109.69  5256.25 1   0.0 -37.5     14759800   0   2950       943450
    28  0 1 109.69  5241.25 1   0.0 -36.9     15213150   0   2950       453350
    29  0 1 109.69  5228.75 1   0.0 -36.3     15685700   0   3000       472550
    30  0 1 109.69  5215.00 1   0.0 -35.6     16215550   0   3000       529850
    31  0 1 109.69  5203.75 1   0.0 -35.0     16740700   0   2950       525150
    32  0 1 109.69  5200.00 1   0.0 -34.4     17246200   0   2950       505500
    33  0 1 109.69  5200.00 1   0.0 -33.8     17703000   0   3000       456800
    34  0 1 109.69  5205.00 1   0.0 -33.4     18239350   0   3000       536350
    35  0 1 109.69  5211.25 1   0.0 -32.8     18709400   0   3000       470050
    36  0 1 109.69  5238.75 1   0.0 -31.9     19698400   0   2950       989000
    37  0 1 109.69  5253.75 1   0.0 -31.6     20162950   0   3000       464550
    38  0 1 109.69  5268.75 1   0.0 -31.3     20687300   0   3000       524350
    39  0 1 109.69  5282.50 1   0.0 -30.9     21173000   0   2950       485700
    40  0 1 109.69  5293.75 1   0.0 -30.6     21691550   0   2950       518550
    41  0 1 109.69  5298.75 1   0.0 -30.6     22212500   0   3000       520950
    42  0 1 109.69  5298.75 1   0.0 -30.3     22678600   0   2950       466100
    43  0 1 109.69  5295.00 1   0.0 -30.3     23167000   0   3000       488400
    44  0 1 109.69  5286.25 1   0.0 -30.0     23708750   0   3000       541750
    45  0 1 109.69  5260.00 1   0.0 -30.0     24674400   0   2950       965650
    46  0 1 109.69  5245.00 1   0.0 -30.0     25122100   0   3000       447700
    47  0 1 109.69  5230.00 1   0.0 -30.0     25606850   0   3000       484750
    48  0 1 109.69  5218.75 1   0.0 -30.3     26102500   0   2950       495650
    49  0 1 109.69  5206.25 1   0.0 -30.3     26556350   0   2950       453850
    50  0 1 109.69  5200.00 1   0.0 -30.6     27022500   0   3000       466150
    51  0 1 109.69  5198.75 1   0.0 -30.6     27567500   0   2950       545000
    52  0 1 109.69  5203.75 1   0.0 -30.9     28083750   0   3000       516250
    53  0 1 109.69  5210.00 1   0.0 -31.3     28596950   0   2950       513200
    54  0 1 109.69  5235.00 1   0.0 -31.9     29576800   0   2950       979850
    55  0 1 109.69  5250.00 1   0.0 -32.5     30066450   0   3000       489650
    56  0 1 109.69  5265.00 1   0.0 -32.8     30527250   0   3000       460800
    57  0 1 109.69  5280.00 1   0.0 -33.4     31046950   0   3000       519700
    58  0 1 109.69  5290.00 1   0.0 -33.8     31592100   0   2950       545150
    59  0 1 109.69  5298.75 1   0.0 -34.4     32054550   0   3000       462450
    60  0 1 109.69  5298.75 1   0.0 -35.0     32522600   0   2950       468050
    61  0 1 109.69  5295.00 1   0.0 -35.6     33012650   0   3000       490050
    62  0 1 109.69  5287.50 1   0.0 -36.3     33534750   0   2950       522100
    63  0 1 109.69  5265.00 1   0.0 -37.5     34459150   0   3000       924400
    64  0 1 109.69  5252.50 1   0.0 -38.4     34931400   0   2950       472250
    65  0 1 109.69  5235.00 1   0.0 -39.1     35445950   0   3000       514550
    66  0 1 109.69  5221.25 1   0.0 -40.0     35981950   0   3000       536000
    67  0 1 109.69  5210.00 1   0.0 -40.9     36460000   0   2950       478050
    68  0 1 109.69  5202.50 1   0.0 -41.6     36907850   0   2950       447850
    69  0 1 109.69  5200.00 1   0.0 -42.5     37380700   0   2950       472850
    70  0 1 109.69  5201.25 1   0.0 -43.4     37835450   0   2950       454750
    71  0 1 109.69  5205.00 1   0.0 -44.4     38348950   0   2950       513500
    72  0 1 109.69  5228.75 1   0.0 -46.6     39340500   0   2950       991550
    73  0 1 109.69  5245.00 1   0.0 -47.5     39867900   0   3000       527400
    74  0 1 109.69  5260.00 1   0.0 -48.4     40352750   0   2950       484850
    75  0 1 109.69  5275.00 1   0.0 -49.7     40860000   0   2950       507250
    76  0 1 109.69  5288.75 1   0.0 -50.6     41396700   0   3000       536700
    77  0 1 109.69  5295.00 1   0.0 -51.9     41893800   0   3000       497100
    78  0 1 109.69  5298.75 1   0.0 -53.1     42346300   0   3000       452500
    79  0 1 109.69  5296.25 1   0.0 -54.1     42881050   0   3000       534750
    80  0 1 109.69  5291.25 1   0.0 -55.3     43406900   0   3000       525850
    81  0 1 109.69  5267.50 1   0.0 -57.5     44367150   0   2950       960250
    82  0 1 109.69  5252.50 1   0.0 -58.8     44899200   0   2950       532050
    83  0 1 109.69  5237.50 1   0.0 -60.0     45349350   0   2950       450150
    84  0 1 109.69  5222.50 1   0.0 -61.3     45869050   0   3000       519700
    85  0 1 109.69  5210.00 1   0.0 -62.5     46360300   0   2950       491250
    86  0 1 109.69  5202.50 1   0.0 -63.8     46865600   0   3000       505300
    87  0 1 109.69  5200.00 1   0.0 -65.0     47378000   0   2950       512400
    88  0 1 109.69  5200.00 1   0.0 -66.3     47837700   0   3000       459700
    89  0 1 109.69  5205.00 1   0.0 -67.5     48347350   0   2950       509650
