    NO  S V  AOA    FREQ    B  FMOP  AMP      TOA      PMOP  PW         dTOA  
------ -- - ------ -------- - ----- ----- ------------ --- ------ ------------
     0  0 1 109.69  5250.00 1   0.0 -70.0            0   0   3000  42949673000
     1  0 1 109.69  5265.00 1   0.0 -68.8       522150   0   3000       522150
     2  0 1 109.69  5278.75 1   0.0 -67.5      1013750   0   2950       491600
     3  0 1 109.69  5290.00 1   0.0 -66.3      1557400   0   2950       543650
     4  0 1 109.69  5298.75 1   0.0 -65.0      2057350   0   2950       499950
     5  0 1 109.69  5300.00 1   0.0 -63.8      2532850   0   2950       475500
     6  0 1 109.69  5297.50 1   0.0 -62.5      3046000   0   2950       513150
     7  0 1 109.69  5288.75 1   0.0 -61.3      3562850   0   3000       516850
     8  0 1 109.69  5275.00 1   0.0 -60.0      4063950   0   3000       501100
     9  0 1 109.69  5247.50 1   0.0 -57.5      5067700   0   3000      1003750
    10  0 1 109.69  5230.00 1   0.0 -56.6      5591250   0   2950       523550
    11  0 1 109.69  5218.75 1   0.0 -55.3      6084550   0   2950       493300
    12  0 1 109.69  5206.25 1   0.0 -54.1      6629800   0   2950       545250
    13  0 1 109.69  5200.00 1   0.0 -53.1      7134800   0   3000       505000
    14  0 1 109.69  5198.75 1   0.0 -51.9      7663850   0   3000       529050
    15  0 1 109.69  5202.50 1   0.0 -50.6      8184050   0   2950       520200
    16  0 1 109.69  5211.25 1   0.0 -49.7      8665350   0   2950       481300
    17  0 1 109.69  5222.50 1   0.0 -48.4      9133350   0   3000       468000
    18  0 1 109.69  5250.00 1   0.0 -46.6     10057500   0   3000       924150
    19  0 1 109.69  5265.00 1   0.0 -45.6     10570050   0   2950       512550
    20  0 1 109.69  5280.00 1   0.0 -44.4     11023750   0   3000       453700
    21  0 1 109.69  5290.00 1   0.0 -43.4     11497950   0   2950       474200
    22  0 1 109.69  5295.00 1   0.0 -42.5     11945850   0   3000       447900
    23  0 1 109.69  5297.50 1   0.0 -41.6     12434400   0   3000       488550
    24  0 1 109.69  5297.50 1   0.0 -40.9     12966750   0   2950       532350
    25  0 1 109.69  5290.00 1   0.0 -40.0     13457850   0   2950       491100
    26  0 1 109.69  5280.00 1   0.0 -39.1     13923150   0   3000       465300
    27  0 1 109.69  5252.50 1   0.0 -37.5     14902600   0   2950       979450
    28  0 1 109.69  5238.75 1   0.0 -36.9     15374350   0   3000       471750
    29  0 1 109.69  5221.25 1   0.0 -36.3     15896200   0   2950       521850
    30  0 1 109.69  5208.75 1   0.0 -35.6     16428150   0   3000       531950
    31  0 1 109.69  5201.25 1   0.0 -35.0     16898700   0   2950       470550
    32  0 1 109.69  5200.00 1   0.0 -34.4     17405950   0   3000       507250
    33  0 1 109.69  5201.25 1   0.0 -33.8     17939950   0   2950       534000
    34  0 1 109.69  5207.50 1   0.0 -33.4     18423200   0   2950       483250
    35  0 1 109.69  5217.50 1   0.0 -32.8     18887400   0   2950       464200
    36  0 1 109.69  5245.00 1   0.0 -31.9     19905650   0   2950      1018250
    37  0 1 109.69  5262.50 1   0.0 -31.6     20401000   0   3000       495350
    38  0 1 109.69  5275.00 1   0.0 -31.3     20888750   0   3000       487750
    39  0 1 109.69  5288.75 1   0.0 -30.9     21385450   0   2950       496700
    40  0 1 109.69  5295.00 1   0.0 -30.6     21873900   0   3000       488450
    41  0 1 109.69  5297.50 1   0.0 -30.6     22394800   0   3000       520900
    42  0 1 109.69  5298.75 1   0.0 -30.3     22871750   0   2950       476950
    43  0 1 109.69  5290.00 1   0.0 -30.3     23370550   0   2950       498800
    44  0 1 109.69  5281.25 1   0.0 -30.0     23876150   0   2950       505600
    45  0 1 109.69  5253.75 1   0.0 -30.0     24819100   0   2950       942950
    46  0 1 109.69  5238.75 1   0.0 -30.0     25319550   0   3000       500450
    47  0 1 109.69  5226.25 1   0.0 -30.0     25772750   0   2950       453200
    48  0 1 109.69  5213.75 1   0.0 -30.3     26256650   0   3000       483900
    49  0 1 109.69  5205.00 1   0.0 -30.3     26713200   0   3000       456550
    50  0 1 109.69  5200.00 1   0.0 -30.6     27187600   0   3000       474400
    51  0 1 109.69  5200.00 1   0.0 -30.6     27675200   0   3000       487600
    52  0 1 109.69  5202.50 1   0.0 -30.9     28187900   0   2950       512700
    53  0 1 109.69  5211.25 1   0.0 -31.3     28655150   0   3000       467250
    54  0 1 109.69  5240.00 1   0.0 -31.9     29691500   0   3000      1036350
    55  0 1 109.69  5253.75 1   0.0 -32.5     30167200   0   3000       475700
    56  0 1 109.69  5268.75 1   0.0 -32.8     30666800   0   2950       499600
    57  0 1 109.69  5281.25 1   0.0 -33.4     31125900   0   2950       459100
    58  0 1 109.69  5290.00 1   0.0 -33.8     31594200   0   3000       468300
    59  0 1 109.69  5296.25 1   0.0 -34.4     32074050   0   3000       479850
    60  0 1 109.69  5297.50 1   0.0 -35.0     32592200   0   2950       518150
    61  0 1 109.69  5297.50 1   0.0 -35.6     33041750   0   2950       449550
    62  0 1 109.69  5287.50 1   0.0 -36.3     33542850   0   2950       501100
    63  0 1 109.69  5260.00 1   0.0 -37.5     34630800   0   3000      1087950
    64  0 1 109.69  5246.25 1   0.0 -38.4     35119450   0   3000       488650
    65  0 1 109.69  5230.00 1   0.0 -39.1     35592350   0   3000       472900
    66  0 1 109.69  5216.25 1   0.0 -40.0     36127100   0   3000       534750
    67  0 1 109.69  5207.50 1   0.0 -40.9     36643400   0   3000       516300
    68  0 1 109.69  5200.00 1   0.0 -41.6     37170100   0   3000       526700
    69  0 1 109.69  5200.00 1   0.0 -42.5     37688350   0   3000       518250
    70  0 1 109.69  5205.00 1   0.0 -43.4     38226400   0   3000       538050
    71  0 1 109.69  5215.00 1   0.0 -44.4     38753500   0   3000       527100
    72  0 1 109.69  5240.00 1   0.0 -46.6     39745750   0   3000       992250
    73  0 1 109.69  5258.75 1   0.0 -47.5     40261550   0   2950       515800
    74  0 1 109.69  5273.75 1   0.0 -48.4     40778000   0   3000       516450
    75  0 1 109.69  5283.75 1   0.0 -49.7     41253350   0   3000       475350
    76  0 1 109.69  5295.00 1   0.0 -50.6     41749050   0   2950       495700
    77  0 1 109.69  5297.50 1   0.0 -51.9     42281200   0   2950       532150
    78  0 1 109.69  5300.00 1   0.0 -53.1     42745450   0   2950       464250
    79  0 1 109.69  5295.00 1   0.0 -54.1     43263100   0   2950       517650
    80  0 1 109.69  5285.00 1   0.0 -55.3     43764050   0   3000       500950
    81  0 1 109.69  5255.00 1   0.0 -57.5     44818750   0   3000      1054700
    82  0 1 109.69  5240.00 1   0.0 -58.8     45302850   0   3000       484100
    83  0 1 109.69  5226.25 1   0.0 -60.0     45779350   0   3000       476500
    84  0 1 109.69  5212.50 1   0.0 -61.3     46325400   0   3000       546050
    85  0 1 109.69  5202.50 1   0.0 -62.5     46794200   0   2950       468800
    86  0 1 109.69  5200.00 1   0.0 -63.8     47252650   0   3000       458450
    87  0 1 109.69  5200.00 1   0.0 -65.0     47763200   0   2950       510550
    88  0 1 109.69  5205.00 1   0.0 -66.3     48255950   0   3000       492750
    89  0 1 109.69  5213.75 1   0.0 -67.5     48719750   0   3000       463800
