    NO  S V  AOA    FREQ    B  FMOP  AMP      TOA      PMOP  PW         dTOA  
------ -- - ------ -------- - ----- ----- ------------ --- ------ ------------
     0  0 1 109.69  5250.00 1   0.0 -70.0            0   0   2950  42949673000
     1  0 1 109.69  5266.25 1   0.0 -68.8       526050   0   3000       526050
     2  0 1 109.69  5280.00 1   0.0 -67.5      1063950   0   3000       537900
     3  0 1 109.69  5290.00 1   0.0 -66.3      1565350   0   2950       501400
     4  0 1 109.69  5296.25 1   0.0 -65.0      2077450   0   3000       512100
     5  0 1 109.69  5297.50 1   0.0 -63.8      2531500   0   3000       454050
     6  0 1 109.69  5297.50 1   0.0 -62.5      2999200   0   3000       467700
     7  0 1 109.69  5278.75 1   0.0 -60.0      4042250   0   3000      1043050
     8  0 1 109.69  5263.75 1   0.0 -58.8      4559100   0   2950       516850
     9  0 1 109.69  5246.25 1   0.0 -57.5      5099350   0   3000       540250
    10  0 1 109.69  5230.00 1   0.0 -56.6      5591350   0   2950       492000
    11  0 1 109.69  5218.75 1   0.0 -55.3      6104500   0   2950       513150
    12  0 1 109.69  5206.25 1   0.0 -54.1      6602350   0   3000       497850
    13  0 1 109.69  5201.25 1   0.0 -53.1      7076500   0   3000       474150
    14  0 1 109.69  5198.75 1   0.0 -51.9      7598650   0   3000       522150
    15  0 1 109.69  5203.75 1   0.0 -50.6      8056800   0   3000       458150
    16  0 1 109.69  5222.50 1   0.0 -48.4      9104200   0   2950      1047400
    17  0 1 109.69  5237.50 1   0.0 -47.5      9647250   0   2950       543050
    18  0 1 109.69  5253.75 1   0.0 -46.6     10143400   0   2950       496150
    19  0 1 109.69  5268.75 1   0.0 -45.6     10621050   0   2950       477650
    20  0 1 109.69  5280.00 1   0.0 -44.4     11134200   0   3000       513150
    21  0 1 109.69  5290.00 1   0.0 -43.4     11606900   0   2950       472700
    22  0 1 109.69  5298.75 1   0.0 -42.5     12128750   0   3000       521850
    23  0 1 109.69  5297.50 1   0.0 -41.6     12619650   0   2950       490900
    24  0 1 109.69  5296.25 1   0.0 -40.9     13097450   0   3000       477800
    25  0 1 109.69  5275.00 1   0.0 -39.1     14104100   0   3000      1006650
    26  0 1 109.69  5260.00 1   0.0 -38.4     14646950   0   3000       542850
    27  0 1 109.69  5243.75 1   0.0 -37.5     15185150   0   3000       538200
    28  0 1 109.69  5228.75 1   0.0 -36.9     15636500   0   2950       451350
    29  0 1 109.69  5218.75 1   0.0 -36.3     16092150   0   2950       455650
    30  0 1 109.69  5207.50 1   0.0 -35.6     16589350   0   2950       497200
    31  0 1 109.69  5200.00 1   0.0 -35.0     17055550   0   2950       466200
    32  0 1 109.69  5200.00 1   0.0 -34.4     17533550   0   3000       478000
    33  0 1 109.69  5201.25 1   0.0 -33.8     17990000   0   2950       456450
    34  0 1 109.69  5216.25 1   0.0 -32.8     18909200   0   2950       919200
    35  0 1 109.69  5228.75 1   0.0 -32.5     19358800   0   2950       449600
    36  0 1 109.69  5242.50 1   0.0 -31.9     19812150   0   2950       453350
    37  0 1 109.69  5260.00 1   0.0 -31.6     20291250   0   2950       479100
    38  0 1 109.69  5272.50 1   0.0 -31.3     20807650   0   3000       516400
    39  0 1 109.69  5285.00 1   0.0 -30.9     21266300   0   2950       458650
    40  0 1 109.69  5293.75 1   0.0 -30.6     21767900   0   2950       501600
    41  0 1 109.69  5297.50 1   0.0 -30.6     22239150   0   3000       471250
    42  0 1 109.69  5297.50 1   0.0 -30.3     22718050   0   3000       478900
    43  0 1 109.69  5285.00 1   0.0 -30.0     23691000   0   2950       972950
    44  0 1 109.69  5273.75 1   0.0 -30.0     24165300   0   3000       474300
    45  0 1 109.69  5260.00 1   0.0 -30.0     24660350   0   2950       495050
    46  0 1 109.69  5245.00 1   0.0 -30.0     25120150   0   3000       459800
    47  0 1 109.69  5228.75 1   0.0 -30.0     25639600   0   3000       519450
    48  0 1 109.69  5216.25 1   0.0 -30.3     26125100   0   2950       485500
    49  0 1 109.69  5207.50 1   0.0 -30.3     26583100   0   3000       458000
    50  0 1 109.69  5200.00 1   0.0 -30.6     27110500   0   3000       527400
    51  0 1 109.69  5200.00 1   0.0 -30.6     27564250   0   2950       453750
    52  0 1 109.69  5211.25 1   0.0 -31.3     28636400   0   3000      1072150
    53  0 1 109.69  5225.00 1   0.0 -31.6     29145200   0   3000       508800
    54  0 1 109.69  5238.75 1   0.0 -31.9     29692200   0   3000       547000
    55  0 1 109.69  5252.50 1   0.0 -32.5     30142950   0   3000       450750
    56  0 1 109.69  5270.00 1   0.0 -32.8     30659450   0   3000       516500
    57  0 1 109.69  5282.50 1   0.0 -33.4     31153100   0   2950       493650
    58  0 1 109.69  5291.25 1   0.0 -33.8     31647500   0   2950       494400
    59  0 1 109.69  5298.75 1   0.0 -34.4     32098750   0   3000       451250
    60  0 1 109.69  5298.75 1   0.0 -35.0     32565300   0   2950       466550
    61  0 1 109.69  5286.25 1   0.0 -36.3     33594600   0   3000      1029300
    62  0 1 109.69  5275.00 1   0.0 -36.9     34119750   0   3000       525150
    63  0 1 109.69  5262.50 1   0.0 -37.5     34586550   0   2950       466800
    64  0 1 109.69  5247.50 1   0.0 -38.4     35094550   0   3000       508000
    65  0 1 109.69  5231.25 1   0.0 -39.1     35591150   0   3000       496600
    66  0 1 109.69  5216.25 1   0.0 -40.0     36090150   0   2950       499000
    67  0 1 109.69  5207.50 1   0.0 -40.9     36570150   0   2950       480000
    68  0 1 109.69  5201.25 1   0.0 -41.6     37044350   0   3000       474200
    69  0 1 109.69  5200.00 1   0.0 -42.5     37514200   0   2950       469850
    70  0 1 109.69  5210.00 1   0.0 -44.4     38526250   0   2950      1012050
    71  0 1 109.69  5220.00 1   0.0 -45.6     38999850   0   2950       473600
    72  0 1 109.69  5235.00 1   0.0 -46.6     39531550   0   2950       531700
    73  0 1 109.69  5250.00 1   0.0 -47.5     40031650   0   2950       500100
    74  0 1 109.69  5267.50 1   0.0 -48.4     40567750   0   2950       536100
    75  0 1 109.69  5280.00 1   0.0 -49.7     41091550   0   3000       523800
    76  0 1 109.69  5290.00 1   0.0 -50.6     41572300   0   3000       480750
    77  0 1 109.69  5295.00 1   0.0 -51.9     42026100   0   2950       453800
    78  0 1 109.69  5298.75 1   0.0 -53.1     42528200   0   2950       502100
    79  0 1 109.69  5288.75 1   0.0 -55.3     43517200   0   2950       989000
    80  0 1 109.69  5277.50 1   0.0 -56.6     44025950   0   2950       508750
    81  0 1 109.69  5263.75 1   0.0 -57.5     44511950   0   2950       486000
    82  0 1 109.69  5250.00 1   0.0 -58.8     44970600   0   3000       458650
    83  0 1 109.69  5236.25 1   0.0 -60.0     45433200   0   2950       462600
    84  0 1 109.69  5223.75 1   0.0 -61.3     45887300   0   3000       454100
    85  0 1 109.69  5210.00 1   0.0 -62.5     46423750   0   3000       536450
    86  0 1 109.69  5200.00 1   0.0 -63.8     46955200   0   3000       531450
    87  0 1 109.69  5198.75 1   0.0 -65.0     47457850   0   2950       502650
    88  0 1 109.69  5206.25 1   0.0 -67.5     48442900   0   2950       985050
    89  0 1 109.69  5216.25 1   0.0 -68.8     48903250   0   3000       460350
