    NO  S V  AOA    FREQ    B  FMOP  AMP      TOA      PMOP  PW         dTOA  
------ -- - ------ -------- - ----- ----- ------------ --- ------ ------------
     0  0 1  94.22  9928.00 2   0.0 -70.0            0   0   1300  42949673000
     1  0 1  94.22 10096.00 2   0.0 -67.5       954550   0   1550       954550
     2  0 1  94.22 10091.50 2   0.0 -65.0      1999350   0   1400      1044800
     3  0 1  94.92 10072.00 2   0.0 -62.5      2922700   0   1500       923350
     4  0 1  94.22  9997.00 2   0.0 -60.0      4079900   0   1600      1157200
     5  0 1  95.62  9910.00 2   0.0 -55.3      6263050   0   1400      2183150
     6  0 1  94.92  9946.00 2   0.0 -53.1      7202450   0   1300       939400
     7  0 1  94.22  9970.00 2   0.0 -50.6      8393650   0   1650      1191200
     8  0 1  95.27  9940.00 2   0.0 -48.4      9516250   0   1600      1122600
     9  0 1  95.62 10072.00 2   0.0 -46.6     10380700   0   1700       864450
    10  0 1  95.62  9968.50 2   0.0 -44.4     11233050   0   1300       852350
    11  0 1  95.62  9934.00 2   0.0 -42.5     12187350   0   1350       954300
    12  0 1  94.57  9911.50 2   0.0 -40.9     13359200   0   1300      1171850
    13  0 1  95.62  9985.00 2   0.0 -39.1     14273950   0   1700       914750
    14  0 1  95.62  9967.00 2   0.0 -36.3     16522750   0   1350      2248800
    15  0 1  95.27 10087.00 2   0.0 -35.0     17509550   0   1600       986800
    16  0 1  94.92 10063.00 2   0.0 -33.8     18329800   0   1600       820250
    17  0 1  94.22 10073.50 2   0.0 -32.8     19521050   0   1450      1191250
    18  0 1  94.92  9919.00 2   0.0 -31.9     20637650   0   1350      1116600
    19  0 1  95.27  9916.00 2   0.0 -31.3     21799550   0   1650      1161900
    20  0 1  95.62 10063.00 2   0.0 -30.6     22856400   0   1300      1056850
    21  0 1  95.27  9907.00 2   0.0 -30.3     24000600   0   1650      1144200
    22  0 1  95.62  9980.50 2   0.0 -30.0     25149700   0   1550      1149100
    23  0 1  95.62 10091.50 2   0.0 -30.0     27045250   0   1400      1895550
    24  0 1  94.57  9925.00 2   0.0 -30.3     28066350   0   1250      1021100
    25  0 1  94.92 10012.00 2   0.0 -30.6     29007700   0   1450       941350
    26  0 1  95.62 10027.00 2   0.0 -31.3     29969000   0   1350       961300
    27  0 1  94.22  9982.00 2   0.0 -31.9     30902850   0   1600       933850
    28  0 1  94.22 10063.00 2   0.0 -32.8     31785650   0   1250       882800
    29  0 1  95.27 10018.00 2   0.0 -33.8     32592950   0   1650       807300
    30  0 1  94.92 10079.50 2   0.0 -35.0     33539450   0   1300       946500
    31  0 1  94.92  9967.00 2   0.0 -36.3     34709600   0   1550      1170150
    32  0 1  95.27 10051.00 2   0.0 -39.1     37051950   0   1600      2342350
    33  0 1  95.27 10036.00 2   0.0 -40.9     38188500   0   1350      1136550
    34  0 1  94.92  9928.00 2   0.0 -42.5     39198850   0   1550      1010350
    35  0 1  94.22 10039.00 2   0.0 -44.4     40281550   0   1550      1082700
    36  0 1  95.27  9928.00 2   0.0 -46.6     41087400   0   1450       805850
    37  0 1  94.57 10049.50 2   0.0 -48.4     42081350   0   1400       993950
    38  0 1  94.57 10039.00 2   0.0 -50.6     43146900   0   1250      1065550
    39  0 1  95.62  9922.00 2   0.0 -53.1     44134350   0   1250       987450
    40  0 1  95.62 10091.50 2   0.0 -55.3     45112300   0   1650       977950
    41  0 1  95.62 10066.00 2   0.0 -60.0     47163050   0   1250      2050750
    42  0 1  94.92  9986.50 2   0.0 -62.5     48242300   0   1550      1079250
    43  0 1  95.27  9980.50 2   0.0 -65.0     49130550   0   1400       888250
    44  0 1  94.22 10084.00 2   0.0 -67.5     50215650   0   1400      1085100
