    NO  S V  AOA    FREQ    B  FMOP  AMP      TOA      PMOP  PW         dTOA  
------ -- - ------ -------- - ----- ----- ------------ --- ------ ------------
     0  0 1  94.57  9959.50 2   0.0 -70.0            0   0   1350  42949673000
     1  0 1  95.27  9958.00 2   0.0 -69.4       980350   0   1100       980350
     2  0 1  95.27  9958.00 2   0.0 -68.8      2020100   0   1050      1039750
     3  0 1  94.57  9961.00 2   0.0 -68.1      2999900   0   1350       979800
     4  0 1  94.57  9958.00 2   0.0 -67.5      4039500   0   1450      1039600
     5  0 1  94.22  9958.00 2   0.0 -66.9      5079500   0   1450      1040000
     6  0 1  94.57  9958.00 2   0.0 -65.6      7099300   0   1400      2019800
     7  0 1  95.27  9968.50 2   0.0 -65.0      8069350   0   1100       970050
     8  0 1  95.62  9968.50 2   0.0 -64.4      9039750   0   1300       970400
     9  0 1  95.27  9968.50 2   0.0 -63.8     10080100   0   1450      1040350
    10  0 1  95.27  9970.00 2   0.0 -63.1     10080250   0   1100          150
    11  0 1  94.57  9970.00 2   0.0 -62.5     10080450   0   1450          200
    12  0 1  95.27  9970.00 2   0.0 -61.9     11060200   0   1450       979750
    13  0 1  94.92  9970.00 2   0.0 -61.3     12100650   0   1200      1040450
    14  0 1  94.92  9970.00 2   0.0 -60.6     13080850   0   1300       980200
    15  0 1  94.57 10000.00 2   0.0 -59.4     15161050   0   1450      2080200
    16  0 1  94.92 10000.00 2   0.0 -58.8     16141350   0   1400       980300
    17  0 1  94.92  9998.50 2   0.0 -58.1     17181050   0   1250      1039700
    18  0 1  94.22  9998.50 2   0.0 -57.5     18150550   0   1050       969500
    19  0 1  94.92 10000.00 2   0.0 -57.2     19120550   0   1150       970000
    20  0 1  94.22 10000.00 2   0.0 -56.6     20160250   0   1150      1039700
    21  0 1  95.27 10000.00 2   0.0 -55.9     20160200   0   1450 214748364750
    22  0 1  95.27 10019.50 2   0.0 -55.3     20160350   0   1300          150
    23  0 1  95.27 10019.50 2   0.0 -54.7     21140300   0   1450       979950
    24  0 1  95.62 10018.00 2   0.0 -53.4     23159600   0   1150      2019300
    25  0 1  94.57 10019.50 2   0.0 -53.1     24199500   0   1350      1039900
    26  0 1  94.57 10019.50 2   0.0 -52.5     25239450   0   1500      1039950
    27  0 1  94.22 10021.00 2   0.0 -51.9     26219200   0   1200       979750
    28  0 1  94.57 10021.00 2   0.0 -51.3     27259650   0   1200      1040450
    29  0 1  95.27 10021.00 2   0.0 -50.6     28229950   0   1450       970300
    30  0 1  95.27 10018.00 2   0.0 -50.3     29199900   0   1100       969950
    31  0 1  94.92 10021.00 2   0.0 -49.7     30240150   0   1100      1040250
    32  0 1  94.57 10021.00 2   0.0 -49.1     30240050   0   1400 214748364700
    33  0 1  94.57 10018.00 2   0.0 -48.1     31220350   0   1350       980300
    34  0 1  94.22 10019.50 2   0.0 -47.5     32260550   0   1150      1040200
    35  0 1  94.22 10019.50 2   0.0 -46.9     33241000   0   1150       980450
    36  0 1  95.62  9980.50 2   0.0 -46.6     34280550   0   1100      1039550
    37  0 1  95.27  9979.00 2   0.0 -45.9     35320950   0   1300      1040400
    38  0 1  94.57  9979.00 2   0.0 -45.6     36300450   0   1300       979500
    39  0 1  95.27  9979.00 2   0.0 -45.0     37340150   0   1150      1039700
    40  0 1  94.92  9980.50 2   0.0 -44.4     38310550   0   1450       970400
    41  0 1  94.57  9980.50 2   0.0 -44.1     39280950   0   1400       970400
    42  0 1  94.22  9979.00 2   0.0 -43.1     40320300   0   1050      1039350
    43  0 1  95.27 10028.50 2   0.0 -42.5     40320100   0   1350 214748364600
    44  0 1  95.62 10030.00 2   0.0 -42.2     41300100   0   1450       980000
    45  0 1  94.57 10028.50 2   0.0 -41.6     42339850   0   1450      1039750
    46  0 1  94.22 10030.00 2   0.0 -41.3     43319800   0   1500       979950
    47  0 1  94.92 10030.00 2   0.0 -40.9     44359600   0   1150      1039800
    48  0 1  94.22 10030.00 2   0.0 -40.3     45399100   0   1050      1039500
    49  0 1  94.22 10030.00 2   0.0 -40.0     46378800   0   1250       979700
    50  0 1  95.27 10030.00 2   0.0 -39.7     47419000   0   1200      1040200
    51  0 1  94.57  9979.00 2   0.0 -38.8     49358050   0   1150      1939050
    52  0 1  95.27  9980.50 2   0.0 -38.4     50397750   0   1300      1039700
    53  0 1  94.92  9980.50 2   0.0 -38.1     50398150   0   1350          400
    54  0 1  94.22  9979.00 2   0.0 -37.5     50398550   0   1200          400
    55  0 1  94.22  9980.50 2   0.0 -37.2     51378650   0   1150       980100
    56  0 1  94.22  9979.00 2   0.0 -36.9     52418650   0   1400      1040000
    57  0 1  95.62  9980.50 2   0.0 -36.6     53398650   0   1450       980000
    58  0 1  94.22  9958.00 2   0.0 -36.3     54438850   0   1400      1040200
    59  0 1  94.22  9961.00 2   0.0 -35.9     55479000   0   1450      1040150
    60  0 1  95.62  9959.50 2   0.0 -35.3     57498950   0   1150      2019950
    61  0 1  95.27  9959.50 2   0.0 -35.0     58469050   0   1400       970100
    62  0 1  94.92  9958.00 2   0.0 -34.7     59439100   0   1250       970050
    63  0 1  94.92  9958.00 2   0.0 -34.4     60478800   0   1350      1039700
    64  0 1  94.92  9959.50 2   0.0 -34.1     60479050   0   1100          250
    65  0 1  94.92  9970.00 2   0.0 -33.8     60479500   0   1450          450
    66  0 1  94.92  9968.50 2   0.0 -33.4     61459000   0   1200       979500
    67  0 1  94.22  9970.00 2   0.0 -33.4     62499150   0   1250      1040150
    68  0 1  95.62  9970.00 2   0.0 -33.1     63479100   0   1150       979950
    69  0 1  95.62  9970.00 2   0.0 -32.5     65558500   0   1500      2079400
    70  0 1  94.57  9968.50 2   0.0 -32.5     66538250   0   1450       979750
    71  0 1  95.62  9968.50 2   0.0 -32.2     67578150   0   1250      1039900
    72  0 1  95.62  9998.50 2   0.0 -31.9     68547950   0   1100       969800
    73  0 1  95.62  9998.50 2   0.0 -31.9     69518100   0   1250       970150
    74  0 1  95.62 10000.00 2   0.0 -31.6     70558550   0   1150      1040450
    75  0 1  94.57 10000.00 2   0.0 -31.6     70558800   0   1350          250
    76  0 1  95.62 10000.00 2   0.0 -31.3     70558500   0   1400 214748364500
    77  0 1  94.92 10000.00 2   0.0 -31.3     71538750   0   1150       980250
    78  0 1  95.27  9998.50 2   0.0 -30.9     73559050   0   1050      2020300
    79  0 1  95.62 10021.00 2   0.0 -30.6     74599050   0   1150      1040000
    80  0 1  94.22 10018.00 2   0.0 -30.6     75638750   0   1350      1039700
    81  0 1  94.22 10021.00 2   0.0 -30.6     76618400   0   1050       979650
    82  0 1  94.92 10018.00 2   0.0 -30.3     77658550   0   1050      1040150
    83  0 1  94.57 10019.50 2   0.0 -30.3     78628150   0   1050       969600
    84  0 1  95.62 10018.00 2   0.0 -30.3     79598300   0   1300       970150
    85  0 1  94.22 10018.00 2   0.0 -30.3     80638000   0   1500      1039700
    86  0 1  95.27 10018.00 2   0.0 -30.0     80638200   0   1250          200
    87  0 1  95.62 10021.00 2   0.0 -30.0     81617700   0   1050       979500
    88  0 1  95.62 10021.00 2   0.0 -30.0     82657600   0   1300      1039900
    89  0 1  94.22 10018.00 2   0.0 -30.0     83637900   0   1500       980300
    90  0 1  95.27 10018.00 2   0.0 -30.0     84678050   0   1400      1040150
    91  0 1  94.22 10018.00 2   0.0 -30.0     85718400   0   1400      1040350
    92  0 1  94.22 10018.00 2   0.0 -30.0     86698250   0   1100       979850
    93  0 1  94.57 10018.00 2   0.0 -30.0     87738550   0   1150      1040300
    94  0 1  95.27  9980.50 2   0.0 -30.0     88709000   0   1150       970450
    95  0 1  94.57  9979.00 2   0.0 -30.0     89679400   0   1100       970400
    96  0 1  95.62  9979.00 2   0.0 -30.3     90719900   0   1100      1040500
    97  0 1  95.62  9980.50 2   0.0 -30.3     90719900   0   1100            0
    98  0 1  94.92  9979.00 2   0.0 -30.3     91699950   0   1100       980050
    99  0 1  94.92  9979.00 2   0.0 -30.6     92740100   0   1300      1040150
   100  0 1  94.22  9980.50 2   0.0 -30.6     93719700   0   1400       979600
   101  0 1  94.92 10030.00 2   0.0 -30.6     94759350   0   1100      1039650
   102  0 1  95.62 10030.00 2   0.0 -30.9     95799050   0   1100      1039700
   103  0 1  95.27 10030.00 2   0.0 -30.9     96778650   0   1450       979600
   104  0 1  95.27 10030.00 2   0.0 -31.3     97819050   0   1150      1040400
   105  0 1  94.92 10030.00 2   0.0 -31.6     99758750   0   1200      1939700
   106  0 1  94.57 10030.00 2   0.0 -31.6    100798350   0   1500      1039600
   107  0 1  95.62 10030.00 2   0.0 -31.9    100798050   0   1200 214748364500
   108  0 1  95.27  9979.00 2   0.0 -31.9    100797550   0   1450 214748364300
   109  0 1  95.27  9979.00 2   0.0 -32.2    101777500   0   1100       979950
   110  0 1  95.27  9979.00 2   0.0 -32.5    102817600   0   1150      1040100
   111  0 1  94.22  9980.50 2   0.0 -32.5    103797600   0   1050       980000
   112  0 1  94.22  9980.50 2   0.0 -32.8    104838050   0   1450      1040450
   113  0 1  94.57  9979.00 2   0.0 -33.1    105877650   0   1400      1039600
   114  0 1  94.22  9979.00 2   0.0 -33.4    107898150   0   1100      2020500
   115  0 1  95.27  9959.50 2   0.0 -33.8    108868200   0   1450       970050
   116  0 1  94.57  9959.50 2   0.0 -34.1    109837900   0   1350       969700
   117  0 1  94.57  9958.00 2   0.0 -34.4    110877650   0   1100      1039750
   118  0 1  95.27  9959.50 2   0.0 -34.7    110877600   0   1350 214748364750
   119  0 1  95.62  9961.00 2   0.0 -35.0    110877650   0   1450           50
   120  0 1  95.27  9961.00 2   0.0 -35.3    111858100   0   1200       980450
   121  0 1  95.27  9961.00 2   0.0 -35.6    112898350   0   1350      1040250
   122  0 1  94.57  9961.00 2   0.0 -35.9    113878750   0   1150       980400
   123  0 1  94.92  9970.00 2   0.0 -36.6    115958750   0   1300      2080000
   124  0 1  94.57  9968.50 2   0.0 -36.9    116938350   0   1150       979600
   125  0 1  94.92  9968.50 2   0.0 -37.2    117977950   0   1500      1039600
   126  0 1  95.27  9968.50 2   0.0 -37.5    118948300   0   1400       970350
   127  0 1  94.92  9970.00 2   0.0 -38.1    119917950   0   1150       969650
   128  0 1  94.57  9968.50 2   0.0 -38.4    120957750   0   1350      1039800
   129  0 1  95.62  9970.00 2   0.0 -38.8    120957300   0   1200 214748364350
   130  0 1  95.62 10000.00 2   0.0 -39.1    120957050   0   1200 214748364550
   131  0 1  94.22  9998.50 2   0.0 -39.7    121936600   0   1500       979550
   132  0 1  95.62 10000.00 2   0.0 -40.3    123956200   0   1450      2019600
   133  0 1  94.92 10000.00 2   0.0 -40.9    124995700   0   1250      1039500
   134  0 1  94.22  9998.50 2   0.0 -41.3    126035650   0   1500      1039950
   135  0 1  95.27  9998.50 2   0.0 -41.6    127015400   0   1300       979750
   136  0 1  94.57 10000.00 2   0.0 -42.2    128055350   0   1100      1039950
   137  0 1  95.62 10018.00 2   0.0 -42.5    129025600   0   1200       970250
   138  0 1  95.62 10019.50 2   0.0 -43.1    129995450   0   1250       969850
   139  0 1  95.27 10021.00 2   0.0 -43.4    131035800   0   1250      1040350
   140  0 1  94.92 10018.00 2   0.0 -44.1    131035450   0   1300 214748364450
   141  0 1  95.27 10019.50 2   0.0 -45.0    132014900   0   1150       979450
   142  0 1  94.57 10021.00 2   0.0 -45.6    133054750   0   1050      1039850
   143  0 1  94.22 10018.00 2   0.0 -45.9    134034700   0   1100       979950
   144  0 1  94.22 10021.00 2   0.0 -46.6    135074950   0   1150      1040250
   145  0 1  95.27 10019.50 2   0.0 -46.9    136114800   0   1250      1039850
   146  0 1  94.57 10019.50 2   0.0 -47.5    137094500   0   1250       979700
   147  0 1  95.62 10019.50 2   0.0 -48.1    138134800   0   1500      1040300
   148  0 1  95.27 10018.00 2   0.0 -48.4    139104800   0   1500       970000
   149  0 1  94.22 10019.50 2   0.0 -49.1    140074450   0   1500       969650
   150  0 1  94.92 10018.00 2   0.0 -50.3    141114100   0   1200      1039650
   151  0 1  94.57  9979.00 2   0.0 -50.6    141114050   0   1200 214748364750
   152  0 1  95.62  9979.00 2   0.0 -51.3    142093850   0   1500       979800
   153  0 1  94.22  9980.50 2   0.0 -51.9    143134050   0   1300      1040200
   154  0 1  94.22  9979.00 2   0.0 -52.5    144114400   0   1050       980350
   155  0 1  95.27  9979.00 2   0.0 -53.1    145154750   0   1050      1040350
   156  0 1  94.57  9979.00 2   0.0 -53.4    146195050   0   1100      1040300
   157  0 1  95.27  9979.00 2   0.0 -54.1    147175200   0   1150       980150
   158  0 1  94.22  9980.50 2   0.0 -54.7    148215600   0   1350      1040400
   159  0 1  94.92 10030.00 2   0.0 -55.9    150155700   0   1200      1940100
   160  0 1  94.57 10028.50 2   0.0 -56.6    151195950   0   1300      1040250
   161  0 1  94.57 10028.50 2   0.0 -57.2    151196400   0   1450          450
   162  0 1  94.57 10030.00 2   0.0 -57.5    151195950   0   1400 214748364350
   163  0 1  94.92 10030.00 2   0.0 -58.1    152176200   0   1050       980250
   164  0 1  94.92 10030.00 2   0.0 -58.8    153215950   0   1250      1039750
   165  0 1  94.22 10028.50 2   0.0 -59.4    154196150   0   1150       980200
   166  0 1  95.62  9979.00 2   0.0 -60.0    155236600   0   1300      1040450
   167  0 1  95.27  9979.00 2   0.0 -60.6    156276200   0   1400      1039600
   168  0 1  95.27  9980.50 2   0.0 -61.9    158296600   0   1350      2020400
   169  0 1  94.57  9979.00 2   0.0 -62.5    159266650   0   1150       970050
   170  0 1  95.62  9979.00 2   0.0 -63.1    160236350   0   1450       969700
   171  0 1  94.57  9980.50 2   0.0 -63.8    161276250   0   1250      1039900
   172  0 1  94.57  9979.00 2   0.0 -64.4    161275750   0   1450 214748364300
   173  0 1  94.22  9961.00 2   0.0 -65.0    161275700   0   1350 214748364750
   174  0 1  94.57  9961.00 2   0.0 -65.6    162255750   0   1200       980050
   175  0 1  95.62  9961.00 2   0.0 -66.3    163296200   0   1050      1040450
   176  0 1  95.62  9959.50 2   0.0 -66.9    164276450   0   1050       980250
   177  0 1  94.92  9959.50 2   0.0 -68.1    166356750   0   1100      2080300
   178  0 1  94.92  9961.00 2   0.0 -68.8    167336950   0   1500       980200
   179  0 1  94.22  9961.00 2   0.0 -69.4    168376900   0   1250      1039950
