    NO  S V  AOA    FREQ    B  FMOP  AMP      TOA      PMOP  PW         dTOA  
------ -- - ------ -------- - ----- ----- ------------ --- ------ ------------
     0  0 1  95.27  9961.00 2   0.0 -70.0            0   0   1400  42949673000
     1  0 1  94.57  9959.50 2   0.0 -69.4       979900   0   1500       979900
     2  0 1  94.22  9959.50 2   0.0 -68.8      2019700   0   1350      1039800
     3  0 1  94.92  9958.00 2   0.0 -68.1      2999800   0   1050       980100
     4  0 1  95.62  9958.00 2   0.0 -67.5      4039950   0   1400      1040150
     5  0 1  94.92  9961.00 2   0.0 -66.9      5079700   0   1150      1039750
     6  0 1  94.92  9959.50 2   0.0 -65.6      7099250   0   1300      2019550
     7  0 1  94.57  9970.00 2   0.0 -65.0      8069150   0   1150       969900
     8  0 1  95.62  9970.00 2   0.0 -64.4      9038650   0   1350       969500
     9  0 1  94.57  9970.00 2   0.0 -63.8     10078500   0   1200      1039850
    10  0 1  94.57  9970.00 2   0.0 -63.1     10078350   0   1200 214748364650
    11  0 1  94.92  9968.50 2   0.0 -62.5     10078050   0   1350 214748364500
    12  0 1  95.27  9970.00 2   0.0 -61.9     11057750   0   1100       979700
    13  0 1  95.62  9970.00 2   0.0 -61.3     12097550   0   1050      1039800
    14  0 1  95.62  9970.00 2   0.0 -60.6     13077300   0   1050       979750
    15  0 1  94.22 10000.00 2   0.0 -59.4     15157050   0   1400      2079750
    16  0 1  94.22 10000.00 2   0.0 -58.8     16136600   0   1250       979550
    17  0 1  94.92  9998.50 2   0.0 -58.1     17176950   0   1250      1040350
    18  0 1  95.62  9998.50 2   0.0 -57.5     18147150   0   1450       970200
    19  0 1  94.57 10000.00 2   0.0 -57.2     19116800   0   1050       969650
    20  0 1  95.62 10000.00 2   0.0 -56.6     20156750   0   1250      1039950
    21  0 1  94.22 10000.00 2   0.0 -55.9     20156400   0   1050 214748364450
    22  0 1  95.62 10021.00 2   0.0 -55.3     20156600   0   1450          200
    23  0 1  94.22 10019.50 2   0.0 -54.7     21136300   0   1150       979700
    24  0 1  94.22 10019.50 2   0.0 -53.4     23155350   0   1400      2019050
    25  0 1  95.27 10021.00 2   0.0 -53.1     24194850   0   1050      1039500
    26  0 1  95.27 10021.00 2   0.0 -52.5     25234650   0   1150      1039800
    27  0 1  94.92 10018.00 2   0.0 -51.9     26214550   0   1500       979900
    28  0 1  94.57 10019.50 2   0.0 -51.3     27254350   0   1100      1039800
    29  0 1  94.22 10021.00 2   0.0 -50.6     28223850   0   1450       969500
    30  0 1  95.27 10021.00 2   0.0 -50.3     29193800   0   1050       969950
    31  0 1  94.57 10018.00 2   0.0 -49.7     30233800   0   1200      1040000
    32  0 1  94.57 10018.00 2   0.0 -49.1     30233600   0   1400 214748364600
    33  0 1  95.27 10019.50 2   0.0 -48.1     31213350   0   1450       979750
    34  0 1  94.92 10021.00 2   0.0 -47.5     32253300   0   1250      1039950
    35  0 1  94.57 10021.00 2   0.0 -46.9     33233400   0   1200       980100
    36  0 1  94.57  9980.50 2   0.0 -46.6     34273600   0   1200      1040200
    37  0 1  94.22  9979.00 2   0.0 -45.9     35314000   0   1100      1040400
    38  0 1  94.57  9980.50 2   0.0 -45.6     36293750   0   1500       979750
    39  0 1  95.62  9980.50 2   0.0 -45.0     37334150   0   1050      1040400
    40  0 1  95.27  9979.00 2   0.0 -44.4     38304100   0   1400       969950
    41  0 1  94.57  9980.50 2   0.0 -44.1     39274500   0   1400       970400
    42  0 1  94.22  9980.50 2   0.0 -43.1     40314300   0   1300      1039800
    43  0 1  95.27 10028.50 2   0.0 -42.5     40314700   0   1350          400
    44  0 1  95.62 10028.50 2   0.0 -42.2     41294550   0   1500       979850
    45  0 1  95.62 10030.00 2   0.0 -41.6     42334900   0   1350      1040350
    46  0 1  94.57 10028.50 2   0.0 -41.3     43314450   0   1150       979550
    47  0 1  94.92 10030.00 2   0.0 -40.9     44354750   0   1250      1040300
    48  0 1  94.22 10030.00 2   0.0 -40.3     45394950   0   1400      1040200
    49  0 1  94.92 10030.00 2   0.0 -40.0     46374800   0   1450       979850
    50  0 1  95.27 10030.00 2   0.0 -39.7     47415250   0   1050      1040450
    51  0 1  95.62  9979.00 2   0.0 -38.8     49355200   0   1050      1939950
    52  0 1  95.62  9979.00 2   0.0 -38.4     50395600   0   1450      1040400
    53  0 1  94.57  9979.00 2   0.0 -38.1     50395600   0   1300            0
    54  0 1  94.57  9979.00 2   0.0 -37.5     50395850   0   1100          250
    55  0 1  94.22  9979.00 2   0.0 -37.2     51375700   0   1350       979850
    56  0 1  94.57  9980.50 2   0.0 -36.9     52415550   0   1100      1039850
    57  0 1  94.22  9980.50 2   0.0 -36.6     53395450   0   1450       979900
    58  0 1  95.27  9958.00 2   0.0 -36.3     54435050   0   1100      1039600
    59  0 1  94.57  9961.00 2   0.0 -35.9     55474650   0   1050      1039600
    60  0 1  94.92  9959.50 2   0.0 -35.3     57494300   0   1150      2019650
    61  0 1  95.62  9961.00 2   0.0 -35.0     58464050   0   1300       969750
    62  0 1  95.27  9961.00 2   0.0 -34.7     59433950   0   1400       969900
    63  0 1  95.27  9959.50 2   0.0 -34.4     60473900   0   1300      1039950
    64  0 1  94.22  9958.00 2   0.0 -34.1     60473800   0   1050 214748364700
    65  0 1  95.62  9970.00 2   0.0 -33.8     60473950   0   1200          150
    66  0 1  95.62  9968.50 2   0.0 -33.4     61454100   0   1150       980150
    67  0 1  95.62  9968.50 2   0.0 -33.4     62493800   0   1100      1039700
    68  0 1  94.57  9970.00 2   0.0 -33.1     63473800   0   1050       980000
    69  0 1  95.62  9968.50 2   0.0 -32.5     65553750   0   1200      2079950
    70  0 1  94.92  9968.50 2   0.0 -32.5     66533300   0   1100       979550
    71  0 1  95.62  9970.00 2   0.0 -32.2     67573450   0   1500      1040150
    72  0 1  94.57 10000.00 2   0.0 -31.9     68543050   0   1350       969600
    73  0 1  94.22 10000.00 2   0.0 -31.9     69513500   0   1200       970450
    74  0 1  94.92 10000.00 2   0.0 -31.6     70553450   0   1050      1039950
    75  0 1  95.27  9998.50 2   0.0 -31.6     70553850   0   1400          400
    76  0 1  94.92  9998.50 2   0.0 -31.3     70554300   0   1250          450
    77  0 1  95.27 10000.00 2   0.0 -31.3     71534750   0   1250       980450
    78  0 1  95.62 10000.00 2   0.0 -30.9     73553900   0   1450      2019150
    79  0 1  94.92 10021.00 2   0.0 -30.6     74593600   0   1100      1039700
    80  0 1  95.62 10018.00 2   0.0 -30.6     75633200   0   1350      1039600
    81  0 1  94.92 10019.50 2   0.0 -30.6     76613250   0   1400       980050
    82  0 1  94.57 10019.50 2   0.0 -30.3     77653550   0   1250      1040300
    83  0 1  94.22 10018.00 2   0.0 -30.3     78623800   0   1400       970250
    84  0 1  95.62 10018.00 2   0.0 -30.3     79593950   0   1300       970150
    85  0 1  94.92 10019.50 2   0.0 -30.3     80634250   0   1050      1040300
    86  0 1  94.92 10021.00 2   0.0 -30.0     80634550   0   1300          300
    87  0 1  94.92 10019.50 2   0.0 -30.0     81613800   0   1350       979250
    88  0 1  94.92 10019.50 2   0.0 -30.0     82653850   0   1150      1040050
    89  0 1  94.92 10021.00 2   0.0 -30.0     83634000   0   1150       980150
    90  0 1  95.62 10021.00 2   0.0 -30.0     84674200   0   1250      1040200
    91  0 1  94.92 10019.50 2   0.0 -30.0     85714450   0   1450      1040250
    92  0 1  95.62 10018.00 2   0.0 -30.0     86694300   0   1400       979850
    93  0 1  95.27 10021.00 2   0.0 -30.0     87734200   0   1050      1039900
    94  0 1  94.92  9980.50 2   0.0 -30.0     88703900   0   1100       969700
    95  0 1  94.57  9979.00 2   0.0 -30.0     89673800   0   1400       969900
    96  0 1  94.22  9980.50 2   0.0 -30.3     90713750   0   1150      1039950
    97  0 1  94.92  9979.00 2   0.0 -30.3     90713900   0   1050          150
    98  0 1  95.62  9980.50 2   0.0 -30.3     91693700   0   1400       979800
    99  0 1  94.22  9979.00 2   0.0 -30.6     92734000   0   1100      1040300
   100  0 1  94.22  9979.00 2   0.0 -30.6     93714250   0   1250       980250
   101  0 1  95.27 10028.50 2   0.0 -30.6     94754350   0   1250      1040100
   102  0 1  95.62 10030.00 2   0.0 -30.9     95793850   0   1450      1039500
   103  0 1  94.22 10028.50 2   0.0 -30.9     96774250   0   1450       980400
   104  0 1  95.62 10030.00 2   0.0 -31.3     97814550   0   1250      1040300
   105  0 1  94.57 10030.00 2   0.0 -31.6     99754050   0   1050      1939500
   106  0 1  95.62 10028.50 2   0.0 -31.6    100794250   0   1450      1040200
   107  0 1  94.22 10030.00 2   0.0 -31.9    100793950   0   1500 214748364500
   108  0 1  94.22  9979.00 2   0.0 -31.9    100793550   0   1100 214748364400
   109  0 1  94.57  9979.00 2   0.0 -32.2    101773850   0   1050       980300
   110  0 1  95.62  9980.50 2   0.0 -32.5    102814050   0   1150      1040200
   111  0 1  94.22  9979.00 2   0.0 -32.5    103794150   0   1150       980100
   112  0 1  95.62  9979.00 2   0.0 -32.8    104834450   0   1050      1040300
   113  0 1  94.57  9979.00 2   0.0 -33.1    105874150   0   1350      1039700
   114  0 1  95.27  9979.00 2   0.0 -33.4    107893800   0   1200      2019650
   115  0 1  94.57  9958.00 2   0.0 -33.8    108864100   0   1300       970300
   116  0 1  94.92  9959.50 2   0.0 -34.1    109833800   0   1050       969700
   117  0 1  95.62  9959.50 2   0.0 -34.4    110873450   0   1250      1039650
   118  0 1  95.27  9958.00 2   0.0 -34.7    110873600   0   1450          150
   119  0 1  95.27  9959.50 2   0.0 -35.0    110873100   0   1100 214748364300
   120  0 1  95.62  9958.00 2   0.0 -35.3    111853350   0   1200       980250
   121  0 1  94.22  9958.00 2   0.0 -35.6    112893100   0   1200      1039750
   122  0 1  94.22  9961.00 2   0.0 -35.9    113872700   0   1450       979600
   123  0 1  95.27  9968.50 2   0.0 -36.6    115952200   0   1350      2079500
   124  0 1  94.92  9968.50 2   0.0 -36.9    116931750   0   1400       979550
   125  0 1  94.57  9970.00 2   0.0 -37.2    117971500   0   1250      1039750
   126  0 1  94.22  9970.00 2   0.0 -37.5    118941200   0   1200       969700
   127  0 1  94.57  9968.50 2   0.0 -38.1    119911650   0   1450       970450
   128  0 1  94.22  9970.00 2   0.0 -38.4    120951300   0   1200      1039650
   129  0 1  94.92  9970.00 2   0.0 -38.8    120951500   0   1100          200
   130  0 1  94.57 10000.00 2   0.0 -39.1    120951100   0   1300 214748364400
   131  0 1  94.22 10000.00 2   0.0 -39.7    121931100   0   1100       980000
   132  0 1  95.62 10000.00 2   0.0 -40.3    123950950   0   1150      2019850
   133  0 1  94.22 10000.00 2   0.0 -40.9    124991000   0   1050      1040050
   134  0 1  94.92  9998.50 2   0.0 -41.3    126031450   0   1050      1040450
   135  0 1  94.57 10000.00 2   0.0 -41.6    127011300   0   1300       979850
   136  0 1  95.62 10000.00 2   0.0 -42.2    128050800   0   1050      1039500
   137  0 1  94.92 10021.00 2   0.0 -42.5    129020950   0   1050       970150
   138  0 1  95.62 10019.50 2   0.0 -43.1    129990800   0   1050       969850
   139  0 1  94.92 10021.00 2   0.0 -43.4    131031200   0   1300      1040400
   140  0 1  95.62 10019.50 2   0.0 -44.1    131030900   0   1300 214748364500
   141  0 1  94.92 10018.00 2   0.0 -45.0    132011150   0   1450       980250
   142  0 1  95.62 10021.00 2   0.0 -45.6    133051400   0   1100      1040250
   143  0 1  94.57 10018.00 2   0.0 -45.9    134031350   0   1400       979950
   144  0 1  94.57 10019.50 2   0.0 -46.6    135071450   0   1200      1040100
   145  0 1  94.57 10021.00 2   0.0 -46.9    136111400   0   1300      1039950
   146  0 1  95.27 10018.00 2   0.0 -47.5    137090900   0   1100       979500
   147  0 1  95.27 10018.00 2   0.0 -48.1    138131150   0   1200      1040250
   148  0 1  95.62 10019.50 2   0.0 -48.4    139101200   0   1050       970050
   149  0 1  94.57 10021.00 2   0.0 -49.1    140071500   0   1500       970300
   150  0 1  94.57 10021.00 2   0.0 -50.3    141111750   0   1050      1040250
   151  0 1  94.22  9979.00 2   0.0 -50.6    141112000   0   1150          250
   152  0 1  94.92  9979.00 2   0.0 -51.3    142091650   0   1150       979650
   153  0 1  95.27  9980.50 2   0.0 -51.9    143131900   0   1050      1040250
   154  0 1  94.92  9980.50 2   0.0 -52.5    144111400   0   1450       979500
   155  0 1  94.92  9979.00 2   0.0 -53.1    145151500   0   1250      1040100
   156  0 1  95.62  9979.00 2   0.0 -53.4    146191250   0   1200      1039750
   157  0 1  94.22  9980.50 2   0.0 -54.1    147171550   0   1300       980300
   158  0 1  94.92  9980.50 2   0.0 -54.7    148211100   0   1450      1039550
   159  0 1  95.62 10030.00 2   0.0 -55.9    150150600   0   1350      1939500
   160  0 1  94.92 10030.00 2   0.0 -56.6    151190100   0   1350      1039500
   161  0 1  94.92 10028.50 2   0.0 -57.2    151189600   0   1100 214748364300
   162  0 1  94.57 10030.00 2   0.0 -57.5    151189750   0   1400          150
   163  0 1  94.92 10030.00 2   0.0 -58.1    152169800   0   1450       980050
   164  0 1  94.57 10030.00 2   0.0 -58.8    153209350   0   1200      1039550
   165  0 1  95.27 10028.50 2   0.0 -59.4    154189100   0   1150       979750
   166  0 1  94.92  9979.00 2   0.0 -60.0    155228700   0   1250      1039600
   167  0 1  95.62  9980.50 2   0.0 -60.6    156268950   0   1500      1040250
   168  0 1  95.62  9979.00 2   0.0 -61.9    158288950   0   1400      2020000
   169  0 1  94.92  9979.00 2   0.0 -62.5    159259250   0   1300       970300
   170  0 1  94.57  9980.50 2   0.0 -63.1    160229350   0   1100       970100
   171  0 1  94.57  9979.00 2   0.0 -63.8    161268950   0   1100      1039600
   172  0 1  94.57  9979.00 2   0.0 -64.4    161269000   0   1050           50
   173  0 1  94.92  9959.50 2   0.0 -65.0    161268600   0   1350 214748364400
   174  0 1  95.62  9961.00 2   0.0 -65.6    162248400   0   1400       979800
   175  0 1  94.92  9961.00 2   0.0 -66.3    163288200   0   1150      1039800
   176  0 1  95.62  9961.00 2   0.0 -66.9    164267800   0   1200       979600
   177  0 1  94.92  9958.00 2   0.0 -68.1    166347450   0   1350      2079650
   178  0 1  95.62  9959.50 2   0.0 -68.8    167327600   0   1500       980150
   179  0 1  95.27  9958.00 2   0.0 -69.4    168367250   0   1050      1039650
