    NO  S V  AOA    FREQ    B  FMOP  AMP      TOA      PMOP  PW         dTOA  
------ -- - ------ -------- - ----- ----- ------------ --- ------ ------------
     0  0 1  95.62  9958.00 2   0.0 -70.0            0   0   1100  42949673000
     1  0 1  94.57  9958.00 2   0.0 -68.8      2019500   0   1250      2019500
     2  0 1  94.92  9959.50 2   0.0 -68.1      2999950   0   1100       980450
     3  0 1  94.57  9959.50 2   0.0 -67.5      4040350   0   1100      1040400
     4  0 1  95.62  9961.00 2   0.0 -66.9      5080600   0   1450      1040250
     5  0 1  95.27  9961.00 2   0.0 -66.3      6060150   0   1350       979550
     6  0 1  95.27  9959.50 2   0.0 -65.6      7100350   0   1500      1040200
     7  0 1  95.27  9970.00 2   0.0 -65.0      8070750   0   1250       970400
     8  0 1  94.22  9970.00 2   0.0 -64.4      9041050   0   1050       970300
     9  0 1  94.92  9970.00 2   0.0 -63.8     10081300   0   1050      1040250
    10  0 1  95.27  9968.50 2   0.0 -62.5     10080750   0   1400 214748364250
    11  0 1  94.57  9970.00 2   0.0 -61.9     11061150   0   1050       980400
    12  0 1  94.92  9970.00 2   0.0 -61.3     12100900   0   1400      1039750
    13  0 1  94.57  9970.00 2   0.0 -60.6     13080550   0   1050       979650
    14  0 1  94.22 10000.00 2   0.0 -60.0     14120700   0   1050      1040150
    15  0 1  95.62 10000.00 2   0.0 -59.4     15160400   0   1100      1039700
    16  0 1  94.92 10000.00 2   0.0 -58.8     16140150   0   1150       979750
    17  0 1  94.22 10000.00 2   0.0 -58.1     17180600   0   1200      1040450
    18  0 1  94.57 10000.00 2   0.0 -57.5     18150600   0   1350       970000
    19  0 1  94.92 10000.00 2   0.0 -56.6     20160300   0   1500      2009700
    20  0 1  95.62 10000.00 2   0.0 -55.9     20160700   0   1300          400
    21  0 1  95.27 10018.00 2   0.0 -55.3     20160500   0   1300 214748364600
    22  0 1  94.57 10019.50 2   0.0 -54.7     21140600   0   1150       980100
    23  0 1  94.22 10019.50 2   0.0 -54.1     22181050   0   1350      1040450
    24  0 1  94.92 10018.00 2   0.0 -53.4     23161150   0   1150       980100
    25  0 1  94.22 10021.00 2   0.0 -53.1     24201350   0   1450      1040200
    26  0 1  94.57 10018.00 2   0.0 -52.5     25241400   0   1150      1040050
    27  0 1  94.57 10018.00 2   0.0 -51.9     26221700   0   1150       980300
    28  0 1  94.22 10018.00 2   0.0 -50.6     28231400   0   1400      2009700
    29  0 1  95.62 10019.50 2   0.0 -50.3     29201050   0   1200       969650
    30  0 1  94.92 10018.00 2   0.0 -49.7     30241300   0   1300      1040250
    31  0 1  95.62 10021.00 2   0.0 -49.1     30241750   0   1050          450
    32  0 1  95.62 10019.50 2   0.0 -48.4     30241500   0   1100 214748364550
    33  0 1  95.27 10018.00 2   0.0 -48.1     31221650   0   1450       980150
    34  0 1  95.27 10021.00 2   0.0 -47.5     32261500   0   1050      1039850
    35  0 1  95.62 10018.00 2   0.0 -46.9     33241650   0   1100       980150
    36  0 1  94.92  9979.00 2   0.0 -46.6     34281250   0   1200      1039600
    37  0 1  95.62  9979.00 2   0.0 -45.6     36301100   0   1350      2019850
    38  0 1  95.62  9979.00 2   0.0 -45.0     37341150   0   1050      1040050
    39  0 1  94.57  9980.50 2   0.0 -44.4     38311200   0   1350       970050
    40  0 1  94.57  9979.00 2   0.0 -44.1     39280850   0   1100       969650
    41  0 1  95.27  9979.00 2   0.0 -43.4     40321300   0   1150      1040450
    42  0 1  95.62  9980.50 2   0.0 -43.1     40321250   0   1350 214748364750
    43  0 1  95.62 10028.50 2   0.0 -42.5     40321150   0   1150 214748364700
    44  0 1  94.57 10030.00 2   0.0 -42.2     41300900   0   1350       979750
    45  0 1  94.22 10030.00 2   0.0 -41.6     42341000   0   1300      1040100
    46  0 1  95.62 10030.00 2   0.0 -40.9     44360400   0   1350      2019400
    47  0 1  95.62 10030.00 2   0.0 -40.3     45400550   0   1250      1040150
    48  0 1  95.62 10028.50 2   0.0 -40.0     46380400   0   1100       979850
    49  0 1  94.92 10028.50 2   0.0 -39.7     47420300   0   1450      1039900
    50  0 1  94.92  9980.50 2   0.0 -39.1     48390250   0   1100       969950
    51  0 1  95.27  9979.00 2   0.0 -38.8     49359950   0   1500       969700
    52  0 1  95.62  9979.00 2   0.0 -38.4     50399750   0   1500      1039800
    53  0 1  95.62  9980.50 2   0.0 -38.1     50399900   0   1150          150
    54  0 1  94.22  9979.00 2   0.0 -37.5     50399900   0   1100            0
    55  0 1  94.92  9980.50 2   0.0 -36.9     52420250   0   1150      2020350
    56  0 1  94.57  9979.00 2   0.0 -36.6     53399900   0   1150       979650
    57  0 1  94.92  9958.00 2   0.0 -36.3     54439650   0   1200      1039750
    58  0 1  95.62  9958.00 2   0.0 -35.9     55479500   0   1200      1039850
    59  0 1  95.62  9959.50 2   0.0 -35.6     56459200   0   1250       979700
    60  0 1  94.92  9961.00 2   0.0 -35.3     57499050   0   1050      1039850
    61  0 1  95.62  9958.00 2   0.0 -35.0     58468600   0   1400       969550
    62  0 1  94.57  9958.00 2   0.0 -34.7     59438700   0   1350       970100
    63  0 1  94.57  9961.00 2   0.0 -34.4     60478950   0   1100      1040250
    64  0 1  94.22  9970.00 2   0.0 -33.8     60479350   0   1150          400
    65  0 1  94.22  9968.50 2   0.0 -33.4     61458900   0   1100       979550
    66  0 1  95.27  9968.50 2   0.0 -33.4     62498800   0   1100      1039900
    67  0 1  94.22  9970.00 2   0.0 -33.1     63479050   0   1500       980250
    68  0 1  94.92  9970.00 2   0.0 -32.8     64519450   0   1500      1040400
    69  0 1  94.92  9968.50 2   0.0 -32.5     65559650   0   1100      1040200
    70  0 1  94.57  9970.00 2   0.0 -32.5     66539800   0   1250       980150
    71  0 1  94.92  9970.00 2   0.0 -32.2     67579550   0   1350      1039750
    72  0 1  95.62 10000.00 2   0.0 -31.9     68549700   0   1200       970150
    73  0 1  94.92  9998.50 2   0.0 -31.6     70559250   0   1050      2009550
    74  0 1  95.62  9998.50 2   0.0 -31.6     70558950   0   1100 214748364500
    75  0 1  94.57 10000.00 2   0.0 -31.3     70559300   0   1450          350
    76  0 1  95.27  9998.50 2   0.0 -31.3     71539350   0   1400       980050
    77  0 1  94.92  9998.50 2   0.0 -30.9     72579700   0   1150      1040350
    78  0 1  94.22 10000.00 2   0.0 -30.9     73559500   0   1300       979800
    79  0 1  94.57 10021.00 2   0.0 -30.6     74599850   0   1300      1040350
    80  0 1  95.62 10021.00 2   0.0 -30.6     75639800   0   1500      1039950
    81  0 1  95.27 10018.00 2   0.0 -30.6     76619350   0   1250       979550
    82  0 1  94.22 10018.00 2   0.0 -30.3     78629100   0   1100      2009750
    83  0 1  94.22 10021.00 2   0.0 -30.3     79599000   0   1100       969900
    84  0 1  95.62 10019.50 2   0.0 -30.3     80639400   0   1500      1040400
    85  0 1  95.62 10021.00 2   0.0 -30.0     80638950   0   1050 214748364350
    86  0 1  95.62 10018.00 2   0.0 -30.0     80638650   0   1100 214748364500
    87  0 1  94.57 10021.00 2   0.0 -30.0     81618300   0   1400       979650
    88  0 1  94.57 10021.00 2   0.0 -30.0     82658150   0   1150      1039850
    89  0 1  95.62 10019.50 2   0.0 -30.0     83637900   0   1300       979750
    90  0 1  94.57 10019.50 2   0.0 -30.0     84677850   0   1150      1039950
    91  0 1  95.62 10021.00 2   0.0 -30.0     86697050   0   1500      2019200
    92  0 1  95.27 10018.00 2   0.0 -30.0     87736850   0   1300      1039800
    93  0 1  95.62  9980.50 2   0.0 -30.0     88707000   0   1200       970150
    94  0 1  95.27  9979.00 2   0.0 -30.0     89676950   0   1100       969950
    95  0 1  94.22  9980.50 2   0.0 -30.3     90716950   0   1400      1040000
    96  0 1  95.62  9979.00 2   0.0 -30.3     90716600   0   1300 214748364450
    97  0 1  95.27  9979.00 2   0.0 -30.3     90716550   0   1500 214748364750
    98  0 1  94.92  9979.00 2   0.0 -30.3     91696900   0   1450       980350
    99  0 1  94.22  9980.50 2   0.0 -30.6     92736850   0   1100      1039950
   100  0 1  94.57 10030.00 2   0.0 -30.6     94756600   0   1200      2019750
   101  0 1  94.92 10030.00 2   0.0 -30.9     95797000   0   1450      1040400
   102  0 1  95.62 10028.50 2   0.0 -30.9     96776550   0   1200       979550
   103  0 1  95.27 10030.00 2   0.0 -31.3     97816050   0   1350      1039500
   104  0 1  95.62 10028.50 2   0.0 -31.3     98786150   0   1450       970100
   105  0 1  94.92 10028.50 2   0.0 -31.6     99756150   0   1050       970000
   106  0 1  94.57 10028.50 2   0.0 -31.6    100796250   0   1450      1040100
   107  0 1  94.92 10030.00 2   0.0 -31.9    100796250   0   1400            0
   108  0 1  95.27  9979.00 2   0.0 -31.9    100796400   0   1250          150
   109  0 1  95.62  9979.00 2   0.0 -32.5    102816900   0   1350      2020500
   110  0 1  95.62  9980.50 2   0.0 -32.5    103797150   0   1400       980250
   111  0 1  95.27  9979.00 2   0.0 -32.8    104837350   0   1400      1040200
   112  0 1  94.22  9979.00 2   0.0 -33.1    105877750   0   1350      1040400
   113  0 1  94.57  9979.00 2   0.0 -33.4    106858050   0   1200       980300
   114  0 1  95.62  9980.50 2   0.0 -33.4    107897950   0   1250      1039900
   115  0 1  94.92  9961.00 2   0.0 -33.8    108868250   0   1250       970300
   116  0 1  94.57  9961.00 2   0.0 -34.1    109838400   0   1500       970150
   117  0 1  94.22  9958.00 2   0.0 -34.4    110878650   0   1100      1040250
   118  0 1  94.22  9961.00 2   0.0 -35.0    110878350   0   1400 214748364500
   119  0 1  95.27  9958.00 2   0.0 -35.3    111858150   0   1450       979800
   120  0 1  94.92  9961.00 2   0.0 -35.6    112898250   0   1400      1040100
   121  0 1  95.27  9959.50 2   0.0 -35.9    113878550   0   1300       980300
   122  0 1  94.92  9970.00 2   0.0 -36.3    114918900   0   1150      1040350
   123  0 1  94.22  9968.50 2   0.0 -36.6    115959300   0   1100      1040400
   124  0 1  95.62  9968.50 2   0.0 -36.9    116938850   0   1350       979550
   125  0 1  95.62  9970.00 2   0.0 -37.2    117978800   0   1250      1039950
   126  0 1  95.27  9970.00 2   0.0 -37.5    118949200   0   1450       970400
   127  0 1  94.22  9970.00 2   0.0 -38.4    120958600   0   1500      2009400
   128  0 1  95.62  9970.00 2   0.0 -38.8    120959000   0   1500          400
   129  0 1  95.62 10000.00 2   0.0 -39.1    120958550   0   1450 214748364350
   130  0 1  95.62 10000.00 2   0.0 -39.7    121938350   0   1450       979800
   131  0 1  95.62 10000.00 2   0.0 -40.0    122978250   0   1150      1039900
   132  0 1  94.22 10000.00 2   0.0 -40.3    123958200   0   1050       979950
   133  0 1  94.57 10000.00 2   0.0 -40.9    124997700   0   1350      1039500
   134  0 1  94.57  9998.50 2   0.0 -41.3    126037250   0   1100      1039550
   135  0 1  94.22 10000.00 2   0.0 -41.6    127016950   0   1400       979700
   136  0 1  95.62 10019.50 2   0.0 -42.5    129027400   0   1250      2010450
   137  0 1  94.92 10019.50 2   0.0 -43.1    129997650   0   1050       970250
   138  0 1  95.27 10018.00 2   0.0 -43.4    131037500   0   1400      1039850
   139  0 1  94.92 10019.50 2   0.0 -44.1    131037150   0   1050 214748364450
   140  0 1  95.62 10019.50 2   0.0 -44.4    131037150   0   1150            0
   141  0 1  94.22 10021.00 2   0.0 -45.0    132016900   0   1500       979750
   142  0 1  94.22 10019.50 2   0.0 -45.6    133056550   0   1400      1039650
   143  0 1  94.92 10018.00 2   0.0 -45.9    134036450   0   1450       979900
   144  0 1  94.22 10021.00 2   0.0 -46.6    135076200   0   1150      1039750
   145  0 1  95.27 10019.50 2   0.0 -47.5    137096550   0   1350      2020350
   146  0 1  95.27 10019.50 2   0.0 -48.1    138136350   0   1050      1039800
   147  0 1  94.22 10018.00 2   0.0 -48.4    139105900   0   1250       969550
   148  0 1  94.57 10018.00 2   0.0 -49.1    140076200   0   1050       970300
   149  0 1  94.22 10019.50 2   0.0 -49.7    141116450   0   1500      1040250
   150  0 1  94.92 10019.50 2   0.0 -50.3    141116500   0   1200           50
   151  0 1  94.22  9979.00 2   0.0 -50.6    141116650   0   1500          150
   152  0 1  94.22  9979.00 2   0.0 -51.3    142096750   0   1350       980100
   153  0 1  95.62  9980.50 2   0.0 -51.9    143137100   0   1500      1040350
   154  0 1  95.27  9979.00 2   0.0 -53.1    145157500   0   1150      2020400
   155  0 1  94.57  9979.00 2   0.0 -53.4    146197350   0   1350      1039850
   156  0 1  95.62  9980.50 2   0.0 -54.1    147177600   0   1300       980250
   157  0 1  94.57  9979.00 2   0.0 -54.7    148217150   0   1200      1039550
   158  0 1  94.92 10030.00 2   0.0 -55.3    149187450   0   1350       970300
   159  0 1  94.57 10028.50 2   0.0 -55.9    150157750   0   1150       970300
   160  0 1  95.62 10030.00 2   0.0 -56.6    151198200   0   1200      1040450
   161  0 1  95.62 10028.50 2   0.0 -57.2    151198650   0   1500          450
   162  0 1  94.92 10030.00 2   0.0 -57.5    151198450   0   1050 214748364600
   163  0 1  94.22 10030.00 2   0.0 -58.8    153217800   0   1050      2019350
   164  0 1  94.57 10030.00 2   0.0 -59.4    154197900   0   1150       980100
   165  0 1  94.57  9979.00 2   0.0 -60.0    155237700   0   1150      1039800
   166  0 1  95.62  9980.50 2   0.0 -60.6    156278150   0   1050      1040450
   167  0 1  94.57  9979.00 2   0.0 -61.3    157258550   0   1050       980400
   168  0 1  94.57  9979.00 2   0.0 -61.9    158298250   0   1100      1039700
   169  0 1  95.62  9980.50 2   0.0 -62.5    159268450   0   1350       970200
   170  0 1  94.57  9980.50 2   0.0 -63.1    160238200   0   1100       969750
   171  0 1  94.92  9980.50 2   0.0 -63.8    161278650   0   1150      1040450
   172  0 1  94.22  9959.50 2   0.0 -65.0    161279250   0   1050          600
   173  0 1  95.62  9961.00 2   0.0 -65.6    162259100   0   1250       979850
   174  0 1  94.22  9961.00 2   0.0 -66.3    163298700   0   1250      1039600
   175  0 1  95.62  9961.00 2   0.0 -66.9    164278550   0   1500       979850
   176  0 1  94.22  9961.00 2   0.0 -67.5    165318900   0   1500      1040350
   177  0 1  95.27  9959.50 2   0.0 -68.1    166359350   0   1050      1040450
   178  0 1  95.27  9959.50 2   0.0 -68.8    167339350   0   1300       980000
   179  0 1  94.57  9959.50 2   0.0 -69.4    168379400   0   1050      1040050
