    NO  S V  AOA    FREQ    B  FMOP  AMP      TOA      PMOP  PW         dTOA  
------ -- - ------ -------- - ----- ----- ------------ --- ------ ------------
     0  0 1  94.57  9991.00 2   0.0 -70.0            0   0   1750  42949673000
     1  0 1  94.57  9986.50 2   0.0 -69.4      1000000   0   1500      1000000
     2  0 1  94.57  9977.50 2   0.0 -68.8      2046150   0   1700      1046150
     3  0 1  95.27  9973.00 2   0.0 -68.1      3134800   0   1800      1088650
     4  0 1  95.62  9964.00 2   0.0 -67.5      4258650   0   1650      1123850
     5  0 1  94.57  9949.00 2   0.0 -66.3      6552150   0   1450      2293500
     6  0 1  94.57  9943.00 2   0.0 -65.6      7684000   0   1500      1131850
     7  0 1  94.22  9937.00 2   0.0 -65.0      8783400   0   1900      1099400
     8  0 1  94.22  9931.00 2   0.0 -64.4      9838800   0   1850      1055400
     9  0 1  95.62  9922.00 2   0.0 -63.8     10845800   0   1850      1007000
    10  0 1  94.22  9916.00 2   0.0 -63.1     11805750   0   1600       959950
    11  0 1  94.92  9908.50 2   0.0 -62.5     12724900   0   1800       919150
    12  0 1  94.22  9901.00 2   0.0 -61.9     13611300   0   1550       886400
    13  0 1  95.62  9895.00 2   0.0 -61.3     14475600   0   1700       864300
    14  0 1  94.22  9880.00 2   0.0 -60.0     16177650   0   1450      1702050
    15  0 1  95.62  9872.50 2   0.0 -59.4     17037850   0   1900       860200
    16  0 1  95.27  9868.00 2   0.0 -58.8     17917200   0   1550       879350
    17  0 1  94.22  9859.00 2   0.0 -58.1     18825600   0   1750       908400
    18  0 1  94.22  9853.00 2   0.0 -57.5     19770800   0   1600       945200
    19  0 1  94.92 10147.00 2   0.0 -57.2     20760250   0   1750       989450
    20  0 1  94.57 10138.00 2   0.0 -56.6     21795550   0   1800      1035300
    21  0 1  94.57 10130.50 2   0.0 -55.9     22875350   0   1750      1079800
    22  0 1  94.57 10124.50 2   0.0 -55.3     23992750   0   1750      1117400
    23  0 1  95.27 10111.00 2   0.0 -54.1     26283300   0   1700      2290550
    24  0 1  95.62 10105.00 2   0.0 -53.4     27419850   0   1500      1136550
    25  0 1  94.22 10096.00 2   0.0 -53.1     28527850   0   1550      1108000
    26  0 1  94.57 10090.00 2   0.0 -52.5     29593800   0   1850      1065950
    27  0 1  94.57 10082.50 2   0.0 -51.9     30612800   0   1700      1019000
    28  0 1  95.27 10076.50 2   0.0 -51.3     31583650   0   1500       970850
    29  0 1  94.92 10067.50 2   0.0 -50.6     32511600   0   1850       927950
    30  0 1  94.92 10060.00 2   0.0 -50.3     33404900   0   1450       893300
    31  0 1  95.62 10055.50 2   0.0 -49.7     34273250   0   1450       868350
    32  0 1  94.22 10039.00 2   0.0 -48.4     35976450   0   1600      1703200
    33  0 1  94.57 10033.00 2   0.0 -48.1     36833100   0   1750       856650
    34  0 1  95.27 10025.50 2   0.0 -47.5     37707200   0   1800       874100
    35  0 1  94.57 10019.50 2   0.0 -46.9     38608250   0   1450       901050
    36  0 1  94.22 10012.00 2   0.0 -46.6     39544700   0   1450       936450
    37  0 1  94.57 10006.00 2   0.0 -45.9     40522650   0   1500       977950
    38  0 1  95.62 10000.00 2   0.0 -45.6     41546550   0   1650      1023900
    39  0 1  95.62  9991.00 2   0.0 -45.0     42616350   0   1500      1069800
    40  0 1  95.62  9983.50 2   0.0 -44.4     43725500   0   1700      1109150
    41  0 1  95.62  9971.50 2   0.0 -43.4     46012200   0   1500      2286700
    42  0 1  94.92  9962.50 2   0.0 -43.1     47154500   0   1450      1142300
    43  0 1  95.27  9955.00 2   0.0 -42.5     48270800   0   1650      1116300
    44  0 1  94.22  9949.00 2   0.0 -42.2     49347400   0   1900      1076600
    45  0 1  95.27  9941.50 2   0.0 -41.6     50377250   0   1900      1029850
    46  0 1  94.92  9937.00 2   0.0 -41.3     51359550   0   1450       982300
    47  0 1  94.57  9929.50 2   0.0 -40.9     52296600   0   1800       937050
    48  0 1  94.57  9922.00 2   0.0 -40.3     53196700   0   1750       900100
    49  0 1  94.57  9916.00 2   0.0 -40.0     54069900   0   1800       873200
    50  0 1  94.92  9899.50 2   0.0 -39.1     55775750   0   1700      1705850
    51  0 1  94.92  9892.00 2   0.0 -38.8     56629850   0   1850       854100
    52  0 1  95.62  9886.00 2   0.0 -38.4     57498550   0   1600       868700
    53  0 1  95.62  9878.50 2   0.0 -38.1     58391050   0   1850       892500
    54  0 1  95.27  9874.00 2   0.0 -37.5     59317800   0   1500       926750
    55  0 1  94.92  9866.50 2   0.0 -37.2     60286250   0   1600       968450
    56  0 1  95.27  9859.00 2   0.0 -36.9     61298950   0   1550      1012700
    57  0 1  94.22  9853.00 2   0.0 -36.6     62357800   0   1550      1058850
    58  0 1  94.57 10144.00 2   0.0 -36.3     63458800   0   1550      1101000
    59  0 1  95.62 10132.00 2   0.0 -35.6     65738650   0   1550      2279850
    60  0 1  94.92 10123.00 2   0.0 -35.3     66883250   0   1450      1144600
    61  0 1  95.62 10115.50 2   0.0 -35.0     68007600   0   1850      1124350
    62  0 1  94.57 10111.00 2   0.0 -34.7     69095050   0   1550      1087450
    63  0 1  95.62 10102.00 2   0.0 -34.4     70137350   0   1650      1042300
    64  0 1  95.27 10094.50 2   0.0 -34.1     71130600   0   1550       993250
    65  0 1  94.57 10090.00 2   0.0 -33.8     72077750   0   1550       947150
    66  0 1  95.27 10082.50 2   0.0 -33.4     72986100   0   1750       908350
    67  0 1  94.92 10073.50 2   0.0 -33.4     73865500   0   1800       879400
    68  0 1  95.62 10060.00 2   0.0 -32.8     75574150   0   1700      1708650
    69  0 1  95.62 10054.00 2   0.0 -32.5     76425750   0   1900       851600
    70  0 1  95.27 10048.00 2   0.0 -32.5     77290100   0   1750       864350
    71  0 1  94.22 10039.00 2   0.0 -32.2     78176700   0   1550       886600
    72  0 1  95.27 10033.00 2   0.0 -31.9     79094400   0   1800       917700
    73  0 1  94.57 10027.00 2   0.0 -31.9     80050900   0   1500       956500
    74  0 1  95.62 10018.00 2   0.0 -31.6     81052550   0   1450      1001650
    75  0 1  95.62 10012.00 2   0.0 -31.6     82100150   0   1500      1047600
    76  0 1  94.22 10003.00 2   0.0 -31.3     83191300   0   1550      1091150
    77  0 1  94.57  9991.00 2   0.0 -30.9     85464000   0   1600      2272700
    78  0 1  95.27  9982.00 2   0.0 -30.9     86611700   0   1500      1147700
    79  0 1  94.57  9977.50 2   0.0 -30.6     87742900   0   1550      1131200
    80  0 1  95.27  9968.50 2   0.0 -30.6     88840150   0   1750      1097250
    81  0 1  94.92  9964.00 2   0.0 -30.6     89893500   0   1450      1053350
    82  0 1  94.92  9956.50 2   0.0 -30.3     90898800   0   1600      1005300
    83  0 1  95.62  9949.00 2   0.0 -30.3     91857100   0   1600       958300
    84  0 1  95.62  9941.50 2   0.0 -30.3     92773750   0   1500       916650
    85  0 1  94.92  9935.50 2   0.0 -30.3     93658850   0   1600       885100
    86  0 1  94.22  9919.00 2   0.0 -30.0     95373550   0   1850      1714700
    87  0 1  95.27  9913.00 2   0.0 -30.0     96224750   0   1650       851200
    88  0 1  94.57  9907.00 2   0.0 -30.0     97084900   0   1850       860150
    89  0 1  95.62  9899.50 2   0.0 -30.0     97965550   0   1600       880650
    90  0 1  94.92  9892.00 2   0.0 -30.0     98875750   0   1650       910200
    91  0 1  95.27  9886.00 2   0.0 -30.0     99823400   0   1450       947650
    92  0 1  94.22  9878.50 2   0.0 -30.0    100814550   0   1500       991150
    93  0 1  94.57  9872.50 2   0.0 -30.0    101851300   0   1750      1036750
    94  0 1  94.22  9865.00 2   0.0 -30.0    102933000   0   1550      1081700
    95  0 1  95.62  9851.50 2   0.0 -30.3    105194400   0   1850      2261400
    96  0 1  94.92 10144.00 2   0.0 -30.3    106343800   0   1500      1149400
    97  0 1  94.22 10136.50 2   0.0 -30.3    107479650   0   1900      1135850
    98  0 1  95.62 10130.50 2   0.0 -30.3    108585150   0   1750      1105500
    99  0 1  94.57 10123.00 2   0.0 -30.6    109648850   0   1500      1063700
   100  0 1  95.27 10117.00 2   0.0 -30.6    110665200   0   1800      1016350
   101  0 1  95.27 10108.00 2   0.0 -30.6    111632900   0   1700       967700
   102  0 1  95.27 10102.00 2   0.0 -30.9    112558700   0   1900       925800
   103  0 1  94.57 10094.50 2   0.0 -30.9    113450000   0   1650       891300
   104  0 1  95.62 10081.00 2   0.0 -31.3    115169100   0   1650      1719100
   105  0 1  95.62 10075.00 2   0.0 -31.6    116018850   0   1850       849750
   106  0 1  95.27 10066.00 2   0.0 -31.6    116876100   0   1500       857250
   107  0 1  94.57 10060.00 2   0.0 -31.9    117751400   0   1550       875300
   108  0 1  95.27 10052.50 2   0.0 -31.9    118653700   0   1450       902300
   109  0 1  94.92 10045.00 2   0.0 -32.2    119591300   0   1750       937600
   110  0 1  94.22 10037.50 2   0.0 -32.5    120571150   0   1600       979850
   111  0 1  94.92 10033.00 2   0.0 -32.5    121597300   0   1500      1026150
   112  0 1  95.62 10024.00 2   0.0 -32.8    122668800   0   1650      1071500
   113  0 1  94.22 10009.00 2   0.0 -33.4    124918550   0   1750      2249750
   114  0 1  95.27 10004.50 2   0.0 -33.4    126067500   0   1900      1148950
   115  0 1  95.62  9997.00 2   0.0 -33.8    127208500   0   1750      1141000
   116  0 1  94.22  9991.00 2   0.0 -34.1    128323350   0   1750      1114850
   117  0 1  95.27  9983.50 2   0.0 -34.4    129397850   0   1550      1074500
   118  0 1  95.62  9974.50 2   0.0 -34.7    130425850   0   1850      1028000
   119  0 1  94.57  9967.00 2   0.0 -35.0    131405300   0   1900       979450
   120  0 1  94.57  9962.50 2   0.0 -35.3    132340450   0   1850       935150
   121  0 1  94.22  9955.00 2   0.0 -35.6    133239100   0   1450       898650
   122  0 1  95.27  9940.00 2   0.0 -36.3    134966100   0   1650      1727000
   123  0 1  94.22  9932.50 2   0.0 -36.6    135815800   0   1500       849700
   124  0 1  94.22  9926.50 2   0.0 -36.9    136670200   0   1900       854400
   125  0 1  94.92  9919.00 2   0.0 -37.2    137539950   0   1650       869750
   126  0 1  95.62  9913.00 2   0.0 -37.5    138434750   0   1850       894800
   127  0 1  95.62  9905.50 2   0.0 -38.1    139364000   0   1650       929250
   128  0 1  94.57  9898.00 2   0.0 -38.4    140333650   0   1700       969650
   129  0 1  94.57  9892.00 2   0.0 -38.8    141348800   0   1450      1015150
   130  0 1  94.92  9883.00 2   0.0 -39.1    142409800   0   1600      1061000
   131  0 1  94.22  9869.50 2   0.0 -40.0    144645350   0   1650      2235550
   132  0 1  94.22  9863.50 2   0.0 -40.3    145794000   0   1450      1148650
   133  0 1  95.27  9856.00 2   0.0 -40.9    146938900   0   1450      1144900
   134  0 1  95.27  9850.00 2   0.0 -41.3    148061650   0   1450      1122750
   135  0 1  94.92 10141.00 2   0.0 -41.6    149146750   0   1600      1085100
   136  0 1  94.92 10135.00 2   0.0 -42.2    150185500   0   1900      1038750
   137  0 1  94.57 10127.50 2   0.0 -42.5    151176500   0   1550       991000
   138  0 1  94.22 10120.00 2   0.0 -43.1    152121350   0   1450       944850
   139  0 1  94.57 10114.00 2   0.0 -43.4    153028150   0   1550       906800
   140  0 1  94.57 10100.50 2   0.0 -44.4    154762950   0   1700      1734800
   141  0 1  94.92 10093.00 2   0.0 -45.0    155612650   0   1800       849700
   142  0 1  95.27 10087.00 2   0.0 -45.6    156464850   0   1600       852200
   143  0 1  94.22 10078.00 2   0.0 -45.9    157329900   0   1750       865050
   144  0 1  94.22 10072.00 2   0.0 -46.6    158217700   0   1800       887800
   145  0 1  95.27 10066.00 2   0.0 -46.9    159137650   0   1900       919950
   146  0 1  94.57 10057.00 2   0.0 -47.5    160096950   0   1600       959300
   147  0 1  94.92 10051.00 2   0.0 -48.1    161100900   0   1500      1003950
   148  0 1  94.22 10043.50 2   0.0 -48.4    162150700   0   1650      1049800
   149  0 1  95.62 10031.50 2   0.0 -49.7    164370950   0   1450      2220250
   150  0 1  94.22 10022.50 2   0.0 -50.3    165517650   0   1550      1146700
   151  0 1  94.92 10016.50 2   0.0 -50.6    166665450   0   1800      1147800
   152  0 1  94.57 10010.50 2   0.0 -51.3    167794500   0   1650      1129050
   153  0 1  95.27 10003.00 2   0.0 -51.9    168889600   0   1800      1095100
   154  0 1  95.27  9995.50 2   0.0 -52.5    169940150   0   1900      1050550
   155  0 1  95.62  9988.00 2   0.0 -53.1    170941950   0   1550      1001800
   156  0 1  94.22  9982.00 2   0.0 -53.4    171898150   0   1650       956200
   157  0 1  95.62  9974.50 2   0.0 -54.1    172813000   0   1550       914850
   158  0 1  94.92  9961.00 2   0.0 -55.3    174559300   0   1900      1746300
   159  0 1  94.92  9952.00 2   0.0 -55.9    175410500   0   1750       851200
   160  0 1  94.92  9946.00 2   0.0 -56.6    176261800   0   1450       851300
   161  0 1  94.22  9940.00 2   0.0 -57.2    177122500   0   1550       860700
   162  0 1  94.57  9932.50 2   0.0 -57.5    178004650   0   1650       882150
   163  0 1  95.27  9925.00 2   0.0 -58.1    178916450   0   1550       911800
   164  0 1  94.22  9919.00 2   0.0 -58.8    179865000   0   1550       948550
   165  0 1  94.92  9911.50 2   0.0 -59.4    180858300   0   1550       993300
   166  0 1  94.92  9905.50 2   0.0 -60.0    181897700   0   1600      1039400
   167  0 1  94.22  9890.50 2   0.0 -61.3    184101850   0   1800      2204150
   168  0 1  94.22  9883.00 2   0.0 -61.9    185246200   0   1450      1144350
   169  0 1  95.27  9875.50 2   0.0 -62.5    186395500   0   1750      1149300
   170  0 1  94.22  9868.00 2   0.0 -63.1    187530100   0   1600      1134600
   171  0 1  94.57  9863.50 2   0.0 -63.8    188634650   0   1450      1104550
   172  0 1  95.27  9856.00 2   0.0 -64.4    189696500   0   1900      1061850
   173  0 1  95.27 10150.00 2   0.0 -65.0    190710350   0   1800      1013850
   174  0 1  94.57 10141.00 2   0.0 -65.6    191675850   0   1550       965500
   175  0 1  95.27 10133.50 2   0.0 -66.3    192600250   0   1850       924400
   176  0 1  94.57 10120.00 2   0.0 -67.5    194356200   0   1500      1755950
   177  0 1  94.92 10112.50 2   0.0 -68.1    195208800   0   1900       852600
   178  0 1  94.92 10106.50 2   0.0 -68.8    196058600   0   1700       849800
   179  0 1  94.57 10099.00 2   0.0 -69.4    196916550   0   1500       857950
