    NO  S V  AOA    FREQ    B  FMOP  AMP      TOA      PMOP  PW         dTOA  
------ -- - ------ -------- - ----- ----- ------------ --- ------ ------------
     0  0 1  94.57  9992.50 2   0.0 -70.0            0   0   1750  42949673000
     1  0 1  95.27  9985.00 2   0.0 -69.4      1000350   0   1500      1000350
     2  0 1  95.27  9977.50 2   0.0 -68.8      2046100   0   1450      1045750
     3  0 1  94.57  9973.00 2   0.0 -68.1      3134900   0   1750      1088800
     4  0 1  94.57  9964.00 2   0.0 -67.5      4258500   0   1850      1123600
     5  0 1  94.22  9956.50 2   0.0 -66.9      5403500   0   1850      1145000
     6  0 1  94.57  9943.00 2   0.0 -65.6      7683300   0   1800      2279800
     7  0 1  95.27  9935.50 2   0.0 -65.0      8782350   0   1500      1099050
     8  0 1  95.62  9928.00 2   0.0 -64.4      9837750   0   1700      1055400
     9  0 1  95.27  9922.00 2   0.0 -63.8     10845100   0   1850      1007350
    10  0 1  95.27  9916.00 2   0.0 -63.1     11805250   0   1500       960150
    11  0 1  94.57  9910.00 2   0.0 -62.5     12724450   0   1850       919200
    12  0 1  95.27  9902.50 2   0.0 -61.9     13610200   0   1850       885750
    13  0 1  94.92  9895.00 2   0.0 -61.3     14474650   0   1600       864450
    14  0 1  94.92  9889.00 2   0.0 -60.6     15326850   0   1700       852200
    15  0 1  94.57  9874.00 2   0.0 -59.4     17037050   0   1850      1710200
    16  0 1  94.92  9866.50 2   0.0 -58.8     17916350   0   1800       879300
    17  0 1  94.92  9859.00 2   0.0 -58.1     18824050   0   1650       907700
    18  0 1  94.22  9851.50 2   0.0 -57.5     19768550   0   1450       944500
    19  0 1  94.92 10147.00 2   0.0 -57.2     20757550   0   1550       989000
    20  0 1  94.22 10139.50 2   0.0 -56.6     21792250   0   1550      1034700
    21  0 1  95.27 10132.00 2   0.0 -55.9     22872200   0   1850      1079950
    22  0 1  95.27 10124.50 2   0.0 -55.3     23989350   0   1700      1117150
    23  0 1  95.27 10117.00 2   0.0 -54.7     25131300   0   1850      1141950
    24  0 1  95.62 10102.00 2   0.0 -53.4     27417600   0   1550      2286300
    25  0 1  94.57 10096.00 2   0.0 -53.1     28525500   0   1750      1107900
    26  0 1  94.57 10090.00 2   0.0 -52.5     29592450   0   1900      1066950
    27  0 1  94.22 10084.00 2   0.0 -51.9     30611200   0   1600      1018750
    28  0 1  94.57 10076.50 2   0.0 -51.3     31582650   0   1600       971450
    29  0 1  95.27 10069.00 2   0.0 -50.6     32510950   0   1850       928300
    30  0 1  95.27 10060.00 2   0.0 -50.3     33403900   0   1500       892950
    31  0 1  94.92 10055.50 2   0.0 -49.7     34272150   0   1500       868250
    32  0 1  94.57 10048.00 2   0.0 -49.1     35125050   0   1800       852900
    33  0 1  94.57 10033.00 2   0.0 -48.1     36831350   0   1750      1706300
    34  0 1  94.22 10027.00 2   0.0 -47.5     37705550   0   1550       874200
    35  0 1  94.22 10019.50 2   0.0 -46.9     38606000   0   1550       900450
    36  0 1  95.62 10013.50 2   0.0 -46.6     39541550   0   1500       935550
    37  0 1  95.27 10004.50 2   0.0 -45.9     40519950   0   1700       978400
    38  0 1  94.57  9997.00 2   0.0 -45.6     41543450   0   1700      1023500
    39  0 1  95.27  9991.00 2   0.0 -45.0     42612150   0   1550      1068700
    40  0 1  94.92  9985.00 2   0.0 -44.4     43721550   0   1850      1109400
    41  0 1  94.57  9979.00 2   0.0 -44.1     44859950   0   1800      1138400
    42  0 1  94.22  9964.00 2   0.0 -43.1     47150300   0   1450      2290350
    43  0 1  95.27  9955.00 2   0.0 -42.5     48267100   0   1750      1116800
    44  0 1  95.62  9950.50 2   0.0 -42.2     49344100   0   1850      1077000
    45  0 1  94.57  9941.50 2   0.0 -41.6     50373850   0   1850      1029750
    46  0 1  94.22  9935.50 2   0.0 -41.3     51355800   0   1900       981950
    47  0 1  94.92  9929.50 2   0.0 -40.9     52293600   0   1550       937800
    48  0 1  94.22  9922.00 2   0.0 -40.3     53194100   0   1450       900500
    49  0 1  94.22  9914.50 2   0.0 -40.0     54066800   0   1650       872700
    50  0 1  95.27  9908.50 2   0.0 -39.7     54923000   0   1600       856200
    51  0 1  94.57  9892.00 2   0.0 -38.8     56626050   0   1550      1703050
    52  0 1  95.27  9887.50 2   0.0 -38.4     57494750   0   1700       868700
    53  0 1  94.92  9880.00 2   0.0 -38.1     58388150   0   1750       893400
    54  0 1  94.22  9872.50 2   0.0 -37.5     59315550   0   1600       927400
    55  0 1  94.22  9866.50 2   0.0 -37.2     60282650   0   1550       967100
    56  0 1  94.22  9857.50 2   0.0 -36.9     61295650   0   1800      1013000
    57  0 1  95.62  9853.00 2   0.0 -36.6     62354650   0   1850      1059000
    58  0 1  94.22 10144.00 2   0.0 -36.3     63455850   0   1800      1101200
    59  0 1  94.22 10138.00 2   0.0 -35.9     64588000   0   1850      1132150
    60  0 1  95.62 10123.00 2   0.0 -35.3     66881950   0   1550      2293950
    61  0 1  95.27 10117.00 2   0.0 -35.0     68006050   0   1800      1124100
    62  0 1  94.92 10108.00 2   0.0 -34.7     69093100   0   1650      1087050
    63  0 1  94.92 10102.00 2   0.0 -34.4     70134800   0   1750      1041700
    64  0 1  94.92 10096.00 2   0.0 -34.1     71128050   0   1500       993250
    65  0 1  94.92 10090.00 2   0.0 -33.8     72075500   0   1850       947450
    66  0 1  94.92 10081.00 2   0.0 -33.4     72983000   0   1600       907500
    67  0 1  94.22 10075.00 2   0.0 -33.4     73862150   0   1650       879150
    68  0 1  95.62 10069.00 2   0.0 -33.1     74721100   0   1550       858950
    69  0 1  95.62 10054.00 2   0.0 -32.5     76422500   0   1900      1701400
    70  0 1  94.57 10045.00 2   0.0 -32.5     77286250   0   1850       863750
    71  0 1  95.62 10039.00 2   0.0 -32.2     78173150   0   1650       886900
    72  0 1  95.62 10031.50 2   0.0 -31.9     79090950   0   1500       917800
    73  0 1  95.62 10024.00 2   0.0 -31.9     80048100   0   1650       957150
    74  0 1  95.62 10018.00 2   0.0 -31.6     81050550   0   1550      1002450
    75  0 1  94.57 10012.00 2   0.0 -31.6     82098800   0   1750      1048250
    76  0 1  95.62 10004.50 2   0.0 -31.3     83189500   0   1800      1090700
    77  0 1  94.92  9997.00 2   0.0 -31.3     84315750   0   1550      1126250
    78  0 1  95.27  9982.00 2   0.0 -30.9     86610050   0   1450      2294300
    79  0 1  95.62  9977.50 2   0.0 -30.6     87741050   0   1550      1131000
    80  0 1  94.22  9968.50 2   0.0 -30.6     88837750   0   1750      1096700
    81  0 1  94.22  9964.00 2   0.0 -30.6     89890400   0   1450      1052650
    82  0 1  94.92  9955.00 2   0.0 -30.3     90895550   0   1450      1005150
    83  0 1  94.57  9949.00 2   0.0 -30.3     91853150   0   1450       957600
    84  0 1  95.62  9940.00 2   0.0 -30.3     92770300   0   1700       917150
    85  0 1  94.22  9934.00 2   0.0 -30.3     93655000   0   1900       884700
    86  0 1  95.27  9926.50 2   0.0 -30.0     94518200   0   1650       863200
    87  0 1  95.62  9914.50 2   0.0 -30.0     96219700   0   1450      1701500
    88  0 1  95.62  9907.00 2   0.0 -30.0     97079600   0   1700       859900
    89  0 1  94.22  9898.00 2   0.0 -30.0     97959900   0   1900       880300
    90  0 1  95.27  9892.00 2   0.0 -30.0     98870050   0   1800       910150
    91  0 1  94.22  9884.50 2   0.0 -30.0     99817400   0   1800       947350
    92  0 1  94.22  9877.00 2   0.0 -30.0    100808250   0   1500       990850
    93  0 1  94.57  9871.00 2   0.0 -30.0    101845550   0   1550      1037300
    94  0 1  95.27  9865.00 2   0.0 -30.0    102928000   0   1550      1082450
    95  0 1  94.57  9857.50 2   0.0 -30.0    104047400   0   1500      1119400
    96  0 1  95.62 10144.00 2   0.0 -30.3    106339900   0   1500      2292500
    97  0 1  95.62 10138.00 2   0.0 -30.3    107475900   0   1500      1136000
    98  0 1  94.92 10129.00 2   0.0 -30.3    108581950   0   1500      1106050
    99  0 1  94.92 10123.00 2   0.0 -30.6    109646100   0   1700      1064150
   100  0 1  94.22 10117.00 2   0.0 -30.6    110661700   0   1800      1015600
   101  0 1  94.92 10108.00 2   0.0 -30.6    111630350   0   1500       968650
   102  0 1  95.62 10102.00 2   0.0 -30.9    112556050   0   1500       925700
   103  0 1  95.27 10094.50 2   0.0 -30.9    113447650   0   1850       891600
   104  0 1  95.27 10088.50 2   0.0 -31.3    114315050   0   1550       867400
   105  0 1  94.92 10075.00 2   0.0 -31.6    116017750   0   1600      1702700
   106  0 1  94.57 10067.50 2   0.0 -31.6    116874350   0   1900       856600
   107  0 1  95.62 10060.00 2   0.0 -31.9    117749050   0   1600       874700
   108  0 1  95.27 10052.50 2   0.0 -31.9    118650550   0   1850       901500
   109  0 1  95.27 10045.00 2   0.0 -32.2    119588500   0   1500       937950
   110  0 1  95.27 10037.50 2   0.0 -32.5    120568600   0   1550       980100
   111  0 1  94.22 10033.00 2   0.0 -32.5    121594600   0   1450      1026000
   112  0 1  94.22 10025.50 2   0.0 -32.8    122667050   0   1850      1072450
   113  0 1  94.57 10016.50 2   0.0 -33.1    123777650   0   1800      1110600
   114  0 1  94.22 10003.00 2   0.0 -33.4    126066150   0   1500      2288500
   115  0 1  95.27  9997.00 2   0.0 -33.8    127207200   0   1850      1141050
   116  0 1  94.57  9989.50 2   0.0 -34.1    128321900   0   1750      1114700
   117  0 1  94.57  9982.00 2   0.0 -34.4    129396650   0   1500      1074750
   118  0 1  95.27  9976.00 2   0.0 -34.7    130424600   0   1750      1027950
   119  0 1  95.62  9970.00 2   0.0 -35.0    131404650   0   1850       980050
   120  0 1  95.27  9962.50 2   0.0 -35.3    132340100   0   1600       935450
   121  0 1  95.27  9955.00 2   0.0 -35.6    133239350   0   1750       899250
   122  0 1  94.57  9949.00 2   0.0 -35.9    134111750   0   1550       872400
   123  0 1  94.92  9934.00 2   0.0 -36.6    135816750   0   1700      1705000
   124  0 1  94.57  9925.00 2   0.0 -36.9    136670350   0   1550       853600
   125  0 1  94.92  9919.00 2   0.0 -37.2    137539950   0   1900       869600
   126  0 1  95.27  9911.50 2   0.0 -37.5    138435300   0   1800       895350
   127  0 1  94.92  9905.50 2   0.0 -38.1    139363950   0   1550       928650
   128  0 1  94.57  9898.00 2   0.0 -38.4    140333750   0   1750       969800
   129  0 1  95.62  9892.00 2   0.0 -38.8    141348300   0   1600      1014550
   130  0 1  95.62  9886.00 2   0.0 -39.1    142409050   0   1600      1060750
   131  0 1  94.22  9877.00 2   0.0 -39.7    143510600   0   1900      1101550
   132  0 1  95.62  9865.00 2   0.0 -40.3    145792200   0   1850      2281600
   133  0 1  94.92  9856.00 2   0.0 -40.9    146936700   0   1650      1144500
   134  0 1  94.22  9848.50 2   0.0 -41.3    148059650   0   1900      1122950
   135  0 1  95.27 10141.00 2   0.0 -41.6    149144400   0   1700      1084750
   136  0 1  94.57 10136.50 2   0.0 -42.2    150183350   0   1500      1038950
   137  0 1  95.62 10127.50 2   0.0 -42.5    151174600   0   1600       991250
   138  0 1  95.62 10121.50 2   0.0 -43.1    152119450   0   1650       944850
   139  0 1  95.27 10115.50 2   0.0 -43.4    153026800   0   1650       907350
   140  0 1  94.92 10106.50 2   0.0 -44.1    153903450   0   1700       876650
   141  0 1  95.27 10093.00 2   0.0 -45.0    155610900   0   1550      1707450
   142  0 1  94.57 10087.00 2   0.0 -45.6    156462750   0   1450       851850
   143  0 1  94.22 10078.00 2   0.0 -45.9    157327700   0   1500       864950
   144  0 1  94.22 10073.50 2   0.0 -46.6    158215950   0   1550       888250
   145  0 1  95.27 10066.00 2   0.0 -46.9    159135800   0   1650       919850
   146  0 1  94.57 10058.50 2   0.0 -47.5    160094500   0   1650       958700
   147  0 1  95.62 10051.00 2   0.0 -48.1    161098800   0   1900      1004300
   148  0 1  95.27 10043.50 2   0.0 -48.4    162148800   0   1900      1050000
   149  0 1  94.22 10037.50 2   0.0 -49.1    163241450   0   1900      1092650
   150  0 1  94.92 10022.50 2   0.0 -50.3    165515100   0   1600      2273650
   151  0 1  94.57 10015.00 2   0.0 -50.6    166663050   0   1600      1147950
   152  0 1  95.62 10009.00 2   0.0 -51.3    167791850   0   1900      1128800
   153  0 1  94.22 10003.00 2   0.0 -51.9    168887050   0   1700      1095200
   154  0 1  94.22  9995.50 2   0.0 -52.5    169938400   0   1450      1051350
   155  0 1  95.27  9988.00 2   0.0 -53.1    170940750   0   1450      1002350
   156  0 1  94.57  9982.00 2   0.0 -53.4    171897050   0   1500       956300
   157  0 1  95.27  9973.00 2   0.0 -54.1    172812200   0   1550       915150
   158  0 1  94.22  9968.50 2   0.0 -54.7    173696600   0   1750       884400
   159  0 1  94.92  9953.50 2   0.0 -55.9    175409700   0   1600      1713100
   160  0 1  94.57  9946.00 2   0.0 -56.6    176260950   0   1700       851250
   161  0 1  94.57  9938.50 2   0.0 -57.2    177122400   0   1850       861450
   162  0 1  94.57  9934.00 2   0.0 -57.5    178003950   0   1800       881550
   163  0 1  94.92  9925.00 2   0.0 -58.1    178915200   0   1450       911250
   164  0 1  94.92  9919.00 2   0.0 -58.8    179863950   0   1650       948750
   165  0 1  94.22  9910.00 2   0.0 -59.4    180857150   0   1550       993200
   166  0 1  95.62  9904.00 2   0.0 -60.0    181896600   0   1700      1039450
   167  0 1  95.27  9896.50 2   0.0 -60.6    182980200   0   1800      1083600
   168  0 1  95.27  9884.50 2   0.0 -61.9    185244600   0   1750      2264400
   169  0 1  94.57  9877.00 2   0.0 -62.5    186393650   0   1550      1149050
   170  0 1  95.62  9868.00 2   0.0 -63.1    187528350   0   1850      1134700
   171  0 1  94.57  9863.50 2   0.0 -63.8    188633250   0   1650      1104900
   172  0 1  94.57  9856.00 2   0.0 -64.4    189694750   0   1850      1061500
   173  0 1  94.22 10150.00 2   0.0 -65.0    190708700   0   1750      1013950
   174  0 1  94.57 10142.50 2   0.0 -65.6    191674750   0   1600       966050
   175  0 1  95.62 10135.00 2   0.0 -66.3    192599200   0   1450       924450
   176  0 1  95.62 10127.50 2   0.0 -66.9    193489450   0   1450       890250
   177  0 1  94.92 10114.00 2   0.0 -68.1    195208750   0   1500      1719300
   178  0 1  94.92 10108.00 2   0.0 -68.8    196058950   0   1900       850200
   179  0 1  94.22 10100.50 2   0.0 -69.4    196916900   0   1650       857950
