    NO  S V  AOA    FREQ    B  FMOP  AMP      TOA      PMOP  PW         dTOA  
------ -- - ------ -------- - ----- ----- ------------ --- ------ ------------
     0  0 1  95.62  9968.50 2   0.0 -70.0            0   0   1200  42949673000
     1  0 1  95.27  9970.00 2   0.0 -68.8      2043450   0   1450      2043450
     2  0 1  95.62  9970.00 2   0.0 -68.1      2919550   0   1200       876100
     3  0 1  94.92  9979.00 2   0.0 -67.5      3778800   0   1300       859250
     4  0 1  95.62  9979.00 2   0.0 -66.9      4839600   0   1550      1060800
     5  0 1  94.57  9979.00 2   0.0 -66.3      5779250   0   1300       939650
     6  0 1  94.92  9979.00 2   0.0 -65.6      6866900   0   1550      1087650
     7  0 1  95.27  9988.00 2   0.0 -65.0      7847500   0   1250       980600
     8  0 1  95.27  9989.50 2   0.0 -64.4      8779000   0   1500       931500
     9  0 1  95.27  9988.00 2   0.0 -63.8      9765500   0   1250       986500
    10  0 1  95.62 10000.00 2   0.0 -62.5     11724600   0   1300      1959100
    11  0 1  95.62 10000.00 2   0.0 -61.9     12600850   0   1600       876250
    12  0 1  94.92 10000.00 2   0.0 -61.3     13732050   0   1600      1131200
    13  0 1  94.22 10000.00 2   0.0 -60.6     14602250   0   1250       870200
    14  0 1  94.57 10009.00 2   0.0 -60.0     15686450   0   1500      1084200
    15  0 1  94.92 10010.50 2   0.0 -59.4     16770400   0   1550      1083950
    16  0 1  94.57 10009.00 2   0.0 -58.8     17650800   0   1150       880400
    17  0 1  94.92 10010.50 2   0.0 -58.1     18575000   0   1200       924200
    18  0 1  95.62 10019.50 2   0.0 -57.5     19719050   0   1200      1144050
    19  0 1  95.62 10021.00 2   0.0 -56.6     21789950   0   1450      2070900
    20  0 1  94.92 10018.00 2   0.0 -55.9     22641750   0   1550       851800
    21  0 1  94.22 10030.00 2   0.0 -55.3     23730700   0   1250      1088950
    22  0 1  94.92 10030.00 2   0.0 -54.7     24612550   0   1450       881850
    23  0 1  94.22 10030.00 2   0.0 -54.1     25573550   0   1200       961000
    24  0 1  94.92 10030.00 2   0.0 -53.4     26507700   0   1600       934150
    25  0 1  94.57 10040.50 2   0.0 -53.1     27390600   0   1200       882900
    26  0 1  94.92 10039.00 2   0.0 -52.5     28342300   0   1150       951700
    27  0 1  94.22 10039.00 2   0.0 -51.9     29353800   0   1200      1011500
    28  0 1  94.57  9950.50 2   0.0 -50.6     31334600   0   1350      1980800
    29  0 1  94.92  9949.00 2   0.0 -50.3     32330400   0   1200       995800
    30  0 1  95.27  9950.50 2   0.0 -49.7     33307250   0   1350       976850
    31  0 1  94.92  9950.50 2   0.0 -49.1     34323050   0   1500      1015800
    32  0 1  94.92  9959.50 2   0.0 -48.4     35436250   0   1600      1113200
    33  0 1  95.62  9961.00 2   0.0 -48.1     36461800   0   1600      1025550
    34  0 1  95.27  9959.50 2   0.0 -47.5     37384200   0   1300       922400
    35  0 1  94.22  9958.00 2   0.0 -46.9     38521250   0   1200      1137050
    36  0 1  94.92  9968.50 2   0.0 -46.6     39506850   0   1600       985600
    37  0 1  94.92  9968.50 2   0.0 -45.6     41456650   0   1300      1949800
    38  0 1  95.27  9970.00 2   0.0 -45.0     42413800   0   1450       957150
    39  0 1  94.22  9979.00 2   0.0 -44.4     43299050   0   1500       885250
    40  0 1  95.27  9979.00 2   0.0 -44.1     44175800   0   1250       876750
    41  0 1  95.62  9980.50 2   0.0 -43.4     45245150   0   1250      1069350
    42  0 1  95.62  9979.00 2   0.0 -43.1     46343750   0   1400      1098600
    43  0 1  94.57  9991.00 2   0.0 -42.5     47403150   0   1600      1059400
    44  0 1  94.92  9991.00 2   0.0 -42.2     48331450   0   1150       928300
    45  0 1  94.22  9991.00 2   0.0 -41.6     49424150   0   1450      1092700
    46  0 1  95.62 10000.00 2   0.0 -40.9     51355700   0   1300      1931550
    47  0 1  95.62  9998.50 2   0.0 -40.3     52464150   0   1200      1108450
    48  0 1  95.27 10000.00 2   0.0 -40.0     53462750   0   1250       998600
    49  0 1  94.92  9998.50 2   0.0 -39.7     54394750   0   1150       932000
    50  0 1  95.62 10009.00 2   0.0 -39.1     55351200   0   1250       956450
    51  0 1  95.62 10009.00 2   0.0 -38.8     56432700   0   1250      1081500
    52  0 1  94.57 10009.00 2   0.0 -38.4     57297550   0   1550       864850
    53  0 1  94.92 10009.00 2   0.0 -38.1     58363950   0   1250      1066400
    54  0 1  94.57 10018.00 2   0.0 -37.5     59301100   0   1450       937150
    55  0 1  94.92 10019.50 2   0.0 -36.9     61494500   0   1450      2193400
    56  0 1  94.57 10018.00 2   0.0 -36.6     62552050   0   1550      1057550
    57  0 1  94.92 10030.00 2   0.0 -36.3     63497100   0   1150       945050
    58  0 1  94.22 10030.00 2   0.0 -35.9     64453250   0   1550       956150
    59  0 1  94.57 10030.00 2   0.0 -35.6     65373050   0   1400       919800
    60  0 1  94.92 10030.00 2   0.0 -35.3     66319750   0   1200       946700
    61  0 1  95.27 10040.50 2   0.0 -35.0     67266650   0   1450       946900
    62  0 1  94.92 10039.00 2   0.0 -34.7     68216250   0   1200       949600
    63  0 1  94.57 10039.00 2   0.0 -34.4     69203150   0   1150       986900
    64  0 1  94.92  9949.00 2   0.0 -33.8     71053000   0   1200      1849850
    65  0 1  95.62  9949.00 2   0.0 -33.4     71978750   0   1400       925750
    66  0 1  94.92  9949.00 2   0.0 -33.4     72930500   0   1250       951750
    67  0 1  94.57  9949.00 2   0.0 -33.1     73858400   0   1600       927900
    68  0 1  95.62  9959.50 2   0.0 -32.8     74886700   0   1150      1028300
    69  0 1  94.22  9959.50 2   0.0 -32.5     75940350   0   1400      1053650
    70  0 1  95.27  9958.00 2   0.0 -32.5     76976500   0   1450      1036150
    71  0 1  94.57  9958.00 2   0.0 -32.2     77990200   0   1400      1013700
    72  0 1  94.92  9968.50 2   0.0 -31.9     78964250   0   1250       974050
    73  0 1  95.62  9970.00 2   0.0 -31.6     81202050   0   1300      2237800
    74  0 1  94.22  9970.00 2   0.0 -31.6     82281950   0   1250      1079900
    75  0 1  95.27  9979.00 2   0.0 -31.3     83172100   0   1150       890150
    76  0 1  95.27  9979.00 2   0.0 -31.3     84156950   0   1150       984850
    77  0 1  94.22  9980.50 2   0.0 -30.9     85289800   0   1500      1132850
    78  0 1  94.57  9980.50 2   0.0 -30.9     86308800   0   1200      1019000
    79  0 1  94.57  9991.00 2   0.0 -30.6     87195300   0   1350       886500
    80  0 1  94.92  9988.00 2   0.0 -30.6     88078450   0   1400       883150
    81  0 1  94.22  9988.00 2   0.0 -30.6     89070350   0   1450       991900
    82  0 1  95.62  9998.50 2   0.0 -30.3     90984350   0   1600      1914000
    83  0 1  94.22 10000.00 2   0.0 -30.3     92045350   0   1300      1061000
    84  0 1  94.57  9998.50 2   0.0 -30.3     92944150   0   1300       898800
    85  0 1  95.27 10000.00 2   0.0 -30.0     93857600   0   1350       913450
    86  0 1  94.92 10010.50 2   0.0 -30.0     94940450   0   1450      1082850
    87  0 1  95.62 10009.00 2   0.0 -30.0     95822600   0   1550       882150
    88  0 1  94.22 10009.00 2   0.0 -30.0     96919100   0   1150      1096500
    89  0 1  94.57 10009.00 2   0.0 -30.0     97820250   0   1200       901150
    90  0 1  94.57 10018.00 2   0.0 -30.0     98846150   0   1600      1025900
    91  0 1  94.22 10018.00 2   0.0 -30.0    100846100   0   1250      1999950
    92  0 1  94.22 10019.50 2   0.0 -30.0    101859850   0   1200      1013750
    93  0 1  95.27 10028.50 2   0.0 -30.0    102826900   0   1450       967050
    94  0 1  94.22 10028.50 2   0.0 -30.0    103687250   0   1200       860350
    95  0 1  95.27 10030.00 2   0.0 -30.3    104653800   0   1250       966550
    96  0 1  95.62 10030.00 2   0.0 -30.3    105526500   0   1350       872700
    97  0 1  95.27 10039.00 2   0.0 -30.3    106379850   0   1450       853350
    98  0 1  95.62 10039.00 2   0.0 -30.3    107293200   0   1400       913350
    99  0 1  94.22 10039.00 2   0.0 -30.6    108396400   0   1300      1103200
   100  0 1  95.62  9949.00 2   0.0 -30.6    110479300   0   1400      2082900
   101  0 1  94.57  9950.50 2   0.0 -30.9    111485750   0   1400      1006450
   102  0 1  94.57  9950.50 2   0.0 -30.9    112466700   0   1350       980950
   103  0 1  94.92  9949.00 2   0.0 -31.3    113528200   0   1500      1061500
   104  0 1  95.27  9959.50 2   0.0 -31.3    114422550   0   1400       894350
   105  0 1  95.27  9958.00 2   0.0 -31.6    115559850   0   1200      1137300
   106  0 1  95.62  9958.00 2   0.0 -31.6    116688850   0   1450      1129000
   107  0 1  94.92  9959.50 2   0.0 -31.9    117630700   0   1250       941850
   108  0 1  95.62  9970.00 2   0.0 -31.9    118614650   0   1550       983950
   109  0 1  94.57  9968.50 2   0.0 -32.5    120506500   0   1200      1891850
   110  0 1  95.27  9970.00 2   0.0 -32.5    121564450   0   1400      1057950
   111  0 1  94.22  9980.50 2   0.0 -32.8    122494400   0   1600       929950
   112  0 1  95.62  9979.00 2   0.0 -33.1    123344500   0   1200       850100
   113  0 1  94.22  9980.50 2   0.0 -33.4    124221500   0   1600       877000
   114  0 1  94.22  9979.00 2   0.0 -33.4    125298650   0   1400      1077150
   115  0 1  95.27  9989.50 2   0.0 -33.8    126218000   0   1300       919350
   116  0 1  94.57  9988.00 2   0.0 -34.1    127253450   0   1500      1035450
   117  0 1  94.92  9988.00 2   0.0 -34.4    128217500   0   1350       964050
   118  0 1  94.92  9998.50 2   0.0 -35.0    130263550   0   1300      2046050
   119  0 1  95.62 10000.00 2   0.0 -35.3    131353000   0   1250      1089450
   120  0 1  95.62 10000.00 2   0.0 -35.6    132317750   0   1250       964750
   121  0 1  95.62 10000.00 2   0.0 -35.9    133348200   0   1300      1030450
   122  0 1  95.62 10009.00 2   0.0 -36.3    134396500   0   1400      1048300
   123  0 1  94.57 10010.50 2   0.0 -36.6    135375450   0   1450       978950
   124  0 1  95.62 10009.00 2   0.0 -36.9    136433000   0   1200      1057550
   125  0 1  94.57 10009.00 2   0.0 -37.2    137356000   0   1300       923000
   126  0 1  94.22 10019.50 2   0.0 -37.5    138441000   0   1400      1085000
   127  0 1  94.92 10021.00 2   0.0 -38.4    140446350   0   1200      2005350
   128  0 1  95.27 10019.50 2   0.0 -38.8    141343050   0   1600       896700
   129  0 1  95.62 10028.50 2   0.0 -39.1    142357400   0   1150      1014350
   130  0 1  94.22 10028.50 2   0.0 -39.7    143478800   0   1300      1121400
   131  0 1  95.27 10030.00 2   0.0 -40.0    144575100   0   1300      1096300
   132  0 1  94.22 10028.50 2   0.0 -40.3    145637800   0   1200      1062700
   133  0 1  94.22 10040.50 2   0.0 -40.9    146768850   0   1150      1131050
   134  0 1  95.62 10039.00 2   0.0 -41.3    147665750   0   1400       896900
   135  0 1  95.27 10039.00 2   0.0 -41.6    148621250   0   1400       955500
   136  0 1  95.62  9949.00 2   0.0 -42.5    150566300   0   1150      1945050
   137  0 1  94.57  9950.50 2   0.0 -43.1    151526900   0   1600       960600
   138  0 1  95.27  9949.00 2   0.0 -43.4    152506700   0   1600       979800
   139  0 1  95.27  9950.50 2   0.0 -44.1    153387750   0   1550       881050
   140  0 1  95.27  9961.00 2   0.0 -44.4    154299650   0   1250       911900
   141  0 1  95.62  9961.00 2   0.0 -45.0    155234600   0   1450       934950
   142  0 1  94.57  9959.50 2   0.0 -45.6    156297300   0   1150      1062700
   143  0 1  95.27  9958.00 2   0.0 -45.9    157424400   0   1550      1127100
   144  0 1  94.92  9970.00 2   0.0 -46.6    158400150   0   1250       975750
   145  0 1  95.62  9970.00 2   0.0 -47.5    160318800   0   1500      1918650
   146  0 1  95.27  9970.00 2   0.0 -48.1    161171450   0   1250       852650
   147  0 1  94.57  9979.00 2   0.0 -48.4    162024350   0   1500       852900
   148  0 1  94.22  9979.00 2   0.0 -49.1    162931800   0   1600       907450
   149  0 1  95.27  9979.00 2   0.0 -49.7    163979100   0   1500      1047300
   150  0 1  95.62  9979.00 2   0.0 -50.3    164840900   0   1600       861800
   151  0 1  95.62  9988.00 2   0.0 -50.6    165775850   0   1250       934950
   152  0 1  94.92  9988.00 2   0.0 -51.3    166856950   0   1250      1081100
   153  0 1  94.57  9988.00 2   0.0 -51.9    167861700   0   1150      1004750
   154  0 1  94.92  9998.50 2   0.0 -53.1    169773600   0   1300      1911900
   155  0 1  95.27 10000.00 2   0.0 -53.4    170831800   0   1500      1058200
   156  0 1  95.62  9998.50 2   0.0 -54.1    171953600   0   1350      1121800
   157  0 1  94.92 10000.00 2   0.0 -54.7    172870600   0   1550       917000
   158  0 1  94.92 10009.00 2   0.0 -55.3    173917200   0   1300      1046600
   159  0 1  94.92 10009.00 2   0.0 -55.9    174978950   0   1250      1061750
   160  0 1  94.22 10010.50 2   0.0 -56.6    175972300   0   1350       993350
   161  0 1  94.22 10009.00 2   0.0 -57.2    176947000   0   1200       974700
   162  0 1  95.62 10019.50 2   0.0 -57.5    177950900   0   1200      1003900
   163  0 1  95.62 10021.00 2   0.0 -58.8    180073400   0   1200      2122500
   164  0 1  95.62 10021.00 2   0.0 -59.4    181093600   0   1450      1020200
   165  0 1  94.92 10028.50 2   0.0 -60.0    182044350   0   1400       950750
   166  0 1  94.22 10030.00 2   0.0 -60.6    183154850   0   1250      1110500
   167  0 1  94.57 10028.50 2   0.0 -61.3    184086500   0   1200       931650
   168  0 1  94.92 10030.00 2   0.0 -61.9    185014350   0   1150       927850
   169  0 1  95.27 10040.50 2   0.0 -62.5    186006750   0   1500       992400
   170  0 1  95.62 10039.00 2   0.0 -63.1    187149150   0   1200      1142400
   171  0 1  94.57 10039.00 2   0.0 -63.8    188060100   0   1200       910950
   172  0 1  95.62  9949.00 2   0.0 -65.0    190198900   0   1450      2138800
   173  0 1  94.92  9949.00 2   0.0 -65.6    191232800   0   1350      1033900
   174  0 1  94.92  9949.00 2   0.0 -66.3    192202250   0   1200       969450
   175  0 1  95.27  9949.00 2   0.0 -66.9    193137300   0   1450       935050
   176  0 1  94.22  9959.50 2   0.0 -67.5    194278350   0   1350      1141050
   177  0 1  94.92  9959.50 2   0.0 -68.1    195331650   0   1250      1053300
   178  0 1  95.27  9961.00 2   0.0 -68.8    196416000   0   1550      1084350
   179  0 1  94.22  9958.00 2   0.0 -69.4    197405750   0   1500       989750
