    NO  S V  AOA    FREQ    B  FMOP  AMP      TOA      PMOP  PW         dTOA  
------ -- - ------ -------- - ----- ----- ------------ --- ------ ------------
     0  0 1  94.57  9970.00 2   0.0 -70.0            0   0   1300  42949673000
     1  0 1  94.22  9968.50 2   0.0 -69.4       940100   0   1600       940100
     2  0 1  94.57  9968.50 2   0.0 -68.8      1844950   0   1250       904850
     3  0 1  95.27  9968.50 2   0.0 -68.1      2807550   0   1250       962600
     4  0 1  94.57  9979.00 2   0.0 -67.5      3689650   0   1600       882100
     5  0 1  94.92  9980.50 2   0.0 -66.9      4626850   0   1150       937200
     6  0 1  94.57  9979.00 2   0.0 -66.3      5623800   0   1150       996950
     7  0 1  94.92  9979.00 2   0.0 -65.6      6525250   0   1550       901450
     8  0 1  95.27  9988.00 2   0.0 -64.4      8448900   0   1450      1923650
     9  0 1  95.62  9991.00 2   0.0 -63.8      9384200   0   1500       935300
    10  0 1  95.27  9988.00 2   0.0 -63.1     10475900   0   1550      1091700
    11  0 1  94.22 10000.00 2   0.0 -62.5     11438850   0   1400       962950
    12  0 1  95.62 10000.00 2   0.0 -61.9     12576550   0   1600      1137700
    13  0 1  94.22  9998.50 2   0.0 -61.3     13669250   0   1350      1092700
    14  0 1  94.57 10000.00 2   0.0 -60.6     14713900   0   1450      1044650
    15  0 1  94.92 10009.00 2   0.0 -60.0     15708650   0   1450       994750
    16  0 1  95.27 10010.50 2   0.0 -59.4     16761550   0   1450      1052900
    17  0 1  94.92 10009.00 2   0.0 -58.1     19015400   0   1400      2253850
    18  0 1  94.22 10021.00 2   0.0 -57.5     20025500   0   1350      1010100
    19  0 1  94.57 10021.00 2   0.0 -57.2     21157050   0   1400      1131550
    20  0 1  95.62 10021.00 2   0.0 -56.6     22093000   0   1300       935950
    21  0 1  95.27 10021.00 2   0.0 -55.9     23231050   0   1200      1138050
    22  0 1  94.57 10030.00 2   0.0 -55.3     24214450   0   1400       983400
    23  0 1  95.27 10030.00 2   0.0 -54.7     25346550   0   1250      1132100
    24  0 1  95.27 10030.00 2   0.0 -54.1     26309750   0   1450       963200
    25  0 1  94.57 10030.00 2   0.0 -53.4     27256950   0   1550       947200
    26  0 1  94.57 10039.00 2   0.0 -52.5     29251500   0   1500      1994550
    27  0 1  94.22 10039.00 2   0.0 -51.9     30125850   0   1350       874350
    28  0 1  94.22 10039.00 2   0.0 -51.3     30995550   0   1150       869700
    29  0 1  95.62  9949.00 2   0.0 -50.6     31871800   0   1300       876250
    30  0 1  95.27  9949.00 2   0.0 -50.3     32946100   0   1150      1074300
    31  0 1  94.57  9950.50 2   0.0 -49.7     34008150   0   1250      1062050
    32  0 1  94.22  9949.00 2   0.0 -49.1     34901550   0   1300       893400
    33  0 1  95.27  9959.50 2   0.0 -48.4     35843350   0   1150       941800
    34  0 1  94.57  9959.50 2   0.0 -48.1     36727400   0   1150       884050
    35  0 1  95.62  9961.00 2   0.0 -46.9     38788650   0   1350      2061250
    36  0 1  94.57  9970.00 2   0.0 -46.6     39646750   0   1350       858100
    37  0 1  94.57  9970.00 2   0.0 -45.9     40762300   0   1400      1115550
    38  0 1  94.92  9970.00 2   0.0 -45.6     41820500   0   1350      1058200
    39  0 1  94.22  9970.00 2   0.0 -45.0     42671900   0   1350       851400
    40  0 1  95.27  9979.00 2   0.0 -44.4     43546100   0   1500       874200
    41  0 1  95.62  9979.00 2   0.0 -44.1     44433200   0   1500       887100
    42  0 1  94.92  9980.50 2   0.0 -43.4     45352900   0   1550       919700
    43  0 1  95.62  9979.00 2   0.0 -43.1     46429750   0   1450      1076850
    44  0 1  95.62  9991.00 2   0.0 -42.2     48211100   0   1600      1781350
    45  0 1  94.22  9989.50 2   0.0 -41.6     49350250   0   1250      1139150
    46  0 1  95.27  9991.00 2   0.0 -41.3     50209550   0   1500       859300
    47  0 1  95.62  9998.50 2   0.0 -40.9     51250000   0   1200      1040450
    48  0 1  94.92  9998.50 2   0.0 -40.3     52339350   0   1300      1089350
    49  0 1  94.92  9998.50 2   0.0 -40.0     53363500   0   1200      1024150
    50  0 1  94.22  9998.50 2   0.0 -39.7     54482950   0   1200      1119450
    51  0 1  95.27 10009.00 2   0.0 -39.1     55504650   0   1200      1021700
    52  0 1  94.57 10009.00 2   0.0 -38.8     56481950   0   1400       977300
    53  0 1  94.22 10009.00 2   0.0 -38.1     58422750   0   1200      1940800
    54  0 1  94.92 10021.00 2   0.0 -37.5     59332250   0   1200       909500
    55  0 1  95.27 10021.00 2   0.0 -37.2     60198650   0   1350       866400
    56  0 1  94.22 10018.00 2   0.0 -36.9     61142800   0   1150       944150
    57  0 1  94.92 10021.00 2   0.0 -36.6     62213700   0   1600      1070900
    58  0 1  95.62 10028.50 2   0.0 -36.3     63198050   0   1150       984350
    59  0 1  94.92 10030.00 2   0.0 -35.9     64298650   0   1600      1100600
    60  0 1  95.62 10030.00 2   0.0 -35.6     65306550   0   1400      1007900
    61  0 1  94.92 10030.00 2   0.0 -35.3     66329950   0   1500      1023400
    62  0 1  94.92 10039.00 2   0.0 -34.7     68343100   0   1250      2013150
    63  0 1  94.57 10039.00 2   0.0 -34.4     69394450   0   1150      1051350
    64  0 1  95.62 10039.00 2   0.0 -34.1     70543350   0   1200      1148900
    65  0 1  95.27  9949.00 2   0.0 -33.8     71565450   0   1200      1022100
    66  0 1  94.57  9950.50 2   0.0 -33.4     72508650   0   1600       943200
    67  0 1  94.92  9949.00 2   0.0 -33.4     73433000   0   1550       924350
    68  0 1  94.57  9950.50 2   0.0 -33.1     74520550   0   1550      1087550
    69  0 1  95.62  9959.50 2   0.0 -32.8     75457900   0   1250       937350
    70  0 1  95.27  9961.00 2   0.0 -32.5     76425300   0   1450       967400
    71  0 1  95.27  9961.00 2   0.0 -32.2     78408350   0   1500      1983050
    72  0 1  95.62  9970.00 2   0.0 -31.9     79428600   0   1500      1020250
    73  0 1  95.27  9970.00 2   0.0 -31.9     80460200   0   1250      1031600
    74  0 1  95.62  9970.00 2   0.0 -31.6     81420850   0   1150       960650
    75  0 1  94.57  9970.00 2   0.0 -31.6     82512200   0   1250      1091350
    76  0 1  94.92  9980.50 2   0.0 -31.3     83648000   0   1500      1135800
    77  0 1  95.27  9979.00 2   0.0 -31.3     84696300   0   1600      1048300
    78  0 1  94.22  9979.00 2   0.0 -30.9     85624950   0   1500       928650
    79  0 1  95.27  9980.50 2   0.0 -30.9     86658900   0   1600      1033950
    80  0 1  95.62  9991.00 2   0.0 -30.6     88619950   0   1550      1961050
    81  0 1  94.57  9988.00 2   0.0 -30.6     89607650   0   1300       987700
    82  0 1  95.27  9988.00 2   0.0 -30.3     90675400   0   1450      1067750
    83  0 1  95.62 10000.00 2   0.0 -30.3     91739400   0   1150      1064000
    84  0 1  95.27  9998.50 2   0.0 -30.3     92728300   0   1250       988900
    85  0 1  94.22 10000.00 2   0.0 -30.3     93800600   0   1500      1072300
    86  0 1  94.92  9998.50 2   0.0 -30.0     94699200   0   1250       898600
    87  0 1  94.57 10009.00 2   0.0 -30.0     95708250   0   1550      1009050
    88  0 1  95.27 10009.00 2   0.0 -30.0     96688500   0   1600       980250
    89  0 1  94.22 10010.50 2   0.0 -30.0     98854300   0   1150      2165800
    90  0 1  95.27 10019.50 2   0.0 -30.0     99871500   0   1200      1017200
    91  0 1  94.92 10021.00 2   0.0 -30.0    100962600   0   1150      1091100
    92  0 1  94.92 10018.00 2   0.0 -30.0    102097900   0   1600      1135300
    93  0 1  94.57 10019.50 2   0.0 -30.0    103204000   0   1350      1106100
    94  0 1  94.92 10030.00 2   0.0 -30.0    104329750   0   1450      1125750
    95  0 1  94.92 10030.00 2   0.0 -30.0    105274650   0   1550       944900
    96  0 1  95.27 10030.00 2   0.0 -30.3    106338100   0   1200      1063450
    97  0 1  94.57 10028.50 2   0.0 -30.3    107390550   0   1600      1052450
    98  0 1  94.22 10039.00 2   0.0 -30.3    109482000   0   1350      2091450
    99  0 1  94.57 10039.00 2   0.0 -30.6    110441300   0   1350       959300
   100  0 1  95.27 10040.50 2   0.0 -30.6    111353750   0   1550       912450
   101  0 1  94.92  9949.00 2   0.0 -30.6    112229200   0   1150       875450
   102  0 1  95.62  9950.50 2   0.0 -30.9    113159600   0   1250       930400
   103  0 1  94.22  9950.50 2   0.0 -30.9    114215300   0   1550      1055700
   104  0 1  95.62  9949.00 2   0.0 -31.3    115110750   0   1350       895450
   105  0 1  95.27  9959.50 2   0.0 -31.3    115962300   0   1600       851550
   106  0 1  94.92  9958.00 2   0.0 -31.6    116953600   0   1550       991300
   107  0 1  95.27  9958.00 2   0.0 -31.9    118962600   0   1250      2009000
   108  0 1  95.62  9970.00 2   0.0 -31.9    119986750   0   1500      1024150
   109  0 1  95.62  9970.00 2   0.0 -32.2    120937000   0   1150       950250
   110  0 1  94.22  9970.00 2   0.0 -32.5    122035250   0   1500      1098250
   111  0 1  94.57  9970.00 2   0.0 -32.5    123146100   0   1350      1110850
   112  0 1  94.57  9979.00 2   0.0 -32.8    124253450   0   1200      1107350
   113  0 1  94.92  9980.50 2   0.0 -33.1    125204150   0   1600       950700
   114  0 1  94.22  9979.00 2   0.0 -33.4    126216350   0   1250      1012200
   115  0 1  95.62  9979.00 2   0.0 -33.4    127144200   0   1350       927850
   116  0 1  94.22  9991.00 2   0.0 -34.1    129213550   0   1600      2069350
   117  0 1  94.57  9989.50 2   0.0 -34.4    130316050   0   1350      1102500
   118  0 1  95.27  9988.00 2   0.0 -34.7    131216950   0   1300       900900
   119  0 1  94.22 10000.00 2   0.0 -35.0    132090050   0   1150       873100
   120  0 1  95.62  9998.50 2   0.0 -35.3    133107600   0   1550      1017550
   121  0 1  95.27 10000.00 2   0.0 -35.6    134132500   0   1250      1024900
   122  0 1  95.27  9998.50 2   0.0 -35.9    135184750   0   1600      1052250
   123  0 1  95.27 10010.50 2   0.0 -36.3    136317250   0   1150      1132500
   124  0 1  94.22 10009.00 2   0.0 -36.6    137437350   0   1150      1120100
   125  0 1  94.22 10010.50 2   0.0 -37.2    139210050   0   1200      1772700
   126  0 1  95.62 10018.00 2   0.0 -37.5    140198650   0   1550       988600
   127  0 1  94.92 10019.50 2   0.0 -38.1    141307150   0   1450      1108500
   128  0 1  95.27 10021.00 2   0.0 -38.4    142417850   0   1550      1110700
   129  0 1  94.22 10021.00 2   0.0 -38.8    143512950   0   1400      1095100
   130  0 1  95.62 10030.00 2   0.0 -39.1    144392350   0   1550       879400
   131  0 1  94.22 10030.00 2   0.0 -39.7    145253100   0   1200       860750
   132  0 1  95.62 10030.00 2   0.0 -40.0    146119250   0   1350       866150
   133  0 1  94.92 10030.00 2   0.0 -40.3    147263250   0   1500      1144000
   134  0 1  94.57 10040.50 2   0.0 -41.3    149292450   0   1400      2029200
   135  0 1  94.57 10040.50 2   0.0 -41.6    150282200   0   1300       989750
   136  0 1  95.62 10039.00 2   0.0 -42.2    151387150   0   1600      1104950
   137  0 1  95.27  9949.00 2   0.0 -42.5    152397050   0   1500      1009900
   138  0 1  94.22  9949.00 2   0.0 -43.1    153502250   0   1200      1105200
   139  0 1  94.22  9949.00 2   0.0 -43.4    154599750   0   1200      1097500
   140  0 1  95.27  9949.00 2   0.0 -44.1    155516150   0   1150       916400
   141  0 1  94.57  9958.00 2   0.0 -44.4    156375600   0   1550       859450
   142  0 1  94.92  9961.00 2   0.0 -45.0    157328600   0   1450       953000
   143  0 1  94.92  9961.00 2   0.0 -45.9    159110600   0   1200      1782000
   144  0 1  94.57  9968.50 2   0.0 -46.6    160086450   0   1250       975850
   145  0 1  95.27  9968.50 2   0.0 -46.9    160961900   0   1200       875450
   146  0 1  94.22  9970.00 2   0.0 -47.5    161961600   0   1250       999700
   147  0 1  94.22  9970.00 2   0.0 -48.1    162950750   0   1250       989150
   148  0 1  95.62  9979.00 2   0.0 -48.4    164096800   0   1550      1146050
   149  0 1  95.27  9980.50 2   0.0 -49.1    165042800   0   1200       946000
   150  0 1  95.62  9979.00 2   0.0 -49.7    165985750   0   1200       942950
   151  0 1  95.62  9980.50 2   0.0 -50.3    166946300   0   1450       960550
   152  0 1  94.57  9988.00 2   0.0 -51.3    169000500   0   1300      2054200
   153  0 1  94.92  9989.50 2   0.0 -51.9    170109350   0   1350      1108850
   154  0 1  94.57  9988.00 2   0.0 -52.5    171202300   0   1300      1092950
   155  0 1  94.57 10000.00 2   0.0 -53.1    172284200   0   1600      1081900
   156  0 1  94.22 10000.00 2   0.0 -53.4    173323100   0   1600      1038900
   157  0 1  94.57  9998.50 2   0.0 -54.1    174357350   0   1200      1034250
   158  0 1  94.22  9998.50 2   0.0 -54.7    175223700   0   1150       866350
   159  0 1  95.27 10009.00 2   0.0 -55.3    176112650   0   1200       888950
   160  0 1  94.57 10009.00 2   0.0 -55.9    177028500   0   1350       915850
   161  0 1  94.57 10009.00 2   0.0 -57.2    179131550   0   1550      2103050
   162  0 1  94.92 10018.00 2   0.0 -57.5    180160050   0   1600      1028500
   163  0 1  94.92 10018.00 2   0.0 -58.1    181145550   0   1500       985500
   164  0 1  95.62 10019.50 2   0.0 -58.8    182207900   0   1400      1062350
   165  0 1  95.27 10019.50 2   0.0 -59.4    183112550   0   1550       904650
   166  0 1  95.27 10028.50 2   0.0 -60.0    184067800   0   1250       955250
   167  0 1  94.22 10028.50 2   0.0 -60.6    185208200   0   1500      1140400
   168  0 1  95.27 10030.00 2   0.0 -61.3    186172450   0   1150       964250
   169  0 1  94.57 10030.00 2   0.0 -61.9    187036300   0   1400       863850
   170  0 1  94.92 10040.50 2   0.0 -63.1    189020950   0   1450      1984650
   171  0 1  94.92 10039.00 2   0.0 -63.8    190097200   0   1150      1076250
   172  0 1  95.27 10039.00 2   0.0 -64.4    191085500   0   1150       988300
   173  0 1  94.57  9949.00 2   0.0 -65.0    192082750   0   1600       997250
   174  0 1  95.62  9950.50 2   0.0 -65.6    193225350   0   1400      1142600
   175  0 1  94.57  9949.00 2   0.0 -66.3    194171450   0   1400       946100
   176  0 1  95.27  9950.50 2   0.0 -66.9    195025550   0   1450       854100
   177  0 1  94.57  9961.00 2   0.0 -67.5    196008750   0   1200       983200
   178  0 1  94.57  9961.00 2   0.0 -68.1    196860400   0   1450       851650
   179  0 1  94.57  9958.00 2   0.0 -69.4    199082550   0   1300      2222150
