    NO  S V  AOA    FREQ    B  FMOP  AMP      TOA      PMOP  PW         dTOA  
------ -- - ------ -------- - ----- ----- ------------ --- ------ ------------
     0  0 1  95.27  9968.50 2   0.0 -70.0            0   0   1550  42949673000
     1  0 1  94.57  9970.00 2   0.0 -69.4       999550   0   1900       999550
     2  0 1  94.22  9970.00 2   0.0 -68.8      1999800   0   1550      1000250
     3  0 1  94.92  9959.50 2   0.0 -67.5      4019550   0   1650      2019750
     4  0 1  95.27  9961.00 2   0.0 -66.9      5030000   0   1600      1010450
     5  0 1  94.57  9961.00 2   0.0 -66.3      6040400   0   1750      1010400
     6  0 1  94.22  9959.50 2   0.0 -65.6      7050550   0   1700      1010150
     7  0 1  94.57  9970.00 2   0.0 -65.0      8020650   0   1850       970100
     8  0 1  94.57  9970.00 2   0.0 -64.4      8990250   0   1550       969600
     9  0 1  94.92  9970.00 2   0.0 -63.8      9959800   0   1550       969550
    10  0 1  94.92  9970.00 2   0.0 -63.1     10930150   0   1650       970350
    11  0 1  94.22  9979.00 2   0.0 -62.5     11899950   0   1950       969800
    12  0 1  94.22  9979.00 2   0.0 -61.3     13840150   0   1600      1940200
    13  0 1  95.27  9980.50 2   0.0 -60.6     14809900   0   1650       969750
    14  0 1  94.57  9991.00 2   0.0 -60.0     15779900   0   1650       970000
    15  0 1  94.57  9988.00 2   0.0 -59.4     16750050   0   1700       970150
    16  0 1  94.92  9989.50 2   0.0 -58.8     17709750   0   1800       959700
    17  0 1  95.62  9989.50 2   0.0 -58.1     18669850   0   1550       960100
    18  0 1  94.57  9998.50 2   0.0 -57.5     19630150   0   1600       960300
    19  0 1  94.92 10000.00 2   0.0 -57.2     20590200   0   2000       960050
    20  0 1  95.27  9998.50 2   0.0 -56.6     21550300   0   1650       960100
    21  0 1  95.27 10009.00 2   0.0 -55.3     23450350   0   2000      1900050
    22  0 1  95.27 10009.00 2   0.0 -54.7     24399950   0   1950       949600
    23  0 1  95.27 10009.00 2   0.0 -54.1     25350150   0   1650       950200
    24  0 1  94.57 10009.00 2   0.0 -53.4     26300550   0   1650       950400
    25  0 1  95.62 10021.00 2   0.0 -53.1     27330500   0   1600      1029950
    26  0 1  94.92 10021.00 2   0.0 -52.5     28360150   0   1800      1029650
    27  0 1  94.57 10019.50 2   0.0 -51.9     29389750   0   1900      1029600
    28  0 1  95.27 10018.00 2   0.0 -51.3     30419350   0   1850      1029600
    29  0 1  94.22 10030.00 2   0.0 -50.6     31449250   0   1550      1029900
    30  0 1  94.22 10028.50 2   0.0 -49.7     33529750   0   1700      2080500
    31  0 1  95.62 10028.50 2   0.0 -49.1     34570200   0   1800      1040450
    32  0 1  94.92 10040.50 2   0.0 -48.4     35609900   0   1650      1039700
    33  0 1  94.57 10040.50 2   0.0 -48.1     36650200   0   1900      1040300
    34  0 1  94.57 10039.00 2   0.0 -47.5     37660600   0   1850      1010400
    35  0 1  94.92 10039.00 2   0.0 -46.9     38670500   0   1600      1009900
    36  0 1  94.92 10051.00 2   0.0 -46.6     39680150   0   2000      1009650
    37  0 1  94.57 10051.00 2   0.0 -45.9     40690550   0   1550      1010400
    38  0 1  95.27 10048.00 2   0.0 -45.6     41700900   0   1850      1010350
    39  0 1  94.57 10060.00 2   0.0 -44.4     43740950   0   1750      2040050
    40  0 1  94.22 10060.00 2   0.0 -44.1     44761350   0   1550      1020400
    41  0 1  94.57 10058.50 2   0.0 -43.4     45781100   0   2000      1019750
    42  0 1  95.62 10060.00 2   0.0 -43.1     46801450   0   1700      1020350
    43  0 1  94.92 10069.00 2   0.0 -42.5     47771050   0   1900       969600
    44  0 1  94.57 10069.00 2   0.0 -42.2     48741250   0   2000       970200
    45  0 1  95.27 10070.50 2   0.0 -41.6     49711650   0   1750       970400
    46  0 1  94.57 10070.50 2   0.0 -41.3     50682100   0   1850       970450
    47  0 1  94.92  9958.00 2   0.0 -40.9     51652250   0   1600       970150
    48  0 1  94.57  9958.00 2   0.0 -40.0     53631850   0   1950      1979600
    49  0 1  95.27  9958.00 2   0.0 -39.7     54622250   0   1950       990400
    50  0 1  94.22  9970.00 2   0.0 -39.1     55612250   0   1800       990000
    51  0 1  94.22  9968.50 2   0.0 -38.8     56602150   0   1750       989900
    52  0 1  94.92  9968.50 2   0.0 -38.4     57602500   0   1700      1000350
    53  0 1  94.57  9968.50 2   0.0 -38.1     58602700   0   1700      1000200
    54  0 1  94.57  9959.50 2   0.0 -37.5     59602600   0   2000       999900
    55  0 1  95.27  9961.00 2   0.0 -37.2     60602250   0   1800       999650
    56  0 1  94.92  9958.00 2   0.0 -36.9     61601800   0   1650       999550
    57  0 1  94.92  9970.00 2   0.0 -36.3     63621550   0   1950      2019750
    58  0 1  95.27  9970.00 2   0.0 -35.9     64631400   0   1650      1009850
    59  0 1  94.22  9968.50 2   0.0 -35.6     65641050   0   2000      1009650
    60  0 1  94.22  9968.50 2   0.0 -35.3     66650600   0   1750      1009550
    61  0 1  95.62  9979.00 2   0.0 -35.0     67620250   0   2000       969650
    62  0 1  94.22  9979.00 2   0.0 -34.7     68590250   0   1850       970000
    63  0 1  94.22  9980.50 2   0.0 -34.4     69560300   0   1650       970050
    64  0 1  94.57  9979.00 2   0.0 -34.1     70530050   0   2000       969750
    65  0 1  94.92  9989.50 2   0.0 -33.8     71499900   0   2000       969850
    66  0 1  95.62  9988.00 2   0.0 -33.4     73440800   0   1650      1940900
    67  0 1  95.27  9988.00 2   0.0 -33.1     74410400   0   1700       969600
    68  0 1  94.57 10000.00 2   0.0 -32.8     75380650   0   1700       970250
    69  0 1  94.22 10000.00 2   0.0 -32.5     76350450   0   1750       969800
    70  0 1  94.22  9998.50 2   0.0 -32.5     77310900   0   1800       960450
    71  0 1  95.62 10000.00 2   0.0 -32.2     78270750   0   1650       959850
    72  0 1  95.62 10009.00 2   0.0 -31.9     79230250   0   2000       959500
    73  0 1  95.27 10010.50 2   0.0 -31.9     80189950   0   1550       959700
    74  0 1  95.62 10009.00 2   0.0 -31.6     81150100   0   1900       960150
    75  0 1  95.27 10019.50 2   0.0 -31.3     83050400   0   1550      1900300
    76  0 1  94.57 10018.00 2   0.0 -31.3     84000850   0   1750       950450
    77  0 1  95.62 10019.50 2   0.0 -30.9     84950600   0   1850       949750
    78  0 1  94.22 10019.50 2   0.0 -30.9     85900350   0   1900       949750
    79  0 1  95.27 10030.00 2   0.0 -30.6     86930500   0   1750      1030150
    80  0 1  94.57 10028.50 2   0.0 -30.6     87960350   0   1550      1029850
    81  0 1  94.57 10030.00 2   0.0 -30.6     88990300   0   1700      1029950
    82  0 1  95.62 10028.50 2   0.0 -30.3     90020600   0   1850      1030300
    83  0 1  95.62 10039.00 2   0.0 -30.3     91050250   0   1700      1029650
    84  0 1  95.62 10040.50 2   0.0 -30.3     93130800   0   2000      2080550
    85  0 1  94.57 10040.50 2   0.0 -30.0     94171200   0   1600      1040400
    86  0 1  94.22 10051.00 2   0.0 -30.0     95210800   0   1900      1039600
    87  0 1  94.57 10051.00 2   0.0 -30.0     96250450   0   1550      1039650
    88  0 1  95.27 10051.00 2   0.0 -30.0     97260150   0   1700      1009700
    89  0 1  95.62 10048.00 2   0.0 -30.0     98269800   0   1700      1009650
    90  0 1  95.62 10060.00 2   0.0 -30.0     99279300   0   1600      1009500
    91  0 1  95.27 10060.00 2   0.0 -30.0    100289450   0   1650      1010150
    92  0 1  94.57 10060.00 2   0.0 -30.0    101299400   0   1850      1009950
    93  0 1  95.62 10069.00 2   0.0 -30.0    103339100   0   1850      2039700
    94  0 1  95.27 10070.50 2   0.0 -30.0    104359000   0   1600      1019900
    95  0 1  94.22 10069.00 2   0.0 -30.3    105378950   0   1600      1019950
    96  0 1  94.22 10069.00 2   0.0 -30.3    106398950   0   1600      1020000
    97  0 1  95.62  9959.50 2   0.0 -30.3    107368900   0   1750       969950
    98  0 1  95.62  9959.50 2   0.0 -30.3    108339100   0   1750       970200
    99  0 1  94.57  9961.00 2   0.0 -30.6    109309300   0   1800       970200
   100  0 1  94.57  9958.00 2   0.0 -30.6    110279250   0   1550       969950
   101  0 1  94.92  9970.00 2   0.0 -30.6    111249450   0   1600       970200
   102  0 1  95.27  9970.00 2   0.0 -30.9    113229050   0   1550      1979600
   103  0 1  95.62  9970.00 2   0.0 -31.3    114219350   0   2000       990300
   104  0 1  94.22  9958.00 2   0.0 -31.3    115208950   0   1600       989600
   105  0 1  94.22  9959.50 2   0.0 -31.6    116198450   0   1750       989500
   106  0 1  94.92  9961.00 2   0.0 -31.6    117198650   0   1700      1000200
   107  0 1  95.27  9959.50 2   0.0 -31.9    118198750   0   1600      1000100
   108  0 1  94.22  9968.50 2   0.0 -31.9    119198300   0   2000       999550
   109  0 1  95.27  9968.50 2   0.0 -32.2    120198350   0   1800      1000050
   110  0 1  94.92  9970.00 2   0.0 -32.5    121198800   0   1600      1000450
   111  0 1  94.92  9979.00 2   0.0 -32.8    123218250   0   2000      2019450
   112  0 1  94.22  9979.00 2   0.0 -33.1    124227950   0   1950      1009700
   113  0 1  94.57  9979.00 2   0.0 -33.4    125237850   0   2000      1009900
   114  0 1  95.62  9979.00 2   0.0 -33.4    126247500   0   1700      1009650
   115  0 1  94.92  9989.50 2   0.0 -33.8    127217550   0   1600       970050
   116  0 1  94.57  9991.00 2   0.0 -34.1    128187850   0   1900       970300
   117  0 1  95.62  9989.50 2   0.0 -34.4    129158300   0   1750       970450
   118  0 1  95.27  9989.50 2   0.0 -34.7    130128750   0   1600       970450
   119  0 1  94.22 10000.00 2   0.0 -35.0    131098700   0   1800       969950
   120  0 1  94.22 10000.00 2   0.0 -35.6    133038350   0   1950      1939650
   121  0 1  94.22 10000.00 2   0.0 -35.9    134008050   0   1650       969700
   122  0 1  95.62 10009.00 2   0.0 -36.3    134977850   0   1750       969800
   123  0 1  95.62 10010.50 2   0.0 -36.6    135948300   0   1600       970450
   124  0 1  94.92 10009.00 2   0.0 -36.9    136907850   0   1950       959550
   125  0 1  95.62 10009.00 2   0.0 -37.2    137867900   0   1800       960050
   126  0 1  95.27 10021.00 2   0.0 -37.5    138827800   0   1650       959900
   127  0 1  95.62 10019.50 2   0.0 -38.1    139788050   0   1700       960250
   128  0 1  94.57 10021.00 2   0.0 -38.4    140747850   0   1800       959800
   129  0 1  94.22 10030.00 2   0.0 -39.1    142647800   0   1900      1899950
   130  0 1  94.92 10030.00 2   0.0 -39.7    143597450   0   1800       949650
   131  0 1  94.57 10030.00 2   0.0 -40.0    144547850   0   1700       950400
   132  0 1  94.92 10028.50 2   0.0 -40.3    145497900   0   1900       950050
   133  0 1  95.27 10039.00 2   0.0 -40.9    146527700   0   1950      1029800
   134  0 1  94.22 10040.50 2   0.0 -41.3    147557350   0   1800      1029650
   135  0 1  94.22 10039.00 2   0.0 -41.6    148587200   0   1600      1029850
   136  0 1  95.27 10039.00 2   0.0 -42.2    149616750   0   1650      1029550
   137  0 1  94.22 10048.00 2   0.0 -42.5    150646500   0   1950      1029750
   138  0 1  95.27 10051.00 2   0.0 -43.4    152725950   0   1650      2079450
   139  0 1  95.62 10048.00 2   0.0 -44.1    153765500   0   1600      1039550
   140  0 1  95.27 10060.00 2   0.0 -44.4    154805450   0   1550      1039950
   141  0 1  94.92 10058.50 2   0.0 -45.0    155844950   0   1800      1039500
   142  0 1  95.27 10060.00 2   0.0 -45.6    156855150   0   1600      1010200
   143  0 1  94.92 10060.00 2   0.0 -45.9    157865300   0   1900      1010150
   144  0 1  94.57 10069.00 2   0.0 -46.6    158875250   0   2000      1009950
   145  0 1  95.27 10069.00 2   0.0 -46.9    159885500   0   1600      1010250
   146  0 1  94.22 10069.00 2   0.0 -47.5    160895300   0   1900      1009800
   147  0 1  94.92  9958.00 2   0.0 -48.4    162935100   0   1600      2039800
   148  0 1  94.57  9959.50 2   0.0 -49.1    163954900   0   1750      1019800
   149  0 1  94.22  9958.00 2   0.0 -49.7    164975200   0   1650      1020300
   150  0 1  94.22  9961.00 2   0.0 -50.3    165995650   0   1550      1020450
   151  0 1  95.27  9970.00 2   0.0 -50.6    166965250   0   1850       969600
   152  0 1  94.92  9968.50 2   0.0 -51.3    167934850   0   1600       969600
   153  0 1  94.57  9968.50 2   0.0 -51.9    168904800   0   1750       969950
   154  0 1  95.62  9970.00 2   0.0 -52.5    169874350   0   1600       969550
   155  0 1  94.22  9961.00 2   0.0 -53.1    170844000   0   1800       969650
   156  0 1  95.62  9961.00 2   0.0 -54.1    172823850   0   1750      1979850
   157  0 1  95.27  9959.50 2   0.0 -54.7    173814050   0   1950       990200
   158  0 1  95.27  9970.00 2   0.0 -55.3    174804050   0   1550       990000
   159  0 1  94.57  9970.00 2   0.0 -55.9    175794150   0   1850       990100
   160  0 1  94.22  9970.00 2   0.0 -56.6    176794000   0   1800       999850
   161  0 1  95.27  9970.00 2   0.0 -57.2    177793600   0   1900       999600
   162  0 1  94.57  9980.50 2   0.0 -57.5    178793250   0   1700       999650
   163  0 1  94.92  9980.50 2   0.0 -58.1    179793650   0   1700      1000400
   164  0 1  94.92  9980.50 2   0.0 -58.8    180794050   0   1700      1000400
   165  0 1  95.27  9991.00 2   0.0 -60.0    182814550   0   1550      2020500
   166  0 1  94.57  9988.00 2   0.0 -60.6    183824550   0   1900      1010000
   167  0 1  95.27  9989.50 2   0.0 -61.3    184834650   0   1600      1010100
   168  0 1  95.27  9989.50 2   0.0 -61.9    185845050   0   1900      1010400
   169  0 1  95.27 10000.00 2   0.0 -62.5    186815300   0   1550       970250
   170  0 1  95.62 10000.00 2   0.0 -63.1    187785400   0   1750       970100
   171  0 1  94.57 10000.00 2   0.0 -63.8    188755600   0   1900       970200
   172  0 1  95.27  9998.50 2   0.0 -64.4    189725700   0   2000       970100
   173  0 1  95.62 10009.00 2   0.0 -65.0    190695600   0   1700       969900
   174  0 1  94.22 10010.50 2   0.0 -66.3    192635600   0   1550      1940000
   175  0 1  95.27 10009.00 2   0.0 -66.9    193605150   0   1850       969550
   176  0 1  94.92 10019.50 2   0.0 -67.5    194574850   0   1550       969700
   177  0 1  94.57 10019.50 2   0.0 -68.1    195544550   0   2000       969700
   178  0 1  94.57 10021.00 2   0.0 -68.8    196504100   0   1750       959550
   179  0 1  94.92 10018.00 2   0.0 -69.4    197464400   0   2000       960300
