    NO  S V  AOA    FREQ    B  FMOP  AMP      TOA      PMOP  PW         dTOA  
------ -- - ------ -------- - ----- ----- ------------ --- ------ ------------
     0  0 1  94.22  9970.00 2   0.0 -70.0            0   0   1900  42949673000
     1  0 1  95.27  9970.00 2   0.0 -69.4      1009900   0   1800      1009900
     2  0 1  95.62  9968.50 2   0.0 -68.8      2019800   0   1650      1009900
     3  0 1  95.62  9961.00 2   0.0 -67.5      3959350   0   1750      1939550
     4  0 1  94.92  9959.50 2   0.0 -66.9      4929000   0   1900       969650
     5  0 1  94.92  9961.00 2   0.0 -66.3      5899450   0   1750       970450
     6  0 1  94.22  9958.00 2   0.0 -65.6      6869900   0   1800       970450
     7  0 1  95.62  9970.00 2   0.0 -65.0      7840250   0   1850       970350
     8  0 1  95.27  9970.00 2   0.0 -64.4      8809950   0   1650       969700
     9  0 1  94.57  9968.50 2   0.0 -63.8      9779900   0   1650       969950
    10  0 1  94.22  9970.00 2   0.0 -63.1     10749900   0   1600       970000
    11  0 1  95.62  9980.50 2   0.0 -62.5     11719500   0   2000       969600
    12  0 1  94.92  9979.00 2   0.0 -61.3     13639600   0   1750      1920100
    13  0 1  94.22  9979.00 2   0.0 -60.6     14600050   0   1600       960450
    14  0 1  95.27  9989.50 2   0.0 -60.0     15559650   0   1850       959600
    15  0 1  94.22  9988.00 2   0.0 -59.4     16519150   0   1900       959500
    16  0 1  95.27  9988.00 2   0.0 -58.8     17469400   0   1750       950250
    17  0 1  95.62  9991.00 2   0.0 -58.1     18419500   0   1850       950100
    18  0 1  95.62 10000.00 2   0.0 -57.5     19369150   0   1650       949650
    19  0 1  95.62 10000.00 2   0.0 -57.2     20319150   0   1850       950000
    20  0 1  94.22 10000.00 2   0.0 -56.6     21269400   0   1800       950250
    21  0 1  95.62 10009.00 2   0.0 -55.3     23329050   0   1600      2059650
    22  0 1  94.22 10009.00 2   0.0 -54.7     24358650   0   1900      1029600
    23  0 1  94.57 10009.00 2   0.0 -54.1     25388950   0   2000      1030300
    24  0 1  94.22 10010.50 2   0.0 -53.4     26419100   0   1750      1030150
    25  0 1  95.27 10021.00 2   0.0 -53.1     27459150   0   1600      1040050
    26  0 1  95.27 10018.00 2   0.0 -52.5     28499400   0   1800      1040250
    27  0 1  95.27 10021.00 2   0.0 -51.9     29539650   0   2000      1040250
    28  0 1  94.57 10019.50 2   0.0 -51.3     30579900   0   1750      1040250
    29  0 1  95.27 10030.00 2   0.0 -50.6     31620050   0   1700      1040150
    30  0 1  94.92 10028.50 2   0.0 -49.7     33640150   0   1800      2020100
    31  0 1  95.27 10030.00 2   0.0 -49.1     34650450   0   1700      1010300
    32  0 1  95.27 10039.00 2   0.0 -48.4     35660500   0   1700      1010050
    33  0 1  94.92 10040.50 2   0.0 -48.1     36670650   0   1600      1010150
    34  0 1  94.92 10040.50 2   0.0 -47.5     37690450   0   1750      1019800
    35  0 1  94.22 10039.00 2   0.0 -46.9     38710300   0   2000      1019850
    36  0 1  94.22 10048.00 2   0.0 -46.6     39730500   0   2000      1020200
    37  0 1  94.57 10051.00 2   0.0 -45.9     40750550   0   1650      1020050
    38  0 1  94.57 10049.50 2   0.0 -45.6     41770200   0   1750      1019650
    39  0 1  95.62 10060.00 2   0.0 -44.4     43710300   0   1850      1940100
    40  0 1  94.57 10060.00 2   0.0 -44.1     44680550   0   1650       970250
    41  0 1  95.62 10060.00 2   0.0 -43.4     45650350   0   1850       969800
    42  0 1  95.62 10060.00 2   0.0 -43.1     46620150   0   1900       969800
    43  0 1  95.62 10069.00 2   0.0 -42.5     47610400   0   1750       990250
    44  0 1  94.92 10069.00 2   0.0 -42.2     48600450   0   1750       990050
    45  0 1  94.57 10070.50 2   0.0 -41.6     49590600   0   1550       990150
    46  0 1  95.62 10069.00 2   0.0 -41.3     50580900   0   1800       990300
    47  0 1  95.27  9958.00 2   0.0 -40.9     51570550   0   1700       989650
    48  0 1  95.27  9961.00 2   0.0 -40.0     53571100   0   1750      2000550
    49  0 1  95.27  9959.50 2   0.0 -39.7     54570750   0   1850       999650
    50  0 1  94.22  9968.50 2   0.0 -39.1     55570400   0   1900       999650
    51  0 1  94.92  9968.50 2   0.0 -38.8     56570850   0   1950      1000450
    52  0 1  94.22  9968.50 2   0.0 -38.4     57580750   0   1900      1009900
    53  0 1  95.62  9970.00 2   0.0 -38.1     58591050   0   1800      1010300
    54  0 1  95.27  9959.50 2   0.0 -37.5     59601250   0   2000      1010200
    55  0 1  94.22  9959.50 2   0.0 -37.2     60611100   0   1900      1009850
    56  0 1  95.62  9958.00 2   0.0 -36.9     61620750   0   1900      1009650
    57  0 1  94.22  9970.00 2   0.0 -36.3     63560550   0   1850      1939800
    58  0 1  94.22  9968.50 2   0.0 -35.9     64530500   0   1900       969950
    59  0 1  95.62  9968.50 2   0.0 -35.6     65500100   0   1850       969600
    60  0 1  95.27  9970.00 2   0.0 -35.3     66470350   0   1900       970250
    61  0 1  95.27  9980.50 2   0.0 -35.0     67439900   0   1800       969550
    62  0 1  94.57  9980.50 2   0.0 -34.7     68409950   0   1800       970050
    63  0 1  94.57  9980.50 2   0.0 -34.4     69379700   0   1750       969750
    64  0 1  94.92  9979.00 2   0.0 -34.1     70349350   0   1850       969650
    65  0 1  95.62  9988.00 2   0.0 -33.8     71319050   0   1900       969700
    66  0 1  94.92  9989.50 2   0.0 -33.4     73238850   0   2000      1919800
    67  0 1  95.62  9991.00 2   0.0 -33.1     74198400   0   1550       959550
    68  0 1  94.57  9998.50 2   0.0 -32.8     75157950   0   1900       959550
    69  0 1  95.62 10000.00 2   0.0 -32.5     76118100   0   1650       960150
    70  0 1  95.27 10000.00 2   0.0 -32.5     77068400   0   1900       950300
    71  0 1  95.27 10000.00 2   0.0 -32.2     78018750   0   1900       950350
    72  0 1  94.92 10009.00 2   0.0 -31.9     78969050   0   1600       950300
    73  0 1  94.22 10010.50 2   0.0 -31.9     79919050   0   1950       950000
    74  0 1  94.92 10009.00 2   0.0 -31.6     80869300   0   1700       950250
    75  0 1  94.57 10021.00 2   0.0 -31.3     82928950   0   1800      2059650
    76  0 1  94.22 10018.00 2   0.0 -31.3     83959050   0   1850      1030100
    77  0 1  94.92 10021.00 2   0.0 -30.9     84989450   0   1950      1030400
    78  0 1  95.62 10019.50 2   0.0 -30.9     86019450   0   1850      1030000
    79  0 1  94.92 10030.00 2   0.0 -30.6     87059550   0   1600      1040100
    80  0 1  95.27 10030.00 2   0.0 -30.6     88099550   0   1650      1040000
    81  0 1  94.22 10030.00 2   0.0 -30.6     89139750   0   1800      1040200
    82  0 1  94.22 10030.00 2   0.0 -30.3     90179900   0   1800      1040150
    83  0 1  95.62 10039.00 2   0.0 -30.3     91220300   0   1750      1040400
    84  0 1  95.27 10040.50 2   0.0 -30.3     93240100   0   1850      2019800
    85  0 1  94.92 10040.50 2   0.0 -30.0     94250500   0   1800      1010400
    86  0 1  95.27 10049.50 2   0.0 -30.0     95260400   0   1950      1009900
    87  0 1  95.62 10051.00 2   0.0 -30.0     96270850   0   1850      1010450
    88  0 1  94.57 10048.00 2   0.0 -30.0     97291100   0   1950      1020250
    89  0 1  94.57 10049.50 2   0.0 -30.0     98310950   0   1850      1019850
    90  0 1  94.57 10058.50 2   0.0 -30.0     99330900   0   1800      1019950
    91  0 1  94.57 10060.00 2   0.0 -30.0    100350550   0   1850      1019650
    92  0 1  95.62 10058.50 2   0.0 -30.0    101370300   0   1650      1019750
    93  0 1  95.27 10069.00 2   0.0 -30.0    103311100   0   1600      1940800
    94  0 1  95.62 10070.50 2   0.0 -30.0    104281450   0   1800       970350
    95  0 1  95.62 10069.00 2   0.0 -30.3    105251600   0   1700       970150
    96  0 1  94.57 10069.00 2   0.0 -30.3    106221700   0   1850       970100
    97  0 1  94.92  9961.00 2   0.0 -30.3    107211750   0   2000       990050
    98  0 1  95.27  9959.50 2   0.0 -30.3    108201650   0   1600       989900
    99  0 1  95.62  9961.00 2   0.0 -30.6    109191750   0   1700       990100
   100  0 1  95.62  9958.00 2   0.0 -30.6    110181350   0   1650       989600
   101  0 1  95.62  9970.00 2   0.0 -30.6    111170950   0   1650       989600
   102  0 1  94.22  9970.00 2   0.0 -30.9    113170400   0   1850      1999450
   103  0 1  94.57  9970.00 2   0.0 -31.3    114170500   0   1700      1000100
   104  0 1  94.22  9961.00 2   0.0 -31.3    115170700   0   1650      1000200
   105  0 1  94.92  9959.50 2   0.0 -31.6    116170900   0   1650      1000200
   106  0 1  94.22  9958.00 2   0.0 -31.6    117180600   0   1700      1009700
   107  0 1  95.62  9959.50 2   0.0 -31.9    118190600   0   1800      1010000
   108  0 1  95.62  9968.50 2   0.0 -31.9    119200200   0   1900      1009600
   109  0 1  95.62  9968.50 2   0.0 -32.2    120210000   0   1650      1009800
   110  0 1  95.27  9970.00 2   0.0 -32.5    121219700   0   1850      1009700
   111  0 1  95.27  9980.50 2   0.0 -32.8    123158800   0   2000      1939100
   112  0 1  94.92  9979.00 2   0.0 -33.1    124128900   0   1950       970100
   113  0 1  94.57  9980.50 2   0.0 -33.4    125098750   0   2000       969850
   114  0 1  95.62  9979.00 2   0.0 -33.4    126068300   0   2000       969550
   115  0 1  94.22  9989.50 2   0.0 -33.8    127038250   0   1850       969950
   116  0 1  95.62  9988.00 2   0.0 -34.1    128008450   0   1750       970200
   117  0 1  94.57  9991.00 2   0.0 -34.4    128978750   0   1850       970300
   118  0 1  94.57  9991.00 2   0.0 -34.7    129948250   0   1800       969500
   119  0 1  95.27 10000.00 2   0.0 -35.0    130918600   0   1850       970350
   120  0 1  95.62 10000.00 2   0.0 -35.6    132838750   0   1850      1920150
   121  0 1  94.92  9998.50 2   0.0 -35.9    133799200   0   1850       960450
   122  0 1  95.62 10009.00 2   0.0 -36.3    134759450   0   1650       960250
   123  0 1  95.27 10010.50 2   0.0 -36.6    135719900   0   1600       960450
   124  0 1  95.62 10009.00 2   0.0 -36.9    136670300   0   2000       950400
   125  0 1  94.22 10010.50 2   0.0 -37.2    137620600   0   1550       950300
   126  0 1  94.92 10021.00 2   0.0 -37.5    138570850   0   1550       950250
   127  0 1  95.62 10019.50 2   0.0 -38.1    139520350   0   1900       949500
   128  0 1  94.57 10018.00 2   0.0 -38.4    140470100   0   2000       949750
   129  0 1  94.57 10030.00 2   0.0 -39.1    142529400   0   2000      2059300
   130  0 1  94.22 10028.50 2   0.0 -39.7    143559300   0   1950      1029900
   131  0 1  95.27 10030.00 2   0.0 -40.0    144589500   0   1900      1030200
   132  0 1  95.27 10030.00 2   0.0 -40.3    145619350   0   1850      1029850
   133  0 1  94.92 10040.50 2   0.0 -40.9    146659300   0   1550      1039950
   134  0 1  94.57 10039.00 2   0.0 -41.3    147699050   0   2000      1039750
   135  0 1  95.27 10039.00 2   0.0 -41.6    148738750   0   1600      1039700
   136  0 1  94.92 10039.00 2   0.0 -42.2    149778800   0   1700      1040050
   137  0 1  94.22 10049.50 2   0.0 -42.5    150818500   0   1950      1039700
   138  0 1  94.92 10049.50 2   0.0 -43.4    152838050   0   1950      2019550
   139  0 1  94.57 10051.00 2   0.0 -44.1    153848000   0   1800      1009950
   140  0 1  95.62 10060.00 2   0.0 -44.4    154858400   0   1650      1010400
   141  0 1  94.92 10060.00 2   0.0 -45.0    155868050   0   1700      1009650
   142  0 1  94.22 10060.00 2   0.0 -45.6    156888450   0   1800      1020400
   143  0 1  95.27 10060.00 2   0.0 -45.9    157908000   0   1800      1019550
   144  0 1  95.27 10069.00 2   0.0 -46.6    158927600   0   1650      1019600
   145  0 1  95.62 10069.00 2   0.0 -46.9    159947200   0   1950      1019600
   146  0 1  94.22 10069.00 2   0.0 -47.5    160967250   0   1800      1020050
   147  0 1  94.57  9961.00 2   0.0 -48.4    162907500   0   1900      1940250
   148  0 1  94.22  9958.00 2   0.0 -49.1    163877850   0   1900       970350
   149  0 1  95.27  9959.50 2   0.0 -49.7    164847600   0   2000       969750
   150  0 1  94.92  9959.50 2   0.0 -50.3    165817650   0   1650       970050
   151  0 1  95.62  9968.50 2   0.0 -50.6    166807750   0   1700       990100
   152  0 1  95.27  9970.00 2   0.0 -51.3    167797950   0   1800       990200
   153  0 1  95.27  9968.50 2   0.0 -51.9    168788050   0   1800       990100
   154  0 1  94.22  9970.00 2   0.0 -52.5    169778000   0   1750       989950
   155  0 1  94.92  9961.00 2   0.0 -53.1    170767500   0   1900       989500
   156  0 1  94.92  9961.00 2   0.0 -54.1    172768050   0   1700      2000550
   157  0 1  94.92  9959.50 2   0.0 -54.7    173768050   0   1650      1000000
   158  0 1  94.22  9970.00 2   0.0 -55.3    174768250   0   2000      1000200
   159  0 1  95.27  9970.00 2   0.0 -55.9    175768700   0   1600      1000450
   160  0 1  94.92  9970.00 2   0.0 -56.6    176779150   0   1950      1010450
   161  0 1  94.57  9970.00 2   0.0 -57.2    177789200   0   2000      1010050
   162  0 1  95.27  9979.00 2   0.0 -57.5    178798750   0   1650      1009550
   163  0 1  95.62  9980.50 2   0.0 -58.1    179808500   0   1700      1009750
   164  0 1  94.92  9980.50 2   0.0 -58.8    180818650   0   1650      1010150
   165  0 1  94.57  9991.00 2   0.0 -60.0    182759300   0   1600      1940650
   166  0 1  94.57  9989.50 2   0.0 -60.6    183729450   0   2000       970150
   167  0 1  94.22  9991.00 2   0.0 -61.3    184699150   0   2000       969700
   168  0 1  94.92  9989.50 2   0.0 -61.9    185669100   0   1900       969950
   169  0 1  94.22  9998.50 2   0.0 -62.5    186639050   0   1800       969950
   170  0 1  95.62  9998.50 2   0.0 -63.1    187609250   0   1900       970200
   171  0 1  95.62 10000.00 2   0.0 -63.8    188579650   0   1700       970400
   172  0 1  95.62  9998.50 2   0.0 -64.4    189549300   0   1800       969650
   173  0 1  94.57 10009.00 2   0.0 -65.0    190519650   0   1850       970350
   174  0 1  94.22 10009.00 2   0.0 -66.3    192439750   0   1650      1920100
   175  0 1  95.27 10009.00 2   0.0 -66.9    193399700   0   1750       959950
   176  0 1  94.22 10019.50 2   0.0 -67.5    194360050   0   2000       960350
   177  0 1  94.22 10021.00 2   0.0 -68.1    195319550   0   1700       959500
   178  0 1  95.27 10019.50 2   0.0 -68.8    196269450   0   1550       949900
   179  0 1  94.92 10019.50 2   0.0 -69.4    197219700   0   1600       950250
