    NO  S V  AOA    FREQ    B  FMOP  AMP      TOA      PMOP  PW         dTOA  
------ -- - ------ -------- - ----- ----- ------------ --- ------ ------------
     0  0 1  94.57  9970.00 2   0.0 -70.0            0   0   1600  42949673000
     1  0 1  95.62  9968.50 2   0.0 -68.8      1939800   0   1650      1939800
     2  0 1  94.22  9970.00 2   0.0 -68.1      2900250   0   1600       960450
     3  0 1  95.27  9961.00 2   0.0 -67.5      3860600   0   1700       960350
     4  0 1  95.27  9958.00 2   0.0 -66.9      4821050   0   1650       960450
     5  0 1  94.22  9959.50 2   0.0 -66.3      5781500   0   1950       960450
     6  0 1  95.62  9959.50 2   0.0 -65.6      6741150   0   1750       959650
     7  0 1  95.27  9970.00 2   0.0 -65.0      7690650   0   1900       949500
     8  0 1  95.62  9968.50 2   0.0 -64.4      8640750   0   1750       950100
     9  0 1  95.27  9970.00 2   0.0 -63.8      9590400   0   1650       949650
    10  0 1  94.92  9979.00 2   0.0 -62.5     11491100   0   1800      1900700
    11  0 1  95.62  9979.00 2   0.0 -61.9     12521450   0   2000      1030350
    12  0 1  94.92  9980.50 2   0.0 -61.3     13551300   0   1900      1029850
    13  0 1  94.92  9979.00 2   0.0 -60.6     14581600   0   1550      1030300
    14  0 1  95.62  9988.00 2   0.0 -60.0     15611250   0   2000      1029650
    15  0 1  95.27  9991.00 2   0.0 -59.4     16641550   0   1950      1030300
    16  0 1  95.62  9991.00 2   0.0 -58.8     17681500   0   1950      1039950
    17  0 1  94.57  9989.50 2   0.0 -58.1     18721950   0   1900      1040450
    18  0 1  94.57  9998.50 2   0.0 -57.5     19762100   0   1800      1040150
    19  0 1  94.92 10000.00 2   0.0 -56.6     21842050   0   1600      2079950
    20  0 1  94.57 10000.00 2   0.0 -55.9     22852000   0   1950      1009950
    21  0 1  95.62 10009.00 2   0.0 -55.3     23862450   0   1900      1010450
    22  0 1  95.27 10009.00 2   0.0 -54.7     24872250   0   1700      1009800
    23  0 1  95.62 10009.00 2   0.0 -54.1     25882300   0   1550      1010050
    24  0 1  95.27 10009.00 2   0.0 -53.4     26892150   0   1550      1009850
    25  0 1  95.27 10018.00 2   0.0 -53.1     27912450   0   1700      1020300
    26  0 1  94.22 10018.00 2   0.0 -52.5     28932300   0   1850      1019850
    27  0 1  94.22 10021.00 2   0.0 -51.9     29952600   0   1750      1020300
    28  0 1  94.57 10030.00 2   0.0 -50.6     31992850   0   1650      2040250
    29  0 1  95.27 10028.50 2   0.0 -50.3     32962450   0   1600       969600
    30  0 1  94.57 10028.50 2   0.0 -49.7     33932700   0   1700       970250
    31  0 1  95.62 10030.00 2   0.0 -49.1     34902300   0   1900       969600
    32  0 1  94.22 10039.00 2   0.0 -48.4     35872400   0   1600       970100
    33  0 1  95.27 10040.50 2   0.0 -48.1     36842050   0   1750       969650
    34  0 1  94.92 10039.00 2   0.0 -47.5     37831800   0   1850       989750
    35  0 1  95.62 10039.00 2   0.0 -46.9     38821800   0   1750       990000
    36  0 1  94.22 10049.50 2   0.0 -46.6     39811550   0   1650       989750
    37  0 1  95.62 10048.00 2   0.0 -45.6     41791600   0   1700      1980050
    38  0 1  94.57 10051.00 2   0.0 -45.0     42791200   0   1800       999600
    39  0 1  95.62 10060.00 2   0.0 -44.4     43791150   0   1950       999950
    40  0 1  95.27 10060.00 2   0.0 -44.1     44791250   0   2000      1000100
    41  0 1  94.57 10060.00 2   0.0 -43.4     45791350   0   1700      1000100
    42  0 1  94.22 10060.00 2   0.0 -43.1     46791150   0   2000       999800
    43  0 1  94.92 10069.00 2   0.0 -42.5     47801200   0   1550      1010050
    44  0 1  94.22 10069.00 2   0.0 -42.2     48810850   0   2000      1009650
    45  0 1  94.57 10070.50 2   0.0 -41.6     49820950   0   1650      1010100
    46  0 1  94.92  9961.00 2   0.0 -40.9     51840950   0   1550      2020000
    47  0 1  94.57  9961.00 2   0.0 -40.3     52810850   0   1850       969900
    48  0 1  94.57  9958.00 2   0.0 -40.0     53781050   0   1650       970200
    49  0 1  95.62  9958.00 2   0.0 -39.7     54751050   0   1700       970000
    50  0 1  94.22  9968.50 2   0.0 -39.1     55721450   0   1550       970400
    51  0 1  94.57  9970.00 2   0.0 -38.8     56691150   0   1700       969700
    52  0 1  95.62  9970.00 2   0.0 -38.4     57661450   0   1950       970300
    53  0 1  94.22  9968.50 2   0.0 -38.1     58631150   0   1950       969700
    54  0 1  95.27  9958.00 2   0.0 -37.5     59600700   0   1550       969550
    55  0 1  95.27  9959.50 2   0.0 -36.9     61540700   0   1800      1940000
    56  0 1  94.92  9961.00 2   0.0 -36.6     62500500   0   1800       959800
    57  0 1  94.57  9970.00 2   0.0 -36.3     63460500   0   1600       960000
    58  0 1  94.57  9968.50 2   0.0 -35.9     64420750   0   1550       960250
    59  0 1  94.92  9968.50 2   0.0 -35.6     65380650   0   1950       959900
    60  0 1  95.62  9968.50 2   0.0 -35.3     66340300   0   1700       959650
    61  0 1  95.27  9980.50 2   0.0 -35.0     67290050   0   1600       949750
    62  0 1  94.92  9979.00 2   0.0 -34.7     68240150   0   1600       950100
    63  0 1  94.57  9979.00 2   0.0 -34.4     69189800   0   2000       949650
    64  0 1  95.62  9989.50 2   0.0 -33.8     71090250   0   1700      1900450
    65  0 1  94.22  9989.50 2   0.0 -33.4     72119950   0   1900      1029700
    66  0 1  95.27  9989.50 2   0.0 -33.4     73150350   0   2000      1030400
    67  0 1  94.92  9988.00 2   0.0 -33.1     74180300   0   1600      1029950
    68  0 1  95.62 10000.00 2   0.0 -32.8     75210050   0   1550      1029750
    69  0 1  95.62 10000.00 2   0.0 -32.5     76239600   0   1600      1029550
    70  0 1  95.27 10000.00 2   0.0 -32.5     77279150   0   1750      1039550
    71  0 1  95.27 10000.00 2   0.0 -32.2     78319500   0   1650      1040350
    72  0 1  94.22 10009.00 2   0.0 -31.9     79359000   0   1650      1039500
    73  0 1  94.22 10010.50 2   0.0 -31.6     81439100   0   1600      2080100
    74  0 1  94.92 10009.00 2   0.0 -31.6     82448800   0   1550      1009700
    75  0 1  94.92 10021.00 2   0.0 -31.3     83459200   0   2000      1010400
    76  0 1  94.57 10019.50 2   0.0 -31.3     84469650   0   1700      1010450
    77  0 1  94.92 10019.50 2   0.0 -30.9     85479500   0   1950      1009850
    78  0 1  94.57 10018.00 2   0.0 -30.9     86489650   0   1700      1010150
    79  0 1  94.92 10030.00 2   0.0 -30.6     87509500   0   1850      1019850
    80  0 1  94.92 10028.50 2   0.0 -30.6     88529750   0   1750      1020250
    81  0 1  94.92 10028.50 2   0.0 -30.6     89550150   0   1850      1020400
    82  0 1  94.22 10039.00 2   0.0 -30.3     91589450   0   1900      2039300
    83  0 1  94.22 10039.00 2   0.0 -30.3     92558950   0   1550       969500
    84  0 1  95.62 10039.00 2   0.0 -30.3     93528800   0   1900       969850
    85  0 1  94.22 10039.00 2   0.0 -30.0     94499100   0   1900       970300
    86  0 1  95.62 10049.50 2   0.0 -30.0     95469300   0   2000       970200
    87  0 1  94.22 10049.50 2   0.0 -30.0     96438900   0   1750       969600
    88  0 1  94.92 10051.00 2   0.0 -30.0     97429250   0   1550       990350
    89  0 1  95.27 10048.00 2   0.0 -30.0     98418750   0   1650       989500
    90  0 1  94.22 10060.00 2   0.0 -30.0     99408750   0   2000       990000
    91  0 1  94.57 10060.00 2   0.0 -30.0    101388750   0   2000      1980000
    92  0 1  94.92 10058.50 2   0.0 -30.0    102388800   0   1850      1000050
    93  0 1  94.57 10069.00 2   0.0 -30.0    103388400   0   1600       999600
    94  0 1  94.92 10070.50 2   0.0 -30.0    104388000   0   1800       999600
    95  0 1  94.22 10069.00 2   0.0 -30.3    105387650   0   1550       999650
    96  0 1  94.92 10069.00 2   0.0 -30.3    106387450   0   1750       999800
    97  0 1  94.57  9961.00 2   0.0 -30.3    107397050   0   1650      1009600
    98  0 1  94.22  9958.00 2   0.0 -30.3    108406650   0   1600      1009600
    99  0 1  95.62  9961.00 2   0.0 -30.6    109416550   0   1950      1009900
   100  0 1  95.62  9970.00 2   0.0 -30.6    111436000   0   1850      2019450
   101  0 1  94.92  9970.00 2   0.0 -30.9    112406300   0   1850       970300
   102  0 1  94.57  9970.00 2   0.0 -30.9    113376150   0   1750       969850
   103  0 1  94.92  9970.00 2   0.0 -31.3    114346000   0   1950       969850
   104  0 1  95.27  9959.50 2   0.0 -31.3    115316200   0   1750       970200
   105  0 1  94.92  9961.00 2   0.0 -31.6    116286100   0   1600       969900
   106  0 1  94.57  9961.00 2   0.0 -31.6    117255800   0   1600       969700
   107  0 1  95.62  9961.00 2   0.0 -31.9    118225700   0   1750       969900
   108  0 1  94.92  9968.50 2   0.0 -31.9    119196000   0   1800       970300
   109  0 1  95.62  9970.00 2   0.0 -32.5    121135850   0   1600      1939850
   110  0 1  94.22  9968.50 2   0.0 -32.5    122096000   0   1550       960150
   111  0 1  95.27  9979.00 2   0.0 -32.8    123056250   0   1650       960250
   112  0 1  95.27  9979.00 2   0.0 -33.1    124016500   0   1900       960250
   113  0 1  94.22  9979.00 2   0.0 -33.4    124976800   0   1550       960300
   114  0 1  94.22  9979.00 2   0.0 -33.4    125937000   0   1950       960200
   115  0 1  94.57  9991.00 2   0.0 -33.8    126887450   0   1900       950450
   116  0 1  94.57  9988.00 2   0.0 -34.1    127837600   0   1600       950150
   117  0 1  94.92  9989.50 2   0.0 -34.4    128787700   0   1650       950100
   118  0 1  95.27  9998.50 2   0.0 -35.0    130687050   0   1850      1899350
   119  0 1  94.22  9998.50 2   0.0 -35.3    131716600   0   1750      1029550
   120  0 1  95.62  9998.50 2   0.0 -35.6    132747000   0   2000      1030400
   121  0 1  94.22 10000.00 2   0.0 -35.9    133776750   0   1950      1029750
   122  0 1  94.92 10010.50 2   0.0 -36.3    134807150   0   1600      1030400
   123  0 1  94.57 10010.50 2   0.0 -36.6    135836650   0   1800      1029500
   124  0 1  95.62 10010.50 2   0.0 -36.9    136876750   0   1550      1040100
   125  0 1  95.62 10010.50 2   0.0 -37.2    137917200   0   1950      1040450
   126  0 1  94.22 10018.00 2   0.0 -37.5    138957050   0   1950      1039850
   127  0 1  95.62 10021.00 2   0.0 -38.4    141037200   0   1550      2080150
   128  0 1  94.92 10021.00 2   0.0 -38.8    142047450   0   1600      1010250
   129  0 1  94.92 10030.00 2   0.0 -39.1    143057850   0   1950      1010400
   130  0 1  95.62 10030.00 2   0.0 -39.7    144067650   0   2000      1009800
   131  0 1  94.57 10028.50 2   0.0 -40.0    145077350   0   1950      1009700
   132  0 1  94.92 10028.50 2   0.0 -40.3    146087250   0   1600      1009900
   133  0 1  94.57 10039.00 2   0.0 -40.9    147107100   0   1650      1019850
   134  0 1  95.27 10040.50 2   0.0 -41.3    148127250   0   2000      1020150
   135  0 1  94.57 10040.50 2   0.0 -41.6    149147500   0   1550      1020250
   136  0 1  95.62 10048.00 2   0.0 -42.5    151187850   0   1750      2040350
   137  0 1  95.62 10051.00 2   0.0 -43.1    152157800   0   1800       969950
   138  0 1  94.22 10051.00 2   0.0 -43.4    153128200   0   1550       970400
   139  0 1  94.57 10049.50 2   0.0 -44.1    154098350   0   1900       970150
   140  0 1  94.22 10060.00 2   0.0 -44.4    155068200   0   1800       969850
   141  0 1  95.27 10058.50 2   0.0 -45.0    156038100   0   1950       969900
   142  0 1  94.22 10060.00 2   0.0 -45.6    157027900   0   1600       989800
   143  0 1  95.27 10060.00 2   0.0 -45.9    158017900   0   1650       990000
   144  0 1  94.22 10069.00 2   0.0 -46.6    159007800   0   1900       989900
   145  0 1  94.92 10070.50 2   0.0 -47.5    160988200   0   1700      1980400
   146  0 1  94.92 10069.00 2   0.0 -48.1    161987950   0   1700       999750
   147  0 1  94.92  9961.00 2   0.0 -48.4    162988050   0   1650      1000100
   148  0 1  95.27  9959.50 2   0.0 -49.1    163988400   0   2000      1000350
   149  0 1  94.92  9959.50 2   0.0 -49.7    164988650   0   1650      1000250
   150  0 1  95.27  9959.50 2   0.0 -50.3    165988950   0   2000      1000300
   151  0 1  95.62  9970.00 2   0.0 -50.6    166998600   0   1800      1009650
   152  0 1  95.62  9970.00 2   0.0 -51.3    168008100   0   1800      1009500
   153  0 1  95.62  9970.00 2   0.0 -51.9    169018550   0   2000      1010450
   154  0 1  94.92  9958.00 2   0.0 -53.1    171038550   0   1650      2020000
   155  0 1  95.27  9958.00 2   0.0 -53.4    172008250   0   1800       969700
   156  0 1  94.57  9959.50 2   0.0 -54.1    172977950   0   1550       969700
   157  0 1  94.92  9959.50 2   0.0 -54.7    173947900   0   1800       969950
   158  0 1  94.22  9970.00 2   0.0 -55.3    174918300   0   2000       970400
   159  0 1  94.22  9970.00 2   0.0 -55.9    175888200   0   1800       969900
   160  0 1  94.22  9968.50 2   0.0 -56.6    176858400   0   2000       970200
   161  0 1  95.27  9968.50 2   0.0 -57.2    177828200   0   1900       969800
   162  0 1  95.27  9979.00 2   0.0 -57.5    178798550   0   1600       970350
   163  0 1  94.92  9979.00 2   0.0 -58.8    180738700   0   1600      1940150
   164  0 1  95.62  9979.00 2   0.0 -59.4    181698500   0   1850       959800
   165  0 1  95.27  9989.50 2   0.0 -60.0    182658900   0   1600       960400
   166  0 1  95.62  9991.00 2   0.0 -60.6    183619150   0   1950       960250
   167  0 1  95.27  9991.00 2   0.0 -61.3    184579050   0   1550       959900
   168  0 1  94.22  9988.00 2   0.0 -61.9    185539250   0   1750       960200
   169  0 1  95.27 10000.00 2   0.0 -62.5    186489550   0   1950       950300
   170  0 1  94.22 10000.00 2   0.0 -63.1    187439350   0   1700       949800
   171  0 1  94.22 10000.00 2   0.0 -63.8    188389100   0   1800       949750
   172  0 1  95.62 10009.00 2   0.0 -65.0    190288400   0   1650      1899300
   173  0 1  95.27 10009.00 2   0.0 -65.6    191318250   0   1600      1029850
   174  0 1  94.22 10009.00 2   0.0 -66.3    192348550   0   2000      1030300
   175  0 1  94.92 10009.00 2   0.0 -66.9    193378950   0   1750      1030400
   176  0 1  94.92 10021.00 2   0.0 -67.5    194409050   0   1750      1030100
   177  0 1  95.27 10021.00 2   0.0 -68.1    195438650   0   2000      1029600
   178  0 1  94.22 10021.00 2   0.0 -68.8    196478650   0   1750      1040000
   179  0 1  94.92 10021.00 2   0.0 -69.4    197518900   0   1550      1040250
