    NO  S V  AOA    FREQ    B  FMOP  AMP      TOA      PMOP  PW         dTOA  
------ -- - ------ -------- - ----- ----- ------------ --- ------ ------------
     0  0 1  94.92  9998.50 2   0.0 -70.0            0   0   1350  42949673000
     1  0 1  94.22 10009.00 2   0.0 -69.4      1029550   0   1300      1029550
     2  0 1  95.62 10021.00 2   0.0 -68.8      2039400   0   1150      1009850
     3  0 1  94.92 10030.00 2   0.0 -68.1      3009100   0   1300       969700
     4  0 1  94.22 10039.00 2   0.0 -67.5      3988850   0   1050       979750
     5  0 1  95.62 10049.50 2   0.0 -66.9      4988450   0   1500       999600
     6  0 1  94.22 10055.50 2   0.0 -66.3      5997950   0   1050      1009500
     7  0 1  95.62 10064.50 2   0.0 -65.6      7018150   0   1200      1020200
     8  0 1  95.62 10075.00 2   0.0 -64.4      9038350   0   1300      2020200
     9  0 1  94.57 10076.50 2   0.0 -63.8     10048100   0   1300      1009750
    10  0 1  94.22 10078.00 2   0.0 -63.1     11018000   0   1100       969900
    11  0 1  94.22 10079.50 2   0.0 -62.5     11997950   0   1300       979950
    12  0 1  94.22 10076.50 2   0.0 -61.9     12997600   0   1100       999650
    13  0 1  94.22 10075.00 2   0.0 -61.3     14007400   0   1200      1009800
    14  0 1  94.92 10072.00 2   0.0 -60.6     15027200   0   1150      1019800
    15  0 1  94.92 10066.00 2   0.0 -60.0     16017200   0   1200       990000
    16  0 1  95.27 10060.00 2   0.0 -59.4     17046750   0   1100      1029550
    17  0 1  95.62 10045.00 2   0.0 -58.1     19026500   0   1050      1979750
    18  0 1  94.57 10036.00 2   0.0 -57.5     20006850   0   1150       980350
    19  0 1  94.22 10025.50 2   0.0 -57.2     21006850   0   1200      1000000
    20  0 1  94.22 10015.00 2   0.0 -56.6     22017050   0   1350      1010200
    21  0 1  94.22 10003.00 2   0.0 -55.9     23037200   0   1100      1020150
    22  0 1  94.57  9994.00 2   0.0 -55.3     24027050   0   1100       989850
    23  0 1  94.22  9983.50 2   0.0 -54.7     25056800   0   1300      1029750
    24  0 1  94.57  9971.50 2   0.0 -54.1     26066800   0   1050      1010000
    25  0 1  94.57  9962.50 2   0.0 -53.4     27037250   0   1200       970450
    26  0 1  94.57  9946.00 2   0.0 -52.5     29016700   0   1350      1979450
    27  0 1  94.92  9937.00 2   0.0 -51.9     30026600   0   1200      1009900
    28  0 1  94.22  9932.50 2   0.0 -51.3     31046600   0   1150      1020000
    29  0 1  95.62  9925.00 2   0.0 -50.6     32036650   0   1250       990050
    30  0 1  94.57  9923.50 2   0.0 -50.3     33067000   0   1150      1030350
    31  0 1  95.62  9919.00 2   0.0 -49.7     34077000   0   1100      1010000
    32  0 1  95.27  9919.00 2   0.0 -49.1     35047250   0   1350       970250
    33  0 1  94.57  9919.00 2   0.0 -48.4     36026750   0   1450       979500
    34  0 1  94.92  9922.00 2   0.0 -48.1     37026850   0   1400      1000100
    35  0 1  94.57  9931.00 2   0.0 -46.9     39057750   0   1100      2030900
    36  0 1  95.27  9934.00 2   0.0 -46.6     40047800   0   1050       990050
    37  0 1  94.92  9943.00 2   0.0 -45.9     41078050   0   1450      1030250
    38  0 1  94.22  9949.00 2   0.0 -45.6     42087900   0   1200      1009850
    39  0 1  94.22  9959.50 2   0.0 -45.0     43057500   0   1450       969600
    40  0 1  95.62  9967.00 2   0.0 -44.4     44037550   0   1400       980050
    41  0 1  94.92  9977.50 2   0.0 -44.1     45037700   0   1100      1000150
    42  0 1  95.62  9988.00 2   0.0 -43.4     46048000   0   1250      1010300
    43  0 1  95.27 10000.00 2   0.0 -43.1     47067600   0   1400      1019600
    44  0 1  95.62 10022.50 2   0.0 -42.2     49087600   0   1100      2020000
    45  0 1  95.27 10031.50 2   0.0 -41.6     50098050   0   1450      1010450
    46  0 1  95.27 10040.50 2   0.0 -41.3     51067700   0   1150       969650
    47  0 1  94.22 10048.00 2   0.0 -40.9     52048100   0   1200       980400
    48  0 1  94.57 10057.00 2   0.0 -40.3     53047700   0   1500       999600
    49  0 1  95.27 10063.00 2   0.0 -40.0     54057950   0   1500      1010250
    50  0 1  94.57 10069.00 2   0.0 -39.7     55077600   0   1200      1019650
    51  0 1  94.92 10072.00 2   0.0 -39.1     56067250   0   1100       989650
    52  0 1  95.62 10078.00 2   0.0 -38.8     57097700   0   1150      1030450
    53  0 1  95.27 10079.50 2   0.0 -38.1     59078100   0   1300      1980400
    54  0 1  95.62 10078.00 2   0.0 -37.5     60057600   0   1500       979500
    55  0 1  95.27 10076.50 2   0.0 -37.2     61057150   0   1050       999550
    56  0 1  95.27 10070.50 2   0.0 -36.9     62067450   0   1500      1010300
    57  0 1  95.27 10066.00 2   0.0 -36.6     63086950   0   1200      1019500
    58  0 1  95.62 10060.00 2   0.0 -36.3     64076600   0   1050       989650
    59  0 1  95.62 10052.50 2   0.0 -35.9     65107050   0   1350      1030450
    60  0 1  94.22 10043.50 2   0.0 -35.6     66117250   0   1250      1010200
    61  0 1  94.92 10036.00 2   0.0 -35.3     67087100   0   1300       969850
    62  0 1  94.57 10013.50 2   0.0 -34.7     69067850   0   1050      1980750
    63  0 1  94.22 10003.00 2   0.0 -34.4     70078100   0   1500      1010250
    64  0 1  95.27  9994.00 2   0.0 -34.1     71097800   0   1200      1019700
    65  0 1  94.92  9983.50 2   0.0 -33.8     72087800   0   1500       990000
    66  0 1  95.62  9971.50 2   0.0 -33.4     73117300   0   1450      1029500
    67  0 1  94.22  9961.00 2   0.0 -33.4     74127550   0   1300      1010250
    68  0 1  94.57  9953.50 2   0.0 -33.1     75097900   0   1350       970350
    69  0 1  95.62  9943.00 2   0.0 -32.8     76077450   0   1450       979550
    70  0 1  95.62  9937.00 2   0.0 -32.5     77077750   0   1300      1000300
    71  0 1  94.57  9926.50 2   0.0 -32.2     79107250   0   1500      2029500
    72  0 1  94.92  9923.50 2   0.0 -31.9     80097200   0   1050       989950
    73  0 1  94.92  9919.00 2   0.0 -31.9     81126750   0   1100      1029550
    74  0 1  95.62  9919.00 2   0.0 -31.6     82136350   0   1300      1009600
    75  0 1  95.62  9919.00 2   0.0 -31.6     83106100   0   1200       969750
    76  0 1  94.92  9922.00 2   0.0 -31.3     84086350   0   1050       980250
    77  0 1  95.27  9925.00 2   0.0 -31.3     85086050   0   1050       999700
    78  0 1  94.57  9931.00 2   0.0 -30.9     86096050   0   1050      1010000
    79  0 1  95.27  9937.00 2   0.0 -30.9     87116100   0   1300      1020050
    80  0 1  94.92  9950.50 2   0.0 -30.6     89135850   0   1100      2019750
    81  0 1  94.92  9961.00 2   0.0 -30.6     90145850   0   1450      1010000
    82  0 1  94.57  9970.00 2   0.0 -30.3     91116200   0   1150       970350
    83  0 1  95.27  9977.50 2   0.0 -30.3     92095950   0   1050       979750
    84  0 1  94.92  9991.00 2   0.0 -30.3     93096350   0   1100      1000400
    85  0 1  95.27 10001.50 2   0.0 -30.3     94106550   0   1200      1010200
    86  0 1  95.62 10012.00 2   0.0 -30.0     95127000   0   1050      1020450
    87  0 1  95.62 10021.00 2   0.0 -30.0     96116850   0   1400       989850
    88  0 1  95.62 10030.00 2   0.0 -30.0     97147250   0   1450      1030400
    89  0 1  95.27 10048.00 2   0.0 -30.0     99126800   0   1100      1979550
    90  0 1  94.57 10058.50 2   0.0 -30.0    100107250   0   1400       980450
    91  0 1  94.92 10064.50 2   0.0 -30.0    101107350   0   1500      1000100
    92  0 1  95.27 10070.50 2   0.0 -30.0    102116850   0   1250      1009500
    93  0 1  95.62 10075.00 2   0.0 -30.0    103137050   0   1250      1020200
    94  0 1  94.22 10076.50 2   0.0 -30.0    104127450   0   1250       990400
    95  0 1  94.57 10078.00 2   0.0 -30.0    105157450   0   1400      1030000
    96  0 1  94.92 10078.00 2   0.0 -30.3    106166950   0   1150      1009500
    97  0 1  94.22 10078.00 2   0.0 -30.3    107137250   0   1300       970300
    98  0 1  94.22 10070.50 2   0.0 -30.3    109117250   0   1150      1980000
    99  0 1  95.62 10064.50 2   0.0 -30.6    110126750   0   1300      1009500
   100  0 1  94.22 10058.50 2   0.0 -30.6    111146450   0   1050      1019700
   101  0 1  94.92 10052.50 2   0.0 -30.6    112136350   0   1050       989900
   102  0 1  95.27 10042.00 2   0.0 -30.9    113166550   0   1450      1030200
   103  0 1  95.62 10033.00 2   0.0 -30.9    114176900   0   1050      1010350
   104  0 1  95.62 10022.50 2   0.0 -31.3    115146800   0   1350       969900
   105  0 1  95.62 10013.50 2   0.0 -31.3    116126800   0   1400       980000
   106  0 1  94.92 10003.00 2   0.0 -31.6    117127050   0   1500      1000250
   107  0 1  95.27  9982.00 2   0.0 -31.9    119156750   0   1050      2029700
   108  0 1  95.27  9970.00 2   0.0 -31.9    120146400   0   1150       989650
   109  0 1  94.57  9961.00 2   0.0 -32.2    121176300   0   1050      1029900
   110  0 1  95.27  9953.50 2   0.0 -32.5    122186650   0   1350      1010350
   111  0 1  94.22  9944.50 2   0.0 -32.5    123156500   0   1200       969850
   112  0 1  95.62  9937.00 2   0.0 -32.8    124136550   0   1450       980050
   113  0 1  94.57  9931.00 2   0.0 -33.1    125136450   0   1250       999900
   114  0 1  95.27  9926.50 2   0.0 -33.4    126146200   0   1400      1009750
   115  0 1  95.27  9923.50 2   0.0 -33.4    127165850   0   1200      1019650
   116  0 1  94.22  9920.50 2   0.0 -34.1    129185400   0   1150      2019550
   117  0 1  94.22  9920.50 2   0.0 -34.4    130195400   0   1150      1010000
   118  0 1  94.92  9922.00 2   0.0 -34.7    131164950   0   1300       969550
   119  0 1  95.62  9925.00 2   0.0 -35.0    132144450   0   1200       979500
   120  0 1  95.62  9928.00 2   0.0 -35.3    133144650   0   1500      1000200
   121  0 1  94.22  9934.00 2   0.0 -35.6    134155050   0   1050      1010400
   122  0 1  94.57  9941.50 2   0.0 -35.9    135175400   0   1400      1020350
   123  0 1  94.57  9949.00 2   0.0 -36.3    136165450   0   1050       990050
   124  0 1  95.27  9961.00 2   0.0 -36.6    137195600   0   1500      1030150
   125  0 1  94.57  9980.50 2   0.0 -37.2    139176100   0   1050      1980500
   126  0 1  94.22  9989.50 2   0.0 -37.5    140156450   0   1450       980350
   127  0 1  94.22 10000.00 2   0.0 -38.1    141156750   0   1050      1000300
   128  0 1  94.22 10012.00 2   0.0 -38.4    142166700   0   1450      1009950
   129  0 1  95.62 10021.00 2   0.0 -38.8    143186300   0   1350      1019600
   130  0 1  95.62 10031.50 2   0.0 -39.1    144175850   0   1500       989550
   131  0 1  94.22 10042.00 2   0.0 -39.7    145205550   0   1100      1029700
   132  0 1  94.57 10051.00 2   0.0 -40.0    146215150   0   1100      1009600
   133  0 1  94.57 10057.00 2   0.0 -40.3    147185050   0   1250       969900
   134  0 1  95.62 10070.50 2   0.0 -41.3    149165300   0   1500      1980250
   135  0 1  94.92 10075.00 2   0.0 -41.6    150175300   0   1400      1010000
   136  0 1  94.22 10076.50 2   0.0 -42.2    151195100   0   1200      1019800
   137  0 1  95.62 10078.00 2   0.0 -42.5    152185100   0   1400       990000
   138  0 1  95.27 10078.00 2   0.0 -43.1    153214850   0   1200      1029750
   139  0 1  94.57 10078.00 2   0.0 -43.4    154225200   0   1400      1010350
   140  0 1  94.22 10073.50 2   0.0 -44.1    155194850   0   1150       969650
   141  0 1  95.27 10072.00 2   0.0 -44.4    156175050   0   1200       980200
   142  0 1  94.57 10064.50 2   0.0 -45.0    157175300   0   1500      1000250
   143  0 1  95.62 10051.00 2   0.0 -45.9    159204350   0   1050      2029050
   144  0 1  94.92 10042.00 2   0.0 -46.6    160194050   0   1100       989700
   145  0 1  94.22 10033.00 2   0.0 -46.9    161224250   0   1500      1030200
   146  0 1  94.57 10024.00 2   0.0 -47.5    162234050   0   1450      1009800
   147  0 1  94.22 10012.00 2   0.0 -48.1    163204100   0   1200       970050
   148  0 1  94.57 10003.00 2   0.0 -48.4    164184550   0   1250       980450
   149  0 1  94.22  9991.00 2   0.0 -49.1    165184650   0   1050      1000100
   150  0 1  95.62  9982.00 2   0.0 -49.7    166194400   0   1250      1009750
   151  0 1  94.92  9970.00 2   0.0 -50.3    167214750   0   1100      1020350
   152  0 1  94.22  9952.00 2   0.0 -51.3    169234450   0   1250      2019700
   153  0 1  94.92  9943.00 2   0.0 -51.9    170244150   0   1050      1009700
   154  0 1  94.22  9935.50 2   0.0 -52.5    171214000   0   1400       969850
   155  0 1  94.57  9929.50 2   0.0 -53.1    172193650   0   1250       979650
   156  0 1  95.27  9925.00 2   0.0 -53.4    173193850   0   1350      1000200
   157  0 1  94.57  9922.00 2   0.0 -54.1    174203350   0   1050      1009500
   158  0 1  94.92  9920.50 2   0.0 -54.7    175223300   0   1200      1019950
   159  0 1  95.62  9920.50 2   0.0 -55.3    176213100   0   1150       989800
   160  0 1  95.62  9919.00 2   0.0 -55.9    177242800   0   1150      1029700
   161  0 1  94.92  9925.00 2   0.0 -57.2    179222700   0   1350      1979900
   162  0 1  94.57  9928.00 2   0.0 -57.5    180202750   0   1150       980050
   163  0 1  95.62  9935.50 2   0.0 -58.1    181202650   0   1150       999900
   164  0 1  94.22  9943.00 2   0.0 -58.8    182212350   0   1350      1009700
   165  0 1  95.62  9952.00 2   0.0 -59.4    183232050   0   1500      1019700
   166  0 1  94.22  9961.00 2   0.0 -60.0    184222300   0   1500       990250
   167  0 1  94.57  9970.00 2   0.0 -60.6    185252600   0   1400      1030300
   168  0 1  94.92  9979.00 2   0.0 -61.3    186262600   0   1150      1010000
   169  0 1  95.62  9991.00 2   0.0 -61.9    187233050   0   1100       970450
   170  0 1  95.27 10012.00 2   0.0 -63.1    189213100   0   1200      1980050
   171  0 1  95.62 10022.50 2   0.0 -63.8    190222900   0   1050      1009800
   172  0 1  95.27 10033.00 2   0.0 -64.4    191242500   0   1450      1019600
   173  0 1  94.57 10042.00 2   0.0 -65.0    192232950   0   1300       990450
   174  0 1  94.22 10049.50 2   0.0 -65.6    193262650   0   1050      1029700
   175  0 1  95.62 10060.00 2   0.0 -66.3    194272450   0   1450      1009800
   176  0 1  94.22 10063.00 2   0.0 -66.9    195242300   0   1300       969850
   177  0 1  94.92 10070.50 2   0.0 -67.5    196222500   0   1500       980200
   178  0 1  94.92 10075.00 2   0.0 -68.1    197222750   0   1250      1000250
   179  0 1  94.22 10078.00 2   0.0 -69.4    199252750   0   1500      2030000
