    NO  S V  AOA    FREQ    B  FMOP  AMP      TOA      PMOP  PW         dTOA  
------ -- - ------ -------- - ----- ----- ------------ --- ------ ------------
     0  0 1  95.27  9998.50 2   0.0 -70.0            0   0   1050  42949673000
     1  0 1  95.62 10019.50 2   0.0 -68.8      2039550   0   1300      2039550
     2  0 1  95.62 10030.00 2   0.0 -68.1      3009200   0   1200       969650
     3  0 1  94.92 10040.50 2   0.0 -67.5      3989200   0   1150       980000
     4  0 1  94.57 10048.00 2   0.0 -66.9      4989150   0   1450       999950
     5  0 1  95.62 10055.50 2   0.0 -66.3      5998900   0   1100      1009750
     6  0 1  95.27 10063.00 2   0.0 -65.6      7018500   0   1400      1019600
     7  0 1  94.22 10070.50 2   0.0 -65.0      8008900   0   1450       990400
     8  0 1  94.57 10073.50 2   0.0 -64.4      9039350   0   1450      1030450
     9  0 1  94.57 10076.50 2   0.0 -63.8     10049800   0   1050      1010450
    10  0 1  94.57 10078.00 2   0.0 -62.5     12000500   0   1100      1950700
    11  0 1  95.27 10076.50 2   0.0 -61.9     13000750   0   1350      1000250
    12  0 1  94.22 10076.50 2   0.0 -61.3     14010600   0   1050      1009850
    13  0 1  94.22 10072.00 2   0.0 -60.6     15030900   0   1500      1020300
    14  0 1  95.62 10067.50 2   0.0 -60.0     16021000   0   1200       990100
    15  0 1  94.22 10060.00 2   0.0 -59.4     17051400   0   1200      1030400
    16  0 1  95.62 10054.00 2   0.0 -58.8     18061200   0   1350      1009800
    17  0 1  95.27 10045.00 2   0.0 -58.1     19031550   0   1050       970350
    18  0 1  94.57 10036.00 2   0.0 -57.5     20011850   0   1350       980300
    19  0 1  94.57 10015.00 2   0.0 -56.6     22021450   0   1450      2009600
    20  0 1  94.92 10003.00 2   0.0 -55.9     23041500   0   1250      1020050
    21  0 1  95.27  9992.50 2   0.0 -55.3     24031200   0   1050       989700
    22  0 1  94.92  9983.50 2   0.0 -54.7     25061450   0   1200      1030250
    23  0 1  94.57  9973.00 2   0.0 -54.1     26071350   0   1200      1009900
    24  0 1  94.57  9961.00 2   0.0 -53.4     27040950   0   1200       969600
    25  0 1  94.92  9955.00 2   0.0 -53.1     28021100   0   1050       980150
    26  0 1  95.27  9944.50 2   0.0 -52.5     29021200   0   1500      1000100
    27  0 1  94.57  9937.00 2   0.0 -51.9     30031200   0   1200      1010000
    28  0 1  94.57  9926.50 2   0.0 -50.6     32041200   0   1300      2010000
    29  0 1  94.22  9922.00 2   0.0 -50.3     33071100   0   1400      1029900
    30  0 1  94.22  9919.00 2   0.0 -49.7     34081350   0   1100      1010250
    31  0 1  95.27  9920.50 2   0.0 -49.1     35051800   0   1050       970450
    32  0 1  95.62  9920.50 2   0.0 -48.4     36031550   0   1250       979750
    33  0 1  94.92  9922.00 2   0.0 -48.1     37032000   0   1100      1000450
    34  0 1  95.62  9925.00 2   0.0 -47.5     38042050   0   1400      1010050
    35  0 1  94.22  9928.00 2   0.0 -46.9     39061750   0   1300      1019700
    36  0 1  95.27  9935.50 2   0.0 -46.6     40051900   0   1100       990150
    37  0 1  95.62  9952.00 2   0.0 -45.6     42091500   0   1250      2039600
    38  0 1  94.57  9958.00 2   0.0 -45.0     43061650   0   1350       970150
    39  0 1  95.62  9967.00 2   0.0 -44.4     44041850   0   1050       980200
    40  0 1  95.62  9979.00 2   0.0 -44.1     45042000   0   1050      1000150
    41  0 1  95.62  9988.00 2   0.0 -43.4     46051700   0   1050      1009700
    42  0 1  94.57  9998.50 2   0.0 -43.1     47072050   0   1250      1020350
    43  0 1  95.27 10010.50 2   0.0 -42.5     48061650   0   1100       989600
    44  0 1  94.22 10022.50 2   0.0 -42.2     49091800   0   1300      1030150
    45  0 1  94.57 10031.50 2   0.0 -41.6     50102050   0   1400      1010250
    46  0 1  94.92 10051.00 2   0.0 -40.9     52052300   0   1200      1950250
    47  0 1  95.27 10057.00 2   0.0 -40.3     53052650   0   1500      1000350
    48  0 1  94.22 10063.00 2   0.0 -40.0     54062200   0   1500      1009550
    49  0 1  94.92 10069.00 2   0.0 -39.7     55082500   0   1300      1020300
    50  0 1  94.22 10073.50 2   0.0 -39.1     56072450   0   1150       989950
    51  0 1  94.22 10078.00 2   0.0 -38.8     57102050   0   1150      1029600
    52  0 1  94.22 10078.00 2   0.0 -38.4     58111550   0   1050      1009500
    53  0 1  95.27 10078.00 2   0.0 -38.1     59081250   0   1100       969700
    54  0 1  95.62 10078.00 2   0.0 -37.5     60061250   0   1100       980000
    55  0 1  95.62 10072.00 2   0.0 -36.9     62071350   0   1450      2010100
    56  0 1  94.57 10064.50 2   0.0 -36.6     63091400   0   1150      1020050
    57  0 1  94.92 10058.50 2   0.0 -36.3     64081400   0   1200       990000
    58  0 1  94.22 10051.00 2   0.0 -35.9     65110950   0   1100      1029550
    59  0 1  94.22 10043.50 2   0.0 -35.6     66121350   0   1450      1010400
    60  0 1  94.92 10036.00 2   0.0 -35.3     67091500   0   1250       970150
    61  0 1  94.92 10025.50 2   0.0 -35.0     68071050   0   1050       979550
    62  0 1  95.27 10015.00 2   0.0 -34.7     69071250   0   1150      1000200
    63  0 1  94.92 10003.00 2   0.0 -34.4     70081050   0   1050      1009800
    64  0 1  94.57  9982.00 2   0.0 -33.8     72090650   0   1100      2009600
    65  0 1  94.57  9971.50 2   0.0 -33.4     73120350   0   1350      1029700
    66  0 1  94.22  9961.00 2   0.0 -33.4     74130000   0   1150      1009650
    67  0 1  95.62  9952.00 2   0.0 -33.1     75099800   0   1500       969800
    68  0 1  95.62  9943.00 2   0.0 -32.8     76079400   0   1400       979600
    69  0 1  95.27  9937.00 2   0.0 -32.5     77079850   0   1150      1000450
    70  0 1  95.62  9932.50 2   0.0 -32.5     78089850   0   1100      1010000
    71  0 1  95.27  9926.50 2   0.0 -32.2     79109950   0   1200      1020100
    72  0 1  94.57  9922.00 2   0.0 -31.9     80100300   0   1100       990350
    73  0 1  95.62  9920.50 2   0.0 -31.6     82140350   0   1200      2040050
    74  0 1  95.27  9919.00 2   0.0 -31.6     83109850   0   1400       969500
    75  0 1  94.57  9922.00 2   0.0 -31.3     84090150   0   1200       980300
    76  0 1  94.92  9925.00 2   0.0 -31.3     85090400   0   1100      1000250
    77  0 1  94.57  9931.00 2   0.0 -30.9     86100200   0   1150      1009800
    78  0 1  94.92  9937.00 2   0.0 -30.9     87120550   0   1250      1020350
    79  0 1  95.27  9943.00 2   0.0 -30.6     88110800   0   1200       990250
    80  0 1  94.57  9950.50 2   0.0 -30.6     89140550   0   1250      1029750
    81  0 1  94.22  9959.50 2   0.0 -30.6     90150700   0   1250      1010150
    82  0 1  94.22  9977.50 2   0.0 -30.3     92100500   0   1500      1949800
    83  0 1  94.22  9991.00 2   0.0 -30.3     93100050   0   1050       999550
    84  0 1  94.92 10000.00 2   0.0 -30.3     94109650   0   1100      1009600
    85  0 1  95.27 10010.50 2   0.0 -30.0     95129150   0   1200      1019500
    86  0 1  95.62 10021.00 2   0.0 -30.0     96119400   0   1300       990250
    87  0 1  95.62 10030.00 2   0.0 -30.0     97149500   0   1250      1030100
    88  0 1  95.27 10042.00 2   0.0 -30.0     98159300   0   1300      1009800
    89  0 1  94.92 10048.00 2   0.0 -30.0     99129750   0   1400       970450
    90  0 1  94.92 10057.00 2   0.0 -30.0    100109950   0   1100       980200
    91  0 1  95.27 10069.00 2   0.0 -30.0    102120400   0   1250      2010450
    92  0 1  95.62 10073.50 2   0.0 -30.0    103140450   0   1100      1020050
    93  0 1  95.27 10076.50 2   0.0 -30.0    104130200   0   1500       989750
    94  0 1  95.62 10079.50 2   0.0 -30.0    105160400   0   1500      1030200
    95  0 1  94.92 10078.00 2   0.0 -30.3    106170250   0   1250      1009850
    96  0 1  94.92 10078.00 2   0.0 -30.3    107140550   0   1400       970300
    97  0 1  94.57 10075.00 2   0.0 -30.3    108120350   0   1500       979800
    98  0 1  94.57 10072.00 2   0.0 -30.3    109120400   0   1100      1000050
    99  0 1  94.92 10066.00 2   0.0 -30.6    110130000   0   1500      1009600
   100  0 1  94.92 10051.00 2   0.0 -30.6    112140400   0   1250      2010400
   101  0 1  94.92 10043.50 2   0.0 -30.9    113170400   0   1450      1030000
   102  0 1  95.27 10034.50 2   0.0 -30.9    114180050   0   1200      1009650
   103  0 1  94.92 10022.50 2   0.0 -31.3    115149600   0   1450       969550
   104  0 1  94.57 10013.50 2   0.0 -31.3    116129100   0   1450       979500
   105  0 1  94.92 10003.00 2   0.0 -31.6    117129500   0   1050      1000400
   106  0 1  95.62  9991.00 2   0.0 -31.6    118139250   0   1150      1009750
   107  0 1  95.62  9982.00 2   0.0 -31.9    119159550   0   1250      1020300
   108  0 1  94.22  9973.00 2   0.0 -31.9    120149400   0   1100       989850
   109  0 1  94.92  9952.00 2   0.0 -32.5    122189500   0   1250      2040100
   110  0 1  94.92  9944.50 2   0.0 -32.5    123159000   0   1100       969500
   111  0 1  94.57  9935.50 2   0.0 -32.8    124138850   0   1200       979850
   112  0 1  94.92  9931.00 2   0.0 -33.1    125138500   0   1450       999650
   113  0 1  94.57  9925.00 2   0.0 -33.4    126148600   0   1400      1010100
   114  0 1  95.27  9922.00 2   0.0 -33.4    127168200   0   1500      1019600
   115  0 1  94.92  9920.50 2   0.0 -33.8    128158000   0   1100       989800
   116  0 1  94.92  9919.00 2   0.0 -34.1    129188100   0   1200      1030100
   117  0 1  94.22  9920.50 2   0.0 -34.4    130198400   0   1250      1010300
   118  0 1  94.57  9923.50 2   0.0 -35.0    132147750   0   1350      1949350
   119  0 1  94.92  9931.00 2   0.0 -35.3    133147250   0   1400       999500
   120  0 1  95.62  9937.00 2   0.0 -35.6    134157100   0   1150      1009850
   121  0 1  95.62  9941.50 2   0.0 -35.9    135177400   0   1050      1020300
   122  0 1  95.62  9952.00 2   0.0 -36.3    136167250   0   1250       989850
   123  0 1  95.62  9961.00 2   0.0 -36.6    137197600   0   1350      1030350
   124  0 1  94.57  9970.00 2   0.0 -36.9    138207700   0   1100      1010100
   125  0 1  94.22  9980.50 2   0.0 -37.2    139177550   0   1150       969850
   126  0 1  94.92  9991.00 2   0.0 -37.5    140157800   0   1350       980250
   127  0 1  94.22 10010.50 2   0.0 -38.4    142167850   0   1450      2010050
   128  0 1  95.27 10022.50 2   0.0 -38.8    143187550   0   1450      1019700
   129  0 1  94.92 10033.00 2   0.0 -39.1    144177150   0   1500       989600
   130  0 1  94.22 10042.00 2   0.0 -39.7    145207500   0   1100      1030350
   131  0 1  95.62 10049.50 2   0.0 -40.0    146217550   0   1350      1010050
   132  0 1  95.62 10058.50 2   0.0 -40.3    147187450   0   1500       969900
   133  0 1  95.27 10064.50 2   0.0 -40.9    148167550   0   1400       980100
   134  0 1  95.62 10070.50 2   0.0 -41.3    149167550   0   1100      1000000
   135  0 1  94.22 10075.00 2   0.0 -41.6    150177050   0   1500      1009500
   136  0 1  94.22 10078.00 2   0.0 -42.5    152187000   0   1050      2009950
   137  0 1  95.62 10078.00 2   0.0 -43.1    153217250   0   1150      1030250
   138  0 1  94.92 10078.00 2   0.0 -43.4    154227300   0   1150      1010050
   139  0 1  94.92 10075.00 2   0.0 -44.1    155197650   0   1300       970350
   140  0 1  94.57 10070.50 2   0.0 -44.4    156177300   0   1250       979650
   141  0 1  94.92 10066.00 2   0.0 -45.0    157177750   0   1350      1000450
   142  0 1  94.22 10057.00 2   0.0 -45.6    158188200   0   1250      1010450
   143  0 1  94.22 10051.00 2   0.0 -45.9    159208550   0   1200      1020350
   144  0 1  95.62 10042.00 2   0.0 -46.6    160198350   0   1500       989800
   145  0 1  95.62 10021.00 2   0.0 -47.5    162237700   0   1100      2039350
   146  0 1  95.27 10012.00 2   0.0 -48.1    163207350   0   1450       969650
   147  0 1  94.57 10001.50 2   0.0 -48.4    164187250   0   1150       979900
   148  0 1  94.57  9991.00 2   0.0 -49.1    165187450   0   1300      1000200
   149  0 1  94.22  9982.00 2   0.0 -49.7    166197400   0   1100      1009950
   150  0 1  94.22  9971.50 2   0.0 -50.3    167217600   0   1400      1020200
   151  0 1  95.27  9961.00 2   0.0 -50.6    168207400   0   1100       989800
   152  0 1  95.62  9952.00 2   0.0 -51.3    169237350   0   1150      1029950
   153  0 1  94.57  9943.00 2   0.0 -51.9    170247500   0   1100      1010150
   154  0 1  94.57  9931.00 2   0.0 -53.1    172197550   0   1050      1950050
   155  0 1  95.27  9926.50 2   0.0 -53.4    173197500   0   1150       999950
   156  0 1  94.22  9920.50 2   0.0 -54.1    174207950   0   1350      1010450
   157  0 1  95.27  9919.00 2   0.0 -54.7    175227500   0   1300      1019550
   158  0 1  94.92  9919.00 2   0.0 -55.3    176217800   0   1500       990300
   159  0 1  95.27  9920.50 2   0.0 -55.9    177248100   0   1400      1030300
   160  0 1  94.22  9920.50 2   0.0 -56.6    178258000   0   1400      1009900
   161  0 1  94.57  9925.00 2   0.0 -57.2    179227650   0   1150       969650
   162  0 1  94.92  9929.50 2   0.0 -57.5    180207650   0   1050       980000
   163  0 1  94.92  9943.00 2   0.0 -58.8    182217800   0   1100      2010150
   164  0 1  94.57  9952.00 2   0.0 -59.4    183237500   0   1300      1019700
   165  0 1  95.27  9961.00 2   0.0 -60.0    184227000   0   1150       989500
   166  0 1  94.92  9971.50 2   0.0 -60.6    185256600   0   1250      1029600
   167  0 1  95.27  9982.00 2   0.0 -61.3    186266650   0   1300      1010050
   168  0 1  95.62  9989.50 2   0.0 -61.9    187236900   0   1350       970250
   169  0 1  94.57 10003.00 2   0.0 -62.5    188216400   0   1150       979500
   170  0 1  95.62 10012.00 2   0.0 -63.1    189216650   0   1450      1000250
   171  0 1  94.92 10024.00 2   0.0 -63.8    190226900   0   1200      1010250
   172  0 1  95.62 10042.00 2   0.0 -65.0    192236650   0   1100      2009750
   173  0 1  94.92 10049.50 2   0.0 -65.6    193266250   0   1500      1029600
   174  0 1  94.22 10060.00 2   0.0 -66.3    194276000   0   1100      1009750
   175  0 1  94.92 10066.00 2   0.0 -66.9    195246150   0   1450       970150
   176  0 1  94.92 10070.50 2   0.0 -67.5    196226450   0   1350       980300
   177  0 1  94.22 10075.00 2   0.0 -68.1    197226850   0   1150      1000400
   178  0 1  95.62 10078.00 2   0.0 -68.8    198236550   0   1350      1009700
   179  0 1  94.92 10078.00 2   0.0 -69.4    199256350   0   1250      1019800
