    NO  S V  AOA    FREQ    B  FMOP  AMP      TOA      PMOP  PW         dTOA  
------ -- - ------ -------- - ----- ----- ------------ --- ------ ------------
     0  0 1  94.57 10000.00 2   0.0 -70.0            0   0   1400  42949673000
     1  0 1  94.57 10009.00 2   0.0 -69.4      1030000   0   1500      1030000
     2  0 1  95.27 10021.00 2   0.0 -68.8      2039750   0   1100      1009750
     3  0 1  94.57 10039.00 2   0.0 -67.5      3989550   0   1150      1949800
     4  0 1  94.22 10048.00 2   0.0 -66.9      4989200   0   1250       999650
     5  0 1  94.92 10057.00 2   0.0 -66.3      5999600   0   1250      1010400
     6  0 1  95.62 10063.00 2   0.0 -65.6      7019800   0   1200      1020200
     7  0 1  95.27 10070.50 2   0.0 -65.0      8009300   0   1450       989500
     8  0 1  94.57 10075.00 2   0.0 -64.4      9039650   0   1300      1030350
     9  0 1  95.27 10078.00 2   0.0 -63.8     10049800   0   1450      1010150
    10  0 1  94.57 10078.00 2   0.0 -63.1     11019450   0   1100       969650
    11  0 1  95.62 10078.00 2   0.0 -62.5     11999250   0   1050       979800
    12  0 1  95.27 10076.50 2   0.0 -61.3     14008950   0   1400      2009700
    13  0 1  94.92 10072.00 2   0.0 -60.6     15029000   0   1200      1020050
    14  0 1  94.57 10066.00 2   0.0 -60.0     16018550   0   1400       989550
    15  0 1  94.22 10060.00 2   0.0 -59.4     17048050   0   1100      1029500
    16  0 1  94.92 10054.00 2   0.0 -58.8     18058450   0   1150      1010400
    17  0 1  94.22 10045.00 2   0.0 -58.1     19028750   0   1150       970300
    18  0 1  94.92 10036.00 2   0.0 -57.5     20008600   0   1350       979850
    19  0 1  94.22 10025.50 2   0.0 -57.2     21008250   0   1100       999650
    20  0 1  94.22 10015.00 2   0.0 -56.6     22018400   0   1350      1010150
    21  0 1  94.57  9994.00 2   0.0 -55.3     24028850   0   1150      2010450
    22  0 1  94.92  9982.00 2   0.0 -54.7     25059050   0   1300      1030200
    23  0 1  94.92  9971.50 2   0.0 -54.1     26068900   0   1100      1009850
    24  0 1  95.27  9961.00 2   0.0 -53.4     27039100   0   1150       970200
    25  0 1  95.62  9952.00 2   0.0 -53.1     28019550   0   1200       980450
    26  0 1  95.62  9944.50 2   0.0 -52.5     29019700   0   1300      1000150
    27  0 1  95.27  9938.50 2   0.0 -51.9     30029550   0   1050      1009850
    28  0 1  94.57  9931.00 2   0.0 -51.3     31049500   0   1350      1019950
    29  0 1  95.27  9928.00 2   0.0 -50.6     32039850   0   1500       990350
    30  0 1  95.62  9919.00 2   0.0 -49.7     34079800   0   1150      2039950
    31  0 1  94.57  9919.00 2   0.0 -49.1     35049400   0   1300       969600
    32  0 1  95.27  9920.50 2   0.0 -48.4     36028900   0   1100       979500
    33  0 1  95.27  9920.50 2   0.0 -48.1     37029150   0   1200      1000250
    34  0 1  94.22  9923.50 2   0.0 -47.5     38039350   0   1450      1010200
    35  0 1  95.62  9929.50 2   0.0 -46.9     39059150   0   1150      1019800
    36  0 1  95.27  9934.00 2   0.0 -46.6     40049300   0   1400       990150
    37  0 1  94.57  9941.50 2   0.0 -45.9     41079000   0   1400      1029700
    38  0 1  95.62  9952.00 2   0.0 -45.6     42089200   0   1400      1010200
    39  0 1  95.62  9967.00 2   0.0 -44.4     44038700   0   1200      1949500
    40  0 1  95.62  9979.00 2   0.0 -44.1     45038850   0   1500      1000150
    41  0 1  95.27  9989.50 2   0.0 -43.4     46049200   0   1200      1010350
    42  0 1  95.62 10000.00 2   0.0 -43.1     47068900   0   1050      1019700
    43  0 1  94.92 10010.50 2   0.0 -42.5     48058750   0   1100       989850
    44  0 1  95.27 10021.00 2   0.0 -42.2     49088250   0   1400      1029500
    45  0 1  94.22 10031.50 2   0.0 -41.6     50098150   0   1200      1009900
    46  0 1  94.57 10042.00 2   0.0 -41.3     51068450   0   1500       970300
    47  0 1  95.27 10049.50 2   0.0 -40.9     52048450   0   1100       980000
    48  0 1  95.62 10064.50 2   0.0 -40.0     54058300   0   1200      2009850
    49  0 1  94.57 10069.00 2   0.0 -39.7     55077800   0   1050      1019500
    50  0 1  94.22 10075.00 2   0.0 -39.1     56068050   0   1050       990250
    51  0 1  94.57 10076.50 2   0.0 -38.8     57098100   0   1150      1030050
    52  0 1  94.57 10078.00 2   0.0 -38.4     58108300   0   1500      1010200
    53  0 1  94.22 10078.00 2   0.0 -38.1     59078400   0   1150       970100
    54  0 1  94.22 10076.50 2   0.0 -37.5     60058650   0   1150       980250
    55  0 1  94.57 10075.00 2   0.0 -37.2     61058400   0   1050       999750
    56  0 1  95.62 10072.00 2   0.0 -36.9     62068450   0   1050      1010050
    57  0 1  94.57 10058.50 2   0.0 -36.3     64079000   0   1200      2010550
    58  0 1  95.27 10051.00 2   0.0 -35.9     65108550   0   1350      1029550
    59  0 1  95.62 10045.00 2   0.0 -35.6     66118050   0   1250      1009500
    60  0 1  94.22 10034.50 2   0.0 -35.3     67087750   0   1450       969700
    61  0 1  94.92 10025.50 2   0.0 -35.0     68067950   0   1400       980200
    62  0 1  94.57 10015.00 2   0.0 -34.7     69068050   0   1050      1000100
    63  0 1  94.57 10003.00 2   0.0 -34.4     70078500   0   1100      1010450
    64  0 1  95.27  9994.00 2   0.0 -34.1     71098350   0   1200      1019850
    65  0 1  95.62  9982.00 2   0.0 -33.8     72088600   0   1400       990250
    66  0 1  94.22  9961.00 2   0.0 -33.4     74129500   0   1050      2040900
    67  0 1  94.57  9952.00 2   0.0 -33.1     75099500   0   1200       970000
    68  0 1  94.92  9943.00 2   0.0 -32.8     76079350   0   1100       979850
    69  0 1  94.92  9937.00 2   0.0 -32.5     77079200   0   1100       999850
    70  0 1  95.27  9931.00 2   0.0 -32.5     78089250   0   1500      1010050
    71  0 1  94.92  9926.50 2   0.0 -32.2     79109500   0   1100      1020250
    72  0 1  94.92  9922.00 2   0.0 -31.9     80099350   0   1300       989850
    73  0 1  95.27  9920.50 2   0.0 -31.9     81129250   0   1250      1029900
    74  0 1  94.57  9920.50 2   0.0 -31.6     82139450   0   1400      1010200
    75  0 1  94.22  9920.50 2   0.0 -31.3     84090300   0   1400      1950850
    76  0 1  94.92  9923.50 2   0.0 -31.3     85090450   0   1250      1000150
    77  0 1  94.92  9931.00 2   0.0 -30.9     86100300   0   1100      1009850
    78  0 1  94.92  9937.00 2   0.0 -30.9     87120200   0   1250      1019900
    79  0 1  95.27  9943.00 2   0.0 -30.6     88109900   0   1350       989700
    80  0 1  94.57  9949.00 2   0.0 -30.6     89139650   0   1050      1029750
    81  0 1  95.62  9959.50 2   0.0 -30.6     90149850   0   1050      1010200
    82  0 1  94.57  9970.00 2   0.0 -30.3     91120250   0   1050       970400
    83  0 1  95.27  9979.00 2   0.0 -30.3     92099750   0   1050       979500
    84  0 1  94.22 10000.00 2   0.0 -30.3     94109850   0   1300      2010100
    85  0 1  94.57 10012.00 2   0.0 -30.0     95129450   0   1150      1019600
    86  0 1  95.62 10022.50 2   0.0 -30.0     96119750   0   1350       990300
    87  0 1  94.57 10033.00 2   0.0 -30.0     97149700   0   1300      1029950
    88  0 1  95.62 10040.50 2   0.0 -30.0     98159700   0   1200      1010000
    89  0 1  94.57 10048.00 2   0.0 -30.0     99129200   0   1250       969500
    90  0 1  94.57 10058.50 2   0.0 -30.0    100109350   0   1450       980150
    91  0 1  94.92 10063.00 2   0.0 -30.0    101108950   0   1400       999600
    92  0 1  95.62 10069.00 2   0.0 -30.0    102118500   0   1250      1009550
    93  0 1  95.62 10076.50 2   0.0 -30.0    104128950   0   1150      2010450
    94  0 1  94.57 10078.00 2   0.0 -30.0    105158450   0   1050      1029500
    95  0 1  95.27 10078.00 2   0.0 -30.3    106168250   0   1200      1009800
    96  0 1  94.57 10076.50 2   0.0 -30.3    107138100   0   1300       969850
    97  0 1  95.27 10075.00 2   0.0 -30.3    108118150   0   1300       980050
    98  0 1  94.92 10070.50 2   0.0 -30.3    109118350   0   1050      1000200
    99  0 1  94.57 10064.50 2   0.0 -30.6    110127950   0   1100      1009600
   100  0 1  94.57 10060.00 2   0.0 -30.6    111147800   0   1100      1019850
   101  0 1  95.27 10051.00 2   0.0 -30.6    112138250   0   1350       990450
   102  0 1  95.62 10034.50 2   0.0 -30.9    114178850   0   1150      2040600
   103  0 1  94.57 10022.50 2   0.0 -31.3    115148950   0   1400       970100
   104  0 1  95.27 10013.50 2   0.0 -31.3    116128650   0   1500       979700
   105  0 1  95.27 10003.00 2   0.0 -31.6    117128400   0   1250       999750
   106  0 1  94.92  9994.00 2   0.0 -31.6    118138500   0   1500      1010100
   107  0 1  94.92  9982.00 2   0.0 -31.9    119158050   0   1150      1019550
   108  0 1  95.62  9973.00 2   0.0 -31.9    120147850   0   1100       989800
   109  0 1  94.92  9961.00 2   0.0 -32.2    121177950   0   1400      1030100
   110  0 1  94.92  9953.50 2   0.0 -32.5    122187800   0   1500      1009850
   111  0 1  95.62  9935.50 2   0.0 -32.8    124137250   0   1300      1949450
   112  0 1  94.92  9931.00 2   0.0 -33.1    125136750   0   1050       999500
   113  0 1  94.92  9925.00 2   0.0 -33.4    126146550   0   1050      1009800
   114  0 1  94.92  9922.00 2   0.0 -33.4    127166050   0   1450      1019500
   115  0 1  94.22  9919.00 2   0.0 -33.8    128156500   0   1150       990450
   116  0 1  94.92  9919.00 2   0.0 -34.1    129186650   0   1350      1030150
   117  0 1  94.22  9919.00 2   0.0 -34.4    130196950   0   1400      1010300
   118  0 1  95.27  9922.00 2   0.0 -34.7    131166900   0   1500       969950
   119  0 1  94.22  9923.50 2   0.0 -35.0    132146400   0   1400       979500
   120  0 1  94.92  9935.50 2   0.0 -35.6    134155500   0   1400      2009100
   121  0 1  94.57  9943.00 2   0.0 -35.9    135175050   0   1500      1019550
   122  0 1  95.62  9950.50 2   0.0 -36.3    136164900   0   1150       989850
   123  0 1  94.57  9959.50 2   0.0 -36.6    137195100   0   1450      1030200
   124  0 1  95.62  9970.00 2   0.0 -36.9    138204850   0   1100      1009750
   125  0 1  95.27  9979.00 2   0.0 -37.2    139174600   0   1100       969750
   126  0 1  94.57  9989.50 2   0.0 -37.5    140154300   0   1200       979700
   127  0 1  94.22 10000.00 2   0.0 -38.1    141154750   0   1300      1000450
   128  0 1  94.57 10012.00 2   0.0 -38.4    142164750   0   1500      1010000
   129  0 1  95.27 10031.50 2   0.0 -39.1    144174950   0   1200      2010200
   130  0 1  94.57 10042.00 2   0.0 -39.7    145204500   0   1200      1029550
   131  0 1  94.92 10049.50 2   0.0 -40.0    146214950   0   1350      1010450
   132  0 1  95.27 10057.00 2   0.0 -40.3    147185000   0   1400       970050
   133  0 1  94.22 10063.00 2   0.0 -40.9    148164600   0   1050       979600
   134  0 1  94.22 10069.00 2   0.0 -41.3    149165050   0   1050      1000450
   135  0 1  95.27 10073.50 2   0.0 -41.6    150174800   0   1350      1009750
   136  0 1  94.57 10078.00 2   0.0 -42.2    151194450   0   1050      1019650
   137  0 1  95.62 10078.00 2   0.0 -42.5    152184600   0   1100       990150
   138  0 1  94.22 10078.00 2   0.0 -43.4    154224850   0   1050      2040250
   139  0 1  94.92 10075.00 2   0.0 -44.1    155194650   0   1300       969800
   140  0 1  94.92 10069.00 2   0.0 -44.4    156175050   0   1150       980400
   141  0 1  95.62 10066.00 2   0.0 -45.0    157174900   0   1350       999850
   142  0 1  95.27 10058.50 2   0.0 -45.6    158185200   0   1300      1010300
   143  0 1  94.22 10051.00 2   0.0 -45.9    159205450   0   1200      1020250
   144  0 1  95.62 10042.00 2   0.0 -46.6    160195300   0   1100       989850
   145  0 1  94.92 10033.00 2   0.0 -46.9    161225350   0   1250      1030050
   146  0 1  95.27 10021.00 2   0.0 -47.5    162235600   0   1250      1010250
   147  0 1  94.22 10001.50 2   0.0 -48.4    164185400   0   1450      1949800
   148  0 1  95.27  9991.00 2   0.0 -49.1    165185200   0   1500       999800
   149  0 1  95.27  9982.00 2   0.0 -49.7    166195100   0   1300      1009900
   150  0 1  94.92  9970.00 2   0.0 -50.3    167215050   0   1250      1019950
   151  0 1  94.92  9959.50 2   0.0 -50.6    168204750   0   1350       989700
   152  0 1  94.22  9952.00 2   0.0 -51.3    169234650   0   1200      1029900
   153  0 1  95.27  9943.00 2   0.0 -51.9    170244450   0   1100      1009800
   154  0 1  94.57  9935.50 2   0.0 -52.5    171214350   0   1500       969900
   155  0 1  94.92  9929.50 2   0.0 -53.1    172194350   0   1250       980000
   156  0 1  94.22  9922.00 2   0.0 -54.1    174204500   0   1100      2010150
   157  0 1  94.22  9919.00 2   0.0 -54.7    175224050   0   1500      1019550
   158  0 1  94.92  9919.00 2   0.0 -55.3    176214500   0   1300       990450
   159  0 1  95.27  9920.50 2   0.0 -55.9    177244250   0   1450      1029750
   160  0 1  94.22  9920.50 2   0.0 -56.6    178254200   0   1450      1009950
   161  0 1  95.62  9925.00 2   0.0 -57.2    179224050   0   1500       969850
   162  0 1  94.22  9929.50 2   0.0 -57.5    180203800   0   1250       979750
   163  0 1  94.92  9935.50 2   0.0 -58.1    181203350   0   1350       999550
   164  0 1  95.27  9943.00 2   0.0 -58.8    182213050   0   1400      1009700
   165  0 1  95.62  9961.00 2   0.0 -60.0    184222750   0   1100      2009700
   166  0 1  95.62  9970.00 2   0.0 -60.6    185252350   0   1250      1029600
   167  0 1  95.62  9982.00 2   0.0 -61.3    186261850   0   1450      1009500
   168  0 1  95.62  9991.00 2   0.0 -61.9    187231950   0   1400       970100
   169  0 1  94.22 10000.00 2   0.0 -62.5    188211800   0   1400       979850
   170  0 1  94.92 10010.50 2   0.0 -63.1    189211400   0   1450       999600
   171  0 1  94.22 10024.00 2   0.0 -63.8    190221300   0   1450      1009900
   172  0 1  95.27 10031.50 2   0.0 -64.4    191241350   0   1350      1020050
   173  0 1  95.62 10042.00 2   0.0 -65.0    192231650   0   1150       990300
   174  0 1  95.62 10057.00 2   0.0 -66.3    194271500   0   1200      2039850
   175  0 1  94.92 10064.50 2   0.0 -66.9    195241250   0   1450       969750
   176  0 1  94.92 10072.00 2   0.0 -67.5    196221450   0   1250       980200
   177  0 1  95.62 10075.00 2   0.0 -68.1    197221700   0   1250      1000250
   178  0 1  94.57 10078.00 2   0.0 -68.8    198231850   0   1450      1010150
   179  0 1  94.57 10078.00 2   0.0 -69.4    199251500   0   1500      1019650
