    NO  S V  AOA    FREQ    B  FMOP  AMP      TOA      PMOP  PW         dTOA  
------ -- - ------ -------- - ----- ----- ------------ --- ------ ------------
     0  0 1  94.57 10000.00 2   0.0 -70.0            0   0   1450  42949673000
     1  0 1  94.57 10010.50 2   0.0 -69.4      1030000   0   1450      1030000
     2  0 1  95.62 10021.00 2   0.0 -68.8      2039650   0   1450      1009650
     3  0 1  94.92 10031.50 2   0.0 -68.1      3009800   0   1050       970150
     4  0 1  94.22 10039.00 2   0.0 -67.5      3990050   0   1200       980250
     5  0 1  94.57 10055.50 2   0.0 -66.3      6000150   0   1300      2010100
     6  0 1  95.27 10063.00 2   0.0 -65.6      7019950   0   1350      1019800
     7  0 1  94.92 10069.00 2   0.0 -65.0      8009600   0   1300       989650
     8  0 1  94.22 10075.00 2   0.0 -64.4      9039300   0   1300      1029700
     9  0 1  95.62 10075.00 2   0.0 -63.8     10048800   0   1300      1009500
    10  0 1  94.57 10078.00 2   0.0 -63.1     11018500   0   1250       969700
    11  0 1  95.62 10078.00 2   0.0 -62.5     11998800   0   1250       980300
    12  0 1  94.57 10076.50 2   0.0 -61.9     12998950   0   1400      1000150
    13  0 1  95.62 10075.00 2   0.0 -61.3     14009350   0   1350      1010400
    14  0 1  94.92 10067.50 2   0.0 -60.0     16020000   0   1150      2010650
    15  0 1  94.92 10058.50 2   0.0 -59.4     17049950   0   1400      1029950
    16  0 1  94.22 10052.50 2   0.0 -58.8     18060150   0   1150      1010200
    17  0 1  94.22 10043.50 2   0.0 -58.1     19029850   0   1350       969700
    18  0 1  95.27 10036.00 2   0.0 -57.5     20009500   0   1400       979650
    19  0 1  95.62 10024.00 2   0.0 -57.2     21009650   0   1250      1000150
    20  0 1  94.57 10015.00 2   0.0 -56.6     22019900   0   1350      1010250
    21  0 1  95.27 10003.00 2   0.0 -55.9     23040250   0   1150      1020350
    22  0 1  95.62  9994.00 2   0.0 -55.3     24030700   0   1500       990450
    23  0 1  94.57  9973.00 2   0.0 -54.1     26070000   0   1500      2039300
    24  0 1  94.22  9964.00 2   0.0 -53.4     27039600   0   1200       969600
    25  0 1  94.22  9953.50 2   0.0 -53.1     28019500   0   1350       979900
    26  0 1  95.62  9946.00 2   0.0 -52.5     29019800   0   1300      1000300
    27  0 1  95.27  9937.00 2   0.0 -51.9     30029500   0   1150      1009700
    28  0 1  94.22  9932.50 2   0.0 -51.3     31049100   0   1100      1019600
    29  0 1  95.27  9928.00 2   0.0 -50.6     32039050   0   1400       989950
    30  0 1  94.92  9923.50 2   0.0 -50.3     33069400   0   1500      1030350
    31  0 1  94.22  9920.50 2   0.0 -49.7     34079000   0   1250      1009600
    32  0 1  95.27  9919.00 2   0.0 -48.4     36028050   0   1450      1949050
    33  0 1  95.62  9922.00 2   0.0 -48.1     37028100   0   1250      1000050
    34  0 1  94.92  9925.00 2   0.0 -47.5     38038300   0   1250      1010200
    35  0 1  95.27  9928.00 2   0.0 -46.9     39058400   0   1150      1020100
    36  0 1  94.57  9934.00 2   0.0 -46.6     40048150   0   1500       989750
    37  0 1  95.62  9943.00 2   0.0 -45.9     41078100   0   1150      1029950
    38  0 1  95.62  9949.00 2   0.0 -45.6     42087850   0   1200      1009750
    39  0 1  94.92  9958.00 2   0.0 -45.0     43057800   0   1250       969950
    40  0 1  94.57  9968.50 2   0.0 -44.4     44037800   0   1050       980000
    41  0 1  94.57  9989.50 2   0.0 -43.4     46048200   0   1450      2010400
    42  0 1  94.22 10000.00 2   0.0 -43.1     47068300   0   1500      1020100
    43  0 1  95.62 10009.00 2   0.0 -42.5     48058150   0   1150       989850
    44  0 1  94.57 10021.00 2   0.0 -42.2     49088000   0   1450      1029850
    45  0 1  94.92 10033.00 2   0.0 -41.6     50098100   0   1150      1010100
    46  0 1  95.27 10039.00 2   0.0 -41.3     51067750   0   1400       969650
    47  0 1  95.27 10049.50 2   0.0 -40.9     52047350   0   1400       979600
    48  0 1  94.22 10057.00 2   0.0 -40.3     53047550   0   1100      1000200
    49  0 1  94.92 10063.00 2   0.0 -40.0     54057150   0   1250      1009600
    50  0 1  94.22 10075.00 2   0.0 -39.1     56067800   0   1400      2010650
    51  0 1  94.22 10078.00 2   0.0 -38.8     57097950   0   1200      1030150
    52  0 1  94.92 10078.00 2   0.0 -38.4     58108200   0   1500      1010250
    53  0 1  94.92 10078.00 2   0.0 -38.1     59078400   0   1450       970200
    54  0 1  95.62 10076.50 2   0.0 -37.5     60057900   0   1300       979500
    55  0 1  94.22 10075.00 2   0.0 -37.2     61057700   0   1200       999800
    56  0 1  94.22 10072.00 2   0.0 -36.9     62067800   0   1400      1010100
    57  0 1  95.27 10066.00 2   0.0 -36.6     63087900   0   1400      1020100
    58  0 1  94.57 10060.00 2   0.0 -36.3     64077500   0   1400       989600
    59  0 1  95.27 10042.00 2   0.0 -35.6     66116900   0   1250      2039400
    60  0 1  95.27 10036.00 2   0.0 -35.3     67087300   0   1050       970400
    61  0 1  94.92 10024.00 2   0.0 -35.0     68067250   0   1400       979950
    62  0 1  95.27 10013.50 2   0.0 -34.7     69067450   0   1300      1000200
    63  0 1  95.62 10003.00 2   0.0 -34.4     70077500   0   1450      1010050
    64  0 1  94.92  9992.50 2   0.0 -34.1     71097400   0   1050      1019900
    65  0 1  94.22  9982.00 2   0.0 -33.8     72087050   0   1250       989650
    66  0 1  95.27  9971.50 2   0.0 -33.4     73117450   0   1300      1030400
    67  0 1  94.92  9961.00 2   0.0 -33.4     74127050   0   1150      1009600
    68  0 1  95.27  9943.00 2   0.0 -32.8     76076850   0   1150      1949800
    69  0 1  95.62  9937.00 2   0.0 -32.5     77077200   0   1350      1000350
    70  0 1  95.27  9931.00 2   0.0 -32.5     78087200   0   1350      1010000
    71  0 1  95.62  9925.00 2   0.0 -32.2     79107350   0   1200      1020150
    72  0 1  94.22  9923.50 2   0.0 -31.9     80097800   0   1250       990450
    73  0 1  94.57  9919.00 2   0.0 -31.9     81128000   0   1150      1030200
    74  0 1  94.92  9919.00 2   0.0 -31.6     82138450   0   1150      1010450
    75  0 1  95.62  9920.50 2   0.0 -31.6     83108650   0   1400       970200
    76  0 1  94.22  9922.00 2   0.0 -31.3     84088650   0   1500       980000
    77  0 1  95.62  9929.50 2   0.0 -30.9     86098650   0   1100      2010000
    78  0 1  95.62  9934.00 2   0.0 -30.9     87118700   0   1100      1020050
    79  0 1  95.27  9943.00 2   0.0 -30.6     88108200   0   1100       989500
    80  0 1  94.22  9950.50 2   0.0 -30.6     89138150   0   1250      1029950
    81  0 1  94.92  9961.00 2   0.0 -30.6     90148600   0   1100      1010450
    82  0 1  94.22  9968.50 2   0.0 -30.3     91118600   0   1300       970000
    83  0 1  95.27  9979.00 2   0.0 -30.3     92098800   0   1400       980200
    84  0 1  95.62  9989.50 2   0.0 -30.3     93098950   0   1400      1000150
    85  0 1  94.92 10001.50 2   0.0 -30.3     94109300   0   1300      1010350
    86  0 1  95.27 10021.00 2   0.0 -30.0     96119650   0   1500      2010350
    87  0 1  94.22 10031.50 2   0.0 -30.0     97150100   0   1450      1030450
    88  0 1  94.22 10040.50 2   0.0 -30.0     98159800   0   1200      1009700
    89  0 1  95.62 10051.00 2   0.0 -30.0     99129500   0   1300       969700
    90  0 1  95.62 10057.00 2   0.0 -30.0    100109200   0   1300       979700
    91  0 1  95.62 10064.50 2   0.0 -30.0    101109200   0   1300      1000000
    92  0 1  94.22 10069.00 2   0.0 -30.0    102119350   0   1350      1010150
    93  0 1  94.92 10075.00 2   0.0 -30.0    103139250   0   1200      1019900
    94  0 1  94.22 10078.00 2   0.0 -30.0    104129500   0   1350       990250
    95  0 1  95.62 10078.00 2   0.0 -30.3    106169800   0   1350      2040300
    96  0 1  95.27 10078.00 2   0.0 -30.3    107140000   0   1100       970200
    97  0 1  94.92 10075.00 2   0.0 -30.3    108119550   0   1150       979550
    98  0 1  95.27 10072.00 2   0.0 -30.3    109119150   0   1100       999600
    99  0 1  94.22 10064.50 2   0.0 -30.6    110128900   0   1250      1009750
   100  0 1  94.22 10058.50 2   0.0 -30.6    111148950   0   1350      1020050
   101  0 1  94.22 10051.00 2   0.0 -30.6    112138800   0   1150       989850
   102  0 1  95.62 10042.00 2   0.0 -30.9    113168800   0   1350      1030000
   103  0 1  94.22 10034.50 2   0.0 -30.9    114179050   0   1050      1010250
   104  0 1  95.27 10012.00 2   0.0 -31.3    116129100   0   1400      1950050
   105  0 1  94.92 10001.50 2   0.0 -31.6    117129300   0   1050      1000200
   106  0 1  94.22  9992.50 2   0.0 -31.6    118139100   0   1200      1009800
   107  0 1  95.62  9980.50 2   0.0 -31.9    119159100   0   1200      1020000
   108  0 1  95.27  9973.00 2   0.0 -31.9    120149500   0   1150       990400
   109  0 1  95.62  9962.50 2   0.0 -32.2    121179100   0   1350      1029600
   110  0 1  94.92  9952.00 2   0.0 -32.5    122188600   0   1350      1009500
   111  0 1  95.27  9944.50 2   0.0 -32.5    123158700   0   1300       970100
   112  0 1  94.92  9935.50 2   0.0 -32.8    124138800   0   1300       980100
   113  0 1  94.92  9926.50 2   0.0 -33.4    126148200   0   1300      2009400
   114  0 1  95.62  9923.50 2   0.0 -33.4    127167900   0   1450      1019700
   115  0 1  94.57  9920.50 2   0.0 -33.8    128157550   0   1500       989650
   116  0 1  94.22  9920.50 2   0.0 -34.1    129187550   0   1500      1030000
   117  0 1  94.22  9920.50 2   0.0 -34.4    130197350   0   1250      1009800
   118  0 1  94.57  9922.00 2   0.0 -34.7    131167400   0   1050       970050
   119  0 1  94.57  9923.50 2   0.0 -35.0    132147500   0   1250       980100
   120  0 1  94.22  9931.00 2   0.0 -35.3    133147350   0   1500       999850
   121  0 1  94.92  9937.00 2   0.0 -35.6    134157250   0   1250      1009900
   122  0 1  94.22  9949.00 2   0.0 -36.3    136166700   0   1450      2009450
   123  0 1  95.62  9961.00 2   0.0 -36.6    137197050   0   1150      1030350
   124  0 1  95.62  9970.00 2   0.0 -36.9    138207000   0   1100      1009950
   125  0 1  94.57  9979.00 2   0.0 -37.2    139177450   0   1150       970450
   126  0 1  94.57  9989.50 2   0.0 -37.5    140157850   0   1300       980400
   127  0 1  94.22 10000.00 2   0.0 -38.1    141157400   0   1050       999550
   128  0 1  95.62 10012.00 2   0.0 -38.4    142167600   0   1500      1010200
   129  0 1  95.27 10022.50 2   0.0 -38.8    143188000   0   1250      1020400
   130  0 1  95.62 10031.50 2   0.0 -39.1    144177750   0   1500       989750
   131  0 1  95.62 10051.00 2   0.0 -40.0    146218650   0   1150      2040900
   132  0 1  95.62 10057.00 2   0.0 -40.3    147188950   0   1450       970300
   133  0 1  94.57 10063.00 2   0.0 -40.9    148168550   0   1050       979600
   134  0 1  94.57 10072.00 2   0.0 -41.3    149168550   0   1250      1000000
   135  0 1  95.62 10073.50 2   0.0 -41.6    150178600   0   1200      1010050
   136  0 1  94.22 10076.50 2   0.0 -42.2    151198400   0   1150      1019800
   137  0 1  94.22 10079.50 2   0.0 -42.5    152188750   0   1450       990350
   138  0 1  95.27 10078.00 2   0.0 -43.1    153218700   0   1050      1029950
   139  0 1  95.27 10076.50 2   0.0 -43.4    154228700   0   1150      1010000
   140  0 1  94.57 10070.50 2   0.0 -44.4    156178800   0   1200      1950100
   141  0 1  95.27 10066.00 2   0.0 -45.0    157178400   0   1050       999600
   142  0 1  94.92 10057.00 2   0.0 -45.6    158188000   0   1300      1009600
   143  0 1  94.92 10051.00 2   0.0 -45.9    159207950   0   1200      1019950
   144  0 1  95.62 10043.50 2   0.0 -46.6    160198050   0   1450       990100
   145  0 1  94.57 10033.00 2   0.0 -46.9    161227850   0   1150      1029800
   146  0 1  94.22 10022.50 2   0.0 -47.5    162237850   0   1250      1010000
   147  0 1  94.57 10013.50 2   0.0 -48.1    163207850   0   1050       970000
   148  0 1  95.62 10001.50 2   0.0 -48.4    164187600   0   1450       979750
   149  0 1  94.57  9982.00 2   0.0 -49.7    166197250   0   1100      2009650
   150  0 1  95.62  9971.50 2   0.0 -50.3    167217350   0   1500      1020100
   151  0 1  94.57  9959.50 2   0.0 -50.6    168207450   0   1250       990100
   152  0 1  95.62  9950.50 2   0.0 -51.3    169237850   0   1350      1030400
   153  0 1  95.27  9943.00 2   0.0 -51.9    170248200   0   1450      1010350
   154  0 1  94.92  9935.50 2   0.0 -52.5    171218500   0   1400       970300
   155  0 1  95.27  9929.50 2   0.0 -53.1    172198600   0   1300       980100
   156  0 1  94.57  9926.50 2   0.0 -53.4    173198900   0   1500      1000300
   157  0 1  94.92  9922.00 2   0.0 -54.1    174208750   0   1450      1009850
   158  0 1  94.22  9919.00 2   0.0 -55.3    176218350   0   1350      2009600
   159  0 1  94.57  9920.50 2   0.0 -55.9    177247900   0   1150      1029550
   160  0 1  94.57  9922.00 2   0.0 -56.6    178257450   0   1050      1009550
   161  0 1  94.22  9926.50 2   0.0 -57.2    179227450   0   1050       970000
   162  0 1  94.92  9928.00 2   0.0 -57.5    180207800   0   1400       980350
   163  0 1  95.62  9937.00 2   0.0 -58.1    181207800   0   1100      1000000
   164  0 1  94.92  9943.00 2   0.0 -58.8    182217800   0   1050      1010000
   165  0 1  95.62  9952.00 2   0.0 -59.4    183237850   0   1150      1020050
   166  0 1  94.57  9961.00 2   0.0 -60.0    184228200   0   1350       990350
   167  0 1  95.62  9980.50 2   0.0 -61.3    186268100   0   1500      2039900
   168  0 1  94.22  9989.50 2   0.0 -61.9    187237700   0   1200       969600
   169  0 1  95.27 10003.00 2   0.0 -62.5    188218050   0   1200       980350
   170  0 1  94.57 10012.00 2   0.0 -63.1    189217950   0   1050       999900
   171  0 1  94.22 10021.00 2   0.0 -63.8    190227900   0   1250      1009950
   172  0 1  94.92 10031.50 2   0.0 -64.4    191247750   0   1450      1019850
   173  0 1  94.92 10042.00 2   0.0 -65.0    192238100   0   1100       990350
   174  0 1  94.22 10051.00 2   0.0 -65.6    193268500   0   1050      1030400
   175  0 1  95.62 10060.00 2   0.0 -66.3    194278900   0   1500      1010400
   176  0 1  94.92 10072.00 2   0.0 -67.5    196228750   0   1100      1949850
   177  0 1  94.57 10073.50 2   0.0 -68.1    197229050   0   1050      1000300
   178  0 1  95.62 10076.50 2   0.0 -68.8    198239200   0   1100      1010150
   179  0 1  94.57 10078.00 2   0.0 -69.4    199259100   0   1350      1019900
