    NO  S V  AOA    FREQ    B  FMOP  AMP      TOA      PMOP  PW         dTOA  
------ -- - ------ -------- - ----- ----- ------------ --- ------ ------------
     0  0 1  94.57  9998.50 2   0.0 -70.0            0   0   1600  42949673000
     1  0 1  94.22 10025.50 2   0.0 -69.4       969900   0   1750       969900
     2  0 1  95.62 10051.00 2   0.0 -68.8      1940050   0   1650       970150
     3  0 1  95.27 10075.00 2   0.0 -68.1      2909900   0   2000       969850
     4  0 1  94.57 10099.00 2   0.0 -67.5      3879750   0   1750       969850
     5  0 1  94.57 10118.50 2   0.0 -66.9      4849650   0   1700       969900
     6  0 1  94.92 10156.00 2   0.0 -65.6      6789550   0   2000      1939900
     7  0 1  94.92 10171.00 2   0.0 -65.0      7799650   0   1600      1010100
     8  0 1  95.62 10184.50 2   0.0 -64.4      8809150   0   1900      1009500
     9  0 1  94.92 10192.00 2   0.0 -63.8      9818900   0   1750      1009750
    10  0 1  95.62 10198.00 2   0.0 -63.1     10828750   0   1550      1009850
    11  0 1  94.57 10199.50 2   0.0 -62.5     11838550   0   1550      1009800
    12  0 1  95.62 10198.00 2   0.0 -61.9     12848600   0   1900      1010050
    13  0 1  94.57 10192.00 2   0.0 -61.3     13859050   0   1650      1010450
    14  0 1  95.27 10183.00 2   0.0 -60.6     14879450   0   1600      1020400
    15  0 1  95.27 10154.50 2   0.0 -59.4     16919300   0   1850      2039850
    16  0 1  94.22 10135.00 2   0.0 -58.8     17939100   0   1900      1019800
    17  0 1  94.22 10114.00 2   0.0 -58.1     18958650   0   1650      1019550
    18  0 1  95.27 10090.00 2   0.0 -57.5     19978200   0   1850      1019550
    19  0 1  95.27 10066.00 2   0.0 -57.2     20998100   0   1750      1019900
    20  0 1  94.57 10039.00 2   0.0 -56.6     21968050   0   1900       969950
    21  0 1  95.27 10013.50 2   0.0 -55.9     22937600   0   1750       969550
    22  0 1  95.62  9988.00 2   0.0 -55.3     23907250   0   1800       969650
    23  0 1  94.22  9964.00 2   0.0 -54.7     24876900   0   2000       969650
    24  0 1  94.57  9913.00 2   0.0 -53.4     26816700   0   1600      1939800
    25  0 1  94.22  9890.50 2   0.0 -53.1     27786400   0   1850       969700
    26  0 1  94.22  9869.50 2   0.0 -52.5     28776150   0   1600       989750
    27  0 1  94.57  9851.50 2   0.0 -51.9     29766200   0   1600       990050
    28  0 1  94.57  9833.50 2   0.0 -51.3     30756650   0   1800       990450
    29  0 1  95.62  9820.00 2   0.0 -50.6     31746900   0   1650       990250
    30  0 1  94.22  9811.00 2   0.0 -50.3     32736700   0   1600       989800
    31  0 1  95.62  9803.50 2   0.0 -49.7     33727050   0   1650       990350
    32  0 1  94.57  9800.50 2   0.0 -49.1     34716700   0   1800       989650
    33  0 1  94.22  9802.00 2   0.0 -48.1     36716750   0   1850      2000050
    34  0 1  94.92  9811.00 2   0.0 -47.5     37717050   0   1700      1000300
    35  0 1  94.92  9821.50 2   0.0 -46.9     38716700   0   1550       999650
    36  0 1  94.92  9832.00 2   0.0 -46.6     39716700   0   1600      1000000
    37  0 1  94.22  9851.50 2   0.0 -45.9     40716850   0   2000      1000150
    38  0 1  94.22  9869.50 2   0.0 -45.6     41716350   0   1550       999500
    39  0 1  94.22  9889.00 2   0.0 -45.0     42726700   0   1600      1010350
    40  0 1  94.92  9916.00 2   0.0 -44.4     43737000   0   1700      1010300
    41  0 1  94.22  9940.00 2   0.0 -44.1     44747200   0   1850      1010200
    42  0 1  94.22  9991.00 2   0.0 -43.1     46768050   0   1900      2020850
    43  0 1  94.92 10019.50 2   0.0 -42.5     47777650   0   1900      1009600
    44  0 1  95.62 10046.50 2   0.0 -42.2     48787800   0   1750      1010150
    45  0 1  94.92 10072.00 2   0.0 -41.6     49757700   0   2000       969900
    46  0 1  94.57 10093.00 2   0.0 -41.3     50727750   0   1800       970050
    47  0 1  94.22 10115.50 2   0.0 -40.9     51697800   0   1650       970050
    48  0 1  95.62 10138.00 2   0.0 -40.3     52667950   0   2000       970150
    49  0 1  95.27 10154.50 2   0.0 -40.0     53638200   0   1700       970250
    50  0 1  94.92 10171.00 2   0.0 -39.7     54608550   0   1800       970350
    51  0 1  95.62 10192.00 2   0.0 -38.8     56548300   0   1800      1939750
    52  0 1  95.62 10198.00 2   0.0 -38.4     57518150   0   1900       969850
    53  0 1  94.92 10198.00 2   0.0 -38.1     58487850   0   1750       969700
    54  0 1  95.62 10198.00 2   0.0 -37.5     59458150   0   1950       970300
    55  0 1  94.57 10193.50 2   0.0 -37.2     60428350   0   1700       970200
    56  0 1  95.62 10187.50 2   0.0 -36.9     61398700   0   1850       970350
    57  0 1  95.62 10177.00 2   0.0 -36.6     62368450   0   1650       969750
    58  0 1  94.22 10160.50 2   0.0 -36.3     63378300   0   1900      1009850
    59  0 1  95.27 10145.50 2   0.0 -35.9     64388600   0   1900      1010300
    60  0 1  95.27 10105.00 2   0.0 -35.3     66408300   0   1750      2019700
    61  0 1  94.22 10081.00 2   0.0 -35.0     67418100   0   1550      1009800
    62  0 1  95.62 10054.00 2   0.0 -34.7     68427950   0   1900      1009850
    63  0 1  95.27 10027.00 2   0.0 -34.4     69438300   0   1750      1010350
    64  0 1  94.22 10001.50 2   0.0 -34.1     70458450   0   1550      1020150
    65  0 1  94.22  9973.00 2   0.0 -33.8     71478850   0   1600      1020400
    66  0 1  95.27  9946.00 2   0.0 -33.4     72498500   0   1550      1019650
    67  0 1  95.27  9919.00 2   0.0 -33.4     73518450   0   1900      1019950
    68  0 1  95.62  9895.00 2   0.0 -33.1     74538600   0   1800      1020150
    69  0 1  94.92  9853.00 2   0.0 -32.5     76578450   0   1950      2039850
    70  0 1  94.92  9838.00 2   0.0 -32.5     77548700   0   1600       970250
    71  0 1  94.22  9823.00 2   0.0 -32.2     78518800   0   1900       970100
    72  0 1  95.62  9812.50 2   0.0 -31.9     79488900   0   1700       970100
    73  0 1  95.27  9805.00 2   0.0 -31.9     80459300   0   1850       970400
    74  0 1  94.92  9802.00 2   0.0 -31.6     81429200   0   1600       969900
    75  0 1  94.22  9799.00 2   0.0 -31.6     82399400   0   1800       970200
    76  0 1  94.57  9800.50 2   0.0 -31.3     83369550   0   2000       970150
    77  0 1  95.27  9805.00 2   0.0 -31.3     84359650   0   1600       990100
    78  0 1  94.57  9829.00 2   0.0 -30.9     86340400   0   1550      1980750
    79  0 1  94.57  9844.00 2   0.0 -30.6     87330450   0   1800       990050
    80  0 1  94.22  9862.00 2   0.0 -30.6     88320900   0   2000       990450
    81  0 1  94.92  9880.00 2   0.0 -30.6     89311300   0   1800       990400
    82  0 1  95.62  9904.00 2   0.0 -30.3     90301300   0   1800       990000
    83  0 1  94.57  9928.00 2   0.0 -30.3     91301700   0   1550      1000400
    84  0 1  95.62  9953.50 2   0.0 -30.3     92301800   0   1700      1000100
    85  0 1  95.27  9979.00 2   0.0 -30.3     93301700   0   1600       999900
    86  0 1  94.57 10007.50 2   0.0 -30.0     94301250   0   2000       999550
    87  0 1  94.57 10058.50 2   0.0 -30.0     96300500   0   1600      1999250
    88  0 1  94.57 10084.00 2   0.0 -30.0     97300050   0   1900       999550
    89  0 1  94.92 10108.00 2   0.0 -30.0     98309950   0   1850      1009900
    90  0 1  94.92 10129.00 2   0.0 -30.0     99319800   0   1800      1009850
    91  0 1  94.22 10150.00 2   0.0 -30.0    100329500   0   1900      1009700
    92  0 1  94.57 10166.50 2   0.0 -30.0    101339950   0   2000      1010450
    93  0 1  94.57 10180.00 2   0.0 -30.0    102349850   0   1550      1009900
    94  0 1  95.62 10187.50 2   0.0 -30.0    103359700   0   1650      1009850
    95  0 1  94.92 10195.00 2   0.0 -30.0    104369700   0   1950      1010000
    96  0 1  94.57 10199.50 2   0.0 -30.3    106309700   0   1550      1940000
    97  0 1  94.57 10195.00 2   0.0 -30.3    107279400   0   1750       969700
    98  0 1  95.27 10187.50 2   0.0 -30.3    108249750   0   1550       970350
    99  0 1  94.22 10178.50 2   0.0 -30.6    109219850   0   1600       970100
   100  0 1  95.27 10165.00 2   0.0 -30.6    110189450   0   2000       969600
   101  0 1  94.92 10148.50 2   0.0 -30.6    111159550   0   2000       970100
   102  0 1  95.62 10129.00 2   0.0 -30.9    112129450   0   1550       969900
   103  0 1  95.27 10111.00 2   0.0 -30.9    113099800   0   1550       970350
   104  0 1  95.27 10087.00 2   0.0 -31.3    114070000   0   1600       970200
   105  0 1  95.62 10039.00 2   0.0 -31.6    116009400   0   1750      1939400
   106  0 1  95.62 10012.00 2   0.0 -31.6    116979800   0   1900       970400
   107  0 1  95.27  9986.50 2   0.0 -31.9    117949600   0   1550       969800
   108  0 1  95.62  9961.00 2   0.0 -31.9    118959400   0   1700      1009800
   109  0 1  94.22  9934.00 2   0.0 -32.2    119969500   0   1650      1010100
   110  0 1  94.22  9908.50 2   0.0 -32.5    120979900   0   2000      1010400
   111  0 1  94.22  9886.00 2   0.0 -32.5    121989850   0   1600      1009950
   112  0 1  95.27  9863.50 2   0.0 -32.8    122999800   0   1600      1009950
   113  0 1  95.62  9847.00 2   0.0 -33.1    124009800   0   1950      1010000
   114  0 1  94.92  9817.00 2   0.0 -33.4    126040250   0   1900      2030450
   115  0 1  95.27  9806.50 2   0.0 -33.8    127059900   0   1550      1019650
   116  0 1  94.57  9802.00 2   0.0 -34.1    128080200   0   1950      1020300
   117  0 1  94.92  9800.50 2   0.0 -34.4    129100100   0   1900      1019900
   118  0 1  95.62  9802.00 2   0.0 -34.7    130120550   0   1900      1020450
   119  0 1  95.62  9805.00 2   0.0 -35.0    131140100   0   1800      1019550
   120  0 1  94.22  9814.00 2   0.0 -35.3    132160100   0   2000      1020000
   121  0 1  94.22  9826.00 2   0.0 -35.6    133129900   0   1950       969800
   122  0 1  94.22  9841.00 2   0.0 -35.9    134099800   0   1800       969900
   123  0 1  94.22  9875.50 2   0.0 -36.6    136039050   0   1650      1939250
   124  0 1  95.27  9896.50 2   0.0 -36.9    137009350   0   1550       970300
   125  0 1  94.92  9922.00 2   0.0 -37.2    137979600   0   1750       970250
   126  0 1  95.27  9943.00 2   0.0 -37.5    138949350   0   1600       969750
   127  0 1  95.27  9970.00 2   0.0 -38.1    139939800   0   1950       990450
   128  0 1  95.27  9997.00 2   0.0 -38.4    140929600   0   1750       989800
   129  0 1  95.27 10024.00 2   0.0 -38.8    141919350   0   2000       989750
   130  0 1  95.27 10049.50 2   0.0 -39.1    142908900   0   1650       989550
   131  0 1  95.27 10075.00 2   0.0 -39.7    143898550   0   1700       989650
   132  0 1  94.57 10121.50 2   0.0 -40.3    145878250   0   1950      1979700
   133  0 1  94.92 10141.00 2   0.0 -40.9    146878600   0   2000      1000350
   134  0 1  95.27 10157.50 2   0.0 -41.3    147878100   0   1550       999500
   135  0 1  95.27 10171.00 2   0.0 -41.6    148877600   0   1600       999500
   136  0 1  94.22 10184.50 2   0.0 -42.2    149877750   0   1950      1000150
   137  0 1  94.22 10193.50 2   0.0 -42.5    150878150   0   1950      1000400
   138  0 1  95.62 10196.50 2   0.0 -43.1    151877950   0   1950       999800
   139  0 1  94.22 10199.50 2   0.0 -43.4    152877750   0   1600       999800
   140  0 1  94.92 10198.00 2   0.0 -44.1    153887500   0   1950      1009750
   141  0 1  95.27 10180.00 2   0.0 -45.0    155907250   0   1550      2019750
   142  0 1  95.62 10168.00 2   0.0 -45.6    156917550   0   1900      1010300
   143  0 1  94.57 10151.50 2   0.0 -45.9    157927050   0   1750      1009500
   144  0 1  94.57 10135.00 2   0.0 -46.6    158937250   0   1950      1010200
   145  0 1  94.57 10114.00 2   0.0 -46.9    159947050   0   1950      1009800
   146  0 1  95.62 10090.00 2   0.0 -47.5    160916950   0   1800       969900
   147  0 1  94.92 10066.00 2   0.0 -48.1    161886750   0   1750       969800
   148  0 1  94.22 10043.50 2   0.0 -48.4    162857050   0   2000       970300
   149  0 1  95.27 10015.00 2   0.0 -49.1    163826600   0   1900       969550
   150  0 1  94.22  9965.50 2   0.0 -50.3    165766100   0   1550      1939500
   151  0 1  94.57  9940.00 2   0.0 -50.6    166736550   0   1800       970450
   152  0 1  94.22  9916.00 2   0.0 -51.3    167706150   0   1800       969600
   153  0 1  95.27  9895.00 2   0.0 -51.9    168675850   0   1950       969700
   154  0 1  95.62  9874.00 2   0.0 -52.5    169645650   0   1600       969800
   155  0 1  95.62  9853.00 2   0.0 -53.1    170615500   0   1800       969850
   156  0 1  94.92  9838.00 2   0.0 -53.4    171585850   0   1750       970350
   157  0 1  94.57  9823.00 2   0.0 -54.1    172556200   0   1800       970350
   158  0 1  94.92  9812.50 2   0.0 -54.7    173526150   0   1700       969950
   159  0 1  94.92  9800.50 2   0.0 -55.9    175546850   0   1850      2020700
   160  0 1  95.27  9799.00 2   0.0 -56.6    176557000   0   1550      1010150
   161  0 1  95.27  9802.00 2   0.0 -57.2    177566550   0   1850      1009550
   162  0 1  95.62  9808.00 2   0.0 -57.5    178577000   0   2000      1010450
   163  0 1  94.57  9820.00 2   0.0 -58.1    179587000   0   1700      1010000
   164  0 1  94.57  9830.50 2   0.0 -58.8    180597200   0   1850      1010200
   165  0 1  95.27  9848.50 2   0.0 -59.4    181617100   0   1850      1019900
   166  0 1  94.92  9868.00 2   0.0 -60.0    182636750   0   1600      1019650
   167  0 1  94.22  9889.00 2   0.0 -60.6    183656700   0   1600      1019950
   168  0 1  94.57  9937.00 2   0.0 -61.9    185696400   0   1850      2039700
   169  0 1  94.57  9964.00 2   0.0 -62.5    186716150   0   1700      1019750
   170  0 1  94.57  9991.00 2   0.0 -63.1    187736400   0   1600      1020250
   171  0 1  94.22 10016.50 2   0.0 -63.8    188706550   0   1550       970150
   172  0 1  94.22 10043.50 2   0.0 -64.4    189676550   0   1750       970000
   173  0 1  95.62 10069.00 2   0.0 -65.0    190646600   0   1650       970050
   174  0 1  94.57 10091.50 2   0.0 -65.6    191616700   0   1550       970100
   175  0 1  95.62 10114.00 2   0.0 -66.3    192587050   0   1600       970350
   176  0 1  94.92 10135.00 2   0.0 -66.9    193556850   0   1700       969800
   177  0 1  95.27 10168.00 2   0.0 -68.1    195516550   0   1600      1959700
   178  0 1  94.57 10180.00 2   0.0 -68.8    196506750   0   1950       990200
   179  0 1  95.27 10189.00 2   0.0 -69.4    197496400   0   1550       989650
