    NO  S V  AOA    FREQ    B  FMOP  AMP      TOA      PMOP  PW         dTOA  
------ -- - ------ -------- - ----- ----- ------------ --- ------ ------------
     0  0 1  94.57 10000.00 2   0.0 -70.0            0   0   1550  42949673000
     1  0 1  95.27 10025.50 2   0.0 -69.4      1020400   0   1550      1020400
     2  0 1  94.92 10051.00 2   0.0 -68.8      2040700   0   1950      1020300
     3  0 1  94.57 10103.50 2   0.0 -67.5      4080850   0   1800      2040150
     4  0 1  94.22 10126.00 2   0.0 -66.9      5100950   0   1800      1020100
     5  0 1  95.27 10144.00 2   0.0 -66.3      6120850   0   1900      1019900
     6  0 1  94.22 10162.00 2   0.0 -65.6      7141300   0   1650      1020450
     7  0 1  94.22 10175.50 2   0.0 -65.0      8111200   0   1950       969900
     8  0 1  94.22 10187.50 2   0.0 -64.4      9081350   0   1750       970150
     9  0 1  95.27 10192.00 2   0.0 -63.8     10051200   0   1950       969850
    10  0 1  95.62 10199.50 2   0.0 -63.1     11021250   0   1850       970050
    11  0 1  94.57 10198.00 2   0.0 -62.5     11991150   0   1650       969900
    12  0 1  95.62 10190.50 2   0.0 -61.3     13931150   0   1550      1940000
    13  0 1  94.92 10180.00 2   0.0 -60.6     14921200   0   2000       990050
    14  0 1  94.22 10168.00 2   0.0 -60.0     15910900   0   1700       989700
    15  0 1  94.22 10153.00 2   0.0 -59.4     16900950   0   1950       990050
    16  0 1  94.92 10135.00 2   0.0 -58.8     17890550   0   1650       989600
    17  0 1  95.27 10114.00 2   0.0 -58.1     18880650   0   1700       990100
    18  0 1  94.92 10093.00 2   0.0 -57.5     19870450   0   1950       989800
    19  0 1  95.62 10069.00 2   0.0 -57.2     20860050   0   1600       989600
    20  0 1  94.22 10042.00 2   0.0 -56.6     21860150   0   1600      1000100
    21  0 1  94.22  9988.00 2   0.0 -55.3     23860200   0   1600      2000050
    22  0 1  94.22  9962.50 2   0.0 -54.7     24860500   0   1600      1000300
    23  0 1  95.27  9937.00 2   0.0 -54.1     25860200   0   1750       999700
    24  0 1  95.27  9913.00 2   0.0 -53.4     26860350   0   1900      1000150
    25  0 1  95.62  9889.00 2   0.0 -53.1     27860150   0   1550       999800
    26  0 1  95.27  9866.50 2   0.0 -52.5     28869900   0   1800      1009750
    27  0 1  94.92  9847.00 2   0.0 -51.9     29879650   0   2000      1009750
    28  0 1  94.92  9833.50 2   0.0 -51.3     30889750   0   1600      1010100
    29  0 1  94.57  9820.00 2   0.0 -50.6     31899950   0   1800      1010200
    30  0 1  94.22  9803.50 2   0.0 -49.7     33920250   0   1700      2020300
    31  0 1  94.57  9799.00 2   0.0 -49.1     34930350   0   2000      1010100
    32  0 1  94.92  9799.00 2   0.0 -48.4     35900000   0   1850       969650
    33  0 1  94.92  9803.50 2   0.0 -48.1     36870250   0   1550       970250
    34  0 1  94.22  9809.50 2   0.0 -47.5     37840450   0   1700       970200
    35  0 1  95.62  9820.00 2   0.0 -46.9     38810250   0   1550       969800
    36  0 1  94.22  9833.50 2   0.0 -46.6     39780300   0   1600       970050
    37  0 1  94.22  9850.00 2   0.0 -45.9     40750050   0   1850       969750
    38  0 1  94.22  9868.00 2   0.0 -45.6     41719600   0   2000       969550
    39  0 1  94.22  9913.00 2   0.0 -44.4     43660100   0   1550      1940500
    40  0 1  94.92  9935.50 2   0.0 -44.1     44629800   0   1850       969700
    41  0 1  94.57  9962.50 2   0.0 -43.4     45600050   0   1800       970250
    42  0 1  95.27  9988.00 2   0.0 -43.1     46570150   0   1550       970100
    43  0 1  94.92 10012.00 2   0.0 -42.5     47540600   0   1600       970450
    44  0 1  94.92 10039.00 2   0.0 -42.2     48510650   0   1800       970050
    45  0 1  94.92 10066.00 2   0.0 -41.6     49520700   0   1650      1010050
    46  0 1  94.57 10088.50 2   0.0 -41.3     50530550   0   2000      1009850
    47  0 1  94.22 10112.50 2   0.0 -40.9     51540850   0   1700      1010300
    48  0 1  94.92 10153.00 2   0.0 -40.0     53561200   0   1650      2020350
    49  0 1  95.62 10168.00 2   0.0 -39.7     54571300   0   2000      1010100
    50  0 1  95.27 10183.00 2   0.0 -39.1     55581200   0   2000      1009900
    51  0 1  94.57 10189.00 2   0.0 -38.8     56600800   0   1850      1019600
    52  0 1  94.57 10198.00 2   0.0 -38.4     57620350   0   1700      1019550
    53  0 1  95.27 10199.50 2   0.0 -38.1     58640050   0   1700      1019700
    54  0 1  95.27 10196.50 2   0.0 -37.5     59659900   0   1950      1019850
    55  0 1  94.22 10192.00 2   0.0 -37.2     60679650   0   1550      1019750
    56  0 1  94.92 10184.50 2   0.0 -36.9     61699800   0   1850      1020150
    57  0 1  94.57 10156.00 2   0.0 -36.3     63689350   0   1600      1989550
    58  0 1  94.92 10139.50 2   0.0 -35.9     64659300   0   1800       969950
    59  0 1  94.57 10120.00 2   0.0 -35.6     65629500   0   1800       970200
    60  0 1  94.92 10099.00 2   0.0 -35.3     66599700   0   2000       970200
    61  0 1  95.27 10076.50 2   0.0 -35.0     67570000   0   1900       970300
    62  0 1  94.22 10049.50 2   0.0 -34.7     68540250   0   1700       970250
    63  0 1  94.57 10027.00 2   0.0 -34.4     69510050   0   1600       969800
    64  0 1  94.57  9998.50 2   0.0 -34.1     70499600   0   1800       989550
    65  0 1  94.57  9971.50 2   0.0 -33.8     71489250   0   1650       989650
    66  0 1  94.92  9922.00 2   0.0 -33.4     73469400   0   1550      1980150
    67  0 1  94.57  9899.50 2   0.0 -33.1     74459500   0   1700       990100
    68  0 1  94.92  9877.00 2   0.0 -32.8     75449900   0   1900       990400
    69  0 1  94.22  9857.50 2   0.0 -32.5     76439750   0   2000       989850
    70  0 1  95.27  9838.00 2   0.0 -32.5     77440150   0   1650      1000400
    71  0 1  95.62  9823.00 2   0.0 -32.2     78440600   0   1950      1000450
    72  0 1  95.62  9812.50 2   0.0 -31.9     79441000   0   1900      1000400
    73  0 1  95.62  9805.00 2   0.0 -31.9     80440650   0   1750       999650
    74  0 1  95.62  9799.00 2   0.0 -31.6     81440600   0   1700       999950
    75  0 1  94.57  9802.00 2   0.0 -31.3     83440700   0   1600      2000100
    76  0 1  95.27  9808.00 2   0.0 -31.3     84450450   0   1750      1009750
    77  0 1  94.57  9818.50 2   0.0 -30.9     85460850   0   2000      1010400
    78  0 1  94.57  9829.00 2   0.0 -30.9     86470850   0   1750      1010000
    79  0 1  95.27  9845.50 2   0.0 -30.6     87480650   0   1750      1009800
    80  0 1  94.92  9865.00 2   0.0 -30.6     88490650   0   1600      1010000
    81  0 1  95.62  9884.50 2   0.0 -30.6     89500250   0   1900      1009600
    82  0 1  94.57  9910.00 2   0.0 -30.3     90510700   0   1650      1010450
    83  0 1  94.57  9931.00 2   0.0 -30.3     91480650   0   1750       969950
    84  0 1  95.62  9983.50 2   0.0 -30.3     93420700   0   1600      1940050
    85  0 1  94.57 10010.50 2   0.0 -30.0     94390650   0   1550       969950
    86  0 1  94.57 10036.00 2   0.0 -30.0     95360750   0   1800       970100
    87  0 1  95.62 10061.50 2   0.0 -30.0     96330850   0   1850       970100
    88  0 1  95.27 10085.50 2   0.0 -30.0     97301100   0   1600       970250
    89  0 1  94.92 10106.50 2   0.0 -30.0     98270800   0   1600       969700
    90  0 1  94.22 10129.00 2   0.0 -30.0     99240550   0   1850       969750
    91  0 1  94.92 10147.00 2   0.0 -30.0    100210800   0   1650       970250
    92  0 1  94.22 10163.50 2   0.0 -30.0    101181000   0   1650       970200
    93  0 1  94.92 10187.50 2   0.0 -30.0    103120100   0   1800      1939100
    94  0 1  95.27 10193.50 2   0.0 -30.0    104089650   0   2000       969550
    95  0 1  94.92 10199.50 2   0.0 -30.3    105099950   0   2000      1010300
    96  0 1  95.27 10199.50 2   0.0 -30.3    106110350   0   1700      1010400
    97  0 1  94.92 10195.00 2   0.0 -30.3    107120000   0   1850      1009650
    98  0 1  94.92 10187.50 2   0.0 -30.3    108130000   0   1650      1010000
    99  0 1  95.62 10178.50 2   0.0 -30.6    109139550   0   1650      1009550
   100  0 1  95.27 10165.00 2   0.0 -30.6    110149800   0   1600      1010250
   101  0 1  94.22 10150.00 2   0.0 -30.6    111159600   0   1750      1009800
   102  0 1  94.92 10108.00 2   0.0 -30.9    113199450   0   1600      2039850
   103  0 1  95.62 10084.00 2   0.0 -31.3    114219600   0   1750      1020150
   104  0 1  94.22 10058.50 2   0.0 -31.3    115240050   0   1700      1020450
   105  0 1  95.27 10031.50 2   0.0 -31.6    116260350   0   1550      1020300
   106  0 1  95.27 10003.00 2   0.0 -31.6    117280700   0   1900      1020350
   107  0 1  94.22  9979.00 2   0.0 -31.9    118300850   0   1950      1020150
   108  0 1  94.57  9953.50 2   0.0 -31.9    119271050   0   1600       970200
   109  0 1  94.92  9926.50 2   0.0 -32.2    120240900   0   1550       969850
   110  0 1  95.27  9904.00 2   0.0 -32.5    121210650   0   1600       969750
   111  0 1  94.92  9862.00 2   0.0 -32.8    123151050   0   1850      1940400
   112  0 1  94.22  9844.00 2   0.0 -33.1    124120800   0   2000       969750
   113  0 1  94.92  9829.00 2   0.0 -33.4    125091100   0   1900       970300
   114  0 1  94.57  9817.00 2   0.0 -33.4    126080800   0   1600       989700
   115  0 1  95.27  9808.00 2   0.0 -33.8    127071250   0   1600       990450
   116  0 1  95.27  9802.00 2   0.0 -34.1    128060950   0   1950       989700
   117  0 1  95.62  9800.50 2   0.0 -34.4    129051100   0   1800       990150
   118  0 1  95.62  9802.00 2   0.0 -34.7    130041400   0   1700       990300
   119  0 1  94.57  9805.00 2   0.0 -35.0    131031300   0   1750       989900
   120  0 1  94.92  9823.00 2   0.0 -35.6    133020700   0   1600      1989400
   121  0 1  95.27  9838.00 2   0.0 -35.9    134020350   0   1850       999650
   122  0 1  94.22  9856.00 2   0.0 -36.3    135020550   0   1900      1000200
   123  0 1  94.22  9874.00 2   0.0 -36.6    136020250   0   1550       999700
   124  0 1  95.62  9896.50 2   0.0 -36.9    137020600   0   1600      1000350
   125  0 1  94.92  9920.50 2   0.0 -37.2    138020750   0   1750      1000150
   126  0 1  94.57  9947.50 2   0.0 -37.5    139020300   0   1700       999550
   127  0 1  95.27  9973.00 2   0.0 -38.1    140030750   0   1750      1010450
   128  0 1  95.27 10000.00 2   0.0 -38.4    141040350   0   1700      1009600
   129  0 1  94.22 10054.00 2   0.0 -39.1    143061250   0   2000      2020900
   130  0 1  94.22 10079.50 2   0.0 -39.7    144071300   0   1700      1010050
   131  0 1  94.57 10102.00 2   0.0 -40.0    145081600   0   1950      1010300
   132  0 1  95.27 10126.00 2   0.0 -40.3    146091450   0   1950      1009850
   133  0 1  95.27 10144.00 2   0.0 -40.9    147061750   0   1800       970300
   134  0 1  94.22 10160.50 2   0.0 -41.3    148032050   0   1850       970300
   135  0 1  95.27 10174.00 2   0.0 -41.6    149001800   0   1600       969750
   136  0 1  95.27 10186.00 2   0.0 -42.2    149971750   0   1800       969950
   137  0 1  94.22 10192.00 2   0.0 -42.5    150941550   0   1850       969800
   138  0 1  94.22 10198.00 2   0.0 -43.4    152881600   0   1650      1940050
   139  0 1  94.92 10198.00 2   0.0 -44.1    153852000   0   1700       970400
   140  0 1  95.62 10190.50 2   0.0 -44.4    154822100   0   1650       970100
   141  0 1  94.22 10183.00 2   0.0 -45.0    155792250   0   1950       970150
   142  0 1  94.92 10171.00 2   0.0 -45.6    156762100   0   1600       969850
   143  0 1  95.62 10157.50 2   0.0 -45.9    157732150   0   1600       970050
   144  0 1  94.22 10139.50 2   0.0 -46.6    158702400   0   1850       970250
   145  0 1  95.27 10120.00 2   0.0 -46.9    159672350   0   1600       969950
   146  0 1  95.62 10096.00 2   0.0 -47.5    160682200   0   1750      1009850
   147  0 1  94.92 10046.50 2   0.0 -48.4    162701800   0   2000      2019600
   148  0 1  94.22 10021.00 2   0.0 -49.1    163711850   0   1550      1010050
   149  0 1  94.57  9994.00 2   0.0 -49.7    164721400   0   1750      1009550
   150  0 1  95.62  9967.00 2   0.0 -50.3    165730950   0   1750      1009550
   151  0 1  95.27  9940.00 2   0.0 -50.6    166740900   0   1550      1009950
   152  0 1  94.22  9914.50 2   0.0 -51.3    167760400   0   1600      1019500
   153  0 1  95.62  9892.00 2   0.0 -51.9    168780600   0   1950      1020200
   154  0 1  95.62  9869.50 2   0.0 -52.5    169800350   0   1650      1019750
   155  0 1  94.22  9848.50 2   0.0 -53.1    170820200   0   1800      1019850
   156  0 1  95.27  9818.50 2   0.0 -54.1    172860600   0   1950      2040400
   157  0 1  94.57  9808.00 2   0.0 -54.7    173880750   0   1950      1020150
   158  0 1  95.62  9803.50 2   0.0 -55.3    174851150   0   1950       970400
   159  0 1  94.92  9800.50 2   0.0 -55.9    175820950   0   1950       969800
   160  0 1  94.92  9799.00 2   0.0 -56.6    176790900   0   1600       969950
   161  0 1  94.22  9802.00 2   0.0 -57.2    177760500   0   1700       969600
   162  0 1  94.57  9808.00 2   0.0 -57.5    178730500   0   1700       970000
   163  0 1  94.22  9820.00 2   0.0 -58.1    179700100   0   1950       969600
   164  0 1  94.92  9832.00 2   0.0 -58.8    180670450   0   1900       970350
   165  0 1  95.62  9868.00 2   0.0 -60.0    182650750   0   1700      1980300
   166  0 1  95.62  9889.00 2   0.0 -60.6    183641000   0   1900       990250
   167  0 1  94.92  9910.00 2   0.0 -61.3    184630700   0   1650       989700
   168  0 1  94.57  9935.50 2   0.0 -61.9    185620200   0   1550       989500
   169  0 1  94.57  9964.00 2   0.0 -62.5    186609800   0   1650       989600
   170  0 1  94.22  9988.00 2   0.0 -63.1    187600150   0   1800       990350
   171  0 1  95.27 10015.00 2   0.0 -63.8    188600600   0   1900      1000450
   172  0 1  94.22 10042.00 2   0.0 -64.4    189600850   0   1700      1000250
   173  0 1  94.22 10069.00 2   0.0 -65.0    190600550   0   2000       999700
   174  0 1  94.92 10115.50 2   0.0 -66.3    192600250   0   1600      1999700
   175  0 1  95.27 10135.00 2   0.0 -66.9    193599900   0   1950       999650
   176  0 1  94.92 10153.00 2   0.0 -67.5    194600150   0   1600      1000250
   177  0 1  95.62 10168.00 2   0.0 -68.1    195610000   0   1650      1009850
   178  0 1  94.92 10180.00 2   0.0 -68.8    196619750   0   1850      1009750
   179  0 1  95.62 10192.00 2   0.0 -69.4    197629900   0   1850      1010150
