    NO  S V  AOA    FREQ    B  FMOP  AMP      TOA      PMOP  PW         dTOA  
------ -- - ------ -------- - ----- ----- ------------ --- ------ ------------
     0  0 1  94.22  9998.50 2   0.0 -70.0            0   0   2000  42949673000
     1  0 1  95.27 10024.00 2   0.0 -69.4       970350   0   1900       970350
     2  0 1  94.22 10051.00 2   0.0 -68.8      1940250   0   1550       969900
     3  0 1  94.57 10075.00 2   0.0 -68.1      2910600   0   1550       970350
     4  0 1  95.62 10099.00 2   0.0 -67.5      3880100   0   1750       969500
     5  0 1  94.22 10120.00 2   0.0 -66.9      4849800   0   1650       969700
     6  0 1  95.62 10141.00 2   0.0 -66.3      5819300   0   1950       969500
     7  0 1  95.62 10171.00 2   0.0 -65.0      7799450   0   1800      1980150
     8  0 1  94.22 10184.50 2   0.0 -64.4      8809050   0   1800      1009600
     9  0 1  94.22 10193.50 2   0.0 -63.8      9818950   0   1900      1009900
    10  0 1  94.57 10198.00 2   0.0 -63.1     10828500   0   1600      1009550
    11  0 1  94.22 10198.00 2   0.0 -62.5     11838850   0   1900      1010350
    12  0 1  95.62 10196.50 2   0.0 -61.9     12848900   0   1950      1010050
    13  0 1  94.92 10192.00 2   0.0 -61.3     13858500   0   2000      1009600
    14  0 1  95.62 10181.50 2   0.0 -60.6     14878650   0   1550      1020150
    15  0 1  94.22 10171.00 2   0.0 -60.0     15898350   0   1550      1019700
    16  0 1  94.22 10135.00 2   0.0 -58.8     17938450   0   2000      2040100
    17  0 1  94.57 10112.50 2   0.0 -58.1     18958100   0   1600      1019650
    18  0 1  95.27 10090.00 2   0.0 -57.5     19978300   0   1900      1020200
    19  0 1  94.22 10063.00 2   0.0 -57.2     20997900   0   1800      1019600
    20  0 1  94.57 10039.00 2   0.0 -56.6     21967850   0   1800       969950
    21  0 1  95.62 10013.50 2   0.0 -55.9     22937400   0   1600       969550
    22  0 1  94.92  9989.50 2   0.0 -55.3     23907850   0   1650       970450
    23  0 1  95.27  9962.50 2   0.0 -54.7     24878250   0   1850       970400
    24  0 1  94.57  9937.00 2   0.0 -54.1     25848000   0   1850       969750
    25  0 1  94.57  9889.00 2   0.0 -53.1     27788600   0   1650      1940600
    26  0 1  94.57  9868.00 2   0.0 -52.5     28778150   0   1650       989550
    27  0 1  94.57  9850.00 2   0.0 -51.9     29767950   0   1800       989800
    28  0 1  94.57  9835.00 2   0.0 -51.3     30757850   0   2000       989900
    29  0 1  94.92  9821.50 2   0.0 -50.6     31748200   0   1600       990350
    30  0 1  94.92  9811.00 2   0.0 -50.3     32737900   0   1800       989700
    31  0 1  94.57  9802.00 2   0.0 -49.7     33728050   0   1950       990150
    32  0 1  95.62  9799.00 2   0.0 -49.1     34717600   0   2000       989550
    33  0 1  94.92  9799.00 2   0.0 -48.4     35717700   0   1550      1000100
    34  0 1  94.57  9809.50 2   0.0 -47.5     37717100   0   1750      1999400
    35  0 1  95.62  9820.00 2   0.0 -46.9     38716850   0   1950       999750
    36  0 1  94.57  9832.00 2   0.0 -46.6     39716900   0   2000      1000050
    37  0 1  94.92  9851.50 2   0.0 -45.9     40716950   0   1800      1000050
    38  0 1  95.62  9868.00 2   0.0 -45.6     41717200   0   1650      1000250
    39  0 1  94.92  9889.00 2   0.0 -45.0     42727200   0   1950      1010000
    40  0 1  94.57  9916.00 2   0.0 -44.4     43737000   0   1700      1009800
    41  0 1  95.62  9940.00 2   0.0 -44.1     44746900   0   1750      1009900
    42  0 1  94.22  9965.50 2   0.0 -43.4     45757150   0   1900      1010250
    43  0 1  94.22 10021.00 2   0.0 -42.5     47776950   0   1550      2019800
    44  0 1  94.57 10045.00 2   0.0 -42.2     48786950   0   1700      1010000
    45  0 1  94.57 10070.50 2   0.0 -41.6     49756750   0   1750       969800
    46  0 1  94.92 10094.50 2   0.0 -41.3     50726950   0   1650       970200
    47  0 1  95.27 10115.50 2   0.0 -40.9     51696850   0   1600       969900
    48  0 1  94.22 10136.50 2   0.0 -40.3     52666950   0   1950       970100
    49  0 1  94.57 10154.50 2   0.0 -40.0     53636450   0   1900       969500
    50  0 1  94.92 10168.00 2   0.0 -39.7     54606800   0   1850       970350
    51  0 1  94.92 10183.00 2   0.0 -39.1     55576900   0   1600       970100
    52  0 1  94.22 10198.00 2   0.0 -38.4     57516850   0   2000      1939950
    53  0 1  94.22 10198.00 2   0.0 -38.1     58486700   0   1650       969850
    54  0 1  94.57 10199.50 2   0.0 -37.5     59456450   0   1600       969750
    55  0 1  95.27 10195.00 2   0.0 -37.2     60426400   0   1700       969950
    56  0 1  94.57 10186.00 2   0.0 -36.9     61396000   0   1600       969600
    57  0 1  94.57 10175.50 2   0.0 -36.6     62365950   0   1700       969950
    58  0 1  94.92 10162.00 2   0.0 -36.3     63375450   0   1650      1009500
    59  0 1  95.62 10145.50 2   0.0 -35.9     64385150   0   2000      1009700
    60  0 1  94.92 10126.00 2   0.0 -35.6     65395450   0   1800      1010300
    61  0 1  94.22 10081.00 2   0.0 -35.0     67416050   0   1700      2020600
    62  0 1  95.27 10054.00 2   0.0 -34.7     68425600   0   1900      1009550
    63  0 1  95.27 10028.50 2   0.0 -34.4     69435350   0   1600      1009750
    64  0 1  95.62 10000.00 2   0.0 -34.1     70455600   0   1950      1020250
    65  0 1  95.62  9973.00 2   0.0 -33.8     71475250   0   1700      1019650
    66  0 1  95.27  9947.50 2   0.0 -33.4     72495350   0   1900      1020100
    67  0 1  94.57  9920.50 2   0.0 -33.4     73515200   0   1650      1019850
    68  0 1  94.22  9896.50 2   0.0 -33.1     74535150   0   1800      1019950
    69  0 1  94.22  9872.50 2   0.0 -32.8     75555100   0   1950      1019950
    70  0 1  94.22  9838.00 2   0.0 -32.5     77545500   0   1750      1990400
    71  0 1  94.57  9823.00 2   0.0 -32.2     78515350   0   2000       969850
    72  0 1  94.92  9812.50 2   0.0 -31.9     79485100   0   1800       969750
    73  0 1  94.57  9803.50 2   0.0 -31.9     80455200   0   1550       970100
    74  0 1  95.62  9800.50 2   0.0 -31.6     81425050   0   1550       969850
    75  0 1  94.92  9800.50 2   0.0 -31.6     82394850   0   1950       969800
    76  0 1  95.62  9802.00 2   0.0 -31.3     83364950   0   1850       970100
    77  0 1  95.27  9805.00 2   0.0 -31.3     84354650   0   1850       989700
    78  0 1  94.92  9815.50 2   0.0 -30.9     85344750   0   1600       990100
    79  0 1  94.92  9842.50 2   0.0 -30.6     87325150   0   1850      1980400
    80  0 1  94.22  9860.50 2   0.0 -30.6     88315100   0   1950       989950
    81  0 1  95.27  9883.00 2   0.0 -30.6     89304650   0   1700       989550
    82  0 1  94.92  9904.00 2   0.0 -30.3     90295000   0   1550       990350
    83  0 1  94.92  9929.50 2   0.0 -30.3     91295000   0   1700      1000000
    84  0 1  94.92  9952.00 2   0.0 -30.3     92294950   0   1750       999950
    85  0 1  94.57  9979.00 2   0.0 -30.3     93295000   0   1950      1000050
    86  0 1  94.22 10007.50 2   0.0 -30.0     94294850   0   1600       999850
    87  0 1  94.57 10034.50 2   0.0 -30.0     95294900   0   2000      1000050
    88  0 1  94.22 10084.00 2   0.0 -30.0     97295400   0   1650      2000500
    89  0 1  94.57 10106.50 2   0.0 -30.0     98305000   0   1850      1009600
    90  0 1  94.57 10130.50 2   0.0 -30.0     99314650   0   1950      1009650
    91  0 1  94.92 10148.50 2   0.0 -30.0    100325100   0   1600      1010450
    92  0 1  95.62 10165.00 2   0.0 -30.0    101335200   0   1750      1010100
    93  0 1  94.22 10180.00 2   0.0 -30.0    102345000   0   1900      1009800
    94  0 1  94.22 10189.00 2   0.0 -30.0    103354850   0   1950      1009850
    95  0 1  94.57 10195.00 2   0.0 -30.0    104364500   0   1650      1009650
    96  0 1  95.27 10199.50 2   0.0 -30.3    105334400   0   1900       969900
    97  0 1  95.62 10195.00 2   0.0 -30.3    107273850   0   1650      1939450
    98  0 1  94.22 10187.50 2   0.0 -30.3    108243800   0   1600       969950
    99  0 1  94.57 10177.00 2   0.0 -30.6    109214200   0   1550       970400
   100  0 1  95.62 10163.50 2   0.0 -30.6    110183900   0   1750       969700
   101  0 1  95.27 10150.00 2   0.0 -30.6    111154150   0   1550       970250
   102  0 1  94.92 10130.50 2   0.0 -30.9    112123650   0   1700       969500
   103  0 1  94.57 10111.00 2   0.0 -30.9    113093650   0   1950       970000
   104  0 1  95.62 10088.50 2   0.0 -31.3    114063900   0   1650       970250
   105  0 1  95.27 10063.00 2   0.0 -31.3    115034200   0   1550       970300
   106  0 1  95.27 10013.50 2   0.0 -31.6    116974850   0   1650      1940650
   107  0 1  94.57  9986.50 2   0.0 -31.9    117944750   0   1950       969900
   108  0 1  95.62  9959.50 2   0.0 -31.9    118954700   0   1700      1009950
   109  0 1  95.27  9934.00 2   0.0 -32.2    119964300   0   1700      1009600
   110  0 1  95.27  9908.50 2   0.0 -32.5    120973800   0   1650      1009500
   111  0 1  94.92  9886.00 2   0.0 -32.5    121984250   0   2000      1010450
   112  0 1  95.27  9865.00 2   0.0 -32.8    122993750   0   1650      1009500
   113  0 1  95.62  9847.00 2   0.0 -33.1    124003800   0   1850      1010050
   114  0 1  94.92  9829.00 2   0.0 -33.4    125013550   0   1750      1009750
   115  0 1  94.22  9806.50 2   0.0 -33.8    127054050   0   1950      2040500
   116  0 1  95.62  9800.50 2   0.0 -34.1    128073750   0   1850      1019700
   117  0 1  95.62  9799.00 2   0.0 -34.4    129094100   0   2000      1020350
   118  0 1  95.62  9799.00 2   0.0 -34.7    130114450   0   1550      1020350
   119  0 1  94.57  9805.00 2   0.0 -35.0    131134650   0   1950      1020200
   120  0 1  94.22  9814.00 2   0.0 -35.3    132154850   0   1950      1020200
   121  0 1  94.92  9824.50 2   0.0 -35.6    133124700   0   2000       969850
   122  0 1  95.62  9839.50 2   0.0 -35.9    134094300   0   1900       969600
   123  0 1  95.62  9857.50 2   0.0 -36.3    135064450   0   1700       970150
   124  0 1  95.27  9898.00 2   0.0 -36.9    137005050   0   1550      1940600
   125  0 1  95.62  9919.00 2   0.0 -37.2    137974850   0   1850       969800
   126  0 1  95.27  9946.00 2   0.0 -37.5    138944750   0   1950       969900
   127  0 1  95.27  9971.50 2   0.0 -38.1    139934950   0   1600       990200
   128  0 1  94.22  9997.00 2   0.0 -38.4    140925350   0   1600       990400
   129  0 1  94.92 10024.00 2   0.0 -38.8    141915100   0   1650       989750
   130  0 1  95.27 10049.50 2   0.0 -39.1    142905100   0   1750       990000
   131  0 1  95.62 10075.00 2   0.0 -39.7    143894650   0   1550       989550
   132  0 1  95.27 10099.00 2   0.0 -40.0    144884400   0   1550       989750
   133  0 1  94.22 10141.00 2   0.0 -40.9    146874750   0   1800      1990350
   134  0 1  95.62 10157.50 2   0.0 -41.3    147874750   0   1550      1000000
   135  0 1  95.62 10174.00 2   0.0 -41.6    148874800   0   1550      1000050
   136  0 1  94.22 10186.00 2   0.0 -42.2    149874400   0   2000       999600
   137  0 1  95.62 10192.00 2   0.0 -42.5    150874000   0   1650       999600
   138  0 1  95.62 10196.50 2   0.0 -43.1    151873700   0   1650       999700
   139  0 1  94.92 10198.00 2   0.0 -43.4    152873850   0   1650      1000150
   140  0 1  94.22 10198.00 2   0.0 -44.1    153883850   0   1900      1010000
   141  0 1  95.27 10192.00 2   0.0 -44.4    154894250   0   1950      1010400
   142  0 1  95.62 10169.50 2   0.0 -45.6    156914150   0   1650      2019900
   143  0 1  94.92 10154.50 2   0.0 -45.9    157923950   0   1800      1009800
   144  0 1  94.92 10135.00 2   0.0 -46.6    158934100   0   1650      1010150
   145  0 1  95.62 10112.50 2   0.0 -46.9    159944150   0   1850      1010050
   146  0 1  94.92 10093.00 2   0.0 -47.5    160914550   0   1850       970400
   147  0 1  94.22 10066.00 2   0.0 -48.1    161884750   0   1650       970200
   148  0 1  94.92 10042.00 2   0.0 -48.4    162854350   0   1850       969600
   149  0 1  94.22 10016.50 2   0.0 -49.1    163824550   0   1900       970200
   150  0 1  95.62  9992.50 2   0.0 -49.7    164794200   0   1550       969650
   151  0 1  94.57  9940.00 2   0.0 -50.6    166734200   0   1650      1940000
   152  0 1  95.27  9916.00 2   0.0 -51.3    167704050   0   1800       969850
   153  0 1  95.27  9892.00 2   0.0 -51.9    168673600   0   1650       969550
   154  0 1  94.92  9874.00 2   0.0 -52.5    169643300   0   1950       969700
   155  0 1  95.27  9853.00 2   0.0 -53.1    170612900   0   1850       969600
   156  0 1  94.92  9835.00 2   0.0 -53.4    171583150   0   1550       970250
   157  0 1  95.27  9821.50 2   0.0 -54.1    172553250   0   1750       970100
   158  0 1  95.27  9811.00 2   0.0 -54.7    173523350   0   1850       970100
   159  0 1  95.62  9805.00 2   0.0 -55.3    174533550   0   2000      1010200
   160  0 1  95.27  9800.50 2   0.0 -56.6    176552950   0   1850      2019400
   161  0 1  94.92  9802.00 2   0.0 -57.2    177563250   0   2000      1010300
   162  0 1  94.57  9808.00 2   0.0 -57.5    178573150   0   1650      1009900
   163  0 1  94.92  9817.00 2   0.0 -58.1    179582850   0   1650      1009700
   164  0 1  95.27  9830.50 2   0.0 -58.8    180592450   0   1600      1009600
   165  0 1  95.62  9847.00 2   0.0 -59.4    181612650   0   1600      1020200
   166  0 1  95.27  9868.00 2   0.0 -60.0    182633100   0   1750      1020450
   167  0 1  94.57  9889.00 2   0.0 -60.6    183653350   0   1600      1020250
   168  0 1  95.62  9911.50 2   0.0 -61.3    184673150   0   1650      1019800
   169  0 1  94.57  9964.00 2   0.0 -62.5    186713600   0   2000      2040450
   170  0 1  94.57  9991.00 2   0.0 -63.1    187733750   0   1900      1020150
   171  0 1  94.22 10016.50 2   0.0 -63.8    188704100   0   1650       970350
   172  0 1  94.92 10045.00 2   0.0 -64.4    189673950   0   1600       969850
   173  0 1  95.62 10069.00 2   0.0 -65.0    190643800   0   1650       969850
   174  0 1  94.57 10093.00 2   0.0 -65.6    191613900   0   1800       970100
   175  0 1  94.92 10114.00 2   0.0 -66.3    192584050   0   2000       970150
   176  0 1  94.57 10135.00 2   0.0 -66.9    193553550   0   1550       969500
   177  0 1  94.22 10153.00 2   0.0 -67.5    194523600   0   1600       970050
   178  0 1  95.27 10181.50 2   0.0 -68.8    196504400   0   2000      1980800
   179  0 1  94.22 10189.00 2   0.0 -69.4    197494200   0   1950       989800
