    NO  S V  AOA    FREQ    B  FMOP  AMP      TOA      PMOP  PW         dTOA  
------ -- - ------ -------- - ----- ----- ------------ --- ------ ------------
     0  0 1  94.22 10019.50 2   0.0 -70.0            0   0   1650  42949673000
     1  0 1  94.57 10021.00 2   0.0 -68.8       999650   0   1600       999650
     2  0 1  95.27 10021.00 2   0.0 -67.5      2045450   0   1800      1045800
     3  0 1  94.57 10019.50 2   0.0 -66.3      3134800   0   1600      1089350
     4  0 1  95.62 10021.00 2   0.0 -65.0      4258850   0   1750      1124050
     5  0 1  95.27 10021.00 2   0.0 -63.8      5403700   0   1850      1144850
     6  0 1  95.62 10019.50 2   0.0 -62.5      6552100   0   1450      1148400
     7  0 1  95.62 10021.00 2   0.0 -61.3      7684550   0   1500      1132450
     8  0 1  95.27 10021.00 2   0.0 -58.8      9838450   0   1550      2153900
     9  0 1  95.62 10021.00 2   0.0 -57.5     10845400   0   1750      1006950
    10  0 1  95.27 10021.00 2   0.0 -56.6     11805450   0   1550       960050
    11  0 1  94.22 10021.00 2   0.0 -55.3     12724450   0   1450       919000
    12  0 1  95.62 10019.50 2   0.0 -54.1     13610200   0   1750       885750
    13  0 1  94.22 10021.00 2   0.0 -53.1     14474550   0   1700       864350
    14  0 1  95.27 10021.00 2   0.0 -51.9     15326950   0   1550       852400
    15  0 1  94.22 10019.50 2   0.0 -50.6     16177100   0   1750       850150
    16  0 1  95.27 10019.50 2   0.0 -49.7     17036650   0   1700       859550
    17  0 1  94.92 10019.50 2   0.0 -47.5     18823600   0   1450      1786950
    18  0 1  94.92 10019.50 2   0.0 -46.6     19768550   0   1850       944950
    19  0 1  95.62 10021.00 2   0.0 -45.6     20757100   0   1550       988550
    20  0 1  94.92 10019.50 2   0.0 -44.4     21792150   0   1450      1035050
    21  0 1  94.57 10019.50 2   0.0 -43.4     22872300   0   1550      1080150
    22  0 1  94.92 10021.00 2   0.0 -42.5     23989100   0   1750      1116800
    23  0 1  94.92 10019.50 2   0.0 -41.6     25131150   0   1450      1142050
    24  0 1  94.57 10021.00 2   0.0 -40.9     26280550   0   1450      1149400
    25  0 1  94.92 10019.50 2   0.0 -40.0     27419000   0   1850      1138450
    26  0 1  94.57 10021.00 2   0.0 -38.4     29592800   0   1750      2173800
    27  0 1  95.62 10021.00 2   0.0 -37.5     30611900   0   1550      1019100
    28  0 1  94.92 10021.00 2   0.0 -36.9     31582600   0   1550       970700
    29  0 1  95.27 10019.50 2   0.0 -36.3     32510500   0   1650       927900
    30  0 1  94.92 10019.50 2   0.0 -35.6     33403950   0   1700       893450
    31  0 1  95.62 10019.50 2   0.0 -35.0     34272300   0   1650       868350
    32  0 1  95.27 10021.00 2   0.0 -34.4     35125200   0   1750       852900
    33  0 1  95.27 10021.00 2   0.0 -33.8     35974800   0   1800       849600
    34  0 1  95.62 10019.50 2   0.0 -33.4     36831050   0   1500       856250
    35  0 1  95.27 10021.00 2   0.0 -32.5     38604900   0   1550      1773850
    36  0 1  95.27 10021.00 2   0.0 -31.9     39541300   0   1750       936400
    37  0 1  95.62 10021.00 2   0.0 -31.6     40519600   0   1450       978300
    38  0 1  95.62 10019.50 2   0.0 -31.3     41543250   0   1900      1023650
    39  0 1  95.27 10021.00 2   0.0 -30.9     42612050   0   1700      1068800
    40  0 1  94.92 10019.50 2   0.0 -30.6     43721150   0   1550      1109100
    41  0 1  95.62 10021.00 2   0.0 -30.6     44859450   0   1500      1138300
    42  0 1  94.57 10021.00 2   0.0 -30.3     46008050   0   1600      1148600
    43  0 1  94.22 10021.00 2   0.0 -30.3     47149950   0   1700      1141900
    44  0 1  94.92 10021.00 2   0.0 -30.0     49343600   0   1800      2193650
    45  0 1  94.57 10021.00 2   0.0 -30.0     50373300   0   1550      1029700
    46  0 1  94.57 10021.00 2   0.0 -30.0     51355350   0   1650       982050
    47  0 1  94.57 10019.50 2   0.0 -30.0     52293000   0   1450       937650
    48  0 1  94.57 10019.50 2   0.0 -30.3     53194100   0   1500       901100
    49  0 1  94.92 10019.50 2   0.0 -30.3     54067550   0   1500       873450
    50  0 1  94.57 10021.00 2   0.0 -30.6     54923950   0   1900       856400
    51  0 1  94.22 10021.00 2   0.0 -30.6     55774100   0   1450       850150
    52  0 1  95.27 10021.00 2   0.0 -30.9     56628450   0   1700       854350
    53  0 1  94.22 10021.00 2   0.0 -31.6     58390400   0   1700      1761950
    54  0 1  94.92 10021.00 2   0.0 -31.9     59317800   0   1500       927400
    55  0 1  95.27 10021.00 2   0.0 -32.5     60285550   0   1550       967750
    56  0 1  94.57 10021.00 2   0.0 -32.8     61298800   0   1750      1013250
    57  0 1  95.62 10019.50 2   0.0 -33.4     62358100   0   1650      1059300
    58  0 1  94.92 10019.50 2   0.0 -33.8     63459100   0   1600      1101000
    59  0 1  95.62 10021.00 2   0.0 -34.4     64591400   0   1850      1132300
    60  0 1  94.92 10019.50 2   0.0 -35.0     65739600   0   1800      1148200
    61  0 1  94.92 10021.00 2   0.0 -35.6     66884100   0   1750      1144500
    62  0 1  94.22 10019.50 2   0.0 -36.9     69095000   0   1450      2210900
    63  0 1  95.62 10021.00 2   0.0 -37.5     70136750   0   1900      1041750
    64  0 1  94.22 10019.50 2   0.0 -38.4     71129750   0   1750       993000
    65  0 1  95.27 10019.50 2   0.0 -39.1     72076250   0   1850       946500
    66  0 1  95.62 10021.00 2   0.0 -40.0     72984400   0   1450       908150
    67  0 1  95.27 10021.00 2   0.0 -40.9     73863250   0   1650       878850
    68  0 1  95.62 10021.00 2   0.0 -41.6     74721800   0   1600       858550
    69  0 1  94.57 10019.50 2   0.0 -42.5     75572050   0   1650       850250
    70  0 1  94.57 10021.00 2   0.0 -43.4     76424150   0   1500       852100
    71  0 1  95.27 10021.00 2   0.0 -45.6     78175250   0   1600      1751100
    72  0 1  95.62 10021.00 2   0.0 -46.6     79093650   0   1900       918400
    73  0 1  94.22 10019.50 2   0.0 -47.5     80050750   0   1900       957100
    74  0 1  95.62 10021.00 2   0.0 -48.4     81052800   0   1600      1002050
    75  0 1  95.62 10021.00 2   0.0 -49.7     82100550   0   1800      1047750
    76  0 1  95.27 10021.00 2   0.0 -50.6     83191500   0   1450      1090950
    77  0 1  94.57 10021.00 2   0.0 -51.9     84317150   0   1450      1125650
    78  0 1  94.22 10021.00 2   0.0 -53.1     85463400   0   1750      1146250
    79  0 1  94.22 10019.50 2   0.0 -54.1     86610900   0   1650      1147500
    80  0 1  95.27 10021.00 2   0.0 -56.6     88839400   0   1600      2228500
    81  0 1  95.27 10019.50 2   0.0 -57.5     89892550   0   1450      1053150
    82  0 1  95.27 10021.00 2   0.0 -58.8     90897700   0   1650      1005150
    83  0 1  95.62 10021.00 2   0.0 -60.0     91855400   0   1750       957700
    84  0 1  94.57 10021.00 2   0.0 -61.3     92772050   0   1700       916650
    85  0 1  94.57 10021.00 2   0.0 -62.5     93657250   0   1700       885200
    86  0 1  94.92 10021.00 2   0.0 -63.8     94520600   0   1500       863350
    87  0 1  94.92 10021.00 2   0.0 -65.0     95371800   0   1450       851200
    88  0 1  95.27 10021.00 2   0.0 -66.3     96222600   0   1600       850800
    89  0 1  95.62 10021.00 2   0.0 -68.8     97962000   0   1450      1739400
