    NO  S V  AOA    FREQ    B  FMOP  AMP      TOA      PMOP  PW         dTOA  
------ -- - ------ -------- - ----- ----- ------------ --- ------ ------------
     0  0 1  94.22 10019.50 2   0.0 -70.0            0   0   1850  42949673000
     1  0 1  95.62 10021.00 2   0.0 -68.8      1000250   0   1550      1000250
     2  0 1  95.27 10021.00 2   0.0 -67.5      2046150   0   1700      1045900
     3  0 1  94.92 10021.00 2   0.0 -66.3      3134700   0   1900      1088550
     4  0 1  95.27 10021.00 2   0.0 -65.0      4258700   0   1900      1124000
     5  0 1  95.27 10021.00 2   0.0 -63.8      5403350   0   1500      1144650
     6  0 1  94.22 10021.00 2   0.0 -62.5      6551400   0   1450      1148050
     7  0 1  95.62 10021.00 2   0.0 -61.3      7682950   0   1800      1131550
     8  0 1  94.92 10021.00 2   0.0 -60.0      8781550   0   1550      1098600
     9  0 1  95.27 10021.00 2   0.0 -57.5     10845000   0   1650      2063450
    10  0 1  94.92 10021.00 2   0.0 -56.6     11804850   0   1600       959850
    11  0 1  94.92 10021.00 2   0.0 -55.3     12723900   0   1500       919050
    12  0 1  94.92 10019.50 2   0.0 -54.1     13610150   0   1650       886250
    13  0 1  95.27 10021.00 2   0.0 -53.1     14473850   0   1750       863700
    14  0 1  94.92 10021.00 2   0.0 -51.9     15325950   0   1750       852100
    15  0 1  95.27 10019.50 2   0.0 -50.6     16176250   0   1450       850300
    16  0 1  94.22 10019.50 2   0.0 -49.7     17036200   0   1900       859950
    17  0 1  95.27 10019.50 2   0.0 -48.4     17915300   0   1450       879100
    18  0 1  94.92 10021.00 2   0.0 -46.6     19768250   0   1500      1852950
    19  0 1  95.27 10019.50 2   0.0 -45.6     20757300   0   1450       989050
    20  0 1  95.27 10019.50 2   0.0 -44.4     21791900   0   1800      1034600
    21  0 1  94.92 10021.00 2   0.0 -43.4     22872000   0   1500      1080100
    22  0 1  95.27 10021.00 2   0.0 -42.5     23989150   0   1600      1117150
    23  0 1  94.92 10019.50 2   0.0 -41.6     25131200   0   1450      1142050
    24  0 1  94.92 10021.00 2   0.0 -40.9     26280300   0   1700      1149100
    25  0 1  94.57 10021.00 2   0.0 -40.0     27418150   0   1750      1137850
    26  0 1  94.22 10021.00 2   0.0 -39.1     28525800   0   1800      1107650
    27  0 1  94.92 10021.00 2   0.0 -37.5     30611700   0   1650      2085900
    28  0 1  95.27 10019.50 2   0.0 -36.9     31582950   0   1450       971250
    29  0 1  95.27 10021.00 2   0.0 -36.3     32511300   0   1900       928350
    30  0 1  94.22 10021.00 2   0.0 -35.6     33404650   0   1500       893350
    31  0 1  94.22 10021.00 2   0.0 -35.0     34272250   0   1650       867600
    32  0 1  95.62 10021.00 2   0.0 -34.4     35125350   0   1600       853100
    33  0 1  95.27 10021.00 2   0.0 -33.8     35975550   0   1450       850200
    34  0 1  94.57 10021.00 2   0.0 -33.4     36831300   0   1450       855750
    35  0 1  95.62 10021.00 2   0.0 -32.8     37705150   0   1450       873850
    36  0 1  94.22 10019.50 2   0.0 -31.9     39541250   0   1900      1836100
    37  0 1  94.57 10021.00 2   0.0 -31.6     40519700   0   1700       978450
    38  0 1  95.62 10021.00 2   0.0 -31.3     41543800   0   1500      1024100
    39  0 1  95.27 10019.50 2   0.0 -30.9     42613250   0   1650      1069450
    40  0 1  94.92 10021.00 2   0.0 -30.6     43721950   0   1550      1108700
    41  0 1  94.22 10019.50 2   0.0 -30.6     44859750   0   1750      1137800
    42  0 1  95.27 10021.00 2   0.0 -30.3     46008950   0   1900      1149200
    43  0 1  95.27 10021.00 2   0.0 -30.3     47150450   0   1800      1141500
    44  0 1  95.27 10021.00 2   0.0 -30.0     48267750   0   1450      1117300
    45  0 1  95.62 10021.00 2   0.0 -30.0     50374000   0   1650      2106250
    46  0 1  95.62 10021.00 2   0.0 -30.0     51356350   0   1450       982350
    47  0 1  94.92 10019.50 2   0.0 -30.0     52293900   0   1850       937550
    48  0 1  95.62 10021.00 2   0.0 -30.3     53194800   0   1500       900900
    49  0 1  94.22 10021.00 2   0.0 -30.3     54067550   0   1750       872750
    50  0 1  95.62 10021.00 2   0.0 -30.6     54923750   0   1450       856200
    51  0 1  95.62 10021.00 2   0.0 -30.6     55773350   0   1550       849600
    52  0 1  95.62 10021.00 2   0.0 -30.9     56627250   0   1850       853900
    53  0 1  94.22 10021.00 2   0.0 -31.3     57496450   0   1850       869200
    54  0 1  95.62 10019.50 2   0.0 -31.9     59316000   0   1500      1819550
    55  0 1  94.22 10021.00 2   0.0 -32.5     60284000   0   1600       968000
    56  0 1  95.62 10021.00 2   0.0 -32.8     61297400   0   1750      1013400
    57  0 1  94.22 10021.00 2   0.0 -33.4     62356800   0   1700      1059400
    58  0 1  94.22 10019.50 2   0.0 -33.8     63457450   0   1800      1100650
    59  0 1  94.22 10021.00 2   0.0 -34.4     64589500   0   1800      1132050
    60  0 1  94.22 10021.00 2   0.0 -35.0     65737400   0   1650      1147900
    61  0 1  94.22 10021.00 2   0.0 -35.6     66882050   0   1900      1144650
    62  0 1  94.22 10021.00 2   0.0 -36.3     68006250   0   1500      1124200
    63  0 1  95.62 10021.00 2   0.0 -37.5     70135450   0   1850      2129200
    64  0 1  94.57 10019.50 2   0.0 -38.4     71128400   0   1750       992950
    65  0 1  95.62 10019.50 2   0.0 -39.1     72075100   0   1550       946700
    66  0 1  94.57 10019.50 2   0.0 -40.0     72983500   0   1500       908400
    67  0 1  94.92 10019.50 2   0.0 -40.9     73862200   0   1700       878700
    68  0 1  95.27 10021.00 2   0.0 -41.6     74721500   0   1600       859300
    69  0 1  94.92 10021.00 2   0.0 -42.5     75571500   0   1550       850000
    70  0 1  95.27 10021.00 2   0.0 -43.4     76423700   0   1500       852200
    71  0 1  95.27 10021.00 2   0.0 -44.4     77287200   0   1500       863500
    72  0 1  94.92 10021.00 2   0.0 -46.6     79092100   0   1450      1804900
    73  0 1  94.57 10021.00 2   0.0 -47.5     80048700   0   1650       956600
    74  0 1  94.22 10019.50 2   0.0 -48.4     81050250   0   1850      1001550
    75  0 1  95.62 10021.00 2   0.0 -49.7     82098500   0   1850      1048250
    76  0 1  95.62 10021.00 2   0.0 -50.6     83189650   0   1450      1091150
    77  0 1  95.62 10019.50 2   0.0 -51.9     84316000   0   1550      1126350
    78  0 1  95.27 10021.00 2   0.0 -53.1     85461750   0   1650      1145750
    79  0 1  94.57 10021.00 2   0.0 -54.1     86610100   0   1800      1148350
    80  0 1  94.22 10021.00 2   0.0 -55.3     87741000   0   1450      1130900
    81  0 1  94.57 10021.00 2   0.0 -57.5     89891100   0   1600      2150100
    82  0 1  94.22 10019.50 2   0.0 -58.8     90896400   0   1800      1005300
    83  0 1  94.92 10021.00 2   0.0 -60.0     91854050   0   1500       957650
    84  0 1  94.57 10021.00 2   0.0 -61.3     92770750   0   1700       916700
    85  0 1  94.92 10021.00 2   0.0 -62.5     93655600   0   1750       884850
    86  0 1  95.62 10021.00 2   0.0 -63.8     94518600   0   1850       863000
    87  0 1  95.62 10021.00 2   0.0 -65.0     95369650   0   1450       851050
    88  0 1  95.27 10021.00 2   0.0 -66.3     96220650   0   1550       851000
    89  0 1  95.27 10021.00 2   0.0 -67.5     97080350   0   1850       859700
