    NO  S V  AOA    FREQ    B  FMOP  AMP      TOA      PMOP  PW         dTOA  
------ -- - ------ -------- - ----- ----- ------------ --- ------ ------------
     0  0 1  95.62 10021.00 2   0.0 -70.0            0   0   1500  42949673000
     1  0 1  95.62 10019.50 2   0.0 -67.5      2046550   0   1800      2046550
     2  0 1  95.62 10019.50 2   0.0 -66.3      3135500   0   1850      1088950
     3  0 1  94.57 10021.00 2   0.0 -65.0      4259950   0   1800      1124450
     4  0 1  95.27 10021.00 2   0.0 -63.8      5404650   0   1500      1144700
     5  0 1  94.22 10019.50 2   0.0 -62.5      6552600   0   1700      1147950
     6  0 1  94.57 10019.50 2   0.0 -61.3      7684500   0   1600      1131900
     7  0 1  94.57 10021.00 2   0.0 -60.0      8783650   0   1850      1099150
     8  0 1  94.57 10019.50 2   0.0 -58.8      9838350   0   1700      1054700
     9  0 1  94.57 10019.50 2   0.0 -57.5     10844900   0   1500      1006550
    10  0 1  95.62 10021.00 2   0.0 -55.3     12724300   0   1450      1879400
    11  0 1  95.27 10021.00 2   0.0 -54.1     13610400   0   1700       886100
    12  0 1  94.22 10019.50 2   0.0 -53.1     14474600   0   1800       864200
    13  0 1  95.62 10019.50 2   0.0 -51.9     15327050   0   1550       852450
    14  0 1  95.27 10021.00 2   0.0 -50.6     16176550   0   1850       849500
    15  0 1  94.92 10021.00 2   0.0 -49.7     17036600   0   1700       860050
    16  0 1  94.57 10019.50 2   0.0 -48.4     17915800   0   1500       879200
    17  0 1  94.22 10021.00 2   0.0 -47.5     18823350   0   1850       907550
    18  0 1  95.27 10021.00 2   0.0 -46.6     19768400   0   1700       945050
    19  0 1  95.27 10021.00 2   0.0 -44.4     21791450   0   1650      2023050
    20  0 1  95.62 10021.00 2   0.0 -43.4     22871150   0   1500      1079700
    21  0 1  94.22 10019.50 2   0.0 -42.5     23988350   0   1600      1117200
    22  0 1  94.57 10021.00 2   0.0 -41.6     25130750   0   1750      1142400
    23  0 1  94.92 10021.00 2   0.0 -40.9     26279850   0   1500      1149100
    24  0 1  95.27 10021.00 2   0.0 -40.0     27417650   0   1500      1137800
    25  0 1  94.22 10021.00 2   0.0 -39.1     28525650   0   1600      1108000
    26  0 1  94.22 10019.50 2   0.0 -38.4     29592150   0   1550      1066500
    27  0 1  94.57 10021.00 2   0.0 -37.5     30610700   0   1850      1018550
    28  0 1  95.27 10019.50 2   0.0 -36.3     32509850   0   1600      1899150
    29  0 1  94.92 10019.50 2   0.0 -35.6     33402650   0   1750       892800
    30  0 1  94.92 10021.00 2   0.0 -35.0     34270350   0   1900       867700
    31  0 1  94.22 10021.00 2   0.0 -34.4     35123750   0   1550       853400
    32  0 1  95.62 10021.00 2   0.0 -33.8     35973850   0   1450       850100
    33  0 1  94.92 10019.50 2   0.0 -33.4     36829550   0   1550       855700
    34  0 1  94.22 10021.00 2   0.0 -32.8     37703350   0   1850       873800
    35  0 1  95.27 10021.00 2   0.0 -32.5     38603350   0   1850       900000
    36  0 1  94.92 10021.00 2   0.0 -31.9     39539250   0   1500       935900
    37  0 1  95.62 10021.00 2   0.0 -31.3     41541900   0   1450      2002650
    38  0 1  95.27 10019.50 2   0.0 -30.9     42610800   0   1850      1068900
    39  0 1  94.57 10021.00 2   0.0 -30.6     43720150   0   1700      1109350
    40  0 1  94.22 10021.00 2   0.0 -30.6     44857700   0   1600      1137550
    41  0 1  94.92 10019.50 2   0.0 -30.3     46007000   0   1900      1149300
    42  0 1  95.27 10019.50 2   0.0 -30.3     47149400   0   1800      1142400
    43  0 1  95.62 10021.00 2   0.0 -30.0     48266700   0   1800      1117300
    44  0 1  95.62 10021.00 2   0.0 -30.0     49343250   0   1500      1076550
    45  0 1  94.92 10021.00 2   0.0 -30.0     50373300   0   1800      1030050
    46  0 1  95.62 10019.50 2   0.0 -30.0     52292800   0   1450      1919500
    47  0 1  95.27 10021.00 2   0.0 -30.3     53193450   0   1750       900650
    48  0 1  95.62 10021.00 2   0.0 -30.3     54065950   0   1700       872500
    49  0 1  95.62 10021.00 2   0.0 -30.6     54922250   0   1800       856300
    50  0 1  94.22 10019.50 2   0.0 -30.6     55772150   0   1800       849900
    51  0 1  94.22 10021.00 2   0.0 -30.9     56625950   0   1600       853800
    52  0 1  95.27 10021.00 2   0.0 -31.3     57494950   0   1750       869000
    53  0 1  94.22 10019.50 2   0.0 -31.6     58388200   0   1500       893250
    54  0 1  94.22 10021.00 2   0.0 -31.9     59314800   0   1500       926600
    55  0 1  94.92 10021.00 2   0.0 -32.8     61294650   0   1700      1979850
    56  0 1  95.62 10021.00 2   0.0 -33.4     62353600   0   1450      1058950
    57  0 1  94.57 10019.50 2   0.0 -33.8     63455000   0   1500      1101400
    58  0 1  94.57 10021.00 2   0.0 -34.4     64586600   0   1450      1131600
    59  0 1  94.92 10021.00 2   0.0 -35.0     65734250   0   1500      1147650
    60  0 1  94.92 10019.50 2   0.0 -35.6     66879750   0   1450      1145500
    61  0 1  94.57 10021.00 2   0.0 -36.3     68003700   0   1750      1123950
    62  0 1  95.27 10021.00 2   0.0 -36.9     69092100   0   1500      1088400
    63  0 1  94.92 10019.50 2   0.0 -37.5     70134400   0   1750      1042300
    64  0 1  95.62 10019.50 2   0.0 -39.1     72074200   0   1550      1939800
    65  0 1  94.57 10021.00 2   0.0 -40.0     72983050   0   1900       908850
    66  0 1  94.92 10019.50 2   0.0 -40.9     73862400   0   1450       879350
    67  0 1  94.22 10021.00 2   0.0 -41.6     74721050   0   1900       858650
    68  0 1  95.27 10019.50 2   0.0 -42.5     75571150   0   1450       850100
    69  0 1  95.27 10019.50 2   0.0 -43.4     76422850   0   1600       851700
    70  0 1  95.62 10021.00 2   0.0 -44.4     77286350   0   1900       863500
    71  0 1  94.57 10019.50 2   0.0 -45.6     78173150   0   1600       886800
    72  0 1  95.62 10021.00 2   0.0 -46.6     79091550   0   1700       918400
    73  0 1  95.27 10019.50 2   0.0 -48.4     81051200   0   1450      1959650
    74  0 1  94.57 10019.50 2   0.0 -49.7     82098750   0   1650      1047550
    75  0 1  95.62 10021.00 2   0.0 -50.6     83189350   0   1600      1090600
    76  0 1  95.27 10021.00 2   0.0 -51.9     84315550   0   1700      1126200
    77  0 1  94.22 10019.50 2   0.0 -53.1     85461900   0   1650      1146350
    78  0 1  94.22 10021.00 2   0.0 -54.1     86609500   0   1450      1147600
    79  0 1  94.22 10021.00 2   0.0 -55.3     87740100   0   1800      1130600
    80  0 1  95.62 10019.50 2   0.0 -56.6     88837300   0   1550      1097200
    81  0 1  94.22 10021.00 2   0.0 -57.5     89890450   0   1600      1053150
    82  0 1  94.92 10021.00 2   0.0 -60.0     91853050   0   1600      1962600
    83  0 1  95.62 10021.00 2   0.0 -61.3     92770000   0   1600       916950
    84  0 1  94.57 10021.00 2   0.0 -62.5     93655450   0   1450       885450
    85  0 1  94.57 10021.00 2   0.0 -63.8     94518550   0   1650       863100
    86  0 1  95.27 10021.00 2   0.0 -65.0     95369950   0   1650       851400
    87  0 1  95.27 10019.50 2   0.0 -66.3     96221050   0   1900       851100
    88  0 1  94.57 10021.00 2   0.0 -67.5     97081500   0   1500       860450
    89  0 1  94.22 10021.00 2   0.0 -68.8     97961550   0   1500       880050
