    NO  S V  AOA    FREQ    B  FMOP  AMP      TOA      PMOP  PW         dTOA  
------ -- - ------ -------- - ----- ----- ------------ --- ------ ------------
     0  0 1  94.22 10021.00 2   0.0 -70.0            0   0   1600  42949673000
     1  0 1  94.22 10019.50 2   0.0 -68.8      1000450   0   1750      1000450
     2  0 1  94.57 10019.50 2   0.0 -67.5      2046300   0   1900      1045850
     3  0 1  94.57 10021.00 2   0.0 -66.3      3135500   0   1850      1089200
     4  0 1  95.27 10019.50 2   0.0 -63.8      5404100   0   1800      2268600
     5  0 1  95.62 10019.50 2   0.0 -62.5      6551950   0   1550      1147850
     6  0 1  94.22 10019.50 2   0.0 -61.3      7684150   0   1750      1132200
     7  0 1  95.27 10021.00 2   0.0 -60.0      8782750   0   1450      1098600
     8  0 1  94.92 10021.00 2   0.0 -58.8      9837450   0   1850      1054700
     9  0 1  94.22 10021.00 2   0.0 -57.5     10844350   0   1750      1006900
    10  0 1  94.22 10021.00 2   0.0 -56.6     11804500   0   1900       960150
    11  0 1  94.57 10021.00 2   0.0 -55.3     12723250   0   1900       918750
    12  0 1  94.57 10019.50 2   0.0 -54.1     13609700   0   1900       886450
    13  0 1  94.57 10021.00 2   0.0 -51.9     15326500   0   1700      1716800
    14  0 1  95.27 10019.50 2   0.0 -50.6     16176250   0   1550       849750
    15  0 1  94.92 10021.00 2   0.0 -49.7     17036200   0   1550       859950
    16  0 1  94.22 10021.00 2   0.0 -48.4     17915550   0   1750       879350
    17  0 1  94.92 10021.00 2   0.0 -47.5     18823950   0   1650       908400
    18  0 1  94.22 10019.50 2   0.0 -46.6     19769100   0   1750       945150
    19  0 1  95.27 10019.50 2   0.0 -45.6     20757800   0   1550       988700
    20  0 1  95.27 10021.00 2   0.0 -44.4     21792300   0   1650      1034500
    21  0 1  94.92 10019.50 2   0.0 -43.4     22872050   0   1850      1079750
    22  0 1  95.62 10021.00 2   0.0 -41.6     25131600   0   1750      2259550
    23  0 1  94.92 10019.50 2   0.0 -40.9     26280250   0   1850      1148650
    24  0 1  94.22 10019.50 2   0.0 -40.0     27418300   0   1800      1138050
    25  0 1  94.22 10021.00 2   0.0 -39.1     28526750   0   1450      1108450
    26  0 1  94.22 10021.00 2   0.0 -38.4     29592650   0   1900      1065900
    27  0 1  95.27 10019.50 2   0.0 -37.5     30612100   0   1600      1019450
    28  0 1  95.27 10021.00 2   0.0 -36.9     31583250   0   1600       971150
    29  0 1  94.57 10021.00 2   0.0 -36.3     32510900   0   1900       927650
    30  0 1  94.92 10021.00 2   0.0 -35.6     33403950   0   1650       893050
    31  0 1  94.22 10019.50 2   0.0 -34.4     35124500   0   1800      1720550
    32  0 1  95.62 10019.50 2   0.0 -33.8     35974350   0   1900       849850
    33  0 1  95.62 10019.50 2   0.0 -33.4     36830250   0   1850       855900
    34  0 1  94.22 10021.00 2   0.0 -32.8     37704250   0   1800       874000
    35  0 1  94.92 10021.00 2   0.0 -32.5     38604400   0   1550       900150
    36  0 1  95.62 10019.50 2   0.0 -31.9     39540600   0   1500       936200
    37  0 1  95.62 10021.00 2   0.0 -31.6     40518600   0   1800       978000
    38  0 1  95.62 10021.00 2   0.0 -31.3     41542850   0   1600      1024250
    39  0 1  95.27 10019.50 2   0.0 -30.9     42612100   0   1700      1069250
    40  0 1  95.62 10021.00 2   0.0 -30.6     44859750   0   1550      2247650
    41  0 1  95.27 10021.00 2   0.0 -30.3     46008300   0   1700      1148550
    42  0 1  95.27 10019.50 2   0.0 -30.3     47150200   0   1800      1141900
    43  0 1  95.27 10021.00 2   0.0 -30.0     48267250   0   1650      1117050
    44  0 1  94.57 10019.50 2   0.0 -30.0     49344100   0   1700      1076850
    45  0 1  94.57 10021.00 2   0.0 -30.0     50373700   0   1700      1029600
    46  0 1  95.62 10021.00 2   0.0 -30.0     51355250   0   1850       981550
    47  0 1  94.92 10019.50 2   0.0 -30.0     52293450   0   1450       938200
    48  0 1  95.62 10019.50 2   0.0 -30.3     53194400   0   1500       900950
    49  0 1  94.22 10019.50 2   0.0 -30.6     54923800   0   1500      1729400
    50  0 1  94.22 10021.00 2   0.0 -30.6     55773400   0   1450       849600
    51  0 1  94.92 10019.50 2   0.0 -30.9     56627700   0   1850       854300
    52  0 1  94.92 10019.50 2   0.0 -31.3     57496850   0   1700       869150
    53  0 1  94.57 10021.00 2   0.0 -31.6     58389550   0   1500       892700
    54  0 1  94.22 10021.00 2   0.0 -31.9     59316750   0   1600       927200
    55  0 1  95.27 10021.00 2   0.0 -32.5     60284400   0   1800       967650
    56  0 1  95.27 10021.00 2   0.0 -32.8     61297550   0   1600      1013150
    57  0 1  94.57 10021.00 2   0.0 -33.4     62356250   0   1450      1058700
    58  0 1  94.92 10021.00 2   0.0 -34.4     64589050   0   1450      2232800
    59  0 1  94.92 10019.50 2   0.0 -35.0     65736950   0   1500      1147900
    60  0 1  95.27 10019.50 2   0.0 -35.6     66882250   0   1750      1145300
    61  0 1  94.57 10021.00 2   0.0 -36.3     68005900   0   1450      1123650
    62  0 1  95.27 10021.00 2   0.0 -36.9     69092400   0   1850      1086500
    63  0 1  94.57 10021.00 2   0.0 -37.5     70134200   0   1550      1041800
    64  0 1  94.57 10021.00 2   0.0 -38.4     71127000   0   1900       992800
    65  0 1  94.22 10019.50 2   0.0 -39.1     72074450   0   1500       947450
    66  0 1  94.92 10021.00 2   0.0 -40.0     72983750   0   1850       909300
    67  0 1  94.22 10021.00 2   0.0 -41.6     74721600   0   1550      1737850
    68  0 1  94.22 10021.00 2   0.0 -42.5     75571250   0   1450       849650
    69  0 1  95.62 10019.50 2   0.0 -43.4     76423550   0   1600       852300
    70  0 1  95.62 10019.50 2   0.0 -44.4     77287350   0   1900       863800
    71  0 1  94.92 10021.00 2   0.0 -45.6     78174500   0   1650       887150
    72  0 1  95.27 10021.00 2   0.0 -46.6     79092850   0   1700       918350
    73  0 1  94.92 10019.50 2   0.0 -47.5     80050100   0   1700       957250
    74  0 1  95.27 10021.00 2   0.0 -48.4     81052150   0   1600      1002050
    75  0 1  94.92 10021.00 2   0.0 -49.7     82099900   0   1550      1047750
    76  0 1  94.22 10021.00 2   0.0 -51.9     84317300   0   1700      2217400
    77  0 1  94.57 10019.50 2   0.0 -53.1     85463550   0   1450      1146250
    78  0 1  95.27 10019.50 2   0.0 -54.1     86611150   0   1500      1147600
    79  0 1  94.57 10021.00 2   0.0 -55.3     87742300   0   1500      1131150
    80  0 1  95.27 10021.00 2   0.0 -56.6     88839450   0   1900      1097150
    81  0 1  94.57 10021.00 2   0.0 -57.5     89892300   0   1700      1052850
    82  0 1  94.22 10021.00 2   0.0 -58.8     90897250   0   1500      1004950
    83  0 1  94.92 10021.00 2   0.0 -60.0     91855450   0   1500       958200
    84  0 1  94.92 10021.00 2   0.0 -61.3     92772250   0   1550       916800
    85  0 1  95.27 10021.00 2   0.0 -63.8     94520450   0   1650      1748200
    86  0 1  94.22 10021.00 2   0.0 -65.0     95371150   0   1800       850700
    87  0 1  95.62 10021.00 2   0.0 -66.3     96222400   0   1550       851250
    88  0 1  95.27 10021.00 2   0.0 -67.5     97082500   0   1650       860100
    89  0 1  94.22 10021.00 2   0.0 -68.8     97962700   0   1700       880200
