    NO  S V  AOA    FREQ    B  FMOP  AMP      TOA      PMOP  PW         dTOA  
------ -- - ------ -------- - ----- ----- ------------ --- ------ ------------
     0  0 1  94.22 10022.50 2   0.0 -70.0            0   0   1750  42949673000
     1  0 1  94.57 10024.00 2   0.0 -69.4      1009650   0   1700      1009650
     2  0 1  95.27 10024.00 2   0.0 -68.8      2019450   0   1900      1009800
     3  0 1  94.57 10022.50 2   0.0 -68.1      3029800   0   1700      1010350
     4  0 1  95.62 10024.00 2   0.0 -67.5      4039850   0   1850      1010050
     5  0 1  95.27 10024.00 2   0.0 -66.9      5049700   0   1950      1009850
     6  0 1  95.62 10022.50 2   0.0 -66.3      6060100   0   1550      1010400
     7  0 1  95.62 10024.00 2   0.0 -65.6      7070550   0   1600      1010450
     8  0 1  95.27 10024.00 2   0.0 -64.4      9090450   0   1650      2019900
     9  0 1  95.62 10024.00 2   0.0 -63.8     10100400   0   1850      1009950
    10  0 1  95.27 10024.00 2   0.0 -63.1     11120450   0   1650      1020050
    11  0 1  94.22 10024.00 2   0.0 -62.5     12140450   0   1550      1020000
    12  0 1  95.62 10022.50 2   0.0 -61.9     13160200   0   1850      1019750
    13  0 1  94.22 10024.00 2   0.0 -61.3     14180550   0   1800      1020350
    14  0 1  95.27 10024.00 2   0.0 -60.6     15200950   0   1650      1020400
    15  0 1  94.22 10022.50 2   0.0 -60.0     16221100   0   1850      1020150
    16  0 1  95.27 10022.50 2   0.0 -59.4     17240650   0   1800      1019550
    17  0 1  94.92 10022.50 2   0.0 -58.1     19280600   0   1550      2039950
    18  0 1  94.92 10022.50 2   0.0 -57.5     20300550   0   1950      1019950
    19  0 1  95.62 10024.00 2   0.0 -57.2     21330100   0   1650      1029550
    20  0 1  94.92 10022.50 2   0.0 -56.6     22360150   0   1550      1030050
    21  0 1  94.57 10022.50 2   0.0 -55.9     23390300   0   1650      1030150
    22  0 1  94.92 10024.00 2   0.0 -55.3     24420100   0   1850      1029800
    23  0 1  94.92 10022.50 2   0.0 -54.7     25450150   0   1550      1030050
    24  0 1  94.57 10024.00 2   0.0 -54.1     26480550   0   1550      1030400
    25  0 1  94.92 10022.50 2   0.0 -53.4     27511000   0   1950      1030450
    26  0 1  94.57 10024.00 2   0.0 -52.5     29570800   0   1850      2059800
    27  0 1  95.62 10024.00 2   0.0 -51.9     30600900   0   1650      1030100
    28  0 1  94.92 10024.00 2   0.0 -51.3     31600600   0   1650       999700
    29  0 1  95.27 10022.50 2   0.0 -50.6     32600500   0   1750       999900
    30  0 1  94.92 10022.50 2   0.0 -50.3     33600950   0   1800      1000450
    31  0 1  95.62 10022.50 2   0.0 -49.7     34601300   0   1750      1000350
    32  0 1  95.27 10024.00 2   0.0 -49.1     35601200   0   1850       999900
    33  0 1  95.27 10024.00 2   0.0 -48.4     36600800   0   1900       999600
    34  0 1  95.62 10022.50 2   0.0 -48.1     37601050   0   1600      1000250
    35  0 1  95.27 10024.00 2   0.0 -46.9     39600900   0   1650      1999850
    36  0 1  95.27 10024.00 2   0.0 -46.6     40601300   0   1850      1000400
    37  0 1  95.62 10024.00 2   0.0 -45.9     41611600   0   1550      1010300
    38  0 1  95.62 10022.50 2   0.0 -45.6     42621250   0   2000      1009650
    39  0 1  95.27 10024.00 2   0.0 -45.0     43631050   0   1800      1009800
    40  0 1  94.92 10022.50 2   0.0 -44.4     44641150   0   1650      1010100
    41  0 1  95.62 10024.00 2   0.0 -44.1     45651450   0   1600      1010300
    42  0 1  94.57 10024.00 2   0.0 -43.4     46661050   0   1700      1009600
    43  0 1  94.22 10024.00 2   0.0 -43.1     47670950   0   1800      1009900
    44  0 1  94.92 10024.00 2   0.0 -42.2     49690600   0   1900      2019650
    45  0 1  94.57 10024.00 2   0.0 -41.6     50700300   0   1650      1009700
    46  0 1  94.57 10024.00 2   0.0 -41.3     51720350   0   1750      1020050
    47  0 1  94.57 10022.50 2   0.0 -40.9     52740000   0   1550      1019650
    48  0 1  94.57 10022.50 2   0.0 -40.3     53760100   0   1600      1020100
    49  0 1  94.92 10022.50 2   0.0 -40.0     54780550   0   1600      1020450
    50  0 1  94.57 10024.00 2   0.0 -39.7     55800950   0   2000      1020400
    51  0 1  94.22 10024.00 2   0.0 -39.1     56821100   0   1550      1020150
    52  0 1  95.27 10024.00 2   0.0 -38.8     57841450   0   1800      1020350
    53  0 1  94.22 10024.00 2   0.0 -38.1     59881400   0   1800      2039950
    54  0 1  94.92 10024.00 2   0.0 -37.5     60901800   0   1600      1020400
    55  0 1  95.27 10024.00 2   0.0 -37.2     61931550   0   1650      1029750
    56  0 1  94.57 10024.00 2   0.0 -36.9     62961800   0   1850      1030250
    57  0 1  95.62 10022.50 2   0.0 -36.6     63992100   0   1750      1030300
    58  0 1  94.92 10022.50 2   0.0 -36.3     65022100   0   1700      1030000
    59  0 1  95.62 10024.00 2   0.0 -35.9     66052400   0   1950      1030300
    60  0 1  94.92 10022.50 2   0.0 -35.6     67082600   0   1900      1030200
    61  0 1  94.92 10024.00 2   0.0 -35.3     68112100   0   1850      1029500
    62  0 1  94.22 10022.50 2   0.0 -34.7     70172000   0   1550      2059900
    63  0 1  95.62 10024.00 2   0.0 -34.4     71201750   0   2000      1029750
    64  0 1  94.22 10022.50 2   0.0 -34.1     72201750   0   1850      1000000
    65  0 1  95.27 10022.50 2   0.0 -33.8     73201250   0   1950       999500
    66  0 1  95.62 10024.00 2   0.0 -33.4     74201400   0   1550      1000150
    67  0 1  95.27 10024.00 2   0.0 -33.4     75201250   0   1750       999850
    68  0 1  95.62 10024.00 2   0.0 -33.1     76200800   0   1700       999550
    69  0 1  94.57 10022.50 2   0.0 -32.8     77201050   0   1750      1000250
    70  0 1  94.57 10024.00 2   0.0 -32.5     78201150   0   1600      1000100
    71  0 1  95.27 10024.00 2   0.0 -32.2     80201250   0   1700      2000100
    72  0 1  95.62 10024.00 2   0.0 -31.9     81201650   0   2000      1000400
    73  0 1  94.22 10022.50 2   0.0 -31.9     82211750   0   2000      1010100
    74  0 1  95.62 10024.00 2   0.0 -31.6     83221800   0   1700      1010050
    75  0 1  95.62 10024.00 2   0.0 -31.6     84231550   0   1900      1009750
    76  0 1  95.27 10024.00 2   0.0 -31.3     85241500   0   1550      1009950
    77  0 1  94.57 10024.00 2   0.0 -31.3     86251150   0   1550      1009650
    78  0 1  94.22 10024.00 2   0.0 -30.9     87261400   0   1850      1010250
    79  0 1  94.22 10022.50 2   0.0 -30.9     88270900   0   1750      1009500
    80  0 1  95.27 10024.00 2   0.0 -30.6     90291400   0   1700      2020500
    81  0 1  95.27 10022.50 2   0.0 -30.6     91301550   0   1550      1010150
    82  0 1  95.27 10024.00 2   0.0 -30.3     92321700   0   1750      1020150
    83  0 1  95.62 10024.00 2   0.0 -30.3     93341400   0   1850      1019700
    84  0 1  94.57 10024.00 2   0.0 -30.3     94361050   0   1800      1019650
    85  0 1  94.57 10024.00 2   0.0 -30.3     95381250   0   1800      1020200
    86  0 1  94.92 10024.00 2   0.0 -30.0     96401600   0   1600      1020350
    87  0 1  94.92 10024.00 2   0.0 -30.0     97421800   0   1550      1020200
    88  0 1  95.27 10024.00 2   0.0 -30.0     98441600   0   1700      1019800
    89  0 1  95.62 10024.00 2   0.0 -30.0    100481000   0   1550      2039400
