    NO  S V  AOA    FREQ    B  FMOP  AMP      TOA      PMOP  PW         dTOA  
------ -- - ------ -------- - ----- ----- ------------ --- ------ ------------
     0  0 1  95.27  9977.50 2   0.0 -70.0            0   0   1250  42949673000
     1  0 1  95.27  9940.00 2   0.0 -67.5      1000200   0    850      1000200
     2  0 1  94.92  9971.50 2   0.0 -65.0      2000300   0    850      1000100
     3  0 1  94.22  9967.00 2   0.0 -60.0      4000300   0    900      2000000
     4  0 1  95.62 10003.00 2   0.0 -57.5      5000200   0    950       999900
     5  0 1  94.22  9938.50 2   0.0 -55.3      6000350   0    850      1000150
     6  0 1  94.92 10051.00 2   0.0 -53.1      7000350   0   1000      1000000
     7  0 1  94.22  9977.50 2   0.0 -50.6      8000000   0    950       999650
     8  0 1  95.27  9962.50 2   0.0 -48.4      9000400   0   1200      1000400
     9  0 1  95.62  9997.00 2   0.0 -46.6     10000800   0   1150      1000400
    10  0 1  94.57 10007.50 2   0.0 -44.4     11000350   0   1100       999550
    11  0 1  95.62 10021.00 2   0.0 -42.5     12000750   0   1050      1000400
    12  0 1  94.57 10018.00 2   0.0 -39.1     14000600   0   1100      1999850
    13  0 1  95.62  9983.50 2   0.0 -37.5     15000650   0    850      1000050
    14  0 1  94.22  9983.50 2   0.0 -36.3     16000150   0   1100       999500
    15  0 1  94.22 10036.00 2   0.0 -35.0     17000050   0    900       999900
    16  0 1  94.22  9959.50 2   0.0 -33.8     17999950   0    850       999900
    17  0 1  94.57 10033.00 2   0.0 -32.8     18999900   0   1150       999950
    18  0 1  94.22  9985.00 2   0.0 -31.9     20000250   0   1200      1000350
    19  0 1  94.92  9941.50 2   0.0 -31.3     20999950   0   1000       999700
    20  0 1  94.92 10009.00 2   0.0 -30.6     22000250   0    900      1000300
    21  0 1  95.27  9964.00 2   0.0 -30.0     24000550   0   1100      2000300
    22  0 1  94.92  9973.00 2   0.0 -30.0     25000300   0   1050       999750
    23  0 1  94.92  9971.50 2   0.0 -30.0     26000750   0    950      1000450
    24  0 1  95.62  9956.50 2   0.0 -30.3     27000350   0   1150       999600
    25  0 1  95.27  9955.00 2   0.0 -30.6     27999950   0   1250       999600
    26  0 1  95.62  9955.00 2   0.0 -31.3     29000100   0   1200      1000150
    27  0 1  95.27  9949.00 2   0.0 -31.9     30000150   0    900      1000050
    28  0 1  94.57 10033.00 2   0.0 -32.8     31000550   0    850      1000400
    29  0 1  95.27 10039.00 2   0.0 -33.8     32000500   0    900       999950
    30  0 1  94.57  9967.00 2   0.0 -36.3     34000350   0    950      1999850
    31  0 1  95.62 10006.00 2   0.0 -37.5     35000400   0    850      1000050
    32  0 1  94.57  9943.00 2   0.0 -39.1     36000850   0   1100      1000450
    33  0 1  94.57 10046.50 2   0.0 -40.9     37000950   0   1250      1000100
    34  0 1  95.62 10025.50 2   0.0 -42.5     38000800   0    850       999850
    35  0 1  95.27 10036.00 2   0.0 -44.4     39001000   0   1150      1000200
    36  0 1  95.62  9985.00 2   0.0 -46.6     40001100   0    950      1000100
    37  0 1  95.62  9974.50 2   0.0 -48.4     41001550   0    900      1000450
    38  0 1  95.27  9989.50 2   0.0 -50.6     42001400   0   1200       999850
    39  0 1  94.92  9973.00 2   0.0 -55.3     44001150   0   1100      1999750
    40  0 1  94.57  9962.50 2   0.0 -57.5     45000750   0    900       999600
    41  0 1  94.92  9961.00 2   0.0 -60.0     46001000   0   1000      1000250
    42  0 1  95.62  9977.50 2   0.0 -62.5     47000950   0   1000       999950
    43  0 1  95.62  9992.50 2   0.0 -65.0     48001200   0    850      1000250
    44  0 1  94.22  9952.00 2   0.0 -67.5     49001200   0    950      1000000
