    NO  S V  AOA    FREQ    B  FMOP  AMP      TOA      PMOP  PW         dTOA  
------ -- - ------ -------- - ----- ----- ------------ --- ------ ------------
     0  0 1  94.92  5263.75 1   0.0 -65.0      9200600   0   2000  42958873600
     1  0 1  94.92  5267.50 1   0.0 -60.0     18801150   0   2000      9600550
     2  0 1  94.92  5256.25 1   0.0 -55.3     29399350   0   1950     10598200
     3  0 1  94.92  5265.00 1   0.0 -50.6     40198750   0   1950     10799400
     4  0 1  94.92  5245.00 1   0.0 -46.6     49397300   0   2000      9198550
     5  0 1  94.92  5255.00 1   0.0 -42.5     58996500   0   2000      9599200
     6  0 1  94.92  5231.25 1   0.0 -39.1     69596850   0   1950     10600350
     7  0 1  94.92  5238.75 1   0.0 -36.3     80396800   0   2000     10799950
     8  0 1  94.92  5235.00 1   0.0 -33.8     89596800   0   2000      9200000
     9  0 1  94.92  5262.50 1   0.0 -30.6    109798300   0   2000     20201500
    10  0 1  94.92  5243.75 1   0.0 -30.0    120600350   0   1950     10802050
    11  0 1  94.92  5246.25 1   0.0 -30.0    129799700   0   2000      9199350
    12  0 1  94.92  5237.50 1   0.0 -30.6    139400400   0   1950      9600700
    13  0 1  94.92  5261.25 1   0.0 -31.9    150001950   0   2000     10601550
    14  0 1  94.92  5265.00 1   0.0 -33.8    160802050   0   2000     10800100
    15  0 1  94.92  5237.50 1   0.0 -36.3    170004350   0   1950      9202300
    16  0 1  94.92  5252.50 1   0.0 -39.1    179605550   0   1950      9601200
    17  0 1  94.92  5247.50 1   0.0 -42.5    190205100   0   2000     10599550
    18  0 1  94.92  5253.75 1   0.0 -50.6    210201100   0   1950     19996000
    19  0 1  94.92  5257.50 1   0.0 -55.3    219803250   0   2000      9602150
    20  0 1  94.92  5257.50 1   0.0 -60.0    230405500   0   2000     10602250
    21  0 1  94.92  5266.25 1   0.0 -65.0    241206600   0   1950     10801100
