    NO  S V  AOA    FREQ    B  FMOP  AMP      TOA      PMOP  PW         dTOA  
------ -- - ------ -------- - ----- ----- ------------ --- ------ ------------
     0  0 1  94.92  5260.00 1   0.0 -65.0      9201450   0   1950  42958874450
     1  0 1  94.92  5233.75 1   0.0 -60.0     18803500   0   2000      9602050
     2  0 1  94.92  5245.00 1   0.0 -55.3     29404200   0   2000     10600700
     3  0 1  94.92  5250.00 1   0.0 -50.6     40205400   0   2000     10801200
     4  0 1  94.92  5257.50 1   0.0 -46.6     49405250   0   2000      9199850
     5  0 1  94.92  5260.00 1   0.0 -42.5     59007500   0   1950      9602250
     6  0 1  94.92  5242.50 1   0.0 -39.1     69607700   0   1950     10600200
     7  0 1  94.92  5260.00 1   0.0 -36.3     80407150   0   1950     10799450
     8  0 1  94.92  5243.75 1   0.0 -33.8     89608000   0   2000      9200850
     9  0 1  94.92  5268.75 1   0.0 -30.6    109808450   0   2000     20200450
    10  0 1  94.92  5248.75 1   0.0 -30.0    120606250   0   2000     10797800
    11  0 1  94.92  5241.25 1   0.0 -30.0    129808350   0   1950      9202100
    12  0 1  94.92  5250.00 1   0.0 -30.6    139409550   0   2000      9601200
    13  0 1  94.92  5246.25 1   0.0 -31.9    150008150   0   2000     10598600
    14  0 1  94.92  5251.25 1   0.0 -33.8    160808050   0   1950     10799900
    15  0 1  94.92  5260.00 1   0.0 -36.3    170009350   0   1950      9201300
    16  0 1  94.92  5235.00 1   0.0 -39.1    179609650   0   1950      9600300
    17  0 1  94.92  5237.50 1   0.0 -42.5    190211450   0   1950     10601800
    18  0 1  94.92  5252.50 1   0.0 -50.6    210212700   0   1950     20001250
    19  0 1  94.92  5261.25 1   0.0 -55.3    219811550   0   2000      9598850
    20  0 1  94.92  5257.50 1   0.0 -60.0    230409650   0   2000     10598100
    21  0 1  94.92  5255.00 1   0.0 -65.0    241209400   0   1950     10799750
