    NO  S V  AOA    FREQ    B  FMOP  AMP      TOA      PMOP  PW         dTOA  
------ -- - ------ -------- - ----- ----- ------------ --- ------ ------------
     0  0 1  94.92  5255.00 1   0.0 -70.0            0   0   1950  42949673000
     1  0 1  94.92  5256.25 1   0.0 -65.0      9201750   0   1950      9201750
     2  0 1  94.92  5255.00 1   0.0 -55.3     29402350   0   1950     20200600
     3  0 1  94.92  5248.75 1   0.0 -50.6     40201350   0   1950     10799000
     4  0 1  94.92  5265.00 1   0.0 -46.6     49399500   0   2000      9198150
     5  0 1  94.92  5240.00 1   0.0 -42.5     58999250   0   2000      9599750
     6  0 1  94.92  5230.00 1   0.0 -39.1     69597150   0   2000     10597900
     7  0 1  94.92  5257.50 1   0.0 -36.3     80398700   0   2000     10801550
     8  0 1  94.92  5265.00 1   0.0 -33.8     89596600   0   1950      9197900
     9  0 1  94.92  5253.75 1   0.0 -31.9     99197400   0   1950      9600800
    10  0 1  94.92  5260.00 1   0.0 -30.6    109796950   0   2000     10599550
    11  0 1  94.92  5245.00 1   0.0 -30.0    129796050   0   2000     19999100
    12  0 1  94.92  5268.75 1   0.0 -30.6    139395750   0   2000      9599700
    13  0 1  94.92  5232.50 1   0.0 -31.9    149994600   0   1950     10598850
    14  0 1  94.92  5250.00 1   0.0 -33.8    160793450   0   2000     10798850
    15  0 1  94.92  5256.25 1   0.0 -36.3    169992650   0   2000      9199200
    16  0 1  94.92  5235.00 1   0.0 -39.1    179593300   0   1950      9600650
    17  0 1  94.92  5235.00 1   0.0 -42.5    190195550   0   2000     10602250
    18  0 1  94.92  5246.25 1   0.0 -46.6    200996000   0   1950     10800450
    19  0 1  94.92  5267.50 1   0.0 -50.6    210194650   0   2000      9198650
    20  0 1  94.92  5255.00 1   0.0 -60.0    230394500   0   1950     20199850
    21  0 1  94.92  5268.75 1   0.0 -65.0    241196350   0   2000     10801850
