    NO  S V  AOA    FREQ    B  FMOP  AMP      TOA      PMOP  PW         dTOA  
------ -- - ------ -------- - ----- ----- ------------ --- ------ ------------
     0  0 1  94.92  5233.75 1   0.0 -65.0      9198150   0   1950  42958871150
     1  0 1  94.92  5235.00 1   0.0 -60.0     18798150   0   2000      9600000
     2  0 1  94.92  5250.00 1   0.0 -55.3     29397050   0   1950     10598900
     3  0 1  94.92  5255.00 1   0.0 -50.6     40196150   0   2000     10799100
     4  0 1  94.92  5248.75 1   0.0 -46.6     49396850   0   1950      9200700
     5  0 1  94.92  5243.75 1   0.0 -42.5     58994450   0   2000      9597600
     6  0 1  94.92  5262.50 1   0.0 -39.1     69593300   0   2000     10598850
     7  0 1  94.92  5257.50 1   0.0 -36.3     80394100   0   1950     10800800
     8  0 1  94.92  5262.50 1   0.0 -33.8     89593450   0   2000      9199350
     9  0 1  94.92  5251.25 1   0.0 -30.6    109793750   0   2000     20200300
    10  0 1  94.92  5255.00 1   0.0 -30.0    120593650   0   1950     10799900
    11  0 1  94.92  5265.00 1   0.0 -30.0    129793450   0   1950      9199800
    12  0 1  94.92  5240.00 1   0.0 -30.6    139394700   0   1950      9601250
    13  0 1  94.92  5245.00 1   0.0 -31.9    149992600   0   1950     10597900
    14  0 1  94.92  5265.00 1   0.0 -33.8    160790400   0   1950     10797800
    15  0 1  94.92  5246.25 1   0.0 -36.3    169990100   0   2000      9199700
    16  0 1  94.92  5253.75 1   0.0 -39.1    179589150   0   2000      9599050
    17  0 1  94.92  5257.50 1   0.0 -42.5    190188050   0   2000     10598900
    18  0 1  94.92  5263.75 1   0.0 -50.6    210185500   0   2000     19997450
    19  0 1  94.92  5245.00 1   0.0 -55.3    219785200   0   1950      9599700
    20  0 1  94.92  5265.00 1   0.0 -60.0    230383000   0   2000     10597800
    21  0 1  94.92  5245.00 1   0.0 -65.0    241183450   0   1950     10800450
