    NO  S V  AOA    FREQ    B  FMOP  AMP      TOA      PMOP  PW         dTOA  
------ -- - ------ -------- - ----- ----- ------------ --- ------ ------------
     0  0 1  94.92  5245.00 1   0.0 -70.0            0   0   1950  42949673000
     1  0 1  94.92  5242.50 1   0.0 -60.0     18800750   0   2000     18800750
     2  0 1  94.92  5265.00 1   0.0 -55.3     29399700   0   2000     10598950
     3  0 1  94.92  5255.00 1   0.0 -50.6     40200250   0   2000     10800550
     4  0 1  94.92  5267.50 1   0.0 -46.6     49400100   0   1950      9199850
     5  0 1  94.92  5253.75 1   0.0 -42.5     59001700   0   2000      9601600
     6  0 1  94.92  5261.25 1   0.0 -39.1     69601650   0   2000     10599950
     7  0 1  94.92  5253.75 1   0.0 -36.3     80401400   0   2000     10799750
     8  0 1  94.92  5256.25 1   0.0 -33.8     89602400   0   2000      9201000
     9  0 1  94.92  5245.00 1   0.0 -31.9     99200000   0   2000      9597600
    10  0 1  94.92  5267.50 1   0.0 -30.0    120598400   0   2000     21398400
    11  0 1  94.92  5236.25 1   0.0 -30.0    129796050   0   2000      9197650
    12  0 1  94.92  5256.25 1   0.0 -30.6    139396800   0   2000      9600750
    13  0 1  94.92  5235.00 1   0.0 -31.9    149995200   0   1950     10598400
    14  0 1  94.92  5242.50 1   0.0 -33.8    160796650   0   1950     10801450
    15  0 1  94.92  5235.00 1   0.0 -36.3    169994500   0   1950      9197850
    16  0 1  94.92  5257.50 1   0.0 -39.1    179596000   0   2000      9601500
    17  0 1  94.92  5252.50 1   0.0 -42.5    190196400   0   1950     10600400
    18  0 1  94.92  5263.75 1   0.0 -46.6    200995650   0   1950     10799250
    19  0 1  94.92  5245.00 1   0.0 -55.3    219797600   0   2000     18801950
    20  0 1  94.92  5250.00 1   0.0 -60.0    230399750   0   1950     10602150
    21  0 1  94.92  5232.50 1   0.0 -65.0    241201950   0   1950     10802200
