    NO  S V  AOA    FREQ    B  FMOP  AMP      TOA      PMOP  PW         dTOA  
------ -- - ------ -------- - ----- ----- ------------ --- ------ ------------
     0  0 1  94.22 10004.50 2   0.0 -70.0            0   0   1500  42949673000
     1  0 1  95.27 10009.00 2   0.0 -69.4       920100   0   1700       920100
     2  0 1  95.27 10010.50 2   0.0 -68.8      1873950   0   1400       953850
     3  0 1  95.27 10016.50 2   0.0 -68.1      2810800   0   1700       936850
     4  0 1  94.22 10018.00 2   0.0 -67.5      3599450   0   1300       788650
     5  0 1  94.57 10022.50 2   0.0 -66.9      4411800   0   1350       812350
     6  0 1  94.22 10030.00 2   0.0 -65.6      6315450   0   1350      1903650
     7  0 1  94.92 10034.50 2   0.0 -65.0      7560150   0   1550      1244700
     8  0 1  94.22 10040.50 2   0.0 -64.4      8688650   0   1250      1128500
     9  0 1  95.62 10043.50 2   0.0 -63.8      9647050   0   1350       958400
    10  0 1  95.27 10048.00 2   0.0 -63.1     10591700   0   1550       944650
    11  0 1  94.92 10051.00 2   0.0 -62.5     11563700   0   1600       972000
    12  0 1  95.27 10055.50 2   0.0 -61.9     12322850   0   1500       759150
    13  0 1  94.22 10058.50 2   0.0 -61.3     13217600   0   1300       894750
    14  0 1  95.27 10063.00 2   0.0 -60.6     14106750   0   1700       889150
    15  0 1  95.62 10072.00 2   0.0 -59.4     15659300   0   1250      1552550
    16  0 1  94.22 10075.00 2   0.0 -58.8     16523200   0   1300       863900
    17  0 1  94.57 10079.50 2   0.0 -58.1     17688650   0   1450      1165450
    18  0 1  95.62 10084.00 2   0.0 -57.5     18880250   0   1350      1191600
    19  0 1  94.57 10088.50 2   0.0 -57.2     19927800   0   1700      1047550
    20  0 1  94.57 10090.00 2   0.0 -56.6     20819400   0   1700       891600
    21  0 1  95.62 10096.00 2   0.0 -55.9     22053750   0   1650      1234350
    22  0 1  94.22 10099.00 2   0.0 -55.3     23200500   0   1250      1146750
    23  0 1  95.27  9904.00 2   0.0 -54.7     24235850   0   1250      1035350
    24  0 1  94.57  9911.50 2   0.0 -53.4     26329050   0   1350      2093200
    25  0 1  94.92  9916.00 2   0.0 -53.1     27576250   0   1300      1247200
    26  0 1  94.22  9919.00 2   0.0 -52.5     28754050   0   1450      1177800
    27  0 1  95.27  9925.00 2   0.0 -51.9     29982600   0   1700      1228550
    28  0 1  95.62  9928.00 2   0.0 -51.3     31172100   0   1650      1189500
    29  0 1  95.27  9932.50 2   0.0 -50.6     32257300   0   1600      1085200
    30  0 1  94.22  9937.00 2   0.0 -50.3     33292200   0   1250      1034900
    31  0 1  95.62  9940.00 2   0.0 -49.7     34274500   0   1400       982300
    32  0 1  94.57  9943.00 2   0.0 -49.1     35493700   0   1550      1219200
    33  0 1  94.22  9952.00 2   0.0 -48.1     37671950   0   1350      2178250
    34  0 1  94.92  9956.50 2   0.0 -47.5     38679900   0   1700      1007950
    35  0 1  94.22  9961.00 2   0.0 -46.9     39480750   0   1550       800850
    36  0 1  94.57  9964.00 2   0.0 -46.6     40328600   0   1700       847850
    37  0 1  94.57  9968.50 2   0.0 -45.9     41219250   0   1600       890650
    38  0 1  94.22  9971.50 2   0.0 -45.6     41991350   0   1650       772100
    39  0 1  94.57  9974.50 2   0.0 -45.0     43009100   0   1550      1017750
    40  0 1  94.57  9979.00 2   0.0 -44.4     44054850   0   1500      1045750
    41  0 1  95.27  9983.50 2   0.0 -44.1     44893700   0   1700       838850
    42  0 1  95.62  9991.00 2   0.0 -43.1     46875850   0   1600      1982150
    43  0 1  94.57  9997.00 2   0.0 -42.5     48037100   0   1250      1161250
    44  0 1  95.62  9998.50 2   0.0 -42.2     48817850   0   1300       780750
    45  0 1  94.22 10003.00 2   0.0 -41.6     49798400   0   1350       980550
    46  0 1  95.27 10006.00 2   0.0 -41.3     50846750   0   1400      1048350
    47  0 1  94.92 10010.50 2   0.0 -40.9     51696800   0   1450       850050
    48  0 1  95.27 10015.00 2   0.0 -40.3     52763450   0   1500      1066650
    49  0 1  94.22 10021.00 2   0.0 -40.0     53724200   0   1250       960750
    50  0 1  94.92 10024.00 2   0.0 -39.7     54943650   0   1650      1219450
    51  0 1  94.57 10031.50 2   0.0 -38.8     57167900   0   1250      2224250
    52  0 1  94.92 10034.50 2   0.0 -38.4     57974150   0   1350       806250
    53  0 1  95.62 10039.00 2   0.0 -38.1     59180950   0   1300      1206800
    54  0 1  95.62 10043.50 2   0.0 -37.5     59930850   0   1550       749900
    55  0 1  94.57 10048.00 2   0.0 -37.2     60704550   0   1650       773700
    56  0 1  95.62 10051.00 2   0.0 -36.9     61517300   0   1600       812750
    57  0 1  94.22 10054.00 2   0.0 -36.6     62615800   0   1250      1098500
    58  0 1  94.22 10060.00 2   0.0 -36.3     63559950   0   1450       944150
    59  0 1  94.92 10064.50 2   0.0 -35.9     64588650   0   1250      1028700
    60  0 1  95.62 10072.00 2   0.0 -35.3     66300400   0   1500      1711750
    61  0 1  94.57 10076.50 2   0.0 -35.0     67228250   0   1350       927850
    62  0 1  95.62 10079.50 2   0.0 -34.7     68216650   0   1700       988400
    63  0 1  94.22 10084.00 2   0.0 -34.4     69057050   0   1400       840400
    64  0 1  95.62 10087.00 2   0.0 -34.1     69985000   0   1500       927950
    65  0 1  95.62 10090.00 2   0.0 -33.8     70840450   0   1300       855450
    66  0 1  95.62 10096.00 2   0.0 -33.4     71994350   0   1250      1153900
    67  0 1  94.92 10099.00 2   0.0 -33.4     73086950   0   1250      1092600
    68  0 1  94.22  9904.00 2   0.0 -33.1     74244200   0   1400      1157250
    69  0 1  94.92  9911.50 2   0.0 -32.5     76202600   0   1300      1958400
    70  0 1  95.27  9916.00 2   0.0 -32.5     76963500   0   1450       760900
    71  0 1  94.57  9919.00 2   0.0 -32.2     77984100   0   1600      1020600
    72  0 1  95.62  9922.00 2   0.0 -31.9     79032300   0   1450      1048200
    73  0 1  94.57  9926.50 2   0.0 -31.9     79848400   0   1400       816100
    74  0 1  94.92  9931.00 2   0.0 -31.6     80947300   0   1600      1098900
    75  0 1  94.92  9935.50 2   0.0 -31.6     81961000   0   1250      1013700
    76  0 1  95.62  9940.00 2   0.0 -31.3     82769250   0   1600       808250
    77  0 1  94.22  9943.00 2   0.0 -31.3     83905850   0   1400      1136600
    78  0 1  94.92  9950.50 2   0.0 -30.9     85889400   0   1700      1983550
    79  0 1  94.92  9955.00 2   0.0 -30.6     86952200   0   1600      1062800
    80  0 1  94.22  9959.50 2   0.0 -30.6     87907150   0   1250       954950
    81  0 1  95.62  9962.50 2   0.0 -30.6     88764150   0   1450       857000
    82  0 1  95.62  9968.50 2   0.0 -30.3     89711200   0   1500       947050
    83  0 1  95.62  9970.00 2   0.0 -30.3     90838650   0   1650      1127450
    84  0 1  94.57  9976.00 2   0.0 -30.3     91659000   0   1400       820350
    85  0 1  94.57  9979.00 2   0.0 -30.3     92796050   0   1450      1137050
    86  0 1  94.92  9982.00 2   0.0 -30.0     93877750   0   1600      1081700
    87  0 1  94.22  9991.00 2   0.0 -30.0     95964450   0   1700      2086700
    88  0 1  94.92  9995.50 2   0.0 -30.0     96760350   0   1650       795900
    89  0 1  94.57 10000.00 2   0.0 -30.0     97758600   0   1400       998250
    90  0 1  94.57 10003.00 2   0.0 -30.0     98706300   0   1650       947700
    91  0 1  95.62 10006.00 2   0.0 -30.0     99613900   0   1300       907600
    92  0 1  95.27 10012.00 2   0.0 -30.0    100535850   0   1650       921950
    93  0 1  94.92 10016.50 2   0.0 -30.0    101735050   0   1250      1199200
    94  0 1  95.62 10018.00 2   0.0 -30.0    102496850   0   1300       761800
    95  0 1  94.57 10024.00 2   0.0 -30.0    103646700   0   1350      1149850
    96  0 1  94.22 10030.00 2   0.0 -30.3    105444000   0   1300      1797300
    97  0 1  95.62 10036.00 2   0.0 -30.3    106645100   0   1250      1201100
    98  0 1  94.92 10039.00 2   0.0 -30.3    107709950   0   1500      1064850
    99  0 1  94.57 10045.00 2   0.0 -30.6    108930450   0   1250      1220500
   100  0 1  94.92 10048.00 2   0.0 -30.6    109916350   0   1700       985900
   101  0 1  95.27 10051.00 2   0.0 -30.6    110765750   0   1650       849400
   102  0 1  95.27 10055.50 2   0.0 -30.9    111775150   0   1500      1009400
   103  0 1  94.57 10060.00 2   0.0 -30.9    112728500   0   1650       953350
   104  0 1  95.27 10064.50 2   0.0 -31.3    113868700   0   1300      1140200
   105  0 1  95.27 10070.50 2   0.0 -31.6    115824250   0   1350      1955550
   106  0 1  95.27 10076.50 2   0.0 -31.6    116690250   0   1500       866000
   107  0 1  94.22 10081.00 2   0.0 -31.9    117562500   0   1550       872250
   108  0 1  94.22 10084.00 2   0.0 -31.9    118369300   0   1400       806800
   109  0 1  94.22 10087.00 2   0.0 -32.2    119552800   0   1300      1183500
   110  0 1  95.62 10091.50 2   0.0 -32.5    120774950   0   1450      1222150
   111  0 1  94.22 10094.50 2   0.0 -32.5    121975850   0   1350      1200900
   112  0 1  94.57 10100.50 2   0.0 -32.8    123188050   0   1450      1212200
   113  0 1  94.57  9904.00 2   0.0 -33.1    123963150   0   1300       775100
   114  0 1  95.27  9910.00 2   0.0 -33.4    126027000   0   1450      2063850
   115  0 1  94.92  9916.00 2   0.0 -33.8    127159500   0   1450      1132500
   116  0 1  94.57  9919.00 2   0.0 -34.1    128161750   0   1300      1002250
   117  0 1  95.62  9925.00 2   0.0 -34.4    129178650   0   1600      1016900
   118  0 1  94.57  9928.00 2   0.0 -34.7    130361000   0   1500      1182350
   119  0 1  94.57  9931.00 2   0.0 -35.0    131408050   0   1550      1047050
   120  0 1  94.22  9937.00 2   0.0 -35.3    132543050   0   1650      1135000
   121  0 1  95.62  9940.00 2   0.0 -35.6    133759750   0   1250      1216700
   122  0 1  94.92  9944.50 2   0.0 -35.9    134970350   0   1250      1210600
   123  0 1  95.62  9952.00 2   0.0 -36.6    136947050   0   1550      1976700
   124  0 1  94.57  9955.00 2   0.0 -36.9    137994050   0   1500      1047000
   125  0 1  95.62  9958.00 2   0.0 -37.2    138884750   0   1400       890700
   126  0 1  94.57  9964.00 2   0.0 -37.5    140106500   0   1250      1221750
   127  0 1  95.27  9967.00 2   0.0 -38.1    141005650   0   1700       899150
   128  0 1  94.92  9973.00 2   0.0 -38.4    141862600   0   1600       856950
   129  0 1  95.62  9976.00 2   0.0 -38.8    143080850   0   1300      1218250
   130  0 1  94.57  9980.50 2   0.0 -39.1    143985800   0   1350       904950
   131  0 1  95.27  9983.50 2   0.0 -39.7    144774700   0   1300       788900
   132  0 1  95.62  9991.00 2   0.0 -40.3    146740050   0   1300      1965350
   133  0 1  94.92  9994.00 2   0.0 -40.9    147927900   0   1250      1187850
   134  0 1  95.62 10000.00 2   0.0 -41.3    148853400   0   1550       925500
   135  0 1  94.22 10004.50 2   0.0 -41.6    149752100   0   1350       898700
   136  0 1  95.62 10009.00 2   0.0 -42.2    150714050   0   1350       961950
   137  0 1  95.62 10012.00 2   0.0 -42.5    151622250   0   1500       908200
   138  0 1  94.57 10015.00 2   0.0 -43.1    152824350   0   1300      1202100
   139  0 1  95.62 10019.50 2   0.0 -43.4    153771700   0   1650       947350
   140  0 1  95.62 10022.50 2   0.0 -44.1    154639500   0   1550       867800
   141  0 1  94.57 10030.00 2   0.0 -45.0    156455700   0   1350      1816200
   142  0 1  95.27 10036.00 2   0.0 -45.6    157233550   0   1250       777850
   143  0 1  95.62 10039.00 2   0.0 -45.9    158005850   0   1500       772300
   144  0 1  94.57 10043.50 2   0.0 -46.6    159024200   0   1250      1018350
   145  0 1  95.27 10048.00 2   0.0 -46.9    160056000   0   1250      1031800
   146  0 1  95.27 10052.50 2   0.0 -47.5    160899400   0   1300       843400
   147  0 1  95.27 10054.00 2   0.0 -48.1    161993350   0   1550      1093950
   148  0 1  94.92 10060.00 2   0.0 -48.4    163102500   0   1250      1109150
   149  0 1  94.57 10064.50 2   0.0 -49.1    164104350   0   1650      1001850
   150  0 1  94.22 10072.00 2   0.0 -50.3    166037700   0   1250      1933350
   151  0 1  94.22 10075.00 2   0.0 -50.6    167005250   0   1300       967550
   152  0 1  94.22 10081.00 2   0.0 -51.3    167905450   0   1550       900200
   153  0 1  94.92 10082.50 2   0.0 -51.9    169100400   0   1600      1194950
   154  0 1  95.62 10088.50 2   0.0 -52.5    170189050   0   1450      1088650
   155  0 1  95.27 10090.00 2   0.0 -53.1    171225500   0   1350      1036450
   156  0 1  95.27 10094.50 2   0.0 -53.4    172431450   0   1650      1205950
   157  0 1  94.92 10099.00 2   0.0 -54.1    173467500   0   1700      1036050
   158  0 1  94.92  9904.00 2   0.0 -54.7    174547750   0   1700      1080250
   159  0 1  94.22  9913.00 2   0.0 -55.9    176361100   0   1450      1813350
   160  0 1  94.92  9916.00 2   0.0 -56.6    177345150   0   1500       984050
   161  0 1  94.22  9919.00 2   0.0 -57.2    178574450   0   1250      1229300
   162  0 1  95.27  9922.00 2   0.0 -57.5    179685500   0   1250      1111050
   163  0 1  94.92  9926.50 2   0.0 -58.1    180529600   0   1350       844100
   164  0 1  94.92  9931.00 2   0.0 -58.8    181699700   0   1350      1170100
   165  0 1  95.27  9937.00 2   0.0 -59.4    182488750   0   1600       789050
   166  0 1  95.27  9940.00 2   0.0 -60.0    183373150   0   1300       884400
   167  0 1  94.57  9943.00 2   0.0 -60.6    184394350   0   1450      1021200
   168  0 1  94.92  9952.00 2   0.0 -61.9    186500000   0   1350      2105650
   169  0 1  94.57  9955.00 2   0.0 -62.5    187662900   0   1450      1162900
   170  0 1  95.27  9959.50 2   0.0 -63.1    188899300   0   1450      1236400
   171  0 1  94.57  9962.50 2   0.0 -63.8    189928250   0   1300      1028950
   172  0 1  94.22  9968.50 2   0.0 -64.4    190902150   0   1550       973900
   173  0 1  95.27  9970.00 2   0.0 -65.0    191732600   0   1300       830450
   174  0 1  94.92  9974.50 2   0.0 -65.6    192814100   0   1450      1081500
   175  0 1  94.22  9979.00 2   0.0 -66.3    193827700   0   1450      1013600
   176  0 1  94.57  9982.00 2   0.0 -66.9    195011950   0   1450      1184250
   177  0 1  94.92  9992.50 2   0.0 -68.1    196939000   0   1650      1927050
   178  0 1  95.27  9995.50 2   0.0 -68.8    197938650   0   1250       999650
   179  0 1  94.57 10000.00 2   0.0 -69.4    198769950   0   1450       831300
