    NO  S V  AOA    FREQ    B  FMOP  AMP      TOA      PMOP  PW         dTOA  
------ -- - ------ -------- - ----- ----- ------------ --- ------ ------------
     0  0 1  93.87 10009.00 2   0.0 -70.0            0   0   1300  42949673000
     1  0 1  94.92 10009.00 2   0.0 -65.0      1989700   0   1300      1989700
     2  0 1  94.22 10009.00 2   0.0 -62.5      2969850   0   1150       980150
     3  0 1  94.22 10007.50 2   0.0 -60.0      3940000   0   1250       970150
     4  0 1  95.98 10007.50 2   0.0 -57.5      4900000   0   1400       960000
     5  0 1  95.62 10007.50 2   0.0 -55.3      5849550   0   1100       949550
     6  0 1  94.22 10009.00 2   0.0 -53.1      6789400   0   1250       939850
     7  0 1  95.98 10009.00 2   0.0 -50.6      7719350   0   1300       929950
     8  0 1  95.62 10007.50 2   0.0 -48.4      8719400   0   1450      1000050
     9  0 1  93.87 10009.00 2   0.0 -46.6      9709450   0   1450       990050
    10  0 1  94.22 10009.00 2   0.0 -42.5     11659900   0   1300      1950450
    11  0 1  95.98 10009.00 2   0.0 -40.9     12620050   0   1500       960150
    12  0 1  95.62 10009.00 2   0.0 -39.1     13569800   0   1300       949750
    13  0 1  94.57 10009.00 2   0.0 -37.5     14509650   0   1100       939850
    14  0 1  94.92 10007.50 2   0.0 -36.3     15439600   0   1400       929950
    15  0 1  94.57 10009.00 2   0.0 -35.0     16439100   0   1300       999500
    16  0 1  95.62 10009.00 2   0.0 -33.8     17428600   0   1150       989500
    17  0 1  95.62 10009.00 2   0.0 -32.8     18408200   0   1150       979600
    18  0 1  95.27 10009.00 2   0.0 -31.9     19378500   0   1100       970300
    19  0 1  94.22 10007.50 2   0.0 -30.6     21288600   0   1250      1910100
    20  0 1  93.87 10009.00 2   0.0 -30.3     22228300   0   1050       939700
    21  0 1  95.62 10007.50 2   0.0 -30.0     23157850   0   1450       929550
    22  0 1  93.52 10007.50 2   0.0 -30.0     24157850   0   1350      1000000
    23  0 1  94.57 10009.00 2   0.0 -30.0     25147650   0   1300       989800
    24  0 1  95.27 10009.00 2   0.0 -30.3     26127750   0   1100       980100
    25  0 1  93.87 10009.00 2   0.0 -30.6     27097650   0   1300       969900
    26  0 1  94.22 10009.00 2   0.0 -31.3     28057250   0   1150       959600
    27  0 1  94.22 10007.50 2   0.0 -31.9     29007500   0   1300       950250
    28  0 1  95.62 10009.00 2   0.0 -33.8     30877550   0   1150      1870050
    29  0 1  94.22 10007.50 2   0.0 -35.0     31877650   0   1300      1000100
    30  0 1  93.52 10009.00 2   0.0 -36.3     32867400   0   1300       989750
    31  0 1  95.27 10009.00 2   0.0 -37.5     33847300   0   1450       979900
    32  0 1  95.98 10009.00 2   0.0 -39.1     34817000   0   1500       969700
    33  0 1  94.57 10007.50 2   0.0 -40.9     35776950   0   1100       959950
    34  0 1  95.62 10007.50 2   0.0 -42.5     36726650   0   1400       949700
    35  0 1  94.22 10009.00 2   0.0 -44.4     37666900   0   1350       940250
    36  0 1  94.92 10007.50 2   0.0 -46.6     38596900   0   1050       930000
    37  0 1  95.27 10009.00 2   0.0 -50.6     40586450   0   1150      1989550
    38  0 1  95.27 10009.00 2   0.0 -53.1     41566700   0   1350       980250
    39  0 1  95.98 10009.00 2   0.0 -55.3     42536550   0   1450       969850
    40  0 1  95.98 10009.00 2   0.0 -57.5     43496700   0   1050       960150
    41  0 1  95.27 10009.00 2   0.0 -60.0     44446900   0   1250       950200
    42  0 1  95.98 10009.00 2   0.0 -62.5     45386400   0   1400       939500
    43  0 1  93.52 10009.00 2   0.0 -65.0     46316100   0   1050       929700
    44  0 1  95.27 10009.00 2   0.0 -67.5     47315650   0   1400       999550
