    NO  S V  AOA    FREQ    B  FMOP  AMP      TOA      PMOP  PW         dTOA  
------ -- - ------ -------- - ----- ----- ------------ --- ------ ------------
     0  0 1  95.27 10009.00 2   0.0 -70.0            0   0   1150  42949673000
     1  0 1  95.98 10009.00 2   0.0 -67.5      1000000   0   1450      1000000
     2  0 1  93.87 10009.00 2   0.0 -65.0      1989750   0   1500       989750
     3  0 1  93.87 10007.50 2   0.0 -62.5      2970050   0   1100       980300
     4  0 1  93.87 10009.00 2   0.0 -60.0      3939650   0   1500       969600
     5  0 1  95.27 10009.00 2   0.0 -55.3      5849750   0   1400      1910100
     6  0 1  94.92 10009.00 2   0.0 -53.1      6790050   0   1100       940300
     7  0 1  94.22 10009.00 2   0.0 -50.6      7720100   0   1250       930050
     8  0 1  95.98 10009.00 2   0.0 -48.4      8719950   0   1050       999850
     9  0 1  94.22 10009.00 2   0.0 -46.6      9710200   0   1050       990250
    10  0 1  93.87 10009.00 2   0.0 -44.4     10690500   0   1250       980300
    11  0 1  93.87 10009.00 2   0.0 -42.5     11660900   0   1250       970400
    12  0 1  93.52 10009.00 2   0.0 -40.9     12621350   0   1250       960450
    13  0 1  93.87 10009.00 2   0.0 -39.1     13571250   0   1350       949900
    14  0 1  93.52 10009.00 2   0.0 -36.3     15441350   0   1400      1870100
    15  0 1  93.87 10007.50 2   0.0 -35.0     16441200   0   1100       999850
    16  0 1  95.27 10009.00 2   0.0 -33.8     17431550   0   1250       990350
    17  0 1  94.92 10009.00 2   0.0 -32.8     18411550   0   1350       980000
    18  0 1  95.62 10007.50 2   0.0 -31.9     19381400   0   1450       969850
    19  0 1  94.22 10009.00 2   0.0 -31.3     20341800   0   1450       960400
    20  0 1  95.27 10007.50 2   0.0 -30.6     21291350   0   1050       949550
    21  0 1  95.27 10007.50 2   0.0 -30.3     22231150   0   1050       939800
    22  0 1  95.62 10007.50 2   0.0 -30.0     23161450   0   1200       930300
    23  0 1  94.57 10009.00 2   0.0 -30.0     25151350   0   1150      1989900
    24  0 1  94.92 10009.00 2   0.0 -30.3     26131300   0   1400       979950
    25  0 1  93.52 10009.00 2   0.0 -30.6     27101550   0   1100       970250
    26  0 1  94.22 10009.00 2   0.0 -31.3     28061650   0   1350       960100
    27  0 1  95.98 10009.00 2   0.0 -31.9     29011300   0   1200       949650
    28  0 1  93.87 10009.00 2   0.0 -32.8     29950800   0   1200       939500
    29  0 1  95.27 10009.00 2   0.0 -33.8     30880300   0   1450       929500
    30  0 1  94.22 10009.00 2   0.0 -35.0     31880100   0   1200       999800
    31  0 1  94.92 10007.50 2   0.0 -36.3     32869900   0   1100       989800
    32  0 1  95.98 10009.00 2   0.0 -39.1     34819550   0   1050      1949650
    33  0 1  95.98 10009.00 2   0.0 -40.9     35779550   0   1100       960000
    34  0 1  93.87 10007.50 2   0.0 -42.5     36729700   0   1150       950150
    35  0 1  95.62 10009.00 2   0.0 -44.4     37669200   0   1300       939500
    36  0 1  95.62 10007.50 2   0.0 -46.6     38599200   0   1500       930000
    37  0 1  93.87 10009.00 2   0.0 -48.4     39599150   0   1500       999950
    38  0 1  95.98 10007.50 2   0.0 -50.6     40588900   0   1150       989750
    39  0 1  95.62 10009.00 2   0.0 -53.1     41569350   0   1450       980450
    40  0 1  94.22 10009.00 2   0.0 -55.3     42539300   0   1500       969950
    41  0 1  93.87 10009.00 2   0.0 -60.0     44448600   0   1450      1909300
    42  0 1  93.87 10007.50 2   0.0 -62.5     45388550   0   1100       939950
    43  0 1  95.98 10009.00 2   0.0 -65.0     46318150   0   1050       929600
    44  0 1  94.57 10007.50 2   0.0 -67.5     47317800   0   1450       999650
