    NO  S V  AOA    FREQ    B  FMOP  AMP      TOA      PMOP  PW         dTOA  
------ -- - ------ -------- - ----- ----- ------------ --- ------ ------------
     0  0 1  95.27 10007.50 2   0.0 -70.0            0   0   1350  42949673000
     1  0 1  93.52 10009.00 2   0.0 -67.5       999600   0   1350       999600
     2  0 1  93.87 10009.00 2   0.0 -65.0      1989150   0   1450       989550
     3  0 1  93.87 10009.00 2   0.0 -62.5      2969450   0   1250       980300
     4  0 1  93.87 10009.00 2   0.0 -60.0      3939850   0   1050       970400
     5  0 1  94.92 10007.50 2   0.0 -57.5      4899950   0   1500       960100
     6  0 1  95.98 10009.00 2   0.0 -55.3      5850400   0   1050       950450
     7  0 1  95.27 10009.00 2   0.0 -50.6      7720450   0   1050      1870050
     8  0 1  95.98 10007.50 2   0.0 -48.4      8720900   0   1400      1000450
     9  0 1  94.92 10009.00 2   0.0 -46.6      9710600   0   1200       989700
    10  0 1  95.62 10009.00 2   0.0 -44.4     10691050   0   1400       980450
    11  0 1  93.87 10009.00 2   0.0 -42.5     11661500   0   1250       970450
    12  0 1  93.52 10009.00 2   0.0 -40.9     12621100   0   1050       959600
    13  0 1  94.57 10007.50 2   0.0 -39.1     13571200   0   1050       950100
    14  0 1  95.98 10009.00 2   0.0 -37.5     14511200   0   1450       940000
    15  0 1  95.98 10007.50 2   0.0 -36.3     15440900   0   1350       929700
    16  0 1  94.92 10007.50 2   0.0 -33.8     17430350   0   1300      1989450
    17  0 1  93.87 10009.00 2   0.0 -32.8     18410650   0   1450       980300
    18  0 1  95.98 10007.50 2   0.0 -31.9     19380400   0   1050       969750
    19  0 1  94.92 10007.50 2   0.0 -31.3     20340500   0   1300       960100
    20  0 1  93.52 10009.00 2   0.0 -30.6     21290300   0   1300       949800
    21  0 1  94.92 10009.00 2   0.0 -30.3     22230500   0   1150       940200
    22  0 1  94.57 10007.50 2   0.0 -30.0     23160250   0   1350       929750
    23  0 1  95.98 10009.00 2   0.0 -30.0     24160000   0   1050       999750
    24  0 1  93.52 10009.00 2   0.0 -30.0     25149500   0   1400       989500
    25  0 1  94.57 10007.50 2   0.0 -30.6     27098800   0   1500      1949300
    26  0 1  95.62 10007.50 2   0.0 -31.3     28058900   0   1200       960100
    27  0 1  95.27 10009.00 2   0.0 -31.9     29008550   0   1100       949650
    28  0 1  93.87 10009.00 2   0.0 -32.8     29948700   0   1250       940150
    29  0 1  93.87 10009.00 2   0.0 -33.8     30878450   0   1250       929750
    30  0 1  93.87 10009.00 2   0.0 -35.0     31878750   0   1450      1000300
    31  0 1  93.52 10007.50 2   0.0 -36.3     32868850   0   1300       990100
    32  0 1  95.62 10009.00 2   0.0 -37.5     33849150   0   1200       980300
    33  0 1  95.62 10009.00 2   0.0 -39.1     34819400   0   1500       970250
    34  0 1  94.22 10009.00 2   0.0 -42.5     36729650   0   1100      1910250
    35  0 1  93.52 10009.00 2   0.0 -44.4     37669450   0   1500       939800
    36  0 1  94.22 10009.00 2   0.0 -46.6     38599800   0   1500       930350
    37  0 1  95.27 10007.50 2   0.0 -48.4     39599700   0   1500       999900
    38  0 1  95.27 10007.50 2   0.0 -50.6     40589700   0   1350       990000
    39  0 1  93.87 10007.50 2   0.0 -53.1     41570100   0   1300       980400
    40  0 1  95.98 10009.00 2   0.0 -55.3     42539600   0   1350       969500
    41  0 1  93.87 10007.50 2   0.0 -57.5     43499350   0   1050       959750
    42  0 1  93.52 10009.00 2   0.0 -60.0     44449500   0   1050       950150
    43  0 1  95.27 10009.00 2   0.0 -65.0     46320100   0   1300      1870600
    44  0 1  95.27 10007.50 2   0.0 -67.5     47320200   0   1450      1000100
