    NO  S V  AOA    FREQ    B  FMOP  AMP      TOA      PMOP  PW         dTOA  
------ -- - ------ -------- - ----- ----- ------------ --- ------ ------------
     0  0 1  95.98 10007.50 2   0.0 -70.0            0   0   1350  42949673000
     1  0 1  93.87 10009.00 2   0.0 -67.5       999750   0   1500       999750
     2  0 1  93.52 10009.00 2   0.0 -65.0      1989800   0   1300       990050
     3  0 1  95.27 10009.00 2   0.0 -62.5      2970100   0   1450       980300
     4  0 1  95.98 10007.50 2   0.0 -60.0      3939900   0   1250       969800
     5  0 1  95.27 10009.00 2   0.0 -57.5      4900100   0   1150       960200
     6  0 1  95.27 10007.50 2   0.0 -55.3      5850000   0   1150       949900
     7  0 1  95.27 10009.00 2   0.0 -53.1      6789600   0   1300       939600
     8  0 1  93.52 10009.00 2   0.0 -50.6      7719700   0   1250       930100
     9  0 1  93.52 10009.00 2   0.0 -46.6      9709650   0   1250      1989950
    10  0 1  94.22 10009.00 2   0.0 -44.4     10690100   0   1050       980450
    11  0 1  94.57 10009.00 2   0.0 -42.5     11659700   0   1200       969600
    12  0 1  94.57 10007.50 2   0.0 -40.9     12619850   0   1300       960150
    13  0 1  94.22 10009.00 2   0.0 -39.1     13569650   0   1250       949800
    14  0 1  95.98 10009.00 2   0.0 -37.5     14509200   0   1050       939550
    15  0 1  93.87 10009.00 2   0.0 -36.3     15439500   0   1450       930300
    16  0 1  95.62 10009.00 2   0.0 -35.0     16439650   0   1250      1000150
    17  0 1  94.57 10009.00 2   0.0 -33.8     17429200   0   1400       989550
    18  0 1  94.92 10009.00 2   0.0 -31.9     19378400   0   1350      1949200
    19  0 1  95.98 10007.50 2   0.0 -31.3     20338250   0   1050       959850
    20  0 1  95.27 10009.00 2   0.0 -30.6     21288350   0   1300       950100
    21  0 1  94.22 10009.00 2   0.0 -30.3     22228100   0   1350       939750
    22  0 1  94.92 10009.00 2   0.0 -30.0     23157900   0   1450       929800
    23  0 1  94.92 10009.00 2   0.0 -30.0     24157950   0   1200      1000050
    24  0 1  93.87 10009.00 2   0.0 -30.0     25147450   0   1400       989500
    25  0 1  93.87 10009.00 2   0.0 -30.3     26127400   0   1250       979950
    26  0 1  94.22 10007.50 2   0.0 -30.6     27097750   0   1400       970350
    27  0 1  95.98 10009.00 2   0.0 -31.9     29008050   0   1500      1910300
    28  0 1  94.92 10009.00 2   0.0 -32.8     29947850   0   1300       939800
    29  0 1  95.98 10009.00 2   0.0 -33.8     30877900   0   1200       930050
    30  0 1  94.57 10009.00 2   0.0 -35.0     31878300   0   1200      1000400
    31  0 1  94.22 10009.00 2   0.0 -36.3     32868150   0   1400       989850
    32  0 1  94.22 10009.00 2   0.0 -37.5     33847650   0   1050       979500
    33  0 1  94.92 10009.00 2   0.0 -39.1     34817750   0   1050       970100
    34  0 1  95.98 10007.50 2   0.0 -40.9     35777500   0   1050       959750
    35  0 1  93.52 10007.50 2   0.0 -42.5     36727850   0   1300       950350
    36  0 1  94.57 10009.00 2   0.0 -46.6     38598400   0   1200      1870550
    37  0 1  95.27 10007.50 2   0.0 -48.4     39598250   0   1050       999850
    38  0 1  95.27 10007.50 2   0.0 -50.6     40588100   0   1400       989850
    39  0 1  95.98 10009.00 2   0.0 -53.1     41567650   0   1150       979550
    40  0 1  94.92 10007.50 2   0.0 -55.3     42537800   0   1050       970150
    41  0 1  94.92 10009.00 2   0.0 -57.5     43497550   0   1450       959750
    42  0 1  93.52 10009.00 2   0.0 -60.0     44447650   0   1400       950100
    43  0 1  93.52 10007.50 2   0.0 -62.5     45387800   0   1200       940150
    44  0 1  93.52 10009.00 2   0.0 -65.0     46317850   0   1150       930050
