    NO  S V  AOA    FREQ    B  FMOP  AMP      TOA      PMOP  PW         dTOA  
------ -- - ------ -------- - ----- ----- ------------ --- ------ ------------
     0  0 1  95.62 10009.00 2   0.0 -70.0            0   0   1500  42949673000
     1  0 1  95.27 10009.00 2   0.0 -67.5      1000450   0   1450      1000450
     2  0 1  93.87 10009.00 2   0.0 -65.0      1990850   0   1400       990400
     3  0 1  93.87 10007.50 2   0.0 -62.5      2970600   0   1400       979750
     4  0 1  95.27 10009.00 2   0.0 -60.0      3940300   0   1200       969700
     5  0 1  93.87 10007.50 2   0.0 -57.5      4900050   0   1350       959750
     6  0 1  94.92 10009.00 2   0.0 -55.3      5849950   0   1200       949900
     7  0 1  93.87 10009.00 2   0.0 -53.1      6790000   0   1050       940050
     8  0 1  95.27 10009.00 2   0.0 -50.6      7720300   0   1450       930300
     9  0 1  94.92 10009.00 2   0.0 -46.6      9710350   0   1350      1990050
    10  0 1  94.57 10009.00 2   0.0 -44.4     10689950   0   1050       979600
    11  0 1  93.52 10007.50 2   0.0 -42.5     11660050   0   1150       970100
    12  0 1  94.57 10009.00 2   0.0 -40.9     12620150   0   1100       960100
    13  0 1  94.92 10007.50 2   0.0 -39.1     13569900   0   1200       949750
    14  0 1  93.52 10009.00 2   0.0 -37.5     14510000   0   1350       940100
    15  0 1  95.62 10009.00 2   0.0 -36.3     15440350   0   1500       930350
    16  0 1  94.57 10009.00 2   0.0 -35.0     16440250   0   1450       999900
    17  0 1  94.57 10007.50 2   0.0 -33.8     17430150   0   1500       989900
    18  0 1  93.87 10009.00 2   0.0 -31.9     19380650   0   1350      1950500
    19  0 1  94.92 10009.00 2   0.0 -31.3     20340150   0   1300       959500
    20  0 1  94.92 10009.00 2   0.0 -30.6     21290350   0   1200       950200
    21  0 1  93.52 10007.50 2   0.0 -30.3     22230450   0   1400       940100
    22  0 1  93.87 10007.50 2   0.0 -30.0     23160200   0   1100       929750
    23  0 1  95.62 10009.00 2   0.0 -30.0     24160100   0   1400       999900
    24  0 1  95.62 10009.00 2   0.0 -30.0     25150000   0   1050       989900
    25  0 1  95.27 10009.00 2   0.0 -30.3     26129700   0   1100       979700
    26  0 1  93.52 10009.00 2   0.0 -30.6     27099350   0   1400       969650
    27  0 1  94.57 10007.50 2   0.0 -31.9     29009350   0   1250      1910000
    28  0 1  93.87 10009.00 2   0.0 -32.8     29949000   0   1050       939650
    29  0 1  95.62 10009.00 2   0.0 -33.8     30878550   0   1350       929550
    30  0 1  95.27 10009.00 2   0.0 -35.0     31878100   0   1300       999550
    31  0 1  95.27 10007.50 2   0.0 -36.3     32868400   0   1150       990300
    32  0 1  95.27 10009.00 2   0.0 -37.5     33848700   0   1100       980300
    33  0 1  95.27 10009.00 2   0.0 -39.1     34818250   0   1400       969550
    34  0 1  94.22 10007.50 2   0.0 -40.9     35777750   0   1450       959500
    35  0 1  94.57 10009.00 2   0.0 -42.5     36727500   0   1100       949750
    36  0 1  95.27 10007.50 2   0.0 -46.6     38597050   0   1150      1869550
    37  0 1  95.62 10009.00 2   0.0 -48.4     39597300   0   1050      1000250
    38  0 1  95.98 10009.00 2   0.0 -50.6     40587100   0   1150       989800
    39  0 1  94.22 10007.50 2   0.0 -53.1     41567150   0   1150       980050
    40  0 1  93.52 10009.00 2   0.0 -55.3     42537150   0   1350       970000
    41  0 1  93.52 10009.00 2   0.0 -57.5     43497250   0   1150       960100
    42  0 1  94.22 10007.50 2   0.0 -60.0     44447300   0   1450       950050
    43  0 1  94.92 10007.50 2   0.0 -62.5     45387300   0   1300       940000
    44  0 1  95.62 10007.50 2   0.0 -65.0     46316900   0   1300       929600
