    NO  S V  AOA    FREQ    B  FMOP  AMP      TOA      PMOP  PW         dTOA  
------ -- - ------ -------- - ----- ----- ------------ --- ------ ------------
     0  0 1  95.62 10000.00 2   0.0 -70.0            0   0   1300  42949673000
     1  0 1  95.27 10019.50 2   0.0 -68.8      2040100   0   1400      2040100
     2  0 1  94.57 10030.00 2   0.0 -68.1      3010000   0   1100       969900
     3  0 1  95.27 10040.50 2   0.0 -67.5      3990450   0   1450       980450
     4  0 1  94.22 10048.00 2   0.0 -66.9      4990300   0   1200       999850
     5  0 1  95.62 10055.50 2   0.0 -66.3      6000300   0   1300      1010000
     6  0 1  94.22 10063.00 2   0.0 -65.6      7020700   0   1300      1020400
     7  0 1  95.62 10069.00 2   0.0 -65.0      8010850   0   1400       990150
     8  0 1  95.62 10072.00 2   0.0 -64.4      9022650   0   1150      1011800
     9  0 1  94.57 10078.00 2   0.0 -63.8     10038750   0   1150      1016100
    10  0 1  94.92 10078.00 2   0.0 -62.5     12078750   0   1100      2040000
    11  0 1  94.57 10078.00 2   0.0 -61.9     13048800   0   1400       970050
    12  0 1  95.62 10075.00 2   0.0 -61.3     14028750   0   1500       979950
    13  0 1  95.27 10070.50 2   0.0 -60.6     15028650   0   1250       999900
    14  0 1  95.62 10066.00 2   0.0 -60.0     16039000   0   1350      1010350
    15  0 1  95.62 10060.00 2   0.0 -59.4     17058900   0   1100      1019900
    16  0 1  95.62 10051.00 2   0.0 -58.8     18049350   0   1100       990450
    17  0 1  95.27 10042.00 2   0.0 -58.1     19060850   0   1300      1011500
    18  0 1  94.22 10034.50 2   0.0 -57.5     20076650   0   1400      1015800
    19  0 1  94.22 10013.50 2   0.0 -56.6     22116250   0   1450      2039600
    20  0 1  94.57 10004.50 2   0.0 -55.9     23086450   0   1150       970200
    21  0 1  94.92  9994.00 2   0.0 -55.3     24066150   0   1050       979700
    22  0 1  94.57  9983.50 2   0.0 -54.7     25066400   0   1050      1000250
    23  0 1  94.22  9970.00 2   0.0 -54.1     26076000   0   1450      1009600
    24  0 1  94.57  9962.50 2   0.0 -53.4     27096250   0   1300      1020250
    25  0 1  94.92  9952.00 2   0.0 -53.1     28086450   0   1500       990200
    26  0 1  95.27  9946.00 2   0.0 -52.5     29098050   0   1050      1011600
    27  0 1  95.62  9938.50 2   0.0 -51.9     30113800   0   1150      1015750
    28  0 1  94.22  9925.00 2   0.0 -50.6     32153650   0   1300      2039850
    29  0 1  94.92  9922.00 2   0.0 -50.3     33123200   0   1300       969550
    30  0 1  95.27  9919.00 2   0.0 -49.7     34103600   0   1200       980400
    31  0 1  94.57  9920.50 2   0.0 -49.1     35103250   0   1200       999650
    32  0 1  94.22  9919.00 2   0.0 -48.4     36112750   0   1100      1009500
    33  0 1  95.27  9920.50 2   0.0 -48.1     37132700   0   1300      1019950
    34  0 1  94.57  9923.50 2   0.0 -47.5     38123150   0   1500       990450
    35  0 1  94.92  9928.00 2   0.0 -46.9     39134900   0   1200      1011750
    36  0 1  95.62  9937.00 2   0.0 -46.6     40150550   0   1300      1015650
    37  0 1  94.57  9952.00 2   0.0 -45.6     42190800   0   1350      2040250
    38  0 1  94.57  9961.00 2   0.0 -45.0     43161000   0   1450       970200
    39  0 1  95.62  9968.50 2   0.0 -44.4     44140550   0   1350       979550
    40  0 1  94.57  9980.50 2   0.0 -44.1     45140650   0   1050      1000100
    41  0 1  95.62  9988.00 2   0.0 -43.4     46150400   0   1400      1009750
    42  0 1  94.22 10000.00 2   0.0 -43.1     47170400   0   1500      1020000
    43  0 1  94.57 10012.00 2   0.0 -42.5     48160050   0   1450       989650
    44  0 1  95.62 10022.50 2   0.0 -42.2     49171800   0   1200      1011750
    45  0 1  95.62 10033.00 2   0.0 -41.6     50187300   0   1400      1015500
    46  0 1  95.62 10051.00 2   0.0 -40.9     52227250   0   1150      2039950
    47  0 1  95.62 10057.00 2   0.0 -40.3     53196900   0   1100       969650
    48  0 1  95.27 10064.50 2   0.0 -40.0     54177000   0   1400       980100
    49  0 1  94.57 10069.00 2   0.0 -39.7     55176700   0   1450       999700
    50  0 1  95.27 10075.00 2   0.0 -39.1     56186450   0   1050      1009750
    51  0 1  94.57 10076.50 2   0.0 -38.8     57206100   0   1300      1019650
    52  0 1  94.22 10078.00 2   0.0 -38.4     58196500   0   1400       990400
    53  0 1  94.92 10078.00 2   0.0 -38.1     59208800   0   1350      1012300
    54  0 1  94.92 10076.50 2   0.0 -37.5     60224300   0   1400      1015500
    55  0 1  94.22 10072.00 2   0.0 -36.9     62263800   0   1050      2039500
    56  0 1  95.27 10066.00 2   0.0 -36.6     63233700   0   1400       969900
    57  0 1  94.92 10060.00 2   0.0 -36.3     64213900   0   1150       980200
    58  0 1  94.22 10051.00 2   0.0 -35.9     65214050   0   1500      1000150
    59  0 1  94.57 10042.00 2   0.0 -35.6     66223600   0   1100      1009550
    60  0 1  94.57 10033.00 2   0.0 -35.3     67243900   0   1150      1020300
    61  0 1  94.57 10022.50 2   0.0 -35.0     68233850   0   1350       989950
    62  0 1  94.92 10013.50 2   0.0 -34.7     69245750   0   1350      1011900
    63  0 1  94.57 10003.00 2   0.0 -34.4     70261850   0   1400      1016100
    64  0 1  94.92  9979.00 2   0.0 -33.8     72302000   0   1500      2040150
    65  0 1  95.27  9970.00 2   0.0 -33.4     73272200   0   1500       970200
    66  0 1  95.27  9959.50 2   0.0 -33.4     74252350   0   1500       980150
    67  0 1  95.62  9952.00 2   0.0 -33.1     75252500   0   1050      1000150
    68  0 1  95.62  9943.00 2   0.0 -32.8     76262300   0   1350      1009800
    69  0 1  95.27  9937.00 2   0.0 -32.5     77281950   0   1200      1019650
    70  0 1  94.92  9931.00 2   0.0 -32.5     78272100   0   1450       990150
    71  0 1  94.57  9925.00 2   0.0 -32.2     79283650   0   1500      1011550
    72  0 1  95.27  9922.00 2   0.0 -31.9     80300000   0   1250      1016350
    73  0 1  94.92  9920.50 2   0.0 -31.6     82340050   0   1400      2040050
    74  0 1  94.92  9920.50 2   0.0 -31.6     83310200   0   1150       970150
    75  0 1  94.57  9920.50 2   0.0 -31.3     84290550   0   1200       980350
    76  0 1  94.92  9926.50 2   0.0 -31.3     85290500   0   1100       999950
    77  0 1  94.92  9931.00 2   0.0 -30.9     86300600   0   1450      1010100
    78  0 1  94.92  9935.50 2   0.0 -30.9     87320600   0   1100      1020000
    79  0 1  94.92  9943.00 2   0.0 -30.6     88310650   0   1400       990050
    80  0 1  95.27  9952.00 2   0.0 -30.6     89322750   0   1100      1012100
    81  0 1  95.62  9961.00 2   0.0 -30.6     90339200   0   1200      1016450
    82  0 1  94.57  9982.00 2   0.0 -30.3     92379650   0   1500      2040450
    83  0 1  94.92  9992.50 2   0.0 -30.3     93349500   0   1350       969850
    84  0 1  94.22 10001.50 2   0.0 -30.3     94329750   0   1250       980250
    85  0 1  95.62 10012.00 2   0.0 -30.0     95329300   0   1300       999550
    86  0 1  94.57 10022.50 2   0.0 -30.0     96339150   0   1500      1009850
    87  0 1  94.92 10034.50 2   0.0 -30.0     97359100   0   1100      1019950
    88  0 1  94.57 10042.00 2   0.0 -30.0     98349100   0   1050       990000
    89  0 1  95.62 10051.00 2   0.0 -30.0     99361450   0   1150      1012350
    90  0 1  94.22 10058.50 2   0.0 -30.0    100377550   0   1200      1016100
    91  0 1  95.62 10072.00 2   0.0 -30.0    102417250   0   1250      2039700
    92  0 1  94.22 10075.00 2   0.0 -30.0    103387250   0   1500       970000
    93  0 1  95.27 10076.50 2   0.0 -30.0    104367250   0   1050       980000
    94  0 1  94.22 10079.50 2   0.0 -30.0    105367050   0   1150       999800
    95  0 1  94.57 10078.00 2   0.0 -30.3    106377400   0   1150      1010350
    96  0 1  95.27 10078.00 2   0.0 -30.3    107397200   0   1450      1019800
    97  0 1  95.62 10075.00 2   0.0 -30.3    108387100   0   1300       989900
    98  0 1  94.57 10069.00 2   0.0 -30.3    109399100   0   1100      1012000
    99  0 1  95.62 10063.00 2   0.0 -30.6    110414950   0   1350      1015850
   100  0 1  94.57 10049.50 2   0.0 -30.6    112455000   0   1100      2040050
   101  0 1  95.27 10040.50 2   0.0 -30.9    113424800   0   1350       969800
   102  0 1  95.27 10031.50 2   0.0 -30.9    114404350   0   1450       979550
   103  0 1  94.92 10021.00 2   0.0 -31.3    115404700   0   1400      1000350
   104  0 1  94.22 10010.50 2   0.0 -31.3    116414300   0   1400      1009600
   105  0 1  95.62 10000.00 2   0.0 -31.6    117434150   0   1250      1019850
   106  0 1  94.22  9988.00 2   0.0 -31.6    118424050   0   1050       989900
   107  0 1  94.22  9977.50 2   0.0 -31.9    119436450   0   1050      1012400
   108  0 1  94.57  9968.50 2   0.0 -31.9    120452200   0   1150      1015750
   109  0 1  95.62  9949.00 2   0.0 -32.5    122492450   0   1250      2040250
   110  0 1  94.22  9941.50 2   0.0 -32.5    123462000   0   1500       969550
   111  0 1  94.22  9934.00 2   0.0 -32.8    124442250   0   1150       980250
   112  0 1  94.22  9931.00 2   0.0 -33.1    125442200   0   1400       999950
   113  0 1  95.27  9925.00 2   0.0 -33.4    126452050   0   1500      1009850
   114  0 1  95.27  9922.00 2   0.0 -33.4    127471950   0   1050      1019900
   115  0 1  95.27  9919.00 2   0.0 -33.8    128461700   0   1450       989750
   116  0 1  95.62  9919.00 2   0.0 -34.1    129474150   0   1350      1012450
   117  0 1  95.62  9922.00 2   0.0 -34.4    130490450   0   1450      1016300
   118  0 1  94.92  9925.00 2   0.0 -35.0    132530550   0   1100      2040100
   119  0 1  94.57  9931.00 2   0.0 -35.3    133500750   0   1350       970200
   120  0 1  94.92  9938.50 2   0.0 -35.6    134480350   0   1500       979600
   121  0 1  94.57  9946.00 2   0.0 -35.9    135480650   0   1350      1000300
   122  0 1  94.22  9953.50 2   0.0 -36.3    136491100   0   1350      1010450
   123  0 1  95.27  9964.00 2   0.0 -36.6    137511150   0   1250      1020050
   124  0 1  94.57  9971.50 2   0.0 -36.9    138501350   0   1150       990200
   125  0 1  95.27  9985.00 2   0.0 -37.2    139512850   0   1050      1011500
   126  0 1  95.27  9994.00 2   0.0 -37.5    140528650   0   1300      1015800
   127  0 1  95.62 10015.00 2   0.0 -38.4    142569400   0   1400      2040750
   128  0 1  94.22 10027.00 2   0.0 -38.8    143539000   0   1050       969600
   129  0 1  95.62 10036.00 2   0.0 -39.1    144518950   0   1300       979950
   130  0 1  94.22 10045.00 2   0.0 -39.7    145519350   0   1300      1000400
   131  0 1  94.57 10051.00 2   0.0 -40.0    146529500   0   1050      1010150
   132  0 1  94.57 10061.50 2   0.0 -40.3    147549450   0   1100      1019950
   133  0 1  94.22 10066.00 2   0.0 -40.9    148539550   0   1050       990100
   134  0 1  95.27 10072.00 2   0.0 -41.3    149551400   0   1150      1011850
   135  0 1  94.92 10076.50 2   0.0 -41.6    150567600   0   1150      1016200
   136  0 1  95.62 10079.50 2   0.0 -42.5    152607750   0   1100      2040150
   137  0 1  95.27 10078.00 2   0.0 -43.1    153577350   0   1400       969600
   138  0 1  95.27 10078.00 2   0.0 -43.4    154557300   0   1050       979950
   139  0 1  94.22 10072.00 2   0.0 -44.1    155556850   0   1450       999550
   140  0 1  94.22 10069.00 2   0.0 -44.4    156566550   0   1050      1009700
   141  0 1  95.27 10061.50 2   0.0 -45.0    157586600   0   1400      1020050
   142  0 1  94.57 10057.00 2   0.0 -45.6    158576300   0   1100       989700
   143  0 1  95.27 10048.00 2   0.0 -45.9    159588000   0   1300      1011700
   144  0 1  95.62 10037.50 2   0.0 -46.6    160603900   0   1500      1015900
   145  0 1  94.92 10018.00 2   0.0 -47.5    162643250   0   1050      2039350
   146  0 1  94.57 10009.00 2   0.0 -48.1    163613300   0   1200       970050
   147  0 1  95.27  9998.50 2   0.0 -48.4    164593200   0   1050       979900
   148  0 1  95.62  9986.50 2   0.0 -49.1    165592700   0   1450       999500
   149  0 1  94.22  9977.50 2   0.0 -49.7    166602700   0   1500      1010000
   150  0 1  95.27  9967.00 2   0.0 -50.3    167622950   0   1150      1020250
   151  0 1  94.57  9958.00 2   0.0 -50.6    168613150   0   1100       990200
   152  0 1  95.62  9949.00 2   0.0 -51.3    169625450   0   1050      1012300
   153  0 1  95.27  9940.00 2   0.0 -51.9    170641550   0   1150      1016100
   154  0 1  94.57  9928.00 2   0.0 -53.1    172681350   0   1450      2039800
   155  0 1  94.22  9925.00 2   0.0 -53.4    173651450   0   1150       970100
   156  0 1  94.57  9920.50 2   0.0 -54.1    174631600   0   1500       980150
   157  0 1  94.92  9919.00 2   0.0 -54.7    175631500   0   1150       999900
   158  0 1  95.27  9919.00 2   0.0 -55.3    176641300   0   1250      1009800
   159  0 1  94.22  9919.00 2   0.0 -55.9    177661550   0   1100      1020250
   160  0 1  94.22  9925.00 2   0.0 -56.6    178651350   0   1250       989800
   161  0 1  94.92  9928.00 2   0.0 -57.2    179663000   0   1250      1011650
   162  0 1  95.62  9934.00 2   0.0 -57.5    180678850   0   1200      1015850
   163  0 1  94.22  9946.00 2   0.0 -58.8    182719100   0   1150      2040250
   164  0 1  94.92  9955.00 2   0.0 -59.4    183688600   0   1500       969500
   165  0 1  94.57  9964.00 2   0.0 -60.0    184668150   0   1500       979550
   166  0 1  94.92  9973.00 2   0.0 -60.6    185667750   0   1050       999600
   167  0 1  95.27  9985.00 2   0.0 -61.3    186677750   0   1100      1010000
   168  0 1  95.62  9997.00 2   0.0 -61.9    187697950   0   1250      1020200
   169  0 1  94.92 10006.00 2   0.0 -62.5    188688200   0   1400       990250
   170  0 1  94.57 10018.00 2   0.0 -63.1    189700050   0   1100      1011850
   171  0 1  94.57 10028.50 2   0.0 -63.8    190716450   0   1050      1016400
   172  0 1  95.27 10048.00 2   0.0 -65.0    192756450   0   1450      2040000
   173  0 1  94.57 10055.50 2   0.0 -65.6    193726000   0   1350       969550
   174  0 1  94.92 10060.00 2   0.0 -66.3    194705800   0   1250       979800
   175  0 1  94.92 10067.50 2   0.0 -66.9    195706250   0   1250      1000450
   176  0 1  95.27 10073.50 2   0.0 -67.5    196716400   0   1250      1010150
   177  0 1  94.92 10075.00 2   0.0 -68.1    197736050   0   1150      1019650
   178  0 1  95.62 10079.50 2   0.0 -68.8    198726300   0   1050       990250
   179  0 1  95.27 10079.50 2   0.0 -69.4    199737950   0   1100      1011650
