    NO  S V  AOA    FREQ    B  FMOP  AMP      TOA      PMOP  PW         dTOA  
------ -- - ------ -------- - ----- ----- ------------ --- ------ ------------
     0  0 1  94.57 10000.00 2   0.0 -70.0            0   0   1300  42949673000
     1  0 1  94.92 10009.00 2   0.0 -69.4      1030200   0   1500      1030200
     2  0 1  95.62 10021.00 2   0.0 -68.8      2039950   0   1250      1009750
     3  0 1  94.57 10030.00 2   0.0 -68.1      3010050   0   1300       970100
     4  0 1  95.62 10039.00 2   0.0 -67.5      3989650   0   1300       979600
     5  0 1  95.27 10049.50 2   0.0 -66.9      4989700   0   1450      1000050
     6  0 1  95.27 10057.00 2   0.0 -66.3      5999900   0   1400      1010200
     7  0 1  95.27 10064.50 2   0.0 -65.6      7020300   0   1150      1020400
     8  0 1  94.22 10069.00 2   0.0 -65.0      8009900   0   1300       989600
     9  0 1  94.92 10078.00 2   0.0 -63.8     10037750   0   1250      2027850
    10  0 1  94.92 10078.00 2   0.0 -63.1     11067550   0   1100      1029800
    11  0 1  94.22 10079.50 2   0.0 -62.5     12077850   0   1450      1010300
    12  0 1  94.22 10078.00 2   0.0 -61.9     13047950   0   1150       970100
    13  0 1  94.22 10075.00 2   0.0 -61.3     14028100   0   1500       980150
    14  0 1  94.57 10072.00 2   0.0 -60.6     15028050   0   1350       999950
    15  0 1  95.62 10067.50 2   0.0 -60.0     16038450   0   1150      1010400
    16  0 1  95.27 10060.00 2   0.0 -59.4     17058200   0   1050      1019750
    17  0 1  95.62 10052.50 2   0.0 -58.8     18048150   0   1250       989950
    18  0 1  94.22 10034.50 2   0.0 -57.5     20076200   0   1300      2028050
    19  0 1  95.62 10024.00 2   0.0 -57.2     21106450   0   1300      1030250
    20  0 1  94.92 10013.50 2   0.0 -56.6     22116550   0   1250      1010100
    21  0 1  95.62 10003.00 2   0.0 -55.9     23086350   0   1050       969800
    22  0 1  95.27  9992.50 2   0.0 -55.3     24066100   0   1100       979750
    23  0 1  94.57  9982.00 2   0.0 -54.7     25065750   0   1400       999650
    24  0 1  94.92  9973.00 2   0.0 -54.1     26075600   0   1350      1009850
    25  0 1  95.27  9961.00 2   0.0 -53.4     27095350   0   1400      1019750
    26  0 1  94.57  9952.00 2   0.0 -53.1     28085000   0   1300       989650
    27  0 1  94.22  9938.50 2   0.0 -51.9     30113050   0   1100      2028050
    28  0 1  94.57  9931.00 2   0.0 -51.3     31143350   0   1250      1030300
    29  0 1  95.62  9926.50 2   0.0 -50.6     32153550   0   1350      1010200
    30  0 1  94.22  9922.00 2   0.0 -50.3     33123300   0   1300       969750
    31  0 1  94.57  9920.50 2   0.0 -49.7     34103100   0   1100       979800
    32  0 1  94.92  9920.50 2   0.0 -49.1     35102950   0   1450       999850
    33  0 1  94.57  9919.00 2   0.0 -48.4     36113400   0   1050      1010450
    34  0 1  94.22  9922.00 2   0.0 -48.1     37132950   0   1350      1019550
    35  0 1  94.92  9923.50 2   0.0 -47.5     38122600   0   1050       989650
    36  0 1  95.27  9934.00 2   0.0 -46.6     40150600   0   1500      2028000
    37  0 1  95.27  9943.00 2   0.0 -45.9     41180400   0   1450      1029800
    38  0 1  94.22  9952.00 2   0.0 -45.6     42190350   0   1050      1009950
    39  0 1  94.22  9959.50 2   0.0 -45.0     43160550   0   1100       970200
    40  0 1  95.62  9968.50 2   0.0 -44.4     44140600   0   1500       980050
    41  0 1  94.92  9979.00 2   0.0 -44.1     45140800   0   1400      1000200
    42  0 1  95.62  9989.50 2   0.0 -43.4     46150450   0   1250      1009650
    43  0 1  94.22 10000.00 2   0.0 -43.1     47170350   0   1100      1019900
    44  0 1  95.62 10012.00 2   0.0 -42.5     48159950   0   1050       989600
    45  0 1  94.92 10031.50 2   0.0 -41.6     50188050   0   1100      2028100
    46  0 1  95.62 10040.50 2   0.0 -41.3     51218050   0   1500      1030000
    47  0 1  95.27 10051.00 2   0.0 -40.9     52227750   0   1150      1009700
    48  0 1  94.92 10058.50 2   0.0 -40.3     53197600   0   1100       969850
    49  0 1  94.92 10066.00 2   0.0 -40.0     54177500   0   1400       979900
    50  0 1  94.57 10069.00 2   0.0 -39.7     55177300   0   1450       999800
    51  0 1  94.22 10075.00 2   0.0 -39.1     56187300   0   1350      1010000
    52  0 1  94.92 10078.00 2   0.0 -38.8     57206900   0   1500      1019600
    53  0 1  94.22 10079.50 2   0.0 -38.4     58196750   0   1500       989850
    54  0 1  94.22 10076.50 2   0.0 -37.5     60224350   0   1150      2027600
    55  0 1  94.92 10075.00 2   0.0 -37.2     61254600   0   1350      1030250
    56  0 1  95.27 10070.50 2   0.0 -36.9     62264500   0   1200      1009900
    57  0 1  94.57 10066.00 2   0.0 -36.6     63234650   0   1150       970150
    58  0 1  94.57 10060.00 2   0.0 -36.3     64214750   0   1450       980100
    59  0 1  94.22 10049.50 2   0.0 -35.9     65215100   0   1450      1000350
    60  0 1  94.22 10043.50 2   0.0 -35.6     66225350   0   1250      1010250
    61  0 1  94.22 10031.50 2   0.0 -35.3     67245000   0   1450      1019650
    62  0 1  94.57 10021.00 2   0.0 -35.0     68235000   0   1200       990000
    63  0 1  94.22 10003.00 2   0.0 -34.4     70263800   0   1400      2028800
    64  0 1  94.22  9989.50 2   0.0 -34.1     71293400   0   1500      1029600
    65  0 1  95.62  9979.00 2   0.0 -33.8     72303100   0   1300      1009700
    66  0 1  94.22  9970.00 2   0.0 -33.4     73273550   0   1350       970450
    67  0 1  94.92  9961.00 2   0.0 -33.4     74253800   0   1300       980250
    68  0 1  94.92  9952.00 2   0.0 -33.1     75254050   0   1300      1000250
    69  0 1  94.92  9943.00 2   0.0 -32.8     76263700   0   1300      1009650
    70  0 1  95.62  9937.00 2   0.0 -32.5     77284100   0   1300      1020400
    71  0 1  94.22  9931.00 2   0.0 -32.5     78274150   0   1100       990050
    72  0 1  94.57  9922.00 2   0.0 -31.9     80302500   0   1350      2028350
    73  0 1  94.92  9919.00 2   0.0 -31.9     81332000   0   1300      1029500
    74  0 1  95.27  9919.00 2   0.0 -31.6     82341700   0   1350      1009700
    75  0 1  94.22  9920.50 2   0.0 -31.6     83311650   0   1100       969950
    76  0 1  94.22  9922.00 2   0.0 -31.3     84291650   0   1400       980000
    77  0 1  94.22  9925.00 2   0.0 -31.3     85291750   0   1400      1000100
    78  0 1  94.57  9931.00 2   0.0 -30.9     86301250   0   1400      1009500
    79  0 1  94.92  9937.00 2   0.0 -30.9     87321500   0   1300      1020250
    80  0 1  95.62  9943.00 2   0.0 -30.6     88311800   0   1100       990300
    81  0 1  94.57  9961.00 2   0.0 -30.6     90339900   0   1050      2028100
    82  0 1  94.22  9971.50 2   0.0 -30.3     91369600   0   1050      1029700
    83  0 1  95.62  9982.00 2   0.0 -30.3     92379250   0   1500      1009650
    84  0 1  94.92  9992.50 2   0.0 -30.3     93349000   0   1200       969750
    85  0 1  95.27 10003.00 2   0.0 -30.3     94329200   0   1200       980200
    86  0 1  94.22 10015.00 2   0.0 -30.0     95328900   0   1100       999700
    87  0 1  95.27 10024.00 2   0.0 -30.0     96339350   0   1050      1010450
    88  0 1  94.57 10033.00 2   0.0 -30.0     97359300   0   1100      1019950
    89  0 1  95.62 10043.50 2   0.0 -30.0     98349700   0   1150       990400
    90  0 1  94.22 10058.50 2   0.0 -30.0    100377800   0   1400      2028100
    91  0 1  95.62 10064.50 2   0.0 -30.0    101407800   0   1050      1030000
    92  0 1  95.27 10070.50 2   0.0 -30.0    102417350   0   1150      1009550
    93  0 1  94.22 10076.50 2   0.0 -30.0    103387150   0   1350       969800
    94  0 1  94.22 10078.00 2   0.0 -30.0    104366700   0   1350       979550
    95  0 1  94.92 10078.00 2   0.0 -30.0    105366850   0   1250      1000150
    96  0 1  95.27 10078.00 2   0.0 -30.3    106376900   0   1150      1010050
    97  0 1  94.22 10078.00 2   0.0 -30.3    107397100   0   1100      1020200
    98  0 1  94.22 10075.00 2   0.0 -30.3    108387400   0   1250       990300
    99  0 1  94.22 10063.00 2   0.0 -30.6    110415650   0   1300      2028250
   100  0 1  95.62 10057.00 2   0.0 -30.6    111446000   0   1100      1030350
   101  0 1  95.27 10048.00 2   0.0 -30.6    112456150   0   1150      1010150
   102  0 1  94.22 10042.00 2   0.0 -30.9    113426250   0   1150       970100
   103  0 1  94.22 10030.00 2   0.0 -30.9    114405800   0   1200       979550
   104  0 1  95.27 10022.50 2   0.0 -31.3    115405300   0   1200       999500
   105  0 1  95.62 10009.00 2   0.0 -31.3    116415400   0   1050      1010100
   106  0 1  94.22 10000.00 2   0.0 -31.6    117435600   0   1250      1020200
   107  0 1  94.92  9991.00 2   0.0 -31.6    118426000   0   1150       990400
   108  0 1  95.62  9970.00 2   0.0 -31.9    120454000   0   1350      2028000
   109  0 1  94.92  9959.50 2   0.0 -32.2    121483800   0   1150      1029800
   110  0 1  95.27  9949.00 2   0.0 -32.5    122493450   0   1300      1009650
   111  0 1  94.22  9941.50 2   0.0 -32.5    123463400   0   1200       969950
   112  0 1  94.92  9934.00 2   0.0 -32.8    124443600   0   1400       980200
   113  0 1  94.22  9931.00 2   0.0 -33.1    125443900   0   1100      1000300
   114  0 1  95.62  9923.50 2   0.0 -33.4    126454050   0   1050      1010150
   115  0 1  95.62  9922.00 2   0.0 -33.4    127474500   0   1500      1020450
   116  0 1  94.22  9920.50 2   0.0 -33.8    128464400   0   1100       989900
   117  0 1  94.22  9922.00 2   0.0 -34.4    130493200   0   1350      2028800
   118  0 1  95.62  9922.00 2   0.0 -34.7    131523600   0   1050      1030400
   119  0 1  94.57  9928.00 2   0.0 -35.0    132534050   0   1100      1010450
   120  0 1  95.27  9931.00 2   0.0 -35.3    133504250   0   1100       970200
   121  0 1  95.27  9937.00 2   0.0 -35.6    134484600   0   1500       980350
   122  0 1  94.92  9946.00 2   0.0 -35.9    135484200   0   1100       999600
   123  0 1  95.62  9955.00 2   0.0 -36.3    136494200   0   1250      1010000
   124  0 1  94.92  9964.00 2   0.0 -36.6    137514500   0   1050      1020300
   125  0 1  94.22  9971.50 2   0.0 -36.9    138504200   0   1400       989700
   126  0 1  94.57  9994.00 2   0.0 -37.5    140532350   0   1150      2028150
   127  0 1  95.27 10006.00 2   0.0 -38.1    141561850   0   1050      1029500
   128  0 1  94.22 10015.00 2   0.0 -38.4    142571600   0   1400      1009750
   129  0 1  95.62 10027.00 2   0.0 -38.8    143541250   0   1450       969650
   130  0 1  95.27 10036.00 2   0.0 -39.1    144520750   0   1050       979500
   131  0 1  95.62 10045.00 2   0.0 -39.7    145520650   0   1300       999900
   132  0 1  94.57 10054.00 2   0.0 -40.0    146530300   0   1050      1009650
   133  0 1  95.27 10060.00 2   0.0 -40.3    147550250   0   1300      1019950
   134  0 1  94.22 10066.00 2   0.0 -40.9    148540300   0   1300       990050
   135  0 1  94.57 10076.50 2   0.0 -41.6    150567950   0   1050      2027650
   136  0 1  95.27 10079.50 2   0.0 -42.2    151597650   0   1050      1029700
   137  0 1  94.92 10079.50 2   0.0 -42.5    152608100   0   1250      1010450
   138  0 1  95.62 10079.50 2   0.0 -43.1    153577750   0   1500       969650
   139  0 1  95.27 10075.00 2   0.0 -43.4    154557550   0   1100       979800
   140  0 1  95.27 10075.00 2   0.0 -44.1    155557550   0   1350      1000000
   141  0 1  95.27 10069.00 2   0.0 -44.4    156567800   0   1100      1010250
   142  0 1  94.92 10063.00 2   0.0 -45.0    157587700   0   1100      1019900
   143  0 1  95.62 10054.00 2   0.0 -45.6    158577250   0   1300       989550
   144  0 1  95.27 10039.00 2   0.0 -46.6    160604500   0   1200      2027250
   145  0 1  94.92 10028.50 2   0.0 -46.9    161634500   0   1350      1030000
   146  0 1  94.92 10018.00 2   0.0 -47.5    162644500   0   1050      1010000
   147  0 1  94.57 10009.00 2   0.0 -48.1    163614450   0   1500       969950
   148  0 1  94.22  9997.00 2   0.0 -48.4    164594200   0   1500       979750
   149  0 1  94.57  9988.00 2   0.0 -49.1    165594100   0   1100       999900
   150  0 1  95.62  9976.00 2   0.0 -49.7    166603700   0   1150      1009600
   151  0 1  95.62  9965.50 2   0.0 -50.3    167623200   0   1500      1019500
   152  0 1  94.57  9958.00 2   0.0 -50.6    168613550   0   1200       990350
   153  0 1  95.62  9940.00 2   0.0 -51.9    170641050   0   1100      2027500
   154  0 1  94.22  9934.00 2   0.0 -52.5    171670800   0   1250      1029750
   155  0 1  94.57  9926.50 2   0.0 -53.1    172680350   0   1100      1009550
   156  0 1  94.57  9922.00 2   0.0 -53.4    173650350   0   1500       970000
   157  0 1  94.22  9920.50 2   0.0 -54.1    174630400   0   1250       980050
   158  0 1  95.62  9919.00 2   0.0 -54.7    175630000   0   1100       999600
   159  0 1  95.62  9919.00 2   0.0 -55.3    176640050   0   1500      1010050
   160  0 1  94.92  9919.00 2   0.0 -55.9    177659800   0   1400      1019750
   161  0 1  95.27  9925.00 2   0.0 -56.6    178650200   0   1250       990400
   162  0 1  94.92  9931.00 2   0.0 -57.5    180678700   0   1300      2028500
   163  0 1  95.27  9940.00 2   0.0 -58.1    181708200   0   1300      1029500
   164  0 1  94.22  9946.00 2   0.0 -58.8    182718300   0   1100      1010100
   165  0 1  94.57  9955.00 2   0.0 -59.4    183688250   0   1200       969950
   166  0 1  94.22  9964.00 2   0.0 -60.0    184667950   0   1100       979700
   167  0 1  94.57  9973.00 2   0.0 -60.6    185667700   0   1400       999750
   168  0 1  94.57  9985.00 2   0.0 -61.3    186678150   0   1200      1010450
   169  0 1  95.62  9994.00 2   0.0 -61.9    187697900   0   1200      1019750
   170  0 1  94.57 10006.00 2   0.0 -62.5    188688250   0   1200       990350
   171  0 1  94.57 10027.00 2   0.0 -63.8    190716600   0   1350      2028350
   172  0 1  94.57 10036.00 2   0.0 -64.4    191746950   0   1350      1030350
   173  0 1  95.27 10048.00 2   0.0 -65.0    192756800   0   1500      1009850
   174  0 1  95.27 10055.50 2   0.0 -65.6    193726350   0   1250       969550
   175  0 1  94.57 10063.00 2   0.0 -66.3    194706250   0   1450       979900
   176  0 1  95.62 10069.00 2   0.0 -66.9    195705800   0   1500       999550
   177  0 1  95.62 10072.00 2   0.0 -67.5    196715900   0   1200      1010100
   178  0 1  94.92 10076.50 2   0.0 -68.1    197735700   0   1450      1019800
   179  0 1  94.92 10078.00 2   0.0 -68.8    198726000   0   1400       990300
