    NO  S V  AOA    FREQ    B  FMOP  AMP      TOA      PMOP  PW         dTOA  
------ -- - ------ -------- - ----- ----- ------------ --- ------ ------------
     0  0 1  94.22  9998.50 2   0.0 -70.0            0   0   1300  42949673000
     1  0 1  95.62 10009.00 2   0.0 -69.4      1030150   0   1200      1030150
     2  0 1  94.92 10021.00 2   0.0 -68.8      2039800   0   1250      1009650
     3  0 1  95.27 10031.50 2   0.0 -68.1      3009500   0   1100       969700
     4  0 1  95.62 10049.50 2   0.0 -66.9      4989500   0   1200      1980000
     5  0 1  94.22 10055.50 2   0.0 -66.3      5999200   0   1100      1009700
     6  0 1  95.27 10063.00 2   0.0 -65.6      7018800   0   1250      1019600
     7  0 1  95.27 10069.00 2   0.0 -65.0      8008600   0   1350       989800
     8  0 1  94.57 10073.50 2   0.0 -64.4      9020300   0   1050      1011700
     9  0 1  94.22 10076.50 2   0.0 -63.8     10036550   0   1500      1016250
    10  0 1  95.62 10078.00 2   0.0 -63.1     11066850   0   1350      1030300
    11  0 1  94.57 10078.00 2   0.0 -62.5     12077150   0   1100      1010300
    12  0 1  94.22 10076.50 2   0.0 -61.9     13046750   0   1400       969600
    13  0 1  94.22 10070.50 2   0.0 -60.6     15027100   0   1100      1980350
    14  0 1  95.27 10066.00 2   0.0 -60.0     16036700   0   1200      1009600
    15  0 1  95.27 10060.00 2   0.0 -59.4     17057000   0   1300      1020300
    16  0 1  95.27 10054.00 2   0.0 -58.8     18047150   0   1250       990150
    17  0 1  95.27 10042.00 2   0.0 -58.1     19058800   0   1250      1011650
    18  0 1  95.62 10034.50 2   0.0 -57.5     20075150   0   1100      1016350
    19  0 1  95.27 10024.00 2   0.0 -57.2     21104650   0   1250      1029500
    20  0 1  94.57 10012.00 2   0.0 -56.6     22114650   0   1200      1010000
    21  0 1  95.27 10004.50 2   0.0 -55.9     23084300   0   1200       969650
    22  0 1  95.62  9982.00 2   0.0 -54.7     25063500   0   1350      1979200
    23  0 1  94.57  9973.00 2   0.0 -54.1     26073100   0   1050      1009600
    24  0 1  95.27  9964.00 2   0.0 -53.4     27093500   0   1050      1020400
    25  0 1  94.22  9952.00 2   0.0 -53.1     28083550   0   1150       990050
    26  0 1  94.22  9946.00 2   0.0 -52.5     29095250   0   1300      1011700
    27  0 1  94.92  9937.00 2   0.0 -51.9     30111650   0   1350      1016400
    28  0 1  94.57  9929.50 2   0.0 -51.3     31142000   0   1500      1030350
    29  0 1  95.62  9925.00 2   0.0 -50.6     32151900   0   1300      1009900
    30  0 1  94.92  9922.00 2   0.0 -50.3     33122150   0   1250       970250
    31  0 1  94.22  9919.00 2   0.0 -49.1     35102900   0   1200      1980750
    32  0 1  94.92  9920.50 2   0.0 -48.4     36112900   0   1100      1010000
    33  0 1  94.22  9922.00 2   0.0 -48.1     37132500   0   1250      1019600
    34  0 1  94.22  9925.00 2   0.0 -47.5     38122200   0   1350       989700
    35  0 1  94.22  9931.00 2   0.0 -46.9     39134250   0   1300      1012050
    36  0 1  95.27  9937.00 2   0.0 -46.6     40150250   0   1450      1016000
    37  0 1  94.57  9941.50 2   0.0 -45.9     41180600   0   1050      1030350
    38  0 1  94.57  9952.00 2   0.0 -45.6     42190750   0   1100      1010150
    39  0 1  95.27  9961.00 2   0.0 -45.0     43160400   0   1400       969650
    40  0 1  95.27  9979.00 2   0.0 -44.1     45141000   0   1250      1980600
    41  0 1  95.27  9991.00 2   0.0 -43.4     46151150   0   1300      1010150
    42  0 1  94.22 10000.00 2   0.0 -43.1     47171450   0   1250      1020300
    43  0 1  94.57 10012.00 2   0.0 -42.5     48161400   0   1150       989950
    44  0 1  94.92 10021.00 2   0.0 -42.2     49173700   0   1400      1012300
    45  0 1  94.57 10033.00 2   0.0 -41.6     50190150   0   1350      1016450
    46  0 1  94.57 10040.50 2   0.0 -41.3     51219950   0   1500      1029800
    47  0 1  94.57 10051.00 2   0.0 -40.9     52229750   0   1300      1009800
    48  0 1  94.57 10057.00 2   0.0 -40.3     53199250   0   1350       969500
    49  0 1  95.62 10070.50 2   0.0 -39.7     55178400   0   1100      1979150
    50  0 1  95.27 10073.50 2   0.0 -39.1     56188150   0   1150      1009750
    51  0 1  95.27 10078.00 2   0.0 -38.8     57207950   0   1250      1019800
    52  0 1  94.57 10078.00 2   0.0 -38.4     58197800   0   1350       989850
    53  0 1  95.62 10078.00 2   0.0 -38.1     59210100   0   1200      1012300
    54  0 1  94.22 10078.00 2   0.0 -37.5     60225800   0   1500      1015700
    55  0 1  95.62 10075.00 2   0.0 -37.2     61256100   0   1050      1030300
    56  0 1  94.57 10072.00 2   0.0 -36.9     62266000   0   1050      1009900
    57  0 1  95.62 10066.00 2   0.0 -36.6     63236050   0   1500       970050
    58  0 1  95.27 10051.00 2   0.0 -35.9     65215600   0   1050      1979550
    59  0 1  95.62 10043.50 2   0.0 -35.6     66226000   0   1100      1010400
    60  0 1  94.92 10033.00 2   0.0 -35.3     67245800   0   1150      1019800
    61  0 1  94.57 10024.00 2   0.0 -35.0     68236200   0   1200       990400
    62  0 1  94.92 10012.00 2   0.0 -34.7     69248550   0   1050      1012350
    63  0 1  95.27 10003.00 2   0.0 -34.4     70264150   0   1250      1015600
    64  0 1  95.27  9989.50 2   0.0 -34.1     71294250   0   1050      1030100
    65  0 1  94.92  9979.00 2   0.0 -33.8     72304350   0   1250      1010100
    66  0 1  94.92  9970.00 2   0.0 -33.4     73274600   0   1450       970250
    67  0 1  94.57  9952.00 2   0.0 -33.1     75254800   0   1350      1980200
    68  0 1  95.27  9943.00 2   0.0 -32.8     76264750   0   1050      1009950
    69  0 1  94.22  9934.00 2   0.0 -32.5     77284250   0   1100      1019500
    70  0 1  94.22  9929.50 2   0.0 -32.5     78273850   0   1100       989600
    71  0 1  95.27  9925.00 2   0.0 -32.2     79285400   0   1350      1011550
    72  0 1  95.27  9920.50 2   0.0 -31.9     80301600   0   1400      1016200
    73  0 1  94.22  9920.50 2   0.0 -31.9     81332000   0   1050      1030400
    74  0 1  94.22  9920.50 2   0.0 -31.6     82341550   0   1150      1009550
    75  0 1  94.22  9920.50 2   0.0 -31.6     83311750   0   1450       970200
    76  0 1  94.22  9925.00 2   0.0 -31.3     85292050   0   1250      1980300
    77  0 1  94.22  9931.00 2   0.0 -30.9     86302050   0   1350      1010000
    78  0 1  94.92  9935.50 2   0.0 -30.9     87322400   0   1400      1020350
    79  0 1  95.62  9943.00 2   0.0 -30.6     88312550   0   1500       990150
    80  0 1  94.22  9952.00 2   0.0 -30.6     89324600   0   1050      1012050
    81  0 1  94.92  9961.00 2   0.0 -30.6     90340950   0   1500      1016350
    82  0 1  95.27  9971.50 2   0.0 -30.3     91370650   0   1400      1029700
    83  0 1  94.92  9982.00 2   0.0 -30.3     92380200   0   1450      1009550
    84  0 1  94.57  9991.00 2   0.0 -30.3     93350300   0   1400       970100
    85  0 1  95.27 10013.50 2   0.0 -30.0     95330800   0   1050      1980500
    86  0 1  95.62 10022.50 2   0.0 -30.0     96340350   0   1400      1009550
    87  0 1  94.57 10033.00 2   0.0 -30.0     97360100   0   1150      1019750
    88  0 1  95.62 10042.00 2   0.0 -30.0     98350350   0   1350       990250
    89  0 1  95.62 10051.00 2   0.0 -30.0     99362500   0   1500      1012150
    90  0 1  95.62 10058.50 2   0.0 -30.0    100378750   0   1400      1016250
    91  0 1  95.27 10064.50 2   0.0 -30.0    101408850   0   1500      1030100
    92  0 1  94.22 10070.50 2   0.0 -30.0    102418750   0   1450      1009900
    93  0 1  94.22 10076.50 2   0.0 -30.0    103388950   0   1300       970200
    94  0 1  94.92 10078.00 2   0.0 -30.0    105368750   0   1050      1979800
    95  0 1  94.92 10078.00 2   0.0 -30.3    106378250   0   1300      1009500
    96  0 1  94.92 10076.50 2   0.0 -30.3    107397850   0   1050      1019600
    97  0 1  95.62 10073.50 2   0.0 -30.3    108387600   0   1050       989750
    98  0 1  94.57 10069.00 2   0.0 -30.3    109399250   0   1200      1011650
    99  0 1  95.27 10064.50 2   0.0 -30.6    110415350   0   1300      1016100
   100  0 1  95.27 10057.00 2   0.0 -30.6    111444950   0   1400      1029600
   101  0 1  95.62 10048.00 2   0.0 -30.6    112454850   0   1500      1009900
   102  0 1  95.62 10040.50 2   0.0 -30.9    113424550   0   1350       969700
   103  0 1  94.92 10022.50 2   0.0 -31.3    115404150   0   1050      1979600
   104  0 1  94.92 10012.00 2   0.0 -31.3    116414450   0   1350      1010300
   105  0 1  94.57  9998.50 2   0.0 -31.6    117434100   0   1350      1019650
   106  0 1  95.27  9988.00 2   0.0 -31.6    118423750   0   1250       989650
   107  0 1  94.22  9979.00 2   0.0 -31.9    119436150   0   1200      1012400
   108  0 1  94.22  9967.00 2   0.0 -31.9    120451750   0   1350      1015600
   109  0 1  94.92  9958.00 2   0.0 -32.2    121481450   0   1400      1029700
   110  0 1  94.92  9949.00 2   0.0 -32.5    122491100   0   1100      1009650
   111  0 1  94.57  9941.50 2   0.0 -32.5    123461000   0   1400       969900
   112  0 1  95.27  9931.00 2   0.0 -33.1    125441250   0   1300      1980250
   113  0 1  95.27  9923.50 2   0.0 -33.4    126451150   0   1250      1009900
   114  0 1  95.27  9922.00 2   0.0 -33.4    127471550   0   1450      1020400
   115  0 1  95.27  9920.50 2   0.0 -33.8    128461100   0   1450       989550
   116  0 1  94.92  9920.50 2   0.0 -34.1    129473100   0   1050      1012000
   117  0 1  94.22  9922.00 2   0.0 -34.4    130489050   0   1500      1015950
   118  0 1  95.62  9923.50 2   0.0 -34.7    131519200   0   1150      1030150
   119  0 1  94.57  9928.00 2   0.0 -35.0    132529300   0   1200      1010100
   120  0 1  94.22  9931.00 2   0.0 -35.3    133499650   0   1100       970350
   121  0 1  95.62  9946.00 2   0.0 -35.9    135479700   0   1150      1980050
   122  0 1  94.92  9955.00 2   0.0 -36.3    136489650   0   1100      1009950
   123  0 1  94.57  9964.00 2   0.0 -36.6    137509250   0   1150      1019600
   124  0 1  94.57  9973.00 2   0.0 -36.9    138499250   0   1500       990000
   125  0 1  95.27  9983.50 2   0.0 -37.2    139511400   0   1450      1012150
   126  0 1  94.92  9992.50 2   0.0 -37.5    140527000   0   1300      1015600
   127  0 1  95.27 10006.00 2   0.0 -38.1    141557200   0   1250      1030200
   128  0 1  95.27 10015.00 2   0.0 -38.4    142567050   0   1150      1009850
   129  0 1  95.62 10025.50 2   0.0 -38.8    143537400   0   1150       970350
   130  0 1  95.62 10045.00 2   0.0 -39.7    145517650   0   1150      1980250
   131  0 1  94.57 10051.00 2   0.0 -40.0    146527400   0   1450      1009750
   132  0 1  94.22 10061.50 2   0.0 -40.3    147547550   0   1500      1020150
   133  0 1  95.27 10067.50 2   0.0 -40.9    148537450   0   1100       989900
   134  0 1  94.22 10072.00 2   0.0 -41.3    149549250   0   1100      1011800
   135  0 1  94.92 10076.50 2   0.0 -41.6    150565600   0   1100      1016350
   136  0 1  95.62 10079.50 2   0.0 -42.2    151595700   0   1500      1030100
   137  0 1  94.92 10079.50 2   0.0 -42.5    152605600   0   1400      1009900
   138  0 1  95.62 10079.50 2   0.0 -43.1    153575850   0   1400       970250
   139  0 1  94.92 10072.00 2   0.0 -44.1    155555450   0   1500      1979600
   140  0 1  95.62 10069.00 2   0.0 -44.4    156565100   0   1400      1009650
   141  0 1  95.62 10061.50 2   0.0 -45.0    157585150   0   1250      1020050
   142  0 1  94.22 10054.00 2   0.0 -45.6    158575500   0   1150       990350
   143  0 1  94.22 10048.00 2   0.0 -45.9    159587550   0   1150      1012050
   144  0 1  95.27 10037.50 2   0.0 -46.6    160604000   0   1350      1016450
   145  0 1  94.92 10027.00 2   0.0 -46.9    161634100   0   1300      1030100
   146  0 1  94.22 10018.00 2   0.0 -47.5    162643600   0   1450      1009500
   147  0 1  94.22 10009.00 2   0.0 -48.1    163613350   0   1200       969750
   148  0 1  94.57  9988.00 2   0.0 -49.1    165593800   0   1050      1980450
   149  0 1  94.22  9977.50 2   0.0 -49.7    166603950   0   1100      1010150
   150  0 1  94.22  9965.50 2   0.0 -50.3    167623750   0   1100      1019800
   151  0 1  95.27  9958.00 2   0.0 -50.6    168614150   0   1200       990400
   152  0 1  95.62  9947.50 2   0.0 -51.3    169626600   0   1400      1012450
   153  0 1  94.92  9941.50 2   0.0 -51.9    170642100   0   1450      1015500
   154  0 1  94.22  9932.50 2   0.0 -52.5    171672450   0   1150      1030350
   155  0 1  94.92  9928.00 2   0.0 -53.1    172682750   0   1450      1010300
   156  0 1  94.57  9925.00 2   0.0 -53.4    173653200   0   1350       970450
   157  0 1  95.62  9919.00 2   0.0 -54.7    175632950   0   1050      1979750
   158  0 1  94.22  9920.50 2   0.0 -55.3    176642550   0   1150      1009600
   159  0 1  94.57  9919.00 2   0.0 -55.9    177662250   0   1400      1019700
   160  0 1  94.92  9923.50 2   0.0 -56.6    178652650   0   1200       990400
   161  0 1  94.57  9926.50 2   0.0 -57.2    179664150   0   1450      1011500
   162  0 1  95.62  9932.50 2   0.0 -57.5    180679700   0   1150      1015550
   163  0 1  94.57  9940.00 2   0.0 -58.1    181710100   0   1500      1030400
   164  0 1  95.27  9949.00 2   0.0 -58.8    182720400   0   1300      1010300
   165  0 1  94.92  9955.00 2   0.0 -59.4    183690850   0   1200       970450
   166  0 1  95.27  9974.50 2   0.0 -60.6    185671100   0   1300      1980250
   167  0 1  95.27  9983.50 2   0.0 -61.3    186680800   0   1100      1009700
   168  0 1  95.62  9997.00 2   0.0 -61.9    187700900   0   1300      1020100
   169  0 1  94.57 10006.00 2   0.0 -62.5    188690800   0   1350       989900
   170  0 1  94.57 10016.50 2   0.0 -63.1    189702400   0   1350      1011600
   171  0 1  94.92 10027.00 2   0.0 -63.8    190718100   0   1500      1015700
   172  0 1  95.62 10039.00 2   0.0 -64.4    191748050   0   1150      1029950
   173  0 1  94.57 10045.00 2   0.0 -65.0    192758000   0   1500      1009950
   174  0 1  95.62 10054.00 2   0.0 -65.6    193728050   0   1350       970050
   175  0 1  94.92 10069.00 2   0.0 -66.9    195707400   0   1450      1979350
   176  0 1  94.22 10073.50 2   0.0 -67.5    196717050   0   1400      1009650
   177  0 1  95.27 10075.00 2   0.0 -68.1    197736800   0   1100      1019750
   178  0 1  95.27 10078.00 2   0.0 -68.8    198727200   0   1100       990400
   179  0 1  94.22 10079.50 2   0.0 -69.4    199739250   0   1200      1012050
