    NO  S V  AOA    FREQ    B  FMOP  AMP      TOA      PMOP  PW         dTOA  
------ -- - ------ -------- - ----- ----- ------------ --- ------ ------------
     0  0 1  95.27 10000.00 2   0.0 -70.0            0   0   1050  42949673000
     1  0 1  94.57 10009.00 2   0.0 -69.4      1029650   0   1050      1029650
     2  0 1  94.22 10021.00 2   0.0 -68.8      2039900   0   1350      1010250
     3  0 1  94.22 10030.00 2   0.0 -68.1      3009400   0   1250       969500
     4  0 1  95.27 10049.50 2   0.0 -66.9      4989900   0   1200      1980500
     5  0 1  95.27 10055.50 2   0.0 -66.3      6000050   0   1050      1010150
     6  0 1  95.27 10063.00 2   0.0 -65.6      7020200   0   1250      1020150
     7  0 1  95.62 10069.00 2   0.0 -65.0      8009900   0   1350       989700
     8  0 1  94.57 10073.50 2   0.0 -64.4      9021550   0   1300      1011650
     9  0 1  94.57 10076.50 2   0.0 -63.8     10037750   0   1300      1016200
    10  0 1  94.92 10079.50 2   0.0 -63.1     11068100   0   1100      1030350
    11  0 1  94.92 10078.00 2   0.0 -62.5     12078300   0   1050      1010200
    12  0 1  95.27 10078.00 2   0.0 -61.9     13048100   0   1200       969800
    13  0 1  95.62 10072.00 2   0.0 -60.6     15027500   0   1050      1979400
    14  0 1  95.27 10067.50 2   0.0 -60.0     16037400   0   1200      1009900
    15  0 1  94.92 10058.50 2   0.0 -59.4     17057800   0   1100      1020400
    16  0 1  94.92 10052.50 2   0.0 -58.8     18047700   0   1200       989900
    17  0 1  94.57 10042.00 2   0.0 -58.1     19060100   0   1450      1012400
    18  0 1  95.27 10034.50 2   0.0 -57.5     20075950   0   1150      1015850
    19  0 1  94.57 10024.00 2   0.0 -57.2     21105550   0   1400      1029600
    20  0 1  95.62 10015.00 2   0.0 -56.6     22115800   0   1100      1010250
    21  0 1  94.57 10004.50 2   0.0 -55.9     23085750   0   1450       969950
    22  0 1  94.57  9982.00 2   0.0 -54.7     25066250   0   1400      1980500
    23  0 1  94.92  9973.00 2   0.0 -54.1     26075800   0   1350      1009550
    24  0 1  94.92  9962.50 2   0.0 -53.4     27096050   0   1400      1020250
    25  0 1  94.92  9952.00 2   0.0 -53.1     28085950   0   1450       989900
    26  0 1  94.22  9943.00 2   0.0 -52.5     29097650   0   1100      1011700
    27  0 1  94.22  9937.00 2   0.0 -51.9     30113300   0   1200      1015650
    28  0 1  94.92  9931.00 2   0.0 -51.3     31143650   0   1050      1030350
    29  0 1  95.62  9925.00 2   0.0 -50.6     32153600   0   1050      1009950
    30  0 1  95.27  9922.00 2   0.0 -50.3     33124050   0   1450       970450
    31  0 1  94.22  9919.00 2   0.0 -49.1     35103850   0   1500      1979800
    32  0 1  94.57  9919.00 2   0.0 -48.4     36113900   0   1250      1010050
    33  0 1  95.62  9922.00 2   0.0 -48.1     37133800   0   1250      1019900
    34  0 1  95.62  9925.00 2   0.0 -47.5     38123350   0   1500       989550
    35  0 1  94.92  9931.00 2   0.0 -46.9     39135250   0   1500      1011900
    36  0 1  94.57  9937.00 2   0.0 -46.6     40151700   0   1300      1016450
    37  0 1  94.92  9943.00 2   0.0 -45.9     41182150   0   1150      1030450
    38  0 1  94.92  9952.00 2   0.0 -45.6     42192000   0   1300      1009850
    39  0 1  94.22  9959.50 2   0.0 -45.0     43162300   0   1500       970300
    40  0 1  94.57  9979.00 2   0.0 -44.1     45142050   0   1400      1979750
    41  0 1  94.92  9988.00 2   0.0 -43.4     46152000   0   1300      1009950
    42  0 1  95.27 10000.00 2   0.0 -43.1     47171850   0   1450      1019850
    43  0 1  94.22 10010.50 2   0.0 -42.5     48161450   0   1300       989600
    44  0 1  94.57 10021.00 2   0.0 -42.2     49173350   0   1500      1011900
    45  0 1  94.92 10033.00 2   0.0 -41.6     50189650   0   1500      1016300
    46  0 1  94.57 10042.00 2   0.0 -41.3     51219750   0   1250      1030100
    47  0 1  95.62 10049.50 2   0.0 -40.9     52230150   0   1400      1010400
    48  0 1  94.22 10057.00 2   0.0 -40.3     53200100   0   1200       969950
    49  0 1  94.57 10072.00 2   0.0 -39.7     55180250   0   1400      1980150
    50  0 1  95.62 10075.00 2   0.0 -39.1     56190400   0   1200      1010150
    51  0 1  94.57 10078.00 2   0.0 -38.8     57210700   0   1450      1020300
    52  0 1  95.62 10079.50 2   0.0 -38.4     58200600   0   1350       989900
    53  0 1  94.92 10079.50 2   0.0 -38.1     59212500   0   1250      1011900
    54  0 1  95.27 10078.00 2   0.0 -37.5     60228550   0   1400      1016050
    55  0 1  94.92 10075.00 2   0.0 -37.2     61258350   0   1150      1029800
    56  0 1  94.92 10069.00 2   0.0 -36.9     62268200   0   1200      1009850
    57  0 1  95.62 10066.00 2   0.0 -36.6     63238150   0   1250       969950
    58  0 1  94.57 10051.00 2   0.0 -35.9     65217500   0   1400      1979350
    59  0 1  95.27 10042.00 2   0.0 -35.6     66227750   0   1350      1010250
    60  0 1  94.57 10031.50 2   0.0 -35.3     67248050   0   1050      1020300
    61  0 1  95.27 10022.50 2   0.0 -35.0     68238200   0   1500       990150
    62  0 1  94.92 10013.50 2   0.0 -34.7     69250550   0   1350      1012350
    63  0 1  94.22 10000.00 2   0.0 -34.4     70266700   0   1100      1016150
    64  0 1  94.92  9989.50 2   0.0 -34.1     71296600   0   1350      1029900
    65  0 1  95.27  9979.00 2   0.0 -33.8     72306250   0   1100      1009650
    66  0 1  94.92  9970.00 2   0.0 -33.4     73276350   0   1300       970100
    67  0 1  95.62  9950.50 2   0.0 -33.1     75256150   0   1050      1979800
    68  0 1  94.57  9944.50 2   0.0 -32.8     76265650   0   1250      1009500
    69  0 1  94.92  9937.00 2   0.0 -32.5     77285450   0   1150      1019800
    70  0 1  95.27  9931.00 2   0.0 -32.5     78275000   0   1350       989550
    71  0 1  94.57  9926.50 2   0.0 -32.2     79287400   0   1500      1012400
    72  0 1  95.27  9920.50 2   0.0 -31.9     80303150   0   1100      1015750
    73  0 1  95.27  9920.50 2   0.0 -31.9     81332850   0   1100      1029700
    74  0 1  95.62  9920.50 2   0.0 -31.6     82343000   0   1150      1010150
    75  0 1  95.62  9919.00 2   0.0 -31.6     83312800   0   1500       969800
    76  0 1  95.62  9925.00 2   0.0 -31.3     85293150   0   1150      1980350
    77  0 1  94.57  9929.50 2   0.0 -30.9     86303050   0   1150      1009900
    78  0 1  95.62  9937.00 2   0.0 -30.9     87323400   0   1200      1020350
    79  0 1  94.22  9943.00 2   0.0 -30.6     88313300   0   1300       989900
    80  0 1  95.27  9952.00 2   0.0 -30.6     89325750   0   1250      1012450
    81  0 1  94.22  9961.00 2   0.0 -30.6     90341900   0   1200      1016150
    82  0 1  94.57  9971.50 2   0.0 -30.3     91372100   0   1350      1030200
    83  0 1  94.57  9982.00 2   0.0 -30.3     92381950   0   1200      1009850
    84  0 1  94.92  9992.50 2   0.0 -30.3     93351900   0   1300       969950
    85  0 1  95.62 10012.00 2   0.0 -30.0     95331900   0   1150      1980000
    86  0 1  94.22 10024.00 2   0.0 -30.0     96342350   0   1050      1010450
    87  0 1  95.27 10033.00 2   0.0 -30.0     97362800   0   1300      1020450
    88  0 1  94.22 10042.00 2   0.0 -30.0     98353250   0   1250       990450
    89  0 1  95.62 10052.50 2   0.0 -30.0     99365000   0   1250      1011750
    90  0 1  94.22 10060.00 2   0.0 -30.0    100380500   0   1150      1015500
    91  0 1  94.92 10066.00 2   0.0 -30.0    101410950   0   1250      1030450
    92  0 1  94.22 10072.00 2   0.0 -30.0    102420750   0   1100      1009800
    93  0 1  94.92 10076.50 2   0.0 -30.0    103391100   0   1450       970350
    94  0 1  94.22 10078.00 2   0.0 -30.0    105371750   0   1050      1980650
    95  0 1  94.57 10079.50 2   0.0 -30.3    106382050   0   1250      1010300
    96  0 1  95.27 10078.00 2   0.0 -30.3    107401700   0   1200      1019650
    97  0 1  94.92 10075.00 2   0.0 -30.3    108391900   0   1250       990200
    98  0 1  94.92 10069.00 2   0.0 -30.3    109403950   0   1400      1012050
    99  0 1  95.62 10063.00 2   0.0 -30.6    110419500   0   1150      1015550
   100  0 1  95.27 10055.50 2   0.0 -30.6    111449700   0   1500      1030200
   101  0 1  95.27 10048.00 2   0.0 -30.6    112459650   0   1250      1009950
   102  0 1  94.57 10039.00 2   0.0 -30.9    113430000   0   1450       970350
   103  0 1  94.92 10021.00 2   0.0 -31.3    115409850   0   1300      1979850
   104  0 1  94.22 10012.00 2   0.0 -31.3    116419400   0   1250      1009550
   105  0 1  94.92 10000.00 2   0.0 -31.6    117438950   0   1300      1019550
   106  0 1  94.22  9991.00 2   0.0 -31.6    118429400   0   1500       990450
   107  0 1  95.62  9979.00 2   0.0 -31.9    119441700   0   1150      1012300
   108  0 1  95.27  9968.50 2   0.0 -31.9    120457550   0   1400      1015850
   109  0 1  94.22  9958.00 2   0.0 -32.2    121488000   0   1150      1030450
   110  0 1  95.62  9949.00 2   0.0 -32.5    122498000   0   1200      1010000
   111  0 1  95.62  9943.00 2   0.0 -32.5    123468150   0   1200       970150
   112  0 1  94.57  9931.00 2   0.0 -33.1    125447150   0   1450      1979000
   113  0 1  95.27  9925.00 2   0.0 -33.4    126457050   0   1300      1009900
   114  0 1  95.27  9922.00 2   0.0 -33.4    127477000   0   1050      1019950
   115  0 1  94.92  9920.50 2   0.0 -33.8    128466600   0   1100       989600
   116  0 1  95.62  9919.00 2   0.0 -34.1    129478600   0   1150      1012000
   117  0 1  94.92  9919.00 2   0.0 -34.4    130494850   0   1050      1016250
   118  0 1  94.92  9923.50 2   0.0 -34.7    131525100   0   1150      1030250
   119  0 1  94.22  9925.00 2   0.0 -35.0    132535450   0   1100      1010350
   120  0 1  95.62  9932.50 2   0.0 -35.3    133505050   0   1200       969600
   121  0 1  94.22  9946.00 2   0.0 -35.9    135485150   0   1500      1980100
   122  0 1  95.27  9955.00 2   0.0 -36.3    136495150   0   1250      1010000
   123  0 1  94.92  9964.00 2   0.0 -36.6    137515050   0   1200      1019900
   124  0 1  95.27  9973.00 2   0.0 -36.9    138505100   0   1450       990050
   125  0 1  94.22  9983.50 2   0.0 -37.2    139517050   0   1300      1011950
   126  0 1  94.22  9992.50 2   0.0 -37.5    140532650   0   1150      1015600
   127  0 1  94.92 10006.00 2   0.0 -38.1    141562800   0   1150      1030150
   128  0 1  94.57 10015.00 2   0.0 -38.4    142572600   0   1350      1009800
   129  0 1  94.92 10024.00 2   0.0 -38.8    143542850   0   1050       970250
   130  0 1  95.62 10045.00 2   0.0 -39.7    145522700   0   1500      1979850
   131  0 1  95.62 10052.50 2   0.0 -40.0    146532700   0   1050      1010000
   132  0 1  94.57 10060.00 2   0.0 -40.3    147552350   0   1150      1019650
   133  0 1  95.62 10066.00 2   0.0 -40.9    148542450   0   1200       990100
   134  0 1  95.27 10070.50 2   0.0 -41.3    149554650   0   1050      1012200
   135  0 1  94.22 10076.50 2   0.0 -41.6    150570750   0   1250      1016100
   136  0 1  95.62 10079.50 2   0.0 -42.2    151601050   0   1100      1030300
   137  0 1  94.57 10079.50 2   0.0 -42.5    152610700   0   1050      1009650
   138  0 1  95.62 10078.00 2   0.0 -43.1    153580800   0   1450       970100
   139  0 1  94.22 10073.50 2   0.0 -44.1    155560000   0   1050      1979200
   140  0 1  95.62 10069.00 2   0.0 -44.4    156569800   0   1100      1009800
   141  0 1  94.22 10063.00 2   0.0 -45.0    157589750   0   1150      1019950
   142  0 1  94.22 10054.00 2   0.0 -45.6    158579650   0   1050       989900
   143  0 1  95.27 10046.50 2   0.0 -45.9    159591800   0   1100      1012150
   144  0 1  95.27 10039.00 2   0.0 -46.6    160607800   0   1200      1016000
   145  0 1  94.57 10030.00 2   0.0 -46.9    161637650   0   1050      1029850
   146  0 1  94.92 10018.00 2   0.0 -47.5    162647200   0   1300      1009550
   147  0 1  95.62 10007.50 2   0.0 -48.1    163617200   0   1100       970000
   148  0 1  95.62  9988.00 2   0.0 -49.1    165597000   0   1250      1979800
   149  0 1  94.57  9976.00 2   0.0 -49.7    166607250   0   1100      1010250
   150  0 1  94.92  9965.50 2   0.0 -50.3    167627400   0   1400      1020150
   151  0 1  95.27  9958.00 2   0.0 -50.6    168617150   0   1300       989750
   152  0 1  95.62  9949.00 2   0.0 -51.3    169629000   0   1200      1011850
   153  0 1  95.62  9940.00 2   0.0 -51.9    170645100   0   1200      1016100
   154  0 1  94.22  9934.00 2   0.0 -52.5    171675350   0   1050      1030250
   155  0 1  94.57  9926.50 2   0.0 -53.1    172685750   0   1200      1010400
   156  0 1  95.62  9922.00 2   0.0 -53.4    173656050   0   1050       970300
   157  0 1  95.27  9919.00 2   0.0 -54.7    175636150   0   1250      1980100
   158  0 1  95.62  9919.00 2   0.0 -55.3    176646050   0   1350      1009900
   159  0 1  94.22  9920.50 2   0.0 -55.9    177665650   0   1150      1019600
   160  0 1  94.22  9925.00 2   0.0 -56.6    178655250   0   1400       989600
   161  0 1  95.62  9928.00 2   0.0 -57.2    179667350   0   1450      1012100
   162  0 1  95.62  9931.00 2   0.0 -57.5    180683050   0   1500      1015700
   163  0 1  94.57  9940.00 2   0.0 -58.1    181712800   0   1050      1029750
   164  0 1  94.57  9947.50 2   0.0 -58.8    182723150   0   1100      1010350
   165  0 1  94.22  9956.50 2   0.0 -59.4    183692700   0   1100       969550
   166  0 1  95.62  9976.00 2   0.0 -60.6    185672450   0   1300      1979750
   167  0 1  95.62  9983.50 2   0.0 -61.3    186682500   0   1350      1010050
   168  0 1  94.57  9997.00 2   0.0 -61.9    187702450   0   1400      1019950
   169  0 1  94.92 10006.00 2   0.0 -62.5    188692400   0   1150       989950
   170  0 1  94.57 10016.50 2   0.0 -63.1    189704450   0   1150      1012050
   171  0 1  95.27 10027.00 2   0.0 -63.8    190720000   0   1400      1015550
   172  0 1  94.92 10036.00 2   0.0 -64.4    191750150   0   1200      1030150
   173  0 1  95.62 10048.00 2   0.0 -65.0    192759950   0   1050      1009800
   174  0 1  94.57 10054.00 2   0.0 -65.6    193730250   0   1300       970300
   175  0 1  94.57 10067.50 2   0.0 -66.9    195709500   0   1200      1979250
   176  0 1  94.57 10072.00 2   0.0 -67.5    196719200   0   1500      1009700
   177  0 1  94.57 10076.50 2   0.0 -68.1    197739650   0   1500      1020450
   178  0 1  94.92 10078.00 2   0.0 -68.8    198729900   0   1450       990250
   179  0 1  95.27 10078.00 2   0.0 -69.4    199741650   0   1250      1011750
