    NO  S V  AOA    FREQ    B  FMOP  AMP      TOA      PMOP  PW         dTOA  
------ -- - ------ -------- - ----- ----- ------------ --- ------ ------------
     0  0 1  94.57 10000.00 2   0.0 -70.0            0   0   1050  42949673000
     1  0 1  95.27 10009.00 2   0.0 -69.4      1030400   0   1050      1030400
     2  0 1  94.92 10019.50 2   0.0 -68.8      2040700   0   1450      1010300
     3  0 1  94.57 10040.50 2   0.0 -67.5      3990850   0   1300      1950150
     4  0 1  94.22 10048.00 2   0.0 -66.9      4990950   0   1300      1000100
     5  0 1  95.27 10057.00 2   0.0 -66.3      6000850   0   1400      1009900
     6  0 1  94.22 10063.00 2   0.0 -65.6      7021300   0   1150      1020450
     7  0 1  94.22 10069.00 2   0.0 -65.0      8011200   0   1450       989900
     8  0 1  94.22 10075.00 2   0.0 -64.4      9023350   0   1250      1012150
     9  0 1  95.27 10075.00 2   0.0 -63.8     10039200   0   1450      1015850
    10  0 1  95.62 10079.50 2   0.0 -63.1     11069250   0   1350      1030050
    11  0 1  94.57 10078.00 2   0.0 -62.5     12079150   0   1150      1009900
    12  0 1  95.62 10075.00 2   0.0 -61.3     14029150   0   1050      1950000
    13  0 1  94.92 10070.50 2   0.0 -60.6     15029200   0   1500      1000050
    14  0 1  94.22 10066.00 2   0.0 -60.0     16038900   0   1200      1009700
    15  0 1  94.22 10058.50 2   0.0 -59.4     17058950   0   1450      1020050
    16  0 1  94.92 10052.50 2   0.0 -58.8     18048550   0   1150       989600
    17  0 1  95.27 10043.50 2   0.0 -58.1     19060650   0   1200      1012100
    18  0 1  94.92 10034.50 2   0.0 -57.5     20076450   0   1450      1015800
    19  0 1  95.62 10025.50 2   0.0 -57.2     21106050   0   1100      1029600
    20  0 1  94.22 10012.00 2   0.0 -56.6     22116150   0   1100      1010100
    21  0 1  94.22  9991.00 2   0.0 -55.3     24066200   0   1100      1950050
    22  0 1  94.22  9982.00 2   0.0 -54.7     25066500   0   1100      1000300
    23  0 1  95.27  9971.50 2   0.0 -54.1     26076200   0   1250      1009700
    24  0 1  95.27  9962.50 2   0.0 -53.4     27096350   0   1400      1020150
    25  0 1  95.62  9953.50 2   0.0 -53.1     28086150   0   1050       989800
    26  0 1  95.27  9943.00 2   0.0 -52.5     29097900   0   1300      1011750
    27  0 1  94.92  9937.00 2   0.0 -51.9     30113650   0   1500      1015750
    28  0 1  94.92  9931.00 2   0.0 -51.3     31143750   0   1100      1030100
    29  0 1  94.57  9926.50 2   0.0 -50.6     32153950   0   1300      1010200
    30  0 1  94.22  9920.50 2   0.0 -49.7     34104250   0   1200      1950300
    31  0 1  94.57  9919.00 2   0.0 -49.1     35104350   0   1500      1000100
    32  0 1  94.92  9919.00 2   0.0 -48.4     36114000   0   1350      1009650
    33  0 1  94.92  9922.00 2   0.0 -48.1     37134250   0   1050      1020250
    34  0 1  94.22  9923.50 2   0.0 -47.5     38124450   0   1200       990200
    35  0 1  95.62  9928.00 2   0.0 -46.9     39136250   0   1050      1011800
    36  0 1  94.22  9934.00 2   0.0 -46.6     40152300   0   1100      1016050
    37  0 1  94.22  9943.00 2   0.0 -45.9     41182050   0   1350      1029750
    38  0 1  94.22  9950.50 2   0.0 -45.6     42191600   0   1500      1009550
    39  0 1  94.22  9970.00 2   0.0 -44.4     44142100   0   1050      1950500
    40  0 1  94.92  9979.00 2   0.0 -44.1     45141800   0   1350       999700
    41  0 1  94.57  9991.00 2   0.0 -43.4     46152050   0   1300      1010250
    42  0 1  95.27 10001.50 2   0.0 -43.1     47172150   0   1050      1020100
    43  0 1  94.92 10010.50 2   0.0 -42.5     48162600   0   1100       990450
    44  0 1  94.92 10021.00 2   0.0 -42.2     49174650   0   1300      1012050
    45  0 1  94.92 10033.00 2   0.0 -41.6     50190700   0   1150      1016050
    46  0 1  94.57 10040.50 2   0.0 -41.3     51220550   0   1500      1029850
    47  0 1  94.22 10049.50 2   0.0 -40.9     52230850   0   1200      1010300
    48  0 1  94.92 10064.50 2   0.0 -40.0     54181200   0   1150      1950350
    49  0 1  95.62 10070.50 2   0.0 -39.7     55181300   0   1500      1000100
    50  0 1  95.27 10075.00 2   0.0 -39.1     56191200   0   1500      1009900
    51  0 1  94.57 10076.50 2   0.0 -38.8     57210800   0   1350      1019600
    52  0 1  94.57 10079.50 2   0.0 -38.4     58200350   0   1200       989550
    53  0 1  95.27 10079.50 2   0.0 -38.1     59212050   0   1200      1011700
    54  0 1  95.27 10076.50 2   0.0 -37.5     60227900   0   1450      1015850
    55  0 1  94.22 10075.00 2   0.0 -37.2     61257650   0   1050      1029750
    56  0 1  94.92 10072.00 2   0.0 -36.9     62267800   0   1350      1010150
    57  0 1  94.57 10057.00 2   0.0 -36.3     64217350   0   1100      1949550
    58  0 1  94.92 10051.00 2   0.0 -35.9     65217300   0   1300       999950
    59  0 1  94.57 10042.00 2   0.0 -35.6     66227500   0   1300      1010200
    60  0 1  94.92 10033.00 2   0.0 -35.3     67247700   0   1500      1020200
    61  0 1  95.27 10024.00 2   0.0 -35.0     68238000   0   1400       990300
    62  0 1  94.22 10012.00 2   0.0 -34.7     69250250   0   1200      1012250
    63  0 1  94.57 10003.00 2   0.0 -34.4     70266050   0   1100      1015800
    64  0 1  94.57  9989.50 2   0.0 -34.1     71295600   0   1300      1029550
    65  0 1  94.57  9979.00 2   0.0 -33.8     72305250   0   1150      1009650
    66  0 1  94.92  9961.00 2   0.0 -33.4     74255400   0   1050      1950150
    67  0 1  94.57  9952.00 2   0.0 -33.1     75255500   0   1200      1000100
    68  0 1  94.92  9943.00 2   0.0 -32.8     76265900   0   1400      1010400
    69  0 1  94.22  9937.00 2   0.0 -32.5     77285750   0   1500      1019850
    70  0 1  95.27  9929.50 2   0.0 -32.5     78276150   0   1150       990400
    71  0 1  95.62  9925.00 2   0.0 -32.2     79288600   0   1450      1012450
    72  0 1  95.62  9922.00 2   0.0 -31.9     80305000   0   1400      1016400
    73  0 1  95.62  9919.00 2   0.0 -31.9     81334650   0   1250      1029650
    74  0 1  95.62  9919.00 2   0.0 -31.6     82344600   0   1200      1009950
    75  0 1  94.57  9922.00 2   0.0 -31.3     84294700   0   1100      1950100
    76  0 1  95.27  9925.00 2   0.0 -31.3     85294450   0   1250       999750
    77  0 1  94.57  9931.00 2   0.0 -30.9     86304850   0   1500      1010400
    78  0 1  94.57  9935.50 2   0.0 -30.9     87324850   0   1250      1020000
    79  0 1  95.27  9943.00 2   0.0 -30.6     88314650   0   1250       989800
    80  0 1  94.92  9952.00 2   0.0 -30.6     89326650   0   1100      1012000
    81  0 1  95.62  9961.00 2   0.0 -30.6     90342250   0   1400      1015600
    82  0 1  94.57  9971.50 2   0.0 -30.3     91372700   0   1150      1030450
    83  0 1  94.57  9980.50 2   0.0 -30.3     92382650   0   1250      1009950
    84  0 1  95.62 10003.00 2   0.0 -30.3     94332700   0   1100      1950050
    85  0 1  94.57 10015.00 2   0.0 -30.0     95332650   0   1050       999950
    86  0 1  94.57 10024.00 2   0.0 -30.0     96342750   0   1300      1010100
    87  0 1  95.62 10034.50 2   0.0 -30.0     97362850   0   1350      1020100
    88  0 1  95.27 10043.50 2   0.0 -30.0     98353100   0   1100       990250
    89  0 1  94.92 10051.00 2   0.0 -30.0     99364800   0   1100      1011700
    90  0 1  94.22 10060.00 2   0.0 -30.0    100380550   0   1350      1015750
    91  0 1  94.92 10066.00 2   0.0 -30.0    101410800   0   1150      1030250
    92  0 1  94.22 10072.00 2   0.0 -30.0    102421000   0   1150      1010200
    93  0 1  94.92 10078.00 2   0.0 -30.0    104370100   0   1300      1949100
    94  0 1  95.27 10078.00 2   0.0 -30.0    105369650   0   1500       999550
    95  0 1  94.92 10079.50 2   0.0 -30.3    106379950   0   1500      1010300
    96  0 1  95.27 10078.00 2   0.0 -30.3    107400350   0   1200      1020400
    97  0 1  94.92 10075.00 2   0.0 -30.3    108390000   0   1350       989650
    98  0 1  94.92 10069.00 2   0.0 -30.3    109402000   0   1150      1012000
    99  0 1  95.62 10063.00 2   0.0 -30.6    110417550   0   1150      1015550
   100  0 1  95.27 10055.50 2   0.0 -30.6    111447800   0   1100      1030250
   101  0 1  94.22 10049.50 2   0.0 -30.6    112457600   0   1250      1009800
   102  0 1  94.92 10033.00 2   0.0 -30.9    114407450   0   1100      1949850
   103  0 1  95.62 10022.50 2   0.0 -31.3    115407600   0   1250      1000150
   104  0 1  94.22 10010.50 2   0.0 -31.3    116418050   0   1200      1010450
   105  0 1  95.27  9998.50 2   0.0 -31.6    117438350   0   1050      1020300
   106  0 1  95.27  9988.00 2   0.0 -31.6    118428700   0   1400       990350
   107  0 1  94.22  9979.00 2   0.0 -31.9    119440850   0   1450      1012150
   108  0 1  94.57  9970.00 2   0.0 -31.9    120457050   0   1100      1016200
   109  0 1  94.92  9958.00 2   0.0 -32.2    121486900   0   1050      1029850
   110  0 1  95.27  9950.50 2   0.0 -32.5    122496650   0   1100      1009750
   111  0 1  94.92  9934.00 2   0.0 -32.8    124447050   0   1350      1950400
   112  0 1  94.22  9928.00 2   0.0 -33.1    125446800   0   1500       999750
   113  0 1  94.92  9923.50 2   0.0 -33.4    126457100   0   1400      1010300
   114  0 1  94.57  9922.00 2   0.0 -33.4    127476800   0   1100      1019700
   115  0 1  95.27  9919.00 2   0.0 -33.8    128467250   0   1100       990450
   116  0 1  95.27  9920.50 2   0.0 -34.1    129478950   0   1450      1011700
   117  0 1  95.62  9922.00 2   0.0 -34.4    130495100   0   1300      1016150
   118  0 1  95.62  9923.50 2   0.0 -34.7    131525400   0   1200      1030300
   119  0 1  94.57  9928.00 2   0.0 -35.0    132535300   0   1250      1009900
   120  0 1  94.92  9937.00 2   0.0 -35.6    134484700   0   1100      1949400
   121  0 1  95.27  9946.00 2   0.0 -35.9    135484350   0   1350       999650
   122  0 1  94.22  9955.00 2   0.0 -36.3    136494550   0   1400      1010200
   123  0 1  94.22  9962.50 2   0.0 -36.6    137514250   0   1050      1019700
   124  0 1  95.62  9971.50 2   0.0 -36.9    138504600   0   1100       990350
   125  0 1  94.92  9982.00 2   0.0 -37.2    139516750   0   1250      1012150
   126  0 1  94.57  9994.00 2   0.0 -37.5    140532300   0   1200      1015550
   127  0 1  95.27 10006.00 2   0.0 -38.1    141562750   0   1250      1030450
   128  0 1  95.27 10015.00 2   0.0 -38.4    142572350   0   1200      1009600
   129  0 1  94.22 10036.00 2   0.0 -39.1    144523250   0   1500      1950900
   130  0 1  94.22 10045.00 2   0.0 -39.7    145523300   0   1200      1000050
   131  0 1  94.57 10051.00 2   0.0 -40.0    146533600   0   1450      1010300
   132  0 1  95.27 10061.50 2   0.0 -40.3    147553450   0   1450      1019850
   133  0 1  95.27 10066.00 2   0.0 -40.9    148543750   0   1300       990300
   134  0 1  94.22 10072.00 2   0.0 -41.3    149556050   0   1350      1012300
   135  0 1  95.27 10075.00 2   0.0 -41.6    150571800   0   1100      1015750
   136  0 1  95.27 10079.50 2   0.0 -42.2    151601750   0   1300      1029950
   137  0 1  94.22 10078.00 2   0.0 -42.5    152611550   0   1350      1009800
   138  0 1  94.22 10075.00 2   0.0 -43.4    154561600   0   1150      1950050
   139  0 1  94.92 10075.00 2   0.0 -44.1    155562000   0   1200      1000400
   140  0 1  95.62 10067.50 2   0.0 -44.4    156572100   0   1150      1010100
   141  0 1  94.22 10063.00 2   0.0 -45.0    157592250   0   1450      1020150
   142  0 1  94.92 10055.50 2   0.0 -45.6    158582100   0   1100       989850
   143  0 1  95.62 10048.00 2   0.0 -45.9    159594150   0   1100      1012050
   144  0 1  94.22 10039.00 2   0.0 -46.6    160610400   0   1350      1016250
   145  0 1  95.27 10028.50 2   0.0 -46.9    161640350   0   1100      1029950
   146  0 1  95.62 10018.00 2   0.0 -47.5    162650200   0   1250      1009850
   147  0 1  94.92  9997.00 2   0.0 -48.4    164599800   0   1500      1949600
   148  0 1  94.22  9988.00 2   0.0 -49.1    165599850   0   1050      1000050
   149  0 1  94.57  9976.00 2   0.0 -49.7    166609400   0   1250      1009550
   150  0 1  95.62  9967.00 2   0.0 -50.3    167628950   0   1250      1019550
   151  0 1  95.27  9956.50 2   0.0 -50.6    168618900   0   1050       989950
   152  0 1  94.22  9949.00 2   0.0 -51.3    169630400   0   1100      1011500
   153  0 1  95.62  9941.50 2   0.0 -51.9    170646600   0   1450      1016200
   154  0 1  95.62  9934.00 2   0.0 -52.5    171676350   0   1150      1029750
   155  0 1  94.22  9926.50 2   0.0 -53.1    172686200   0   1300      1009850
   156  0 1  95.27  9919.00 2   0.0 -54.1    174636600   0   1450      1950400
   157  0 1  94.57  9919.00 2   0.0 -54.7    175636750   0   1450      1000150
   158  0 1  95.62  9920.50 2   0.0 -55.3    176647150   0   1450      1010400
   159  0 1  94.92  9922.00 2   0.0 -55.9    177666950   0   1450      1019800
   160  0 1  94.92  9923.50 2   0.0 -56.6    178656900   0   1100       989950
   161  0 1  94.22  9926.50 2   0.0 -57.2    179668500   0   1200      1011600
   162  0 1  94.57  9931.00 2   0.0 -57.5    180684500   0   1200      1016000
   163  0 1  94.22  9940.00 2   0.0 -58.1    181714100   0   1450      1029600
   164  0 1  94.92  9946.00 2   0.0 -58.8    182724450   0   1400      1010350
   165  0 1  95.62  9965.50 2   0.0 -60.0    184674750   0   1200      1950300
   166  0 1  95.62  9976.00 2   0.0 -60.6    185675000   0   1400      1000250
   167  0 1  94.92  9983.50 2   0.0 -61.3    186684700   0   1150      1009700
   168  0 1  94.57  9994.00 2   0.0 -61.9    187704200   0   1050      1019500
   169  0 1  94.57 10007.50 2   0.0 -62.5    188693800   0   1150       989600
   170  0 1  94.22 10018.00 2   0.0 -63.1    189706150   0   1300      1012350
   171  0 1  95.27 10027.00 2   0.0 -63.8    190722600   0   1400      1016450
   172  0 1  94.22 10037.50 2   0.0 -64.4    191752850   0   1200      1030250
   173  0 1  94.22 10048.00 2   0.0 -65.0    192762550   0   1500      1009700
   174  0 1  94.92 10063.00 2   0.0 -66.3    194712250   0   1100      1949700
   175  0 1  95.27 10067.50 2   0.0 -66.9    195711900   0   1450       999650
   176  0 1  94.92 10072.00 2   0.0 -67.5    196722150   0   1100      1010250
   177  0 1  95.62 10075.00 2   0.0 -68.1    197742000   0   1150      1019850
   178  0 1  94.92 10078.00 2   0.0 -68.8    198731750   0   1350       989750
   179  0 1  95.62 10079.50 2   0.0 -69.4    199743900   0   1350      1012150
