    NO  S V  AOA    FREQ    B  FMOP  AMP      TOA      PMOP  PW         dTOA  
------ -- - ------ -------- - ----- ----- ------------ --- ------ ------------
     0  0 1   9.84  5250.00 1   0.0 -70.0            0   0   1000  42949673000
     1  0 1   9.84  5248.75 1   0.0 -65.0      9202100   0    950      9202100
     2  0 1   9.84  5250.00 1   0.0 -60.0     18803600   0    950      9601500
     3  0 1   9.84  5250.00 1   0.0 -55.3     29401200   0   1000     10597600
     4  0 1   9.84  5250.00 1   0.0 -50.6     40199950   0   1000     10798750
     5  0 1   9.84  5250.00 1   0.0 -46.6     49398600   0    950      9198650
     6  0 1   9.84  5248.75 1   0.0 -42.5     59000150   0   1000      9601550
     7  0 1   9.84  5250.00 1   0.0 -36.3     80396950   0    950     21396800
     8  0 1   9.84  5250.00 1   0.0 -33.8     89595550   0   1000      9198600
     9  0 1   9.84  5250.00 1   0.0 -31.9     99193050   0   1000      9597500
    10  0 1   9.84  5250.00 1   0.0 -30.6    109791200   0    950     10598150
    11  0 1   9.84  5250.00 1   0.0 -30.0    120592200   0   1000     10801000
    12  0 1   9.84  5250.00 1   0.0 -30.0    129790250   0    950      9198050
    13  0 1   9.84  5250.00 1   0.0 -30.6    139391100   0    950      9600850
    14  0 1   9.84  5250.00 1   0.0 -31.9    149990600   0    950     10599500
    15  0 1   9.84  5250.00 1   0.0 -33.8    160789300   0    950     10798700
    16  0 1   9.84  5250.00 1   0.0 -39.1    179588200   0   1000     18798900
    17  0 1   9.84  5250.00 1   0.0 -42.5    190189600   0    950     10601400
    18  0 1   9.84  5248.75 1   0.0 -46.6    200991300   0   1000     10801700
    19  0 1   9.84  5250.00 1   0.0 -50.6    210189750   0    950      9198450
