    NO  S V  AOA    FREQ    B  FMOP  AMP      TOA      PMOP  PW         dTOA  
------ -- - ------ -------- - ----- ----- ------------ --- ------ ------------
     0  0 1   9.84  5248.75 1   0.0 -70.0            0   0    950  42949673000
     1  0 1   9.84  5248.75 1   0.0 -65.0      9201050   0   1000      9201050
     2  0 1   9.84  5250.00 1   0.0 -55.3     29398300   0    950     20197250
     3  0 1   9.84  5250.00 1   0.0 -50.6     40200200   0   1000     10801900
     4  0 1   9.84  5250.00 1   0.0 -46.6     49401950   0   1000      9201750
     5  0 1   9.84  5250.00 1   0.0 -42.5     59003150   0   1000      9601200
     6  0 1   9.84  5250.00 1   0.0 -39.1     69603200   0   1000     10600050
     7  0 1   9.84  5250.00 1   0.0 -36.3     80404650   0   1000     10801450
     8  0 1   9.84  5250.00 1   0.0 -33.8     89605800   0   1000      9201150
     9  0 1   9.84  5248.75 1   0.0 -31.9     99204900   0    950      9599100
    10  0 1   9.84  5250.00 1   0.0 -30.6    109803050   0   1000     10598150
    11  0 1   9.84  5250.00 1   0.0 -30.0    129803950   0    950     20000900
    12  0 1   9.84  5250.00 1   0.0 -30.6    139401450   0    950      9597500
    13  0 1   9.84  5250.00 1   0.0 -31.9    150002650   0   1000     10601200
    14  0 1   9.84  5248.75 1   0.0 -33.8    160803500   0    950     10800850
    15  0 1   9.84  5250.00 1   0.0 -36.3    170004400   0    950      9200900
    16  0 1   9.84  5248.75 1   0.0 -39.1    179603350   0    950      9598950
    17  0 1   9.84  5248.75 1   0.0 -42.5    190201300   0   1000     10597950
    18  0 1   9.84  5248.75 1   0.0 -46.6    201002800   0   1000     10801500
    19  0 1   9.84  5248.75 1   0.0 -50.6    210203650   0    950      9200850
