    NO  S V  AOA    FREQ    B  FMOP  AMP      TOA      PMOP  PW         dTOA  
------ -- - ------ -------- - ----- ----- ------------ --- ------ ------------
     0  0 1   9.84  5248.75 1   0.0 -70.0            0   0    950  42949673000
     1  0 1   9.84  5250.00 1   0.0 -65.0      9200150   0   1000      9200150
     2  0 1   9.84  5250.00 1   0.0 -60.0     18800050   0   1000      9599900
     3  0 1   9.84  5248.75 1   0.0 -55.3     29400400   0   1000     10600350
     4  0 1   9.84  5250.00 1   0.0 -50.6     40200650   0    950     10800250
     5  0 1   9.84  5250.00 1   0.0 -42.5     58996250   0   1000     18795600
     6  0 1   9.84  5248.75 1   0.0 -39.1     69597950   0    950     10601700
     7  0 1   9.84  5248.75 1   0.0 -36.3     80397550   0   1000     10799600
     8  0 1   9.84  5248.75 1   0.0 -33.8     89597150   0    950      9199600
     9  0 1   9.84  5250.00 1   0.0 -31.9     99198250   0    950      9601100
    10  0 1   9.84  5250.00 1   0.0 -30.6    109799400   0    950     10601150
    11  0 1   9.84  5250.00 1   0.0 -30.0    120597150   0    950     10797750
    12  0 1   9.84  5250.00 1   0.0 -30.0    129798400   0   1000      9201250
    13  0 1   9.84  5250.00 1   0.0 -30.6    139397700   0   1000      9599300
    14  0 1   9.84  5250.00 1   0.0 -33.8    160796000   0   1000     21398300
    15  0 1   9.84  5248.75 1   0.0 -36.3    169997600   0    950      9201600
    16  0 1   9.84  5248.75 1   0.0 -39.1    179596650   0    950      9599050
    17  0 1   9.84  5248.75 1   0.0 -42.5    190195400   0    950     10598750
    18  0 1   9.84  5248.75 1   0.0 -46.6    200997200   0    950     10801800
    19  0 1   9.84  5248.75 1   0.0 -50.6    210197800   0    950      9200600
