    NO  S V  AOA    FREQ    B  FMOP  AMP      TOA      PMOP  PW         dTOA  
------ -- - ------ -------- - ----- ----- ------------ --- ------ ------------
     0  0 1   9.84  5250.00 1   0.0 -70.0            0   0   1000  42949673000
     1  0 1   9.84  5250.00 1   0.0 -65.0      9199850   0   1000      9199850
     2  0 1   9.84  5250.00 1   0.0 -60.0     18801300   0    950      9601450
     3  0 1   9.84  5250.00 1   0.0 -55.3     29403300   0    950     10602000
     4  0 1   9.84  5248.75 1   0.0 -50.6     40201900   0   1000     10798600
     5  0 1   9.84  5250.00 1   0.0 -46.6     49399800   0    950      9197900
     6  0 1   9.84  5250.00 1   0.0 -42.5     59002000   0    950      9602200
     7  0 1   9.84  5250.00 1   0.0 -39.1     69603400   0    950     10601400
     8  0 1   9.84  5250.00 1   0.0 -36.3     80402950   0   1000     10799550
     9  0 1   9.84  5248.75 1   0.0 -31.9     99203400   0    950     18800450
    10  0 1   9.84  5248.75 1   0.0 -30.6    109805150   0   1000     10601750
    11  0 1   9.84  5250.00 1   0.0 -30.0    120605750   0   1000     10800600
    12  0 1   9.84  5250.00 1   0.0 -30.0    129806700   0    950      9200950
    13  0 1   9.84  5248.75 1   0.0 -30.6    139406800   0    950      9600100
    14  0 1   9.84  5250.00 1   0.0 -31.9    150005800   0   1000     10599000
    15  0 1   9.84  5250.00 1   0.0 -33.8    160805750   0   1000     10799950
    16  0 1   9.84  5248.75 1   0.0 -36.3    170006400   0   1000      9200650
    17  0 1   9.84  5248.75 1   0.0 -39.1    179607400   0    950      9601000
    18  0 1   9.84  5250.00 1   0.0 -46.6    201007850   0    950     21400450
    19  0 1   9.84  5250.00 1   0.0 -50.6    210209300   0    950      9201450
