    NO  S V  AOA    FREQ    B  FMOP  AMP      TOA      PMOP  PW         dTOA  
------ -- - ------ -------- - ----- ----- ------------ --- ------ ------------
     0  0 1   9.84  5250.00 1   0.0 -65.0      9200900   0   1000  42958873900
     1  0 1   9.84  5250.00 1   0.0 -60.0     18801200   0   1000      9600300
     2  0 1   9.84  5250.00 1   0.0 -55.3     29403000   0    950     10601800
     3  0 1   9.84  5250.00 1   0.0 -50.6     40204400   0   1000     10801400
     4  0 1   9.84  5248.75 1   0.0 -46.6     49406350   0   1000      9201950
     5  0 1   9.84  5250.00 1   0.0 -42.5     59006550   0   1000      9600200
     6  0 1   9.84  5248.75 1   0.0 -39.1     69606850   0   1000     10600300
     7  0 1   9.84  5250.00 1   0.0 -36.3     80404500   0   1000     10797650
     8  0 1   9.84  5250.00 1   0.0 -33.8     89602950   0   1000      9198450
     9  0 1   9.84  5250.00 1   0.0 -30.6    109805150   0    950     20202200
    10  0 1   9.84  5250.00 1   0.0 -30.0    120604250   0   1000     10799100
    11  0 1   9.84  5250.00 1   0.0 -30.0    129801900   0   1000      9197650
    12  0 1   9.84  5248.75 1   0.0 -30.6    139402100   0   1000      9600200
    13  0 1   9.84  5248.75 1   0.0 -31.9    150000300   0    950     10598200
    14  0 1   9.84  5248.75 1   0.0 -33.8    160801650   0    950     10801350
    15  0 1   9.84  5250.00 1   0.0 -36.3    170000700   0    950      9199050
    16  0 1   9.84  5250.00 1   0.0 -39.1    179600550   0    950      9599850
    17  0 1   9.84  5248.75 1   0.0 -42.5    190201750   0   1000     10601200
    18  0 1   9.84  5248.75 1   0.0 -50.6    210205650   0   1000     20003900
