    NO  S V  AOA    FREQ    B  FMOP  AMP      TOA      PMOP  PW         dTOA  
------ -- - ------ -------- - ----- ----- ------------ --- ------ ------------
     0  0 1   9.84  5248.75 1   0.0 -70.0            0   0   1000  42949673000
     1  0 1   9.84  5248.75 1   0.0 -65.0      9199800   0    950      9199800
     2  0 1   9.84  5248.75 1   0.0 -60.0     18800000   0    950      9600200
     3  0 1   9.84  5248.75 1   0.0 -55.3     29399750   0   1000     10599750
     4  0 1   9.84  5248.75 1   0.0 -50.6     40201300   0   1000     10801550
     5  0 1   9.84  5248.75 1   0.0 -46.6     49400400   0    950      9199100
     6  0 1   9.84  5248.75 1   0.0 -42.5     59001350   0   1000      9600950
     7  0 1   9.84  5250.00 1   0.0 -39.1     69600700   0    950     10599350
     8  0 1   9.84  5248.75 1   0.0 -33.8     89604600   0    950     20003900
     9  0 1   9.84  5250.00 1   0.0 -31.9     99204350   0   1000      9599750
    10  0 1   9.84  5250.00 1   0.0 -30.6    109804300   0   1000     10599950
    11  0 1   9.84  5248.75 1   0.0 -30.0    120605650   0   1000     10801350
    12  0 1   9.84  5250.00 1   0.0 -30.0    129805650   0    950      9200000
    13  0 1   9.84  5250.00 1   0.0 -30.6    139404250   0   1000      9598600
    14  0 1   9.84  5248.75 1   0.0 -31.9    150005450   0    950     10601200
    15  0 1   9.84  5250.00 1   0.0 -33.8    160807150   0    950     10801700
    16  0 1   9.84  5248.75 1   0.0 -36.3    170009100   0    950      9201950
    17  0 1   9.84  5248.75 1   0.0 -42.5    190210050   0   1000     20200950
    18  0 1   9.84  5250.00 1   0.0 -46.6    201008600   0   1000     10798550
    19  0 1   9.84  5250.00 1   0.0 -50.6    210208400   0    950      9199800
