    NO  S V  AOA    FREQ    B  FMOP  AMP      TOA      PMOP  PW         dTOA  
------ -- - ------ -------- - ----- ----- ------------ --- ------ ------------
     0  0 1  94.57 10025.50 2   0.0 -70.0            0   0   1750  42949673000
     1  0 1  94.92 10025.50 2   0.0 -69.4       969500   0   2100       969500
     2  0 1  95.27 10027.00 2   0.0 -68.8      1939150   0   2000       969650
     3  0 1  94.92 10027.00 2   0.0 -68.1      2909200   0   1700       970050
     4  0 1  94.92 10027.00 2   0.0 -67.5      3879650   0   1850       970450
     5  0 1  95.62 10027.00 2   0.0 -66.9      4849650   0   1900       970000
     6  0 1  94.57 10027.00 2   0.0 -66.3      5809450   0   1650       959800
     7  0 1  95.62 10025.50 2   0.0 -65.6      6769350   0   2100       959900
     8  0 1  94.22 10025.50 2   0.0 -65.0      7729050   0   1800       959700
     9  0 1  94.57 10027.00 2   0.0 -63.8      9649000   0   2050      1919950
    10  0 1  94.22 10025.50 2   0.0 -63.1     10598500   0   2050       949500
    11  0 1  94.92 10025.50 2   0.0 -62.5     11548900   0   1950       950400
    12  0 1  94.57 10027.00 2   0.0 -61.9     12498500   0   1700       949600
    13  0 1  94.57 10027.00 2   0.0 -61.3     13448150   0   1700       949650
    14  0 1  95.27 10025.50 2   0.0 -60.6     14397850   0   1650       949700
    15  0 1  94.22 10027.00 2   0.0 -60.0     15338100   0   1750       940250
    16  0 1  95.27 10027.00 2   0.0 -59.4     16277750   0   2050       939650
    17  0 1  94.57 10025.50 2   0.0 -58.8     17218050   0   2000       940300
    18  0 1  95.27 10025.50 2   0.0 -57.5     19097350   0   1650      1879300
    19  0 1  95.27 10027.00 2   0.0 -57.2     20027350   0   1800       930000
    20  0 1  94.57 10027.00 2   0.0 -56.6     20957500   0   2000       930150
    21  0 1  94.57 10025.50 2   0.0 -55.9     21887500   0   2050       930000
    22  0 1  95.62 10027.00 2   0.0 -55.3     22817250   0   1900       929750
    23  0 1  95.62 10027.00 2   0.0 -54.7     23747500   0   1750       930250
    24  0 1  94.22 10027.00 2   0.0 -54.1     24667350   0   2050       919850
    25  0 1  95.62 10025.50 2   0.0 -53.4     25586900   0   1850       919550
    26  0 1  94.57 10027.00 2   0.0 -53.1     26506400   0   1900       919500
    27  0 1  95.62 10027.00 2   0.0 -51.9     28346200   0   1850      1839800
    28  0 1  95.27 10027.00 2   0.0 -51.3     29255950   0   1750       909750
    29  0 1  95.62 10027.00 2   0.0 -50.6     30165950   0   1850       910000
    30  0 1  94.57 10027.00 2   0.0 -50.3     31075600   0   1650       909650
    31  0 1  94.57 10027.00 2   0.0 -49.7     31985400   0   2000       909800
    32  0 1  94.57 10027.00 2   0.0 -49.1     32895800   0   1750       910400
    33  0 1  95.27 10027.00 2   0.0 -48.4     33896250   0   1750      1000450
    34  0 1  94.57 10027.00 2   0.0 -48.1     34896300   0   1900      1000050
    35  0 1  95.27 10027.00 2   0.0 -47.5     35896650   0   1750      1000350
    36  0 1  94.57 10027.00 2   0.0 -46.6     37895900   0   2000      1999250
    37  0 1  95.27 10027.00 2   0.0 -45.9     38885500   0   1950       989600
    38  0 1  94.92 10027.00 2   0.0 -45.6     39875050   0   2000       989550
    39  0 1  94.22 10025.50 2   0.0 -45.0     40864750   0   2050       989700
    40  0 1  95.62 10027.00 2   0.0 -44.4     41854450   0   2000       989700
    41  0 1  94.22 10027.00 2   0.0 -44.1     42844400   0   1800       989950
    42  0 1  94.92 10025.50 2   0.0 -43.4     43824500   0   1850       980100
    43  0 1  95.62 10027.00 2   0.0 -43.1     44804150   0   1700       979650
    44  0 1  95.27 10027.00 2   0.0 -42.5     45784500   0   1800       980350
    45  0 1  95.62 10027.00 2   0.0 -41.6     47744950   0   2050      1960450
    46  0 1  95.27 10027.00 2   0.0 -41.3     48714800   0   2000       969850
    47  0 1  95.27 10025.50 2   0.0 -40.9     49684850   0   2100       970050
    48  0 1  95.62 10025.50 2   0.0 -40.3     50655050   0   1950       970200
    49  0 1  95.27 10027.00 2   0.0 -40.0     51625300   0   1700       970250
    50  0 1  95.62 10027.00 2   0.0 -39.7     52595700   0   2100       970400
    51  0 1  95.62 10027.00 2   0.0 -39.1     53555850   0   1650       960150
    52  0 1  95.62 10027.00 2   0.0 -38.8     54516050   0   1950       960200
    53  0 1  95.27 10025.50 2   0.0 -38.4     55475800   0   1950       959750
    54  0 1  94.57 10025.50 2   0.0 -37.5     57395800   0   2100      1920000
    55  0 1  95.27 10027.00 2   0.0 -37.2     58345600   0   1850       949800
    56  0 1  94.92 10027.00 2   0.0 -36.9     59296000   0   1850       950400
    57  0 1  95.27 10025.50 2   0.0 -36.6     60246400   0   1650       950400
    58  0 1  94.57 10025.50 2   0.0 -36.3     61196200   0   1950       949800
    59  0 1  95.27 10027.00 2   0.0 -35.9     62146250   0   1700       950050
    60  0 1  94.57 10027.00 2   0.0 -35.6     63086600   0   1900       940350
    61  0 1  94.57 10027.00 2   0.0 -35.3     64026600   0   1850       940000
    62  0 1  94.57 10027.00 2   0.0 -35.0     64966300   0   1850       939700
    63  0 1  95.62 10027.00 2   0.0 -34.4     66846450   0   1800      1880150
    64  0 1  94.92 10025.50 2   0.0 -34.1     67776750   0   1850       930300
    65  0 1  95.27 10027.00 2   0.0 -33.8     68706350   0   1700       929600
    66  0 1  95.62 10025.50 2   0.0 -33.4     69636800   0   1650       930450
    67  0 1  94.22 10027.00 2   0.0 -33.4     70566800   0   2000       930000
    68  0 1  94.22 10025.50 2   0.0 -33.1     71496750   0   1750       929950
    69  0 1  94.92 10025.50 2   0.0 -32.8     72416350   0   1900       919600
    70  0 1  94.57 10027.00 2   0.0 -32.5     73336700   0   1750       920350
    71  0 1  94.57 10027.00 2   0.0 -32.5     74256450   0   2100       919750
    72  0 1  94.57 10027.00 2   0.0 -31.9     76096600   0   1750      1840150
    73  0 1  95.27 10027.00 2   0.0 -31.9     77006650   0   1700       910050
    74  0 1  94.57 10027.00 2   0.0 -31.6     77917100   0   1950       910450
    75  0 1  95.27 10025.50 2   0.0 -31.6     78826700   0   1850       909600
    76  0 1  94.92 10027.00 2   0.0 -31.3     79736500   0   1950       909800
    77  0 1  95.62 10027.00 2   0.0 -31.3     80646950   0   1900       910450
    78  0 1  94.92 10027.00 2   0.0 -30.9     81646700   0   1650       999750
    79  0 1  94.57 10025.50 2   0.0 -30.9     82647150   0   1800      1000450
    80  0 1  94.57 10027.00 2   0.0 -30.6     83646900   0   1950       999750
    81  0 1  94.22 10027.00 2   0.0 -30.6     85646650   0   1950      1999750
    82  0 1  94.22 10025.50 2   0.0 -30.3     86636150   0   2050       989500
    83  0 1  94.22 10027.00 2   0.0 -30.3     87626500   0   2050       990350
    84  0 1  95.27 10027.00 2   0.0 -30.3     88616400   0   2050       989900
    85  0 1  94.22 10025.50 2   0.0 -30.3     89606400   0   1900       990000
    86  0 1  95.62 10027.00 2   0.0 -30.0     90596550   0   1900       990150
    87  0 1  95.27 10027.00 2   0.0 -30.0     91576450   0   2000       979900
    88  0 1  94.92 10027.00 2   0.0 -30.0     92555950   0   1650       979500
    89  0 1  94.92 10025.50 2   0.0 -30.0     93536150   0   1650       980200
