    NO  S V  AOA    FREQ    B  FMOP  AMP      TOA      PMOP  PW         dTOA  
------ -- - ------ -------- - ----- ----- ------------ --- ------ ------------
     0  0 1  94.57 10027.00 2   0.0 -70.0            0   0   1750  42949673000
     1  0 1  94.57 10027.00 2   0.0 -69.4       989600   0   1850       989600
     2  0 1  94.22 10025.50 2   0.0 -68.8      1979600   0   1850       990000
     3  0 1  94.92 10027.00 2   0.0 -68.1      2969250   0   1900       989650
     4  0 1  94.57 10025.50 2   0.0 -67.5      3959600   0   1950       990350
     5  0 1  95.62 10027.00 2   0.0 -66.3      5929150   0   1750      1969550
     6  0 1  95.62 10027.00 2   0.0 -65.6      6909300   0   2050       980150
     7  0 1  94.22 10025.50 2   0.0 -65.0      7889000   0   1850       979700
     8  0 1  95.27 10025.50 2   0.0 -64.4      8868900   0   1850       979900
     9  0 1  95.27 10027.00 2   0.0 -63.8      9849300   0   1950       980400
    10  0 1  94.22 10027.00 2   0.0 -63.1     10819700   0   1700       970400
    11  0 1  94.57 10025.50 2   0.0 -62.5     11789350   0   1800       969650
    12  0 1  94.92 10025.50 2   0.0 -61.9     12759750   0   1750       970400
    13  0 1  95.62 10025.50 2   0.0 -61.3     13729550   0   2000       969800
    14  0 1  94.57 10027.00 2   0.0 -60.0     15659400   0   1950      1929850
    15  0 1  95.62 10027.00 2   0.0 -59.4     16619350   0   1950       959950
    16  0 1  94.22 10027.00 2   0.0 -58.8     17579650   0   2100       960300
    17  0 1  95.27 10025.50 2   0.0 -58.1     18539850   0   1700       960200
    18  0 1  94.22 10027.00 2   0.0 -57.5     19500100   0   1850       960250
    19  0 1  94.92 10025.50 2   0.0 -57.2     20449700   0   2050       949600
    20  0 1  95.62 10025.50 2   0.0 -56.6     21399550   0   1800       949850
    21  0 1  94.22 10027.00 2   0.0 -55.9     22349450   0   1700       949900
    22  0 1  94.22 10025.50 2   0.0 -55.3     23299300   0   2000       949850
    23  0 1  94.57 10027.00 2   0.0 -54.1     25188700   0   1800      1889400
    24  0 1  95.27 10027.00 2   0.0 -53.4     26128650   0   1950       939950
    25  0 1  95.62 10025.50 2   0.0 -53.1     27068700   0   1900       940050
    26  0 1  95.62 10027.00 2   0.0 -52.5     28008300   0   1650       939600
    27  0 1  94.57 10027.00 2   0.0 -51.9     28948050   0   1950       939750
    28  0 1  94.22 10027.00 2   0.0 -51.3     29878050   0   1750       930000
    29  0 1  94.57 10025.50 2   0.0 -50.6     30808350   0   2050       930300
    30  0 1  94.92 10027.00 2   0.0 -50.3     31738600   0   2000       930250
    31  0 1  95.27 10025.50 2   0.0 -49.7     32668150   0   1650       929550
    32  0 1  94.22 10027.00 2   0.0 -48.4     34517900   0   1800      1849750
    33  0 1  94.22 10025.50 2   0.0 -48.1     35437700   0   1900       919800
    34  0 1  94.57 10027.00 2   0.0 -47.5     36357350   0   2050       919650
    35  0 1  94.92 10025.50 2   0.0 -46.9     37277350   0   1750       920000
    36  0 1  94.22 10027.00 2   0.0 -46.6     38197350   0   1700       920000
    37  0 1  95.27 10027.00 2   0.0 -45.9     39106850   0   1800       909500
    38  0 1  95.62 10025.50 2   0.0 -45.6     40016400   0   1800       909550
    39  0 1  95.62 10027.00 2   0.0 -45.0     40926850   0   1650       910450
    40  0 1  95.62 10027.00 2   0.0 -44.4     41837100   0   2000       910250
    41  0 1  94.22 10027.00 2   0.0 -43.4     43746500   0   1750      1909400
    42  0 1  94.57 10027.00 2   0.0 -43.1     44746600   0   1650      1000100
    43  0 1  94.22 10025.50 2   0.0 -42.5     45746700   0   1950      1000100
    44  0 1  94.22 10025.50 2   0.0 -42.2     46746250   0   1950       999550
    45  0 1  94.92 10025.50 2   0.0 -41.6     47746000   0   1800       999750
    46  0 1  95.27 10025.50 2   0.0 -41.3     48735650   0   2050       989650
    47  0 1  95.62 10027.00 2   0.0 -40.9     49726100   0   1650       990450
    48  0 1  94.22 10025.50 2   0.0 -40.3     50716050   0   1850       989950
    49  0 1  95.62 10027.00 2   0.0 -40.0     51706100   0   2050       990050
    50  0 1  94.92 10027.00 2   0.0 -39.1     53676350   0   2050      1970250
    51  0 1  94.22 10027.00 2   0.0 -38.8     54656100   0   1700       979750
    52  0 1  95.62 10027.00 2   0.0 -38.4     55636350   0   1850       980250
    53  0 1  94.57 10025.50 2   0.0 -38.1     56615850   0   2100       979500
    54  0 1  94.22 10027.00 2   0.0 -37.5     57595850   0   1950       980000
    55  0 1  94.57 10027.00 2   0.0 -37.2     58565800   0   1750       969950
    56  0 1  94.57 10027.00 2   0.0 -36.9     59535650   0   1750       969850
    57  0 1  95.62 10027.00 2   0.0 -36.6     60505600   0   2000       969950
    58  0 1  94.22 10027.00 2   0.0 -36.3     61475300   0   1800       969700
    59  0 1  95.62 10027.00 2   0.0 -35.6     63405400   0   1700      1930100
    60  0 1  94.92 10027.00 2   0.0 -35.3     64365300   0   1950       959900
    61  0 1  94.57 10027.00 2   0.0 -35.0     65324800   0   1850       959500
    62  0 1  95.62 10027.00 2   0.0 -34.7     66284700   0   2050       959900
    63  0 1  95.27 10027.00 2   0.0 -34.4     67244450   0   1750       959750
    64  0 1  94.92 10027.00 2   0.0 -34.1     68194000   0   2100       949550
    65  0 1  95.62 10027.00 2   0.0 -33.8     69144200   0   1650       950200
    66  0 1  95.27 10027.00 2   0.0 -33.4     70093750   0   1650       949550
    67  0 1  94.22 10027.00 2   0.0 -33.4     71044050   0   1800       950300
    68  0 1  95.62 10027.00 2   0.0 -32.8     72934100   0   1900      1890050
    69  0 1  94.92 10027.00 2   0.0 -32.5     73873950   0   1950       939850
    70  0 1  94.92 10025.50 2   0.0 -32.5     74813850   0   1850       939900
    71  0 1  95.27 10027.00 2   0.0 -32.2     75754250   0   1650       940400
    72  0 1  94.57 10027.00 2   0.0 -31.9     76693900   0   2000       939650
    73  0 1  94.22 10027.00 2   0.0 -31.9     77623450   0   1650       929550
    74  0 1  94.92 10025.50 2   0.0 -31.6     78553550   0   1900       930100
    75  0 1  94.92 10027.00 2   0.0 -31.6     79483250   0   1750       929700
    76  0 1  94.92 10027.00 2   0.0 -31.3     80413350   0   1650       930100
    77  0 1  95.27 10027.00 2   0.0 -30.9     82263800   0   1750      1850450
    78  0 1  94.22 10025.50 2   0.0 -30.9     83183950   0   1900       920150
    79  0 1  94.92 10025.50 2   0.0 -30.6     84103800   0   2000       919850
    80  0 1  95.27 10025.50 2   0.0 -30.6     85023950   0   2050       920150
    81  0 1  94.57 10025.50 2   0.0 -30.6     85943700   0   1800       919750
    82  0 1  95.27 10027.00 2   0.0 -30.3     86853250   0   2000       909550
    83  0 1  95.62 10025.50 2   0.0 -30.3     87763650   0   2000       910400
    84  0 1  94.92 10027.00 2   0.0 -30.3     88673750   0   1700       910100
    85  0 1  95.27 10027.00 2   0.0 -30.3     89583600   0   1950       909850
    86  0 1  94.57 10027.00 2   0.0 -30.0     91493400   0   1950      1909800
    87  0 1  94.57 10027.00 2   0.0 -30.0     92493150   0   1700       999750
    88  0 1  94.92 10025.50 2   0.0 -30.0     93493550   0   1700      1000400
    89  0 1  94.22 10027.00 2   0.0 -30.0     94493250   0   1650       999700
