    NO  S V  AOA    FREQ    B  FMOP  AMP      TOA      PMOP  PW         dTOA  
------ -- - ------ -------- - ----- ----- ------------ --- ------ ------------
     0  0 1  94.92 10003.00 2   0.0 -70.0            0   0   1650  42949673000
     1  0 1  94.92 10007.50 2   0.0 -69.4       839450   0   1450       839450
     2  0 1  95.27 10016.50 2   0.0 -68.1      2768950   0   1450      1929500
     3  0 1  94.57 10018.00 2   0.0 -67.5      3821400   0   1650      1052450
     4  0 1  95.27 10022.50 2   0.0 -66.9      4995250   0   1500      1173850
     5  0 1  94.22 10028.50 2   0.0 -66.3      5827000   0   1600       831750
     6  0 1  95.27 10030.00 2   0.0 -65.6      6629750   0   1550       802750
     7  0 1  94.57 10036.00 2   0.0 -65.0      7689500   0   1250      1059750
     8  0 1  95.62 10039.00 2   0.0 -64.4      8577200   0   1700       887700
     9  0 1  94.92 10042.00 2   0.0 -63.8      9589050   0   1250      1011850
    10  0 1  94.57 10048.00 2   0.0 -63.1     10541850   0   1300       952800
    11  0 1  95.27 10057.00 2   0.0 -61.9     12453550   0   1500      1911700
    12  0 1  94.92 10060.00 2   0.0 -61.3     13299450   0   1650       845900
    13  0 1  95.27 10063.00 2   0.0 -60.6     14207250   0   1650       907800
    14  0 1  95.27 10069.00 2   0.0 -60.0     15260300   0   1700      1053050
    15  0 1  94.92 10070.50 2   0.0 -59.4     16127700   0   1550       867400
    16  0 1  95.62 10076.50 2   0.0 -58.8     17206400   0   1350      1078700
    17  0 1  95.62 10078.00 2   0.0 -58.1     18027700   0   1450       821300
    18  0 1  94.92 10084.00 2   0.0 -57.5     19139800   0   1550      1112100
    19  0 1  94.22 10087.00 2   0.0 -57.2     20258800   0   1350      1119000
    20  0 1  94.22 10096.00 2   0.0 -55.9     22080000   0   1600      1821200
    21  0 1  94.22 10099.00 2   0.0 -55.3     23071850   0   1350       991850
    22  0 1  94.57  9904.00 2   0.0 -54.7     23865100   0   1550       793250
    23  0 1  95.27  9908.50 2   0.0 -54.1     24869300   0   1250      1004200
    24  0 1  95.27  9911.50 2   0.0 -53.4     25903450   0   1300      1034150
    25  0 1  94.57  9916.00 2   0.0 -53.1     26675550   0   1450       772100
    26  0 1  95.62  9920.50 2   0.0 -52.5     27594000   0   1500       918450
    27  0 1  94.22  9925.00 2   0.0 -51.9     28409000   0   1250       815000
    28  0 1  94.22  9926.50 2   0.0 -51.3     29497150   0   1500      1088150
    29  0 1  94.92  9935.50 2   0.0 -50.3     31562800   0   1250      2065650
    30  0 1  94.92  9940.00 2   0.0 -49.7     32342750   0   1300       779950
    31  0 1  94.22  9943.00 2   0.0 -49.1     33435100   0   1600      1092350
    32  0 1  94.57  9949.00 2   0.0 -48.4     34347350   0   1650       912250
    33  0 1  95.27  9952.00 2   0.0 -48.1     35525950   0   1250      1178600
    34  0 1  94.22  9955.00 2   0.0 -47.5     36656050   0   1650      1130100
    35  0 1  95.62  9959.50 2   0.0 -46.9     37721900   0   1300      1065850
    36  0 1  94.22  9964.00 2   0.0 -46.6     38966200   0   1350      1244300
    37  0 1  94.57  9968.50 2   0.0 -45.9     40082200   0   1400      1116000
    38  0 1  95.27  9976.00 2   0.0 -45.0     42370300   0   1250      2288100
    39  0 1  94.22  9979.00 2   0.0 -44.4     43555750   0   1300      1185450
    40  0 1  94.22  9983.50 2   0.0 -44.1     44802550   0   1500      1246800
    41  0 1  94.22  9988.00 2   0.0 -43.4     45557100   0   1500       754550
    42  0 1  95.62  9992.50 2   0.0 -43.1     46705900   0   1450      1148800
    43  0 1  94.57  9997.00 2   0.0 -42.5     47701950   0   1500       996050
    44  0 1  94.92  9998.50 2   0.0 -42.2     48732450   0   1250      1030500
    45  0 1  94.92 10003.00 2   0.0 -41.6     49871550   0   1550      1139100
    46  0 1  95.27 10006.00 2   0.0 -41.3     50909050   0   1700      1037500
    47  0 1  95.62 10015.00 2   0.0 -40.3     52977900   0   1700      2068850
    48  0 1  94.92 10019.50 2   0.0 -40.0     54030650   0   1300      1052750
    49  0 1  95.27 10024.00 2   0.0 -39.7     55188450   0   1700      1157800
    50  0 1  94.22 10027.00 2   0.0 -39.1     56217300   0   1250      1028850
    51  0 1  94.57 10031.50 2   0.0 -38.8     57252100   0   1550      1034800
    52  0 1  94.92 10036.00 2   0.0 -38.4     58314150   0   1450      1062050
    53  0 1  94.57 10040.50 2   0.0 -38.1     59121700   0   1450       807550
    54  0 1  95.27 10045.00 2   0.0 -37.5     60361900   0   1550      1240200
    55  0 1  94.92 10048.00 2   0.0 -37.2     61582300   0   1650      1220400
    56  0 1  94.92 10057.00 2   0.0 -36.6     63286000   0   1600      1703700
    57  0 1  94.92 10060.00 2   0.0 -36.3     64059250   0   1700       773250
    58  0 1  94.92 10064.50 2   0.0 -35.9     65280000   0   1600      1220750
    59  0 1  95.27 10067.50 2   0.0 -35.6     66376800   0   1300      1096800
    60  0 1  95.62 10072.00 2   0.0 -35.3     67567350   0   1500      1190550
    61  0 1  94.22 10075.00 2   0.0 -35.0     68670200   0   1500      1102850
    62  0 1  95.62 10078.00 2   0.0 -34.7     69788500   0   1650      1118300
    63  0 1  94.57 10084.00 2   0.0 -34.4     70601850   0   1650       813350
    64  0 1  95.27 10087.00 2   0.0 -34.1     71628300   0   1350      1026450
    65  0 1  95.27 10096.00 2   0.0 -33.4     73242900   0   1500      1614600
    66  0 1  95.27 10099.00 2   0.0 -33.4     74357000   0   1300      1114100
    67  0 1  95.27  9902.50 2   0.0 -33.1     75388200   0   1700      1031200
    68  0 1  94.57  9907.00 2   0.0 -32.8     76396650   0   1250      1008450
    69  0 1  95.27  9910.00 2   0.0 -32.5     77178000   0   1650       781350
    70  0 1  94.92  9916.00 2   0.0 -32.5     78425350   0   1250      1247350
    71  0 1  95.27  9920.50 2   0.0 -32.2     79622450   0   1550      1197100
    72  0 1  94.22  9922.00 2   0.0 -31.9     80666700   0   1450      1044250
    73  0 1  94.22  9928.00 2   0.0 -31.9     81857650   0   1350      1190950
    74  0 1  94.57  9934.00 2   0.0 -31.6     83916100   0   1250      2058450
    75  0 1  94.57  9938.50 2   0.0 -31.3     84960550   0   1650      1044450
    76  0 1  94.92  9944.50 2   0.0 -31.3     85930250   0   1500       969700
    77  0 1  95.62  9947.50 2   0.0 -30.9     86717500   0   1250       787250
    78  0 1  94.92  9950.50 2   0.0 -30.9     87657600   0   1250       940100
    79  0 1  94.22  9955.00 2   0.0 -30.6     88619150   0   1300       961550
    80  0 1  95.27  9958.00 2   0.0 -30.6     89630750   0   1450      1011600
    81  0 1  95.62  9964.00 2   0.0 -30.6     90841800   0   1400      1211050
    82  0 1  95.62  9967.00 2   0.0 -30.3     91694900   0   1450       853100
    83  0 1  94.92  9976.00 2   0.0 -30.3     93676550   0   1300      1981650
    84  0 1  94.22  9979.00 2   0.0 -30.3     94485050   0   1500       808500
    85  0 1  95.62  9985.00 2   0.0 -30.0     95715850   0   1450      1230800
    86  0 1  94.22  9986.50 2   0.0 -30.0     96614600   0   1700       898750
    87  0 1  94.57  9991.00 2   0.0 -30.0     97539550   0   1450       924950
    88  0 1  95.62  9995.50 2   0.0 -30.0     98669800   0   1350      1130250
    89  0 1  94.92 10000.00 2   0.0 -30.0     99912000   0   1300      1242200
    90  0 1  94.92 10003.00 2   0.0 -30.0    101159500   0   1350      1247500
    91  0 1  94.92 10007.50 2   0.0 -30.0    101969350   0   1450       809850
    92  0 1  94.22 10015.00 2   0.0 -30.0    104167150   0   1250      2197800
    93  0 1  95.62 10021.00 2   0.0 -30.0    105242750   0   1650      1075600
    94  0 1  94.92 10024.00 2   0.0 -30.0    106019050   0   1550       776300
    95  0 1  95.62 10027.00 2   0.0 -30.3    107004400   0   1400       985350
    96  0 1  94.22 10031.50 2   0.0 -30.3    108027000   0   1650      1022600
    97  0 1  94.22 10036.00 2   0.0 -30.3    109154000   0   1450      1127000
    98  0 1  94.57 10040.50 2   0.0 -30.3    109978800   0   1650       824800
    99  0 1  95.62 10045.00 2   0.0 -30.6    110801700   0   1650       822900
   100  0 1  95.62 10048.00 2   0.0 -30.6    111803850   0   1300      1002150
   101  0 1  95.62 10054.00 2   0.0 -30.9    113825600   0   1600      2021750
   102  0 1  95.62 10060.00 2   0.0 -30.9    114668700   0   1700       843100
   103  0 1  95.62 10063.00 2   0.0 -31.3    115467000   0   1700       798300
   104  0 1  94.22 10066.00 2   0.0 -31.3    116656450   0   1350      1189450
   105  0 1  95.62 10072.00 2   0.0 -31.6    117453950   0   1700       797500
   106  0 1  95.62 10076.50 2   0.0 -31.6    118483700   0   1450      1029750
   107  0 1  94.22 10078.00 2   0.0 -31.9    119544650   0   1300      1060950
   108  0 1  94.22 10084.00 2   0.0 -31.9    120355950   0   1600       811300
   109  0 1  94.22 10087.00 2   0.0 -32.2    121595200   0   1300      1239250
   110  0 1  95.27 10096.00 2   0.0 -32.5    123853150   0   1400      2257950
   111  0 1  94.22 10099.00 2   0.0 -32.8    125072750   0   1650      1219600
   112  0 1  94.22  9902.50 2   0.0 -33.1    125860100   0   1700       787350
   113  0 1  94.57  9907.00 2   0.0 -33.4    126729450   0   1650       869350
   114  0 1  94.92  9911.50 2   0.0 -33.4    127575700   0   1250       846250
   115  0 1  95.62  9916.00 2   0.0 -33.8    128769950   0   1350      1194250
   116  0 1  95.27  9919.00 2   0.0 -34.1    129931050   0   1700      1161100
   117  0 1  94.22  9923.50 2   0.0 -34.4    130750150   0   1550       819100
   118  0 1  94.22  9926.50 2   0.0 -34.7    131856300   0   1500      1106150
   119  0 1  94.22  9934.00 2   0.0 -35.3    133588000   0   1650      1731700
   120  0 1  95.62  9938.50 2   0.0 -35.6    134340750   0   1450       752750
   121  0 1  95.62  9943.00 2   0.0 -35.9    135361400   0   1600      1020650
   122  0 1  95.27  9949.00 2   0.0 -36.3    136552150   0   1300      1190750
   123  0 1  95.62  9952.00 2   0.0 -36.6    137791100   0   1700      1238950
   124  0 1  94.92  9956.50 2   0.0 -36.9    138680400   0   1550       889300
   125  0 1  94.57  9961.00 2   0.0 -37.2    139473000   0   1550       792600
   126  0 1  95.27  9964.00 2   0.0 -37.5    140675700   0   1350      1202700
   127  0 1  94.57  9968.50 2   0.0 -38.1    141624650   0   1550       948950
   128  0 1  94.22  9976.00 2   0.0 -38.8    143987500   0   1300      2362850
   129  0 1  94.22  9979.00 2   0.0 -39.1    145228650   0   1500      1241150
   130  0 1  94.22  9982.00 2   0.0 -39.7    146373200   0   1500      1144550
   131  0 1  95.62  9986.50 2   0.0 -40.0    147435700   0   1500      1062500
   132  0 1  95.27  9992.50 2   0.0 -40.3    148532250   0   1450      1096550
   133  0 1  94.92  9994.00 2   0.0 -40.9    149382300   0   1700       850050
   134  0 1  94.22 10000.00 2   0.0 -41.3    150393200   0   1450      1010900
   135  0 1  94.22 10003.00 2   0.0 -41.6    151147550   0   1500       754350
   136  0 1  94.22 10007.50 2   0.0 -42.2    152178700   0   1550      1031150
   137  0 1  94.57 10016.50 2   0.0 -43.1    154081850   0   1550      1903150
   138  0 1  95.62 10019.50 2   0.0 -43.4    155288100   0   1650      1206250
   139  0 1  94.22 10022.50 2   0.0 -44.1    156475650   0   1650      1187550
   140  0 1  94.92 10027.00 2   0.0 -44.4    157456950   0   1300       981300
   141  0 1  95.27 10030.00 2   0.0 -45.0    158645350   0   1350      1188400
   142  0 1  95.62 10034.50 2   0.0 -45.6    159837100   0   1700      1191750
   143  0 1  94.92 10039.00 2   0.0 -45.9    160905650   0   1650      1068550
   144  0 1  94.22 10043.50 2   0.0 -46.6    162144350   0   1350      1238700
   145  0 1  95.62 10046.50 2   0.0 -46.9    163353700   0   1700      1209350
   146  0 1  94.92 10057.00 2   0.0 -48.1    165167400   0   1500      1813700
   147  0 1  95.27 10060.00 2   0.0 -48.4    165950600   0   1550       783200
   148  0 1  95.62 10063.00 2   0.0 -49.1    167024100   0   1650      1073500
   149  0 1  94.22 10069.00 2   0.0 -49.7    167978600   0   1500       954500
   150  0 1  95.62 10070.50 2   0.0 -50.3    168861500   0   1250       882900
   151  0 1  95.62 10076.50 2   0.0 -50.6    169755050   0   1500       893550
   152  0 1  95.27 10079.50 2   0.0 -51.3    170987500   0   1250      1232450
   153  0 1  95.62 10082.50 2   0.0 -51.9    172019450   0   1500      1031950
   154  0 1  94.22 10087.00 2   0.0 -52.5    173265400   0   1500      1245950
   155  0 1  95.27 10096.00 2   0.0 -53.4    175260250   0   1400      1994850
   156  0 1  94.57 10099.00 2   0.0 -54.1    176058250   0   1300       798000
   157  0 1  95.27  9902.50 2   0.0 -54.7    177207700   0   1700      1149450
   158  0 1  95.62  9908.50 2   0.0 -55.3    178221300   0   1550      1013600
   159  0 1  95.27  9913.00 2   0.0 -55.9    179148150   0   1550       926850
   160  0 1  95.62  9914.50 2   0.0 -56.6    179998850   0   1500       850700
   161  0 1  95.27  9920.50 2   0.0 -57.2    181032500   0   1300      1033650
   162  0 1  95.62  9925.00 2   0.0 -57.5    181836600   0   1650       804100
   163  0 1  94.22  9926.50 2   0.0 -58.1    182989850   0   1350      1153250
   164  0 1  94.22  9934.00 2   0.0 -59.4    184888300   0   1550      1898450
   165  0 1  95.62  9938.50 2   0.0 -60.0    185862550   0   1650       974250
   166  0 1  94.57  9943.00 2   0.0 -60.6    186630700   0   1650       768150
   167  0 1  94.22  9947.50 2   0.0 -61.3    187626600   0   1500       995900
   168  0 1  95.27  9952.00 2   0.0 -61.9    188681000   0   1250      1054400
   169  0 1  95.27  9955.00 2   0.0 -62.5    189540100   0   1350       859100
   170  0 1  95.27  9958.00 2   0.0 -63.1    190571650   0   1700      1031550
   171  0 1  95.27  9964.00 2   0.0 -63.8    191521750   0   1300       950100
   172  0 1  94.57  9967.00 2   0.0 -64.4    192457800   0   1450       936050
   173  0 1  95.62  9974.50 2   0.0 -65.6    194569700   0   1400      2111900
   174  0 1  94.92  9979.00 2   0.0 -66.3    195400050   0   1400       830350
   175  0 1  95.27  9983.50 2   0.0 -66.9    196547900   0   1650      1147850
   176  0 1  94.57  9988.00 2   0.0 -67.5    197778400   0   1600      1230500
   177  0 1  94.92  9991.00 2   0.0 -68.1    199012050   0   1700      1233650
   178  0 1  94.92  9997.00 2   0.0 -68.8    199941900   0   1700       929850
   179  0 1  95.62 10000.00 2   0.0 -69.4    201040500   0   1250      1098600
