    NO  S V  AOA    FREQ    B  FMOP  AMP      TOA      PMOP  PW         dTOA  
------ -- - ------ -------- - ----- ----- ------------ --- ------ ------------
     0  0 1 109.69  5250.00 1   0.0 -70.0            0   0   2950  42949673000
     1  0 1 109.69  5265.00 1   0.0 -68.8       498500   0   3000       498500
     2  0 1 109.69  5280.00 1   0.0 -67.5       997550   0   2950       499050
     3  0 1 109.69  5290.00 1   0.0 -66.3      1498000   0   2950       500450
     4  0 1 109.69  5295.00 1   0.0 -65.0      1999050   0   3000       501050
     5  0 1 109.69  5300.00 1   0.0 -63.8      2500600   0   3000       501550
     6  0 1 109.69  5297.50 1   0.0 -62.5      3002350   0   3000       501750
     7  0 1 109.69  5277.50 1   0.0 -60.0      4003650   0   3000      1001300
     8  0 1 109.69  5265.00 1   0.0 -58.8      4502850   0   2950       499200
     9  0 1 109.69  5247.50 1   0.0 -57.5      5003300   0   3000       500450
    10  0 1 109.69  5232.50 1   0.0 -56.6      5504250   0   3000       500950
    11  0 1 109.69  5218.75 1   0.0 -55.3      6004650   0   3000       500400
    12  0 1 109.69  5207.50 1   0.0 -54.1      6505350   0   2950       500700
    13  0 1 109.69  5200.00 1   0.0 -53.1      7005600   0   2950       500250
    14  0 1 109.69  5200.00 1   0.0 -51.9      7505050   0   3000       499450
    15  0 1 109.69  5202.50 1   0.0 -50.6      8006650   0   2950       501600
    16  0 1 109.69  5220.00 1   0.0 -48.4      9006150   0   3000       999500
    17  0 1 109.69  5235.00 1   0.0 -47.5      9505700   0   2950       499550
    18  0 1 109.69  5248.75 1   0.0 -46.6     10003700   0   3000       498000
    19  0 1 109.69  5263.75 1   0.0 -45.6     10505600   0   2950       501900
    20  0 1 109.69  5278.75 1   0.0 -44.4     11005900   0   3000       500300
    21  0 1 109.69  5290.00 1   0.0 -43.4     11503800   0   3000       497900
    22  0 1 109.69  5296.25 1   0.0 -42.5     12002450   0   3000       498650
    23  0 1 109.69  5297.50 1   0.0 -41.6     12504150   0   2950       501700
    24  0 1 109.69  5297.50 1   0.0 -40.9     13005200   0   3000       501050
    25  0 1 109.69  5280.00 1   0.0 -39.1     14006400   0   2950      1001200
    26  0 1 109.69  5265.00 1   0.0 -38.4     14505150   0   3000       498750
    27  0 1 109.69  5247.50 1   0.0 -37.5     15005150   0   2950       500000
    28  0 1 109.69  5235.00 1   0.0 -36.9     15507300   0   2950       502150
    29  0 1 109.69  5218.75 1   0.0 -36.3     16005600   0   2950       498300
    30  0 1 109.69  5208.75 1   0.0 -35.6     16504500   0   2950       498900
    31  0 1 109.69  5200.00 1   0.0 -35.0     17003050   0   3000       498550
    32  0 1 109.69  5198.75 1   0.0 -34.4     17501350   0   2950       498300
    33  0 1 109.69  5200.00 1   0.0 -33.8     18002150   0   3000       500800
    34  0 1 109.69  5218.75 1   0.0 -32.8     19001400   0   3000       999250
    35  0 1 109.69  5232.50 1   0.0 -32.5     19502100   0   2950       500700
    36  0 1 109.69  5247.50 1   0.0 -31.9     19999700   0   3000       497600
    37  0 1 109.69  5265.00 1   0.0 -31.6     20499250   0   3000       499550
    38  0 1 109.69  5277.50 1   0.0 -31.3     20997900   0   3000       498650
    39  0 1 109.69  5290.00 1   0.0 -30.9     21498800   0   3000       500900
    40  0 1 109.69  5295.00 1   0.0 -30.6     21996650   0   3000       497850
    41  0 1 109.69  5300.00 1   0.0 -30.6     22494750   0   2950       498100
    42  0 1 109.69  5296.25 1   0.0 -30.3     22992950   0   2950       498200
    43  0 1 109.69  5278.75 1   0.0 -30.0     23995550   0   3000      1002600
    44  0 1 109.69  5265.00 1   0.0 -30.0     24495300   0   3000       499750
    45  0 1 109.69  5250.00 1   0.0 -30.0     24997350   0   2950       502050
    46  0 1 109.69  5235.00 1   0.0 -30.0     25495550   0   3000       498200
    47  0 1 109.69  5220.00 1   0.0 -30.0     25994150   0   2950       498600
    48  0 1 109.69  5207.50 1   0.0 -30.3     26494250   0   2950       500100
    49  0 1 109.69  5200.00 1   0.0 -30.3     26993650   0   2950       499400
    50  0 1 109.69  5200.00 1   0.0 -30.6     27494450   0   3000       500800
    51  0 1 109.69  5201.25 1   0.0 -30.6     27996250   0   3000       501800
    52  0 1 109.69  5220.00 1   0.0 -31.3     28995200   0   2950       998950
    53  0 1 109.69  5233.75 1   0.0 -31.6     29493950   0   2950       498750
    54  0 1 109.69  5247.50 1   0.0 -31.9     29991550   0   2950       497600
    55  0 1 109.69  5265.00 1   0.0 -32.5     30490550   0   3000       499000
    56  0 1 109.69  5278.75 1   0.0 -32.8     30991950   0   2950       501400
    57  0 1 109.69  5288.75 1   0.0 -33.4     31491850   0   3000       499900
    58  0 1 109.69  5297.50 1   0.0 -33.8     31990100   0   3000       498250
    59  0 1 109.69  5298.75 1   0.0 -34.4     32490950   0   2950       500850
    60  0 1 109.69  5296.25 1   0.0 -35.0     32989350   0   2950       498400
    61  0 1 109.69  5278.75 1   0.0 -36.3     33989350   0   3000      1000000
    62  0 1 109.69  5265.00 1   0.0 -36.9     34488300   0   3000       498950
    63  0 1 109.69  5250.00 1   0.0 -37.5     34988800   0   2950       500500
    64  0 1 109.69  5232.50 1   0.0 -38.4     35489050   0   3000       500250
    65  0 1 109.69  5218.75 1   0.0 -39.1     35989600   0   3000       500550
    66  0 1 109.69  5207.50 1   0.0 -40.0     36489400   0   3000       499800
    67  0 1 109.69  5201.25 1   0.0 -40.9     36991300   0   2950       501900
    68  0 1 109.69  5200.00 1   0.0 -41.6     37491950   0   2950       500650
    69  0 1 109.69  5200.00 1   0.0 -42.5     37990500   0   2950       498550
    70  0 1 109.69  5218.75 1   0.0 -44.4     38987150   0   3000       996650
    71  0 1 109.69  5235.00 1   0.0 -45.6     39487750   0   2950       500600
    72  0 1 109.69  5247.50 1   0.0 -46.6     39987700   0   3000       499950
    73  0 1 109.69  5265.00 1   0.0 -47.5     40486350   0   3000       498650
    74  0 1 109.69  5277.50 1   0.0 -48.4     40985100   0   3000       498750
    75  0 1 109.69  5288.75 1   0.0 -49.7     41484400   0   2950       499300
    76  0 1 109.69  5295.00 1   0.0 -50.6     41986550   0   3000       502150
    77  0 1 109.69  5300.00 1   0.0 -51.9     42487250   0   3000       500700
    78  0 1 109.69  5297.50 1   0.0 -53.1     42986500   0   3000       499250
    79  0 1 109.69  5277.50 1   0.0 -55.3     43984900   0   2950       998400
    80  0 1 109.69  5265.00 1   0.0 -56.6     44485800   0   3000       500900
    81  0 1 109.69  5250.00 1   0.0 -57.5     44985900   0   2950       500100
    82  0 1 109.69  5232.50 1   0.0 -58.8     45488100   0   3000       502200
    83  0 1 109.69  5218.75 1   0.0 -60.0     45990400   0   3000       502300
    84  0 1 109.69  5207.50 1   0.0 -61.3     46489900   0   2950       499500
    85  0 1 109.69  5200.00 1   0.0 -62.5     46989550   0   2950       499650
    86  0 1 109.69  5198.75 1   0.0 -63.8     47491500   0   3000       501950
    87  0 1 109.69  5201.25 1   0.0 -65.0     47989250   0   2950       497750
    88  0 1 109.69  5218.75 1   0.0 -67.5     48989950   0   3000      1000700
    89  0 1 109.69  5232.50 1   0.0 -68.8     49491150   0   3000       501200
