    NO  S V  AOA    FREQ    B  FMOP  AMP      TOA      PMOP  PW         dTOA  
------ -- - ------ -------- - ----- ----- ------------ --- ------ ------------
     0  0 1 109.69  5250.00 1   0.0 -70.0            0   0   2950  42949673000
     1  0 1 109.69  5263.75 1   0.0 -68.8       500250   0   3000       500250
     2  0 1 109.69  5280.00 1   0.0 -67.5      1001150   0   3000       500900
     3  0 1 109.69  5288.75 1   0.0 -66.3      1502900   0   2950       501750
     4  0 1 109.69  5297.50 1   0.0 -65.0      2005100   0   3000       502200
     5  0 1 109.69  5300.00 1   0.0 -63.8      2506800   0   2950       501700
     6  0 1 109.69  5296.25 1   0.0 -62.5      3004400   0   3000       497600
     7  0 1 109.69  5290.00 1   0.0 -61.3      3502350   0   3000       497950
     8  0 1 109.69  5278.75 1   0.0 -60.0      4001750   0   2950       499400
     9  0 1 109.69  5250.00 1   0.0 -57.5      5002100   0   2950      1000350
    10  0 1 109.69  5235.00 1   0.0 -56.6      5503450   0   2950       501350
    11  0 1 109.69  5220.00 1   0.0 -55.3      6004600   0   2950       501150
    12  0 1 109.69  5208.75 1   0.0 -54.1      6506400   0   3000       501800
    13  0 1 109.69  5202.50 1   0.0 -53.1      7008500   0   2950       502100
    14  0 1 109.69  5200.00 1   0.0 -51.9      7510150   0   3000       501650
    15  0 1 109.69  5201.25 1   0.0 -50.6      8009400   0   3000       499250
    16  0 1 109.69  5210.00 1   0.0 -49.7      8507250   0   2950       497850
    17  0 1 109.69  5218.75 1   0.0 -48.4      9005850   0   2950       498600
    18  0 1 109.69  5248.75 1   0.0 -46.6     10005950   0   3000      1000100
    19  0 1 109.69  5265.00 1   0.0 -45.6     10506500   0   2950       500550
    20  0 1 109.69  5277.50 1   0.0 -44.4     11004750   0   2950       498250
    21  0 1 109.69  5290.00 1   0.0 -43.4     11505550   0   3000       500800
    22  0 1 109.69  5297.50 1   0.0 -42.5     12005950   0   3000       500400
    23  0 1 109.69  5298.75 1   0.0 -41.6     12507400   0   2950       501450
    24  0 1 109.69  5295.00 1   0.0 -40.9     13007200   0   3000       499800
    25  0 1 109.69  5290.00 1   0.0 -40.0     13508750   0   3000       501550
    26  0 1 109.69  5277.50 1   0.0 -39.1     14010600   0   3000       501850
    27  0 1 109.69  5250.00 1   0.0 -37.5     15011300   0   3000      1000700
    28  0 1 109.69  5232.50 1   0.0 -36.9     15511300   0   2950       500000
    29  0 1 109.69  5218.75 1   0.0 -36.3     16012150   0   3000       500850
    30  0 1 109.69  5210.00 1   0.0 -35.6     16509850   0   2950       497700
    31  0 1 109.69  5200.00 1   0.0 -35.0     17010050   0   2950       500200
    32  0 1 109.69  5200.00 1   0.0 -34.4     17508600   0   2950       498550
    33  0 1 109.69  5201.25 1   0.0 -33.8     18006850   0   2950       498250
    34  0 1 109.69  5210.00 1   0.0 -33.4     18506850   0   2950       500000
    35  0 1 109.69  5220.00 1   0.0 -32.8     19008400   0   2950       501550
    36  0 1 109.69  5250.00 1   0.0 -31.9     20010100   0   3000      1001700
    37  0 1 109.69  5265.00 1   0.0 -31.6     20512450   0   3000       502350
    38  0 1 109.69  5278.75 1   0.0 -31.3     21013650   0   2950       501200
    39  0 1 109.69  5290.00 1   0.0 -30.9     21512600   0   2950       498950
    40  0 1 109.69  5296.25 1   0.0 -30.6     22014550   0   2950       501950
    41  0 1 109.69  5300.00 1   0.0 -30.6     22514500   0   3000       499950
    42  0 1 109.69  5296.25 1   0.0 -30.3     23013850   0   2950       499350
    43  0 1 109.69  5290.00 1   0.0 -30.3     23512100   0   2950       498250
    44  0 1 109.69  5277.50 1   0.0 -30.0     24014250   0   3000       502150
    45  0 1 109.69  5247.50 1   0.0 -30.0     25014000   0   3000       999750
    46  0 1 109.69  5235.00 1   0.0 -30.0     25515050   0   2950       501050
    47  0 1 109.69  5220.00 1   0.0 -30.0     26012550   0   2950       497500
    48  0 1 109.69  5208.75 1   0.0 -30.3     26514550   0   2950       502000
    49  0 1 109.69  5202.50 1   0.0 -30.3     27016600   0   3000       502050
    50  0 1 109.69  5200.00 1   0.0 -30.6     27514250   0   2950       497650
    51  0 1 109.69  5202.50 1   0.0 -30.6     28016350   0   3000       502100
    52  0 1 109.69  5210.00 1   0.0 -30.9     28515900   0   2950       499550
    53  0 1 109.69  5220.00 1   0.0 -31.3     29014050   0   3000       498150
    54  0 1 109.69  5250.00 1   0.0 -31.9     30014300   0   3000      1000250
    55  0 1 109.69  5263.75 1   0.0 -32.5     30514150   0   3000       499850
    56  0 1 109.69  5278.75 1   0.0 -32.8     31015300   0   3000       501150
    57  0 1 109.69  5288.75 1   0.0 -33.4     31515600   0   3000       500300
    58  0 1 109.69  5297.50 1   0.0 -33.8     32014050   0   3000       498450
    59  0 1 109.69  5297.50 1   0.0 -34.4     32512050   0   2950       498000
    60  0 1 109.69  5295.00 1   0.0 -35.0     33009750   0   2950       497700
    61  0 1 109.69  5288.75 1   0.0 -35.6     33507850   0   2950       498100
    62  0 1 109.69  5280.00 1   0.0 -36.3     34006200   0   2950       498350
    63  0 1 109.69  5248.75 1   0.0 -37.5     35005950   0   2950       999750
    64  0 1 109.69  5232.50 1   0.0 -38.4     35506100   0   3000       500150
    65  0 1 109.69  5220.00 1   0.0 -39.1     36005250   0   3000       499150
    66  0 1 109.69  5208.75 1   0.0 -40.0     36504150   0   2950       498900
    67  0 1 109.69  5201.25 1   0.0 -40.9     37006100   0   3000       501950
    68  0 1 109.69  5200.00 1   0.0 -41.6     37507900   0   3000       501800
    69  0 1 109.69  5201.25 1   0.0 -42.5     38008500   0   2950       500600
    70  0 1 109.69  5210.00 1   0.0 -43.4     38509350   0   3000       500850
    71  0 1 109.69  5218.75 1   0.0 -44.4     39010600   0   2950       501250
    72  0 1 109.69  5250.00 1   0.0 -46.6     40009550   0   3000       998950
    73  0 1 109.69  5263.75 1   0.0 -47.5     40507950   0   3000       498400
    74  0 1 109.69  5278.75 1   0.0 -48.4     41006050   0   3000       498100
    75  0 1 109.69  5288.75 1   0.0 -49.7     41503850   0   2950       497800
    76  0 1 109.69  5296.25 1   0.0 -50.6     42003050   0   3000       499200
    77  0 1 109.69  5297.50 1   0.0 -51.9     42504550   0   2950       501500
    78  0 1 109.69  5295.00 1   0.0 -53.1     43005550   0   3000       501000
    79  0 1 109.69  5288.75 1   0.0 -54.1     43503950   0   2950       498400
    80  0 1 109.69  5278.75 1   0.0 -55.3     44002550   0   2950       498600
    81  0 1 109.69  5250.00 1   0.0 -57.5     44998400   0   2950       995850
    82  0 1 109.69  5232.50 1   0.0 -58.8     45500150   0   3000       501750
    83  0 1 109.69  5220.00 1   0.0 -60.0     45999400   0   2950       499250
    84  0 1 109.69  5207.50 1   0.0 -61.3     46500100   0   3000       500700
    85  0 1 109.69  5202.50 1   0.0 -62.5     46998150   0   3000       498050
    86  0 1 109.69  5200.00 1   0.0 -63.8     47499700   0   3000       501550
    87  0 1 109.69  5200.00 1   0.0 -65.0     47999200   0   3000       499500
    88  0 1 109.69  5208.75 1   0.0 -66.3     48497050   0   2950       497850
    89  0 1 109.69  5218.75 1   0.0 -67.5     48997050   0   2950       500000
