    NO  S V  AOA    FREQ    B  FMOP  AMP      TOA      PMOP  PW         dTOA  
------ -- - ------ -------- - ----- ----- ------------ --- ------ ------------
     0  0 1 109.69  5248.75 1   0.0 -70.0            0   0   3000  42949673000
     1  0 1 109.69  5265.00 1   0.0 -68.8       500350   0   3000       500350
     2  0 1 109.69  5290.00 1   0.0 -66.3      1498300   0   2950       997950
     3  0 1 109.69  5297.50 1   0.0 -65.0      1996150   0   3000       497850
     4  0 1 109.69  5298.75 1   0.0 -63.8      2494100   0   3000       497950
     5  0 1 109.69  5295.00 1   0.0 -62.5      2994350   0   3000       500250
     6  0 1 109.69  5290.00 1   0.0 -61.3      3494750   0   2950       500400
     7  0 1 109.69  5280.00 1   0.0 -60.0      3992950   0   2950       498200
     8  0 1 109.69  5265.00 1   0.0 -58.8      4492900   0   3000       499950
     9  0 1 109.69  5250.00 1   0.0 -57.5      4994500   0   3000       501600
    10  0 1 109.69  5232.50 1   0.0 -56.6      5495450   0   3000       500950
    11  0 1 109.69  5207.50 1   0.0 -54.1      6493600   0   2950       998150
    12  0 1 109.69  5200.00 1   0.0 -53.1      6992750   0   2950       499150
    13  0 1 109.69  5198.75 1   0.0 -51.9      7494150   0   3000       501400
    14  0 1 109.69  5202.50 1   0.0 -50.6      7996400   0   3000       502250
    15  0 1 109.69  5207.50 1   0.0 -49.7      8497000   0   2950       500600
    16  0 1 109.69  5220.00 1   0.0 -48.4      8995200   0   3000       498200
    17  0 1 109.69  5235.00 1   0.0 -47.5      9492800   0   3000       497600
    18  0 1 109.69  5248.75 1   0.0 -46.6      9992250   0   2950       499450
    19  0 1 109.69  5265.00 1   0.0 -45.6     10493150   0   3000       500900
    20  0 1 109.69  5290.00 1   0.0 -43.4     11494600   0   2950      1001450
    21  0 1 109.69  5295.00 1   0.0 -42.5     11994800   0   3000       500200
    22  0 1 109.69  5300.00 1   0.0 -41.6     12492450   0   3000       497650
    23  0 1 109.69  5295.00 1   0.0 -40.9     12994600   0   2950       502150
    24  0 1 109.69  5290.00 1   0.0 -40.0     13494050   0   3000       499450
    25  0 1 109.69  5277.50 1   0.0 -39.1     13993900   0   2950       499850
    26  0 1 109.69  5265.00 1   0.0 -38.4     14496300   0   2950       502400
    27  0 1 109.69  5248.75 1   0.0 -37.5     14995650   0   2950       499350
    28  0 1 109.69  5232.50 1   0.0 -36.9     15496950   0   3000       501300
    29  0 1 109.69  5208.75 1   0.0 -35.6     16498150   0   2950      1001200
    30  0 1 109.69  5201.25 1   0.0 -35.0     16997450   0   2950       499300
    31  0 1 109.69  5200.00 1   0.0 -34.4     17495900   0   3000       498450
    32  0 1 109.69  5201.25 1   0.0 -33.8     17997850   0   3000       501950
    33  0 1 109.69  5208.75 1   0.0 -33.4     18497700   0   2950       499850
    34  0 1 109.69  5220.00 1   0.0 -32.8     18997900   0   3000       500200
    35  0 1 109.69  5235.00 1   0.0 -32.5     19495950   0   2950       498050
    36  0 1 109.69  5248.75 1   0.0 -31.9     19998350   0   3000       502400
    37  0 1 109.69  5263.75 1   0.0 -31.6     20500500   0   3000       502150
    38  0 1 109.69  5290.00 1   0.0 -30.9     21500800   0   3000      1000300
    39  0 1 109.69  5296.25 1   0.0 -30.6     21999750   0   3000       498950
    40  0 1 109.69  5300.00 1   0.0 -30.6     22501500   0   3000       501750
    41  0 1 109.69  5295.00 1   0.0 -30.3     22999850   0   3000       498350
    42  0 1 109.69  5288.75 1   0.0 -30.3     23500500   0   2950       500650
    43  0 1 109.69  5277.50 1   0.0 -30.0     24002500   0   2950       502000
    44  0 1 109.69  5265.00 1   0.0 -30.0     24504700   0   3000       502200
    45  0 1 109.69  5248.75 1   0.0 -30.0     25002650   0   3000       497950
    46  0 1 109.69  5232.50 1   0.0 -30.0     25501100   0   3000       498450
    47  0 1 109.69  5210.00 1   0.0 -30.3     26501700   0   2950      1000600
    48  0 1 109.69  5202.50 1   0.0 -30.3     26999400   0   3000       497700
    49  0 1 109.69  5200.00 1   0.0 -30.6     27501350   0   3000       501950
    50  0 1 109.69  5202.50 1   0.0 -30.6     28001850   0   3000       500500
    51  0 1 109.69  5207.50 1   0.0 -30.9     28500300   0   2950       498450
    52  0 1 109.69  5220.00 1   0.0 -31.3     29002400   0   3000       502100
    53  0 1 109.69  5232.50 1   0.0 -31.6     29502550   0   3000       500150
    54  0 1 109.69  5250.00 1   0.0 -31.9     30002000   0   2950       499450
    55  0 1 109.69  5265.00 1   0.0 -32.5     30500750   0   3000       498750
    56  0 1 109.69  5290.00 1   0.0 -33.4     31498850   0   2950       998100
    57  0 1 109.69  5295.00 1   0.0 -33.8     31997800   0   2950       498950
    58  0 1 109.69  5298.75 1   0.0 -34.4     32497550   0   2950       499750
    59  0 1 109.69  5295.00 1   0.0 -35.0     32999450   0   3000       501900
    60  0 1 109.69  5288.75 1   0.0 -35.6     33499100   0   3000       499650
    61  0 1 109.69  5277.50 1   0.0 -36.3     33998650   0   2950       499550
    62  0 1 109.69  5265.00 1   0.0 -36.9     34497750   0   3000       499100
    63  0 1 109.69  5248.75 1   0.0 -37.5     34995900   0   2950       498150
    64  0 1 109.69  5232.50 1   0.0 -38.4     35493650   0   2950       497750
    65  0 1 109.69  5210.00 1   0.0 -40.0     36490400   0   3000       996750
    66  0 1 109.69  5202.50 1   0.0 -40.9     36988050   0   2950       497650
    67  0 1 109.69  5200.00 1   0.0 -41.6     37490500   0   2950       502450
    68  0 1 109.69  5201.25 1   0.0 -42.5     37992800   0   2950       502300
    69  0 1 109.69  5208.75 1   0.0 -43.4     38493850   0   3000       501050
    70  0 1 109.69  5220.00 1   0.0 -44.4     38995150   0   3000       501300
    71  0 1 109.69  5233.75 1   0.0 -45.6     39496450   0   2950       501300
    72  0 1 109.69  5250.00 1   0.0 -46.6     39997200   0   2950       500750
    73  0 1 109.69  5265.00 1   0.0 -47.5     40495350   0   3000       498150
    74  0 1 109.69  5288.75 1   0.0 -49.7     41494800   0   3000       999450
    75  0 1 109.69  5296.25 1   0.0 -50.6     41994950   0   2950       500150
    76  0 1 109.69  5300.00 1   0.0 -51.9     42493900   0   2950       498950
    77  0 1 109.69  5297.50 1   0.0 -53.1     42993100   0   2950       499200
    78  0 1 109.69  5290.00 1   0.0 -54.1     43493900   0   3000       500800
    79  0 1 109.69  5277.50 1   0.0 -55.3     43992400   0   3000       498500
    80  0 1 109.69  5265.00 1   0.0 -56.6     44492300   0   2950       499900
    81  0 1 109.69  5250.00 1   0.0 -57.5     44991350   0   3000       499050
    82  0 1 109.69  5235.00 1   0.0 -58.8     45493050   0   3000       501700
    83  0 1 109.69  5210.00 1   0.0 -61.3     46493050   0   3000      1000000
    84  0 1 109.69  5200.00 1   0.0 -62.5     46992150   0   3000       499100
    85  0 1 109.69  5200.00 1   0.0 -63.8     47493850   0   2950       501700
    86  0 1 109.69  5202.50 1   0.0 -65.0     47995800   0   2950       501950
    87  0 1 109.69  5207.50 1   0.0 -66.3     48496650   0   3000       500850
    88  0 1 109.69  5220.00 1   0.0 -67.5     48995050   0   2950       498400
    89  0 1 109.69  5233.75 1   0.0 -68.8     49492650   0   3000       497600
