    NO  S V  AOA    FREQ    B  FMOP  AMP      TOA      PMOP  PW         dTOA  
------ -- - ------ -------- - ----- ----- ------------ --- ------ ------------
     0  0 1   9.84  5243.75 1   0.0 -70.0            0   0   1950  42949673000
     1  0 1   9.84  5246.25 1   0.0 -63.8       497650   0   1950       497650
     2  0 1   9.84  5241.25 1   0.0 -57.5       999350   0   1950       501700
     3  0 1   9.84  5255.00 1   0.0 -51.9      1497500   0   1950       498150
     4  0 1   9.84  5238.75 1   0.0 -46.6      1997300   0   2000       499800
     5  0 1   9.84  5235.00 1   0.0 -37.5      2996500   0   1950       999200
     6  0 1   9.84  5230.00 1   0.0 -34.4      3494900   0   1950       498400
     7  0 1   9.84  5261.25 1   0.0 -31.9      3994000   0   2000       499100
     8  0 1   9.84  5250.00 1   0.0 -30.6      4495000   0   2000       501000
     9  0 1   9.84  5230.00 1   0.0 -30.0      4993650   0   2000       498650
    10  0 1   9.84  5256.25 1   0.0 -30.6      5491900   0   1950       498250
    11  0 1   9.84  5252.50 1   0.0 -31.9      5991750   0   1950       499850
    12  0 1   9.84  5238.75 1   0.0 -34.4      6489700   0   2000       497950
    13  0 1   9.84  5238.75 1   0.0 -37.5      6991600   0   2000       501900
    14  0 1   9.84  5257.50 1   0.0 -46.6      7989950   0   1950       998350
    15  0 1   9.84  5257.50 1   0.0 -51.9      8488950   0   2000       499000
    16  0 1   9.84  5263.75 1   0.0 -57.5      8988250   0   1950       499300
    17  0 1   9.84  5241.25 1   0.0 -63.8      9490000   0   2000       501750
