    NO  S V  AOA    FREQ    B  FMOP  AMP      TOA      PMOP  PW         dTOA  
------ -- - ------ -------- - ----- ----- ------------ --- ------ ------------
     0  0 1  94.57 10012.00 2   0.0 -70.0            0   0   1200  42949673000
     1  0 1  94.22 10012.00 2   0.0 -67.5       855850   0   1250       855850
     2  0 1  95.27 10012.00 2   0.0 -65.0      1710900   0   1200       855050
     3  0 1  94.22 10012.00 2   0.0 -62.5      2586500   0   1550       875600
     4  0 1  94.92 10012.00 2   0.0 -60.0      3476300   0   1200       889800
     5  0 1  95.62 10010.50 2   0.0 -57.5      4496300   0   1250      1020000
     6  0 1  94.92 10012.00 2   0.0 -55.3      5416900   0   1200       920600
     7  0 1  95.27 10012.00 2   0.0 -53.1      6391450   0   1450       974550
     8  0 1  94.22 10012.00 2   0.0 -50.6      7393800   0   1400      1002350
     9  0 1  94.92 10012.00 2   0.0 -46.6      9416400   0   1350      2022600
    10  0 1  95.27 10012.00 2   0.0 -44.4     10326700   0   1550       910300
    11  0 1  95.27 10012.00 2   0.0 -42.5     11408650   0   1350      1081950
    12  0 1  94.22 10010.50 2   0.0 -40.9     12302950   0   1300       894300
    13  0 1  94.22 10012.00 2   0.0 -39.1     13253050   0   1450       950100
    14  0 1  95.27 10012.00 2   0.0 -37.5     14112300   0   1300       859250
    15  0 1  95.62 10012.00 2   0.0 -36.3     15096600   0   1450       984300
    16  0 1  95.62 10012.00 2   0.0 -35.0     16136850   0   1200      1040250
    17  0 1  95.62 10012.00 2   0.0 -33.8     17151450   0   1300      1014600
    18  0 1  94.57 10012.00 2   0.0 -31.9     19066600   0   1600      1915150
    19  0 1  95.62 10012.00 2   0.0 -31.3     20211400   0   1600      1144800
    20  0 1  94.22 10010.50 2   0.0 -30.6     21317550   0   1250      1106150
    21  0 1  94.22 10012.00 2   0.0 -30.3     22388100   0   1300      1070550
    22  0 1  94.92 10010.50 2   0.0 -30.0     23401500   0   1150      1013400
    23  0 1  95.62 10010.50 2   0.0 -30.0     24539950   0   1400      1138450
    24  0 1  95.62 10012.00 2   0.0 -30.0     25455700   0   1250       915750
    25  0 1  95.27 10010.50 2   0.0 -30.3     26442200   0   1600       986500
    26  0 1  94.92 10012.00 2   0.0 -30.6     27549250   0   1400      1107050
    27  0 1  95.27 10012.00 2   0.0 -31.9     29516400   0   1250      1967150
    28  0 1  94.22 10012.00 2   0.0 -32.8     30544200   0   1250      1027800
    29  0 1  95.62 10012.00 2   0.0 -33.8     31454600   0   1350       910400
    30  0 1  94.57 10012.00 2   0.0 -35.0     32592200   0   1500      1137600
    31  0 1  94.57 10012.00 2   0.0 -36.3     33554000   0   1150       961800
    32  0 1  94.92 10012.00 2   0.0 -37.5     34672400   0   1350      1118400
    33  0 1  95.27 10012.00 2   0.0 -39.1     35703550   0   1550      1031150
    34  0 1  94.22 10010.50 2   0.0 -40.9     36675800   0   1250       972250
    35  0 1  95.27 10010.50 2   0.0 -42.5     37547150   0   1200       871350
    36  0 1  94.57 10012.00 2   0.0 -46.6     39366650   0   1350      1819500
    37  0 1  94.92 10012.00 2   0.0 -48.4     40216350   0   1350       849700
    38  0 1  94.92 10010.50 2   0.0 -50.6     41323200   0   1300      1106850
    39  0 1  94.57 10010.50 2   0.0 -53.1     42316450   0   1150       993250
    40  0 1  94.22 10010.50 2   0.0 -55.3     43415250   0   1450      1098800
    41  0 1  95.27 10010.50 2   0.0 -57.5     44324550   0   1600       909300
    42  0 1  94.92 10010.50 2   0.0 -60.0     45438900   0   1200      1114350
    43  0 1  94.22 10012.00 2   0.0 -62.5     46304250   0   1150       865350
    44  0 1  94.57 10012.00 2   0.0 -65.0     47422450   0   1350      1118200
