    NO  S V  AOA    FREQ    B  FMOP  AMP      TOA      PMOP  PW         dTOA  
------ -- - ------ -------- - ----- ----- ------------ --- ------ ------------
     0  0 1  94.92 10010.50 2   0.0 -70.0            0   0   1500  42949673000
     1  0 1  95.27 10012.00 2   0.0 -65.0      2013300   0   1250      2013300
     2  0 1  94.57 10012.00 2   0.0 -62.5      2880900   0   1400       867600
     3  0 1  94.92 10012.00 2   0.0 -60.0      3947650   0   1400      1066750
     4  0 1  95.62 10010.50 2   0.0 -57.5      4982700   0   1200      1035050
     5  0 1  94.22 10012.00 2   0.0 -55.3      5874350   0   1450       891650
     6  0 1  94.22 10012.00 2   0.0 -53.1      6833550   0   1500       959200
     7  0 1  95.27 10012.00 2   0.0 -50.6      7799300   0   1450       965750
     8  0 1  94.22 10012.00 2   0.0 -48.4      8670200   0   1550       870900
     9  0 1  95.27 10012.00 2   0.0 -46.6      9622850   0   1500       952650
    10  0 1  95.62 10012.00 2   0.0 -42.5     11732750   0   1150      2109900
    11  0 1  94.22 10010.50 2   0.0 -40.9     12847850   0   1400      1115100
    12  0 1  94.57 10012.00 2   0.0 -39.1     13712600   0   1250       864750
    13  0 1  95.27 10010.50 2   0.0 -37.5     14627550   0   1450       914950
    14  0 1  95.27 10010.50 2   0.0 -36.3     15647850   0   1200      1020300
    15  0 1  95.62 10012.00 2   0.0 -35.0     16680350   0   1600      1032500
    16  0 1  94.22 10012.00 2   0.0 -33.8     17544050   0   1400       863700
    17  0 1  94.92 10012.00 2   0.0 -32.8     18561150   0   1200      1017100
    18  0 1  95.62 10010.50 2   0.0 -31.9     19524550   0   1350       963400
    19  0 1  94.57 10010.50 2   0.0 -30.6     21381300   0   1600      1856750
    20  0 1  94.57 10010.50 2   0.0 -30.3     22256450   0   1600       875150
    21  0 1  95.62 10010.50 2   0.0 -30.0     23323100   0   1600      1066650
    22  0 1  94.57 10012.00 2   0.0 -30.0     24212300   0   1400       889200
    23  0 1  94.57 10010.50 2   0.0 -30.0     25127650   0   1550       915350
    24  0 1  94.57 10012.00 2   0.0 -30.3     26174150   0   1550      1046500
    25  0 1  94.57 10010.50 2   0.0 -30.6     27314650   0   1250      1140500
    26  0 1  94.92 10010.50 2   0.0 -31.3     28262300   0   1350       947650
    27  0 1  95.27 10012.00 2   0.0 -31.9     29133550   0   1350       871250
    28  0 1  95.27 10012.00 2   0.0 -33.8     31121600   0   1250      1988050
    29  0 1  95.62 10010.50 2   0.0 -35.0     32155800   0   1500      1034200
    30  0 1  94.57 10012.00 2   0.0 -36.3     33132800   0   1350       977000
    31  0 1  94.22 10010.50 2   0.0 -37.5     34048500   0   1250       915700
    32  0 1  94.57 10010.50 2   0.0 -39.1     35117400   0   1250      1068900
    33  0 1  94.22 10010.50 2   0.0 -40.9     36002300   0   1600       884900
    34  0 1  94.92 10010.50 2   0.0 -42.5     36960550   0   1200       958250
    35  0 1  94.22 10010.50 2   0.0 -44.4     37912750   0   1200       952200
    36  0 1  94.57 10010.50 2   0.0 -46.6     38936850   0   1200      1024100
    37  0 1  94.57 10012.00 2   0.0 -50.6     40969850   0   1250      2033000
    38  0 1  94.92 10012.00 2   0.0 -53.1     42099250   0   1250      1129400
    39  0 1  94.22 10012.00 2   0.0 -55.3     43248050   0   1500      1148800
    40  0 1  95.27 10010.50 2   0.0 -57.5     44361900   0   1250      1113850
    41  0 1  94.92 10012.00 2   0.0 -60.0     45213500   0   1150       851600
    42  0 1  95.27 10012.00 2   0.0 -62.5     46160400   0   1250       946900
    43  0 1  94.22 10010.50 2   0.0 -65.0     47243300   0   1450      1082900
    44  0 1  94.92 10012.00 2   0.0 -67.5     48352250   0   1550      1108950
