    NO  S V  AOA    FREQ    B  FMOP  AMP      TOA      PMOP  PW         dTOA  
------ -- - ------ -------- - ----- ----- ------------ --- ------ ------------
     0  0 1  95.27 10012.00 2   0.0 -70.0            0   0   1600  42949673000
     1  0 1  95.27 10010.50 2   0.0 -67.5      1005350   0   1600      1005350
     2  0 1  94.92 10012.00 2   0.0 -62.5      3076850   0   1450      2071500
     3  0 1  94.22 10012.00 2   0.0 -60.0      4141400   0   1250      1064550
     4  0 1  95.62 10010.50 2   0.0 -57.5      5007500   0   1200       866100
     5  0 1  94.57 10012.00 2   0.0 -55.3      5991650   0   1350       984150
     6  0 1  94.22 10012.00 2   0.0 -53.1      7070900   0   1550      1079250
     7  0 1  95.27 10012.00 2   0.0 -50.6      7989650   0   1150       918750
     8  0 1  94.57 10012.00 2   0.0 -48.4      8962150   0   1550       972500
     9  0 1  94.22 10010.50 2   0.0 -46.6     10090100   0   1250      1127950
    10  0 1  94.57 10012.00 2   0.0 -44.4     11130550   0   1250      1040450
    11  0 1  94.22 10012.00 2   0.0 -40.9     13094900   0   1300      1964350
    12  0 1  94.57 10012.00 2   0.0 -39.1     14233000   0   1150      1138100
    13  0 1  95.62 10010.50 2   0.0 -37.5     15304900   0   1400      1071900
    14  0 1  95.62 10010.50 2   0.0 -36.3     16247500   0   1250       942600
    15  0 1  94.22 10012.00 2   0.0 -35.0     17121300   0   1450       873800
    16  0 1  95.27 10012.00 2   0.0 -33.8     18240450   0   1150      1119150
    17  0 1  95.62 10012.00 2   0.0 -32.8     19236950   0   1400       996500
    18  0 1  95.27 10012.00 2   0.0 -31.9     20341500   0   1550      1104550
    19  0 1  95.27 10012.00 2   0.0 -31.3     21301450   0   1200       959950
    20  0 1  95.27 10012.00 2   0.0 -30.3     23415250   0   1600      2113800
    21  0 1  94.92 10012.00 2   0.0 -30.0     24286050   0   1300       870800
    22  0 1  94.57 10012.00 2   0.0 -30.0     25355250   0   1400      1069200
    23  0 1  95.62 10012.00 2   0.0 -30.0     26450850   0   1400      1095600
    24  0 1  95.62 10012.00 2   0.0 -30.3     27588200   0   1250      1137350
    25  0 1  94.57 10012.00 2   0.0 -30.6     28509600   0   1350       921400
    26  0 1  94.92 10010.50 2   0.0 -31.3     29440000   0   1150       930400
    27  0 1  94.57 10010.50 2   0.0 -31.9     30488350   0   1150      1048350
    28  0 1  95.62 10012.00 2   0.0 -32.8     31471500   0   1600       983150
    29  0 1  94.57 10012.00 2   0.0 -35.0     33593650   0   1200      2122150
    30  0 1  95.62 10012.00 2   0.0 -36.3     34648500   0   1250      1054850
    31  0 1  94.22 10012.00 2   0.0 -37.5     35590350   0   1500       941850
    32  0 1  94.57 10010.50 2   0.0 -39.1     36698400   0   1200      1108050
    33  0 1  94.22 10012.00 2   0.0 -40.9     37659400   0   1500       961000
    34  0 1  94.57 10012.00 2   0.0 -42.5     38744800   0   1600      1085400
    35  0 1  94.22 10010.50 2   0.0 -44.4     39886500   0   1400      1141700
    36  0 1  95.27 10012.00 2   0.0 -46.6     40986550   0   1350      1100050
    37  0 1  95.62 10010.50 2   0.0 -48.4     42120400   0   1200      1133850
    38  0 1  95.62 10012.00 2   0.0 -53.1     44358100   0   1400      2237700
    39  0 1  95.27 10012.00 2   0.0 -55.3     45367950   0   1350      1009850
    40  0 1  95.62 10010.50 2   0.0 -57.5     46362000   0   1450       994050
    41  0 1  94.22 10012.00 2   0.0 -60.0     47430150   0   1350      1068150
    42  0 1  94.22 10012.00 2   0.0 -62.5     48484350   0   1400      1054200
    43  0 1  94.57 10010.50 2   0.0 -65.0     49361000   0   1150       876650
    44  0 1  95.62 10012.00 2   0.0 -67.5     50240350   0   1450       879350
