    NO  S V  AOA    FREQ    B  FMOP  AMP      TOA      PMOP  PW         dTOA  
------ -- - ------ -------- - ----- ----- ------------ --- ------ ------------
     0  0 1  95.62  9988.00 2   0.0 -67.5       999800   0   1000  42950672800
     1  0 1  94.92 10027.00 2   0.0 -65.0      1999900   0   1000      1000100
     2  0 1  94.22 10033.00 2   0.0 -62.5      2999850   0   1100       999950
     3  0 1  94.22 10012.00 2   0.0 -60.0      3999500   0   1100       999650
     4  0 1  94.22  9958.00 2   0.0 -57.5      4999050   0    950       999550
     5  0 1  95.62 10004.50 2   0.0 -55.3      5998750   0   1050       999700
     6  0 1  94.22  9980.50 2   0.0 -53.1      6998750   0   1000      1000000
     7  0 1  94.57  9997.00 2   0.0 -50.6      7998550   0    950       999800
     8  0 1  94.92 10045.00 2   0.0 -48.4      8998400   0    850       999850
     9  0 1  94.57  9989.50 2   0.0 -44.4     10997850   0    850      1999450
    10  0 1  94.57  9977.50 2   0.0 -42.5     11997500   0    900       999650
    11  0 1  95.27  9977.50 2   0.0 -40.9     12997000   0    950       999500
    12  0 1  94.92  9958.00 2   0.0 -39.1     13996550   0    750       999550
    13  0 1  95.62 10024.00 2   0.0 -37.5     14996700   0    900      1000150
    14  0 1  95.62  9980.50 2   0.0 -36.3     15997050   0   1050      1000350
    15  0 1  95.27  9965.50 2   0.0 -35.0     16997400   0    800      1000350
    16  0 1  95.62  9979.00 2   0.0 -33.8     17997300   0   1150       999900
    17  0 1  95.62 10024.00 2   0.0 -32.8     18997450   0   1050      1000150
    18  0 1  94.92  9988.00 2   0.0 -31.3     20997850   0   1150      2000400
    19  0 1  94.22 10010.50 2   0.0 -30.6     21997550   0    950       999700
    20  0 1  94.92 10040.50 2   0.0 -30.3     22997550   0    750      1000000
    21  0 1  94.22  9961.00 2   0.0 -30.0     23997650   0   1000      1000100
    22  0 1  94.57  9997.00 2   0.0 -30.0     24997950   0    750      1000300
    23  0 1  94.57 10030.00 2   0.0 -30.0     25998350   0   1100      1000400
    24  0 1  94.92 10012.00 2   0.0 -30.3     26998650   0   1200      1000300
    25  0 1  95.27 10022.50 2   0.0 -30.6     27998300   0   1150       999650
    26  0 1  95.27  9991.00 2   0.0 -31.3     28997850   0    950       999550
    27  0 1  94.22  9991.00 2   0.0 -32.8     30997200   0    750      1999350
    28  0 1  95.27  9955.00 2   0.0 -33.8     31997350   0    800      1000150
    29  0 1  94.57 10021.00 2   0.0 -35.0     32997150   0    750       999800
    30  0 1  94.22  9959.50 2   0.0 -36.3     33997500   0    750      1000350
    31  0 1  95.27 10033.00 2   0.0 -37.5     34997100   0   1050       999600
    32  0 1  94.92  9950.50 2   0.0 -39.1     35997200   0   1100      1000100
    33  0 1  94.92  9958.00 2   0.0 -40.9     36997600   0    950      1000400
    34  0 1  94.92  9967.00 2   0.0 -42.5     37997350   0    850       999750
    35  0 1  94.92 10006.00 2   0.0 -44.4     38996900   0   1200       999550
    36  0 1  95.27  9952.00 2   0.0 -48.4     40996600   0   1050      1999700
    37  0 1  94.92 10025.50 2   0.0 -50.6     41997000   0   1200      1000400
    38  0 1  94.57  9977.50 2   0.0 -53.1     42996750   0    900       999750
    39  0 1  94.92  9961.00 2   0.0 -55.3     43996800   0    900      1000050
    40  0 1  94.92  9977.50 2   0.0 -57.5     44996750   0   1200       999950
    41  0 1  95.27 10031.50 2   0.0 -60.0     45996800   0    800      1000050
    42  0 1  95.27  9964.00 2   0.0 -62.5     46996900   0   1050      1000100
    43  0 1  94.92  9976.00 2   0.0 -65.0     47997100   0    850      1000200
    44  0 1  94.22 10027.00 2   0.0 -67.5     48997450   0    750      1000350
