    NO  S V  AOA    FREQ    B  FMOP  AMP      TOA      PMOP  PW         dTOA  
------ -- - ------ -------- - ----- ----- ------------ --- ------ ------------
     0  0 1  94.22 10001.50 2   0.0 -70.0            0   0    800  42949673000
     1  0 1  94.92 10048.00 2   0.0 -67.5       999700   0    900       999700
     2  0 1  95.27  9976.00 2   0.0 -62.5      2999050   0   1050      1999350
     3  0 1  94.92 10045.00 2   0.0 -60.0      3998700   0   1100       999650
     4  0 1  95.62  9973.00 2   0.0 -57.5      4999050   0    800      1000350
     5  0 1  95.62  9967.00 2   0.0 -55.3      5998600   0    800       999550
     6  0 1  94.22  9973.00 2   0.0 -53.1      6998800   0   1200      1000200
     7  0 1  95.62  9962.50 2   0.0 -50.6      7998450   0    750       999650
     8  0 1  95.62  9991.00 2   0.0 -48.4      8998150   0   1100       999700
     9  0 1  94.57  9959.50 2   0.0 -46.6      9998300   0   1050      1000150
    10  0 1  94.22 10006.00 2   0.0 -44.4     10998400   0   1150      1000100
    11  0 1  95.27  9980.50 2   0.0 -40.9     12998300   0   1200      1999900
    12  0 1  94.22  9970.00 2   0.0 -39.1     13998600   0   1200      1000300
    13  0 1  94.57  9970.00 2   0.0 -37.5     14998850   0    800      1000250
    14  0 1  95.62 10012.00 2   0.0 -36.3     15999150   0    950      1000300
    15  0 1  94.92  9967.00 2   0.0 -35.0     16998900   0    800       999750
    16  0 1  94.22 10018.00 2   0.0 -33.8     17998850   0   1000       999950
    17  0 1  95.27  9970.00 2   0.0 -32.8     18998600   0   1050       999750
    18  0 1  95.27 10048.00 2   0.0 -31.9     19998200   0    950       999600
    19  0 1  95.62 10027.00 2   0.0 -31.3     20997850   0    950       999650
    20  0 1  95.62 10045.00 2   0.0 -30.3     22997850   0    900      2000000
    21  0 1  94.92  9988.00 2   0.0 -30.0     23997550   0   1000       999700
    22  0 1  94.57 10042.00 2   0.0 -30.0     24997600   0    950      1000050
    23  0 1  94.22 10004.50 2   0.0 -30.0     25997350   0   1000       999750
    24  0 1  95.62  9952.00 2   0.0 -30.3     26997250   0    750       999900
    25  0 1  95.27 10042.00 2   0.0 -30.6     27996850   0    750       999600
    26  0 1  95.27  9980.50 2   0.0 -31.3     28997250   0   1050      1000400
    27  0 1  94.92  9961.00 2   0.0 -31.9     29997600   0    850      1000350
    28  0 1  94.22  9983.50 2   0.0 -32.8     30997400   0   1150       999800
    29  0 1  94.92 10045.00 2   0.0 -35.0     32996950   0    850      1999550
    30  0 1  95.27  9985.00 2   0.0 -36.3     33997100   0   1100      1000150
    31  0 1  95.27  9964.00 2   0.0 -37.5     34996750   0    750       999650
    32  0 1  94.92  9979.00 2   0.0 -39.1     35997150   0   1050      1000400
    33  0 1  94.92 10045.00 2   0.0 -40.9     36997250   0   1150      1000100
    34  0 1  94.22 10033.00 2   0.0 -42.5     37997650   0   1050      1000400
    35  0 1  95.62 10004.50 2   0.0 -44.4     38997350   0    950       999700
    36  0 1  95.27 10001.50 2   0.0 -46.6     39997200   0    950       999850
    37  0 1  94.22  9982.00 2   0.0 -48.4     40997150   0   1050       999950
    38  0 1  94.22 10004.50 2   0.0 -53.1     42996550   0   1200      1999400
    39  0 1  94.57 10048.00 2   0.0 -55.3     43996500   0   1150       999950
    40  0 1  94.57 10036.00 2   0.0 -57.5     44996200   0   1050       999700
    41  0 1  95.27  9991.00 2   0.0 -60.0     45995850   0    750       999650
    42  0 1  95.27  9971.50 2   0.0 -62.5     46995650   0    950       999800
    43  0 1  94.22 10037.50 2   0.0 -65.0     47995700   0    950      1000050
    44  0 1  94.57 10031.50 2   0.0 -67.5     48995950   0    800      1000250
