    NO  S V  AOA    FREQ    B  FMOP  AMP      TOA      PMOP  PW         dTOA  
------ -- - ------ -------- - ----- ----- ------------ --- ------ ------------
     0  0 1  94.57  9961.00 2   0.0 -70.0            0   0   1150  42949673000
     1  0 1  94.22 10039.00 2   0.0 -67.5      1000250   0    850      1000250
     2  0 1  95.62  9982.00 2   0.0 -65.0      2000400   0    750      1000150
     3  0 1  95.27  9953.50 2   0.0 -60.0      3999600   0   1000      1999200
     4  0 1  94.57  9979.00 2   0.0 -57.5      4999600   0   1000      1000000
     5  0 1  95.62 10040.50 2   0.0 -55.3      5999450   0   1000       999850
     6  0 1  94.92 10024.00 2   0.0 -53.1      6999600   0    950      1000150
     7  0 1  95.62  9952.00 2   0.0 -50.6      7999300   0    800       999700
     8  0 1  94.57 10034.50 2   0.0 -48.4      8999300   0   1050      1000000
     9  0 1  95.62  9958.00 2   0.0 -46.6      9999050   0    950       999750
    10  0 1  95.27  9964.00 2   0.0 -44.4     10998600   0    750       999550
    11  0 1  94.92 10019.50 2   0.0 -42.5     11998250   0    950       999650
    12  0 1  94.22  9955.00 2   0.0 -39.1     13997950   0   1100      1999700
    13  0 1  95.27 10007.50 2   0.0 -37.5     14998150   0   1050      1000200
    14  0 1  95.27  9997.00 2   0.0 -36.3     15998300   0   1150      1000150
    15  0 1  94.22  9959.50 2   0.0 -35.0     16997900   0    800       999600
    16  0 1  95.27  9991.00 2   0.0 -33.8     17997550   0    750       999650
    17  0 1  94.57  9983.50 2   0.0 -32.8     18997150   0   1100       999600
    18  0 1  95.62 10003.00 2   0.0 -31.9     19997600   0   1100      1000450
    19  0 1  94.92 10012.00 2   0.0 -31.3     20997950   0   1150      1000350
    20  0 1  94.92  9998.50 2   0.0 -30.6     21998200   0    800      1000250
    21  0 1  95.27 10027.00 2   0.0 -30.0     23997500   0    750      1999300
    22  0 1  94.22  9992.50 2   0.0 -30.0     24997300   0    800       999800
    23  0 1  94.22 10034.50 2   0.0 -30.0     25997500   0    750      1000200
    24  0 1  94.57 10021.00 2   0.0 -30.3     26997850   0   1100      1000350
    25  0 1  95.27  9971.50 2   0.0 -30.6     27998000   0   1000      1000150
    26  0 1  94.57  9995.50 2   0.0 -31.3     28997500   0    750       999500
    27  0 1  94.57 10040.50 2   0.0 -31.9     29997550   0   1200      1000050
    28  0 1  95.27  9988.00 2   0.0 -32.8     30997250   0    900       999700
    29  0 1  94.22 10031.50 2   0.0 -33.8     31997350   0   1000      1000100
    30  0 1  95.62 10037.50 2   0.0 -36.3     33997550   0   1050      2000200
    31  0 1  94.92 10012.00 2   0.0 -37.5     34997150   0    800       999600
    32  0 1  94.57  9994.00 2   0.0 -39.1     35996700   0    850       999550
    33  0 1  94.92 10019.50 2   0.0 -40.9     36996400   0    800       999700
    34  0 1  94.57 10037.50 2   0.0 -42.5     37995950   0    800       999550
    35  0 1  95.62  9956.50 2   0.0 -44.4     38996150   0    850      1000200
    36  0 1  95.62 10010.50 2   0.0 -46.6     39995750   0    750       999600
    37  0 1  95.62  9971.50 2   0.0 -48.4     40995700   0   1200       999950
    38  0 1  94.57 10039.00 2   0.0 -50.6     41995600   0   1150       999900
    39  0 1  95.62 10009.00 2   0.0 -55.3     43995900   0    750      2000300
    40  0 1  95.27  9991.00 2   0.0 -57.5     44995550   0    750       999650
    41  0 1  94.57  9979.00 2   0.0 -60.0     45995250   0   1150       999700
    42  0 1  94.57  9962.50 2   0.0 -62.5     46995600   0    900      1000350
    43  0 1  94.92  9974.50 2   0.0 -65.0     47995850   0    750      1000250
    44  0 1  95.27 10036.00 2   0.0 -67.5     48996050   0   1200      1000200
