    NO  S V  AOA    FREQ    B  FMOP  AMP      TOA      PMOP  PW         dTOA  
------ -- - ------ -------- - ----- ----- ------------ --- ------ ------------
     0  0 1  94.22  9968.50 2   0.0 -70.0            0   0    750  42949673000
     1  0 1  94.92 10018.00 2   0.0 -67.5       999900   0   1200       999900
     2  0 1  94.57 10033.00 2   0.0 -65.0      2000100   0   1000      1000200
     3  0 1  94.22  9976.00 2   0.0 -60.0      4000350   0    900      2000250
     4  0 1  95.27  9997.00 2   0.0 -57.5      4999900   0   1050       999550
     5  0 1  94.57 10006.00 2   0.0 -55.3      5999550   0   1100       999650
     6  0 1  94.92  9997.00 2   0.0 -53.1      6999600   0   1100      1000050
     7  0 1  94.22 10034.50 2   0.0 -50.6      7999800   0   1050      1000200
     8  0 1  95.27  9985.00 2   0.0 -48.4      9000050   0   1200      1000250
     9  0 1  94.22  9986.50 2   0.0 -46.6     10000450   0   1100      1000400
    10  0 1  94.92 10031.50 2   0.0 -44.4     11000250   0   1000       999800
    11  0 1  94.57 10022.50 2   0.0 -42.5     12000000   0    800       999750
    12  0 1  94.22  9997.00 2   0.0 -39.1     13999150   0   1050      1999150
    13  0 1  94.92 10018.00 2   0.0 -37.5     14998900   0    900       999750
    14  0 1  94.22  9988.00 2   0.0 -36.3     15999000   0   1050      1000100
    15  0 1  94.92  9949.00 2   0.0 -35.0     16999350   0   1100      1000350
    16  0 1  94.22 10039.00 2   0.0 -33.8     17999800   0    850      1000450
    17  0 1  94.22 10027.00 2   0.0 -32.8     18999500   0    950       999700
    18  0 1  95.62 10000.00 2   0.0 -31.9     19999100   0   1000       999600
    19  0 1  95.27 10037.50 2   0.0 -31.3     20998850   0   1050       999750
    20  0 1  95.62  9980.50 2   0.0 -30.6     21998600   0   1000       999750
    21  0 1  95.27 10012.00 2   0.0 -30.0     23998600   0   1000      2000000
    22  0 1  94.92 10010.50 2   0.0 -30.0     24998350   0   1200       999750
    23  0 1  95.27 10022.50 2   0.0 -30.0     25997900   0    850       999550
    24  0 1  94.57  9994.00 2   0.0 -30.3     26997900   0    850      1000000
    25  0 1  95.27  9985.00 2   0.0 -30.6     27997550   0    800       999650
    26  0 1  94.92 10004.50 2   0.0 -31.3     28998000   0   1150      1000450
    27  0 1  95.62  9970.00 2   0.0 -31.9     29998050   0    800      1000050
    28  0 1  94.92  9959.50 2   0.0 -32.8     30998450   0   1200      1000400
    29  0 1  94.92  9998.50 2   0.0 -33.8     31998550   0   1200      1000100
    30  0 1  94.22  9988.00 2   0.0 -36.3     33998600   0    900      2000050
    31  0 1  94.57 10030.00 2   0.0 -37.5     34998100   0   1200       999500
    32  0 1  94.92 10001.50 2   0.0 -39.1     35997950   0   1100       999850
    33  0 1  95.62  9952.00 2   0.0 -40.9     36998300   0   1050      1000350
    34  0 1  95.62 10003.00 2   0.0 -42.5     37997800   0    850       999500
    35  0 1  95.62  9998.50 2   0.0 -44.4     38997600   0   1050       999800
    36  0 1  94.57 10033.00 2   0.0 -46.6     39997750   0    850      1000150
    37  0 1  95.27 10039.00 2   0.0 -48.4     40997800   0    750      1000050
    38  0 1  95.62 10016.50 2   0.0 -50.6     41997800   0    950      1000000
    39  0 1  95.27 10022.50 2   0.0 -55.3     43998000   0    900      2000200
    40  0 1  94.92  9959.50 2   0.0 -57.5     44998250   0    800      1000250
    41  0 1  94.22 10039.00 2   0.0 -60.0     45998100   0   1100       999850
    42  0 1  94.57  9962.50 2   0.0 -62.5     46998500   0    900      1000400
    43  0 1  94.22 10045.00 2   0.0 -65.0     47998650   0   1050      1000150
    44  0 1  95.62  9992.50 2   0.0 -67.5     48998550   0   1200       999900
