    NO  S V  AOA    FREQ    B  FMOP  AMP      TOA      PMOP  PW         dTOA  
------ -- - ------ -------- - ----- ----- ------------ --- ------ ------------
     0  0 1  94.57  9973.00 2   0.0 -70.0            0   0   1150  42949673000
     1  0 1  94.92  9958.00 2   0.0 -67.5      1000050   0    850      1000050
     2  0 1  95.62  9976.00 2   0.0 -65.0      1999750   0    800       999700
     3  0 1  95.62  9964.00 2   0.0 -62.5      2999600   0    750       999850
     4  0 1  94.92 10027.00 2   0.0 -60.0      3999200   0   1200       999600
     5  0 1  95.62 10039.00 2   0.0 -57.5      4999150   0    750       999950
     6  0 1  94.22  9958.00 2   0.0 -55.3      5999400   0   1150      1000250
     7  0 1  94.57  9982.00 2   0.0 -53.1      6999350   0    850       999950
     8  0 1  94.22  9958.00 2   0.0 -48.4      8999050   0    900      1999700
     9  0 1  94.22  9983.50 2   0.0 -46.6      9999100   0   1000      1000050
    10  0 1  95.27  9973.00 2   0.0 -44.4     10998800   0    900       999700
    11  0 1  94.92 10025.50 2   0.0 -42.5     11998500   0   1200       999700
    12  0 1  95.62  9973.00 2   0.0 -40.9     12998000   0    850       999500
    13  0 1  95.62  9995.50 2   0.0 -39.1     13998400   0   1200      1000400
    14  0 1  95.62 10028.50 2   0.0 -37.5     14998300   0   1100       999900
    15  0 1  95.27 10000.00 2   0.0 -36.3     15997850   0   1150       999550
    16  0 1  94.57  9974.50 2   0.0 -35.0     16997600   0    750       999750
    17  0 1  94.92 10027.00 2   0.0 -32.8     18997550   0    750      1999950
    18  0 1  94.92  9973.00 2   0.0 -31.9     19997400   0    850       999850
    19  0 1  95.27  9991.00 2   0.0 -31.3     20997800   0   1000      1000400
    20  0 1  94.22  9994.00 2   0.0 -30.6     21998050   0   1000      1000250
    21  0 1  94.57  9952.00 2   0.0 -30.3     22997600   0    900       999550
    22  0 1  95.27  9967.00 2   0.0 -30.0     23997600   0    900      1000000
    23  0 1  94.22  9953.50 2   0.0 -30.0     24997900   0   1150      1000300
    24  0 1  94.22  9964.00 2   0.0 -30.0     25997700   0    800       999800
    25  0 1  94.57  9989.50 2   0.0 -30.3     26997700   0    850      1000000
    26  0 1  95.62  9979.00 2   0.0 -31.3     28997650   0    800      1999950
    27  0 1  94.92  9965.50 2   0.0 -31.9     29997600   0    850       999950
    28  0 1  95.62  9962.50 2   0.0 -32.8     30997900   0    750      1000300
    29  0 1  95.27 10010.50 2   0.0 -33.8     31997950   0    900      1000050
    30  0 1  94.22  9991.00 2   0.0 -35.0     32997700   0    800       999750
    31  0 1  94.57 10000.00 2   0.0 -36.3     33997600   0    850       999900
    32  0 1  94.22  9962.50 2   0.0 -37.5     34997450   0    750       999850
    33  0 1  95.62  9997.00 2   0.0 -39.1     35997800   0   1050      1000350
    34  0 1  95.62 10045.00 2   0.0 -40.9     36997400   0    950       999600
    35  0 1  95.27 10045.00 2   0.0 -44.4     38997600   0   1200      2000200
    36  0 1  94.92 10000.00 2   0.0 -46.6     39997700   0   1050      1000100
    37  0 1  95.27 10021.00 2   0.0 -48.4     40997250   0    850       999550
    38  0 1  95.27 10045.00 2   0.0 -50.6     41997450   0    950      1000200
    39  0 1  95.27 10012.00 2   0.0 -53.1     42997450   0    800      1000000
    40  0 1  95.27 10006.00 2   0.0 -55.3     43997350   0    850       999900
    41  0 1  95.27 10027.00 2   0.0 -57.5     44997550   0    750      1000200
    42  0 1  95.27  9958.00 2   0.0 -60.0     45997900   0    800      1000350
    43  0 1  95.27  9973.00 2   0.0 -62.5     46997450   0   1150       999550
    44  0 1  95.62 10009.00 2   0.0 -67.5     48997200   0    900      1999750
