    NO  S V  AOA    FREQ    B  FMOP  AMP      TOA      PMOP  PW         dTOA  
------ -- - ------ -------- - ----- ----- ------------ --- ------ ------------
     0  0 1  95.27 10028.50 2   0.0 -70.0            0   0    750  42949673000
     1  0 1  95.62  9970.00 2   0.0 -67.5       999600   0    800       999600
     2  0 1  95.62 10043.50 2   0.0 -65.0      1999450   0    750       999850
     3  0 1  94.92  9997.00 2   0.0 -62.5      2999450   0    750      1000000
     4  0 1  94.57 10012.00 2   0.0 -60.0      3999000   0    800       999550
     5  0 1  94.92  9952.00 2   0.0 -55.3      5999300   0   1100      2000300
     6  0 1  94.92 10015.00 2   0.0 -53.1      6999450   0    800      1000150
     7  0 1  95.27 10045.00 2   0.0 -50.6      7999900   0    750      1000450
     8  0 1  94.57  9958.00 2   0.0 -48.4      8999950   0    750      1000050
     9  0 1  94.57  9991.00 2   0.0 -46.6      9999700   0    850       999750
    10  0 1  94.22  9974.50 2   0.0 -44.4     10999500   0    800       999800
    11  0 1  94.57  9956.50 2   0.0 -42.5     11999700   0   1100      1000200
    12  0 1  94.22  9979.00 2   0.0 -40.9     12999400   0    850       999700
    13  0 1  94.22 10042.00 2   0.0 -39.1     13999350   0   1150       999950
    14  0 1  94.22 10039.00 2   0.0 -36.3     15999700   0   1050      2000350
    15  0 1  94.57 10027.00 2   0.0 -35.0     16999650   0   1050       999950
    16  0 1  95.62 10012.00 2   0.0 -33.8     17999950   0   1000      1000300
    17  0 1  95.27 10039.00 2   0.0 -32.8     18999450   0   1050       999500
    18  0 1  95.62  9955.00 2   0.0 -31.9     19999550   0   1200      1000100
    19  0 1  94.57  9958.00 2   0.0 -31.3     20999300   0   1200       999750
    20  0 1  94.57 10037.50 2   0.0 -30.6     21999600   0   1050      1000300
    21  0 1  95.27  9959.50 2   0.0 -30.3     23000000   0    950      1000400
    22  0 1  95.62  9991.00 2   0.0 -30.0     23999650   0   1100       999650
    23  0 1  95.27  9995.50 2   0.0 -30.0     25999650   0   1100      2000000
    24  0 1  95.62  9988.00 2   0.0 -30.3     26999550   0   1050       999900
    25  0 1  94.92 10028.50 2   0.0 -30.6     28000000   0   1150      1000450
    26  0 1  94.22  9953.50 2   0.0 -31.3     28999850   0   1000       999850
    27  0 1  94.22  9952.00 2   0.0 -31.9     30000250   0    800      1000400
    28  0 1  94.92 10039.00 2   0.0 -32.8     31000100   0   1200       999850
    29  0 1  94.92  9950.50 2   0.0 -33.8     31999900   0    750       999800
    30  0 1  94.92 10013.50 2   0.0 -35.0     32999900   0    850      1000000
    31  0 1  94.92 10034.50 2   0.0 -36.3     34000100   0   1100      1000200
    32  0 1  94.92 10021.00 2   0.0 -39.1     36000450   0    750      2000350
    33  0 1  95.62 10043.50 2   0.0 -40.9     37000000   0    750       999550
    34  0 1  94.22  9967.00 2   0.0 -42.5     37999550   0   1200       999550
    35  0 1  95.62  9961.00 2   0.0 -44.4     38999250   0   1200       999700
    36  0 1  95.62 10006.00 2   0.0 -46.6     39999150   0    750       999900
    37  0 1  94.22 10048.00 2   0.0 -48.4     40999550   0   1000      1000400
    38  0 1  95.62 10018.00 2   0.0 -50.6     41999450   0    850       999900
    39  0 1  94.57 10015.00 2   0.0 -53.1     42999200   0    900       999750
    40  0 1  94.57  9989.50 2   0.0 -55.3     43998800   0    750       999600
    41  0 1  95.62 10006.00 2   0.0 -60.0     45997800   0   1200      1999000
    42  0 1  94.57 10045.00 2   0.0 -62.5     46998000   0    800      1000200
    43  0 1  95.62  9967.00 2   0.0 -65.0     47998400   0    950      1000400
    44  0 1  94.22  9988.00 2   0.0 -67.5     48998550   0    750      1000150
