    NO  S V  AOA    FREQ    B  FMOP  AMP      TOA      PMOP  PW         dTOA  
------ -- - ------ -------- - ----- ----- ------------ --- ------ ------------
     0  0 1  94.22 10027.00 2   0.0 -70.0            0   0   1800  42949673000
     1  0 1  94.22 10025.50 2   0.0 -69.4      1000450   0   1950      1000450
     2  0 1  94.57 10025.50 2   0.0 -68.8      2000300   0   2100       999850
     3  0 1  94.57 10027.00 2   0.0 -68.1      3000500   0   2050      1000200
     4  0 1  95.27 10025.50 2   0.0 -66.9      5000100   0   2000      1999600
     5  0 1  95.62 10025.50 2   0.0 -66.3      5989950   0   1750       989850
     6  0 1  94.22 10025.50 2   0.0 -65.6      6980150   0   1950       990200
     7  0 1  95.27 10027.00 2   0.0 -65.0      7969750   0   1650       989600
     8  0 1  94.92 10027.00 2   0.0 -64.4      8959450   0   2050       989700
     9  0 1  94.22 10027.00 2   0.0 -63.8      9949350   0   1950       989900
    10  0 1  94.22 10027.00 2   0.0 -63.1     10929500   0   2100       980150
    11  0 1  94.57 10027.00 2   0.0 -62.5     11909250   0   2100       979750
    12  0 1  94.57 10025.50 2   0.0 -61.9     12889700   0   2100       980450
    13  0 1  94.57 10027.00 2   0.0 -60.6     14850500   0   1900      1960800
    14  0 1  95.27 10025.50 2   0.0 -60.0     15820250   0   1750       969750
    15  0 1  94.92 10027.00 2   0.0 -59.4     16790200   0   1750       969950
    16  0 1  94.22 10027.00 2   0.0 -58.8     17760550   0   1950       970350
    17  0 1  94.92 10027.00 2   0.0 -58.1     18730950   0   1850       970400
    18  0 1  94.22 10025.50 2   0.0 -57.5     19701100   0   1950       970150
    19  0 1  95.27 10025.50 2   0.0 -57.2     20660800   0   1750       959700
    20  0 1  95.27 10027.00 2   0.0 -56.6     21620300   0   1850       959500
    21  0 1  94.92 10025.50 2   0.0 -55.9     22580050   0   2050       959750
    22  0 1  95.62 10027.00 2   0.0 -54.7     24500600   0   1950      1920550
    23  0 1  94.92 10025.50 2   0.0 -54.1     25450250   0   2050       949650
    24  0 1  94.22 10025.50 2   0.0 -53.4     26400300   0   2000       950050
    25  0 1  94.22 10027.00 2   0.0 -53.1     27350750   0   1650       950450
    26  0 1  94.22 10027.00 2   0.0 -52.5     28300650   0   2100       949900
    27  0 1  95.27 10025.50 2   0.0 -51.9     29251100   0   1800       950450
    28  0 1  95.27 10027.00 2   0.0 -51.3     30191250   0   1800       940150
    29  0 1  94.57 10027.00 2   0.0 -50.6     31130900   0   2100       939650
    30  0 1  94.92 10027.00 2   0.0 -50.3     32070950   0   1850       940050
    31  0 1  94.22 10025.50 2   0.0 -49.1     33950500   0   2000      1879550
    32  0 1  95.62 10025.50 2   0.0 -48.4     34880350   0   2100       929850
    33  0 1  95.62 10025.50 2   0.0 -48.1     35810250   0   2050       929900
    34  0 1  94.22 10027.00 2   0.0 -47.5     36740250   0   2000       930000
    35  0 1  94.92 10027.00 2   0.0 -46.9     37670400   0   1750       930150
    36  0 1  95.62 10025.50 2   0.0 -46.6     38600600   0   1700       930200
    37  0 1  95.62 10027.00 2   0.0 -45.9     39520600   0   2000       920000
    38  0 1  95.62 10027.00 2   0.0 -45.6     40440850   0   1800       920250
    39  0 1  95.27 10025.50 2   0.0 -45.0     41361100   0   1900       920250
    40  0 1  95.62 10027.00 2   0.0 -44.1     43201750   0   1750      1840650
    41  0 1  95.27 10027.00 2   0.0 -43.4     44111300   0   1900       909550
    42  0 1  95.27 10025.50 2   0.0 -43.1     45021200   0   2000       909900
    43  0 1  95.27 10027.00 2   0.0 -42.5     45931250   0   1850       910050
    44  0 1  94.57 10025.50 2   0.0 -42.2     46841100   0   1900       909850
    45  0 1  94.57 10027.00 2   0.0 -41.6     47750700   0   1900       909600
    46  0 1  95.62 10027.00 2   0.0 -41.3     48750250   0   2050       999550
    47  0 1  94.92 10025.50 2   0.0 -40.9     49750450   0   1650      1000200
    48  0 1  95.62 10025.50 2   0.0 -40.3     50750400   0   1700       999950
    49  0 1  94.22 10025.50 2   0.0 -39.7     52750800   0   1700      2000400
    50  0 1  94.22 10027.00 2   0.0 -39.1     53740400   0   1650       989600
    51  0 1  94.92 10025.50 2   0.0 -38.8     54730700   0   2050       990300
    52  0 1  94.92 10025.50 2   0.0 -38.4     55720850   0   1900       990150
    53  0 1  94.57 10027.00 2   0.0 -38.1     56710550   0   1700       989700
    54  0 1  94.22 10027.00 2   0.0 -37.5     57700750   0   1800       990200
    55  0 1  95.27 10027.00 2   0.0 -37.2     58680400   0   2000       979650
    56  0 1  95.27 10027.00 2   0.0 -36.9     59660550   0   1800       980150
    57  0 1  94.57 10027.00 2   0.0 -36.6     60640250   0   1650       979700
    58  0 1  94.92 10027.00 2   0.0 -35.9     62600050   0   1650      1959800
    59  0 1  94.92 10025.50 2   0.0 -35.6     63569950   0   1700       969900
    60  0 1  95.27 10025.50 2   0.0 -35.3     64540250   0   1950       970300
    61  0 1  94.57 10027.00 2   0.0 -35.0     65509900   0   1650       969650
    62  0 1  95.27 10027.00 2   0.0 -34.7     66479400   0   2050       969500
    63  0 1  94.57 10027.00 2   0.0 -34.4     67449200   0   1750       969800
    64  0 1  94.57 10027.00 2   0.0 -34.1     68409000   0   2100       959800
    65  0 1  94.22 10025.50 2   0.0 -33.8     69369450   0   1700       960450
    66  0 1  94.92 10027.00 2   0.0 -33.4     70329750   0   2050       960300
    67  0 1  94.22 10027.00 2   0.0 -33.1     72249600   0   1750      1919850
    68  0 1  94.22 10027.00 2   0.0 -32.8     73199250   0   1650       949650
    69  0 1  95.62 10025.50 2   0.0 -32.5     74149550   0   1800       950300
    70  0 1  95.62 10025.50 2   0.0 -32.5     75099350   0   2100       949800
    71  0 1  94.92 10027.00 2   0.0 -32.2     76049500   0   1850       950150
    72  0 1  95.27 10027.00 2   0.0 -31.9     76999850   0   1900       950350
    73  0 1  94.92 10025.50 2   0.0 -31.9     77940100   0   1900       940250
    74  0 1  95.27 10027.00 2   0.0 -31.6     78880150   0   1800       940050
    75  0 1  94.92 10027.00 2   0.0 -31.6     79819900   0   1750       939750
    76  0 1  94.22 10027.00 2   0.0 -31.3     81700300   0   1900      1880400
    77  0 1  94.57 10025.50 2   0.0 -30.9     82630550   0   1650       930250
    78  0 1  95.27 10025.50 2   0.0 -30.9     83560150   0   1700       929600
    79  0 1  94.57 10027.00 2   0.0 -30.6     84490300   0   1700       930150
    80  0 1  95.27 10027.00 2   0.0 -30.6     85420450   0   2100       930150
    81  0 1  94.57 10027.00 2   0.0 -30.6     86350300   0   1900       929850
    82  0 1  94.22 10027.00 2   0.0 -30.3     87270250   0   1700       919950
    83  0 1  94.92 10027.00 2   0.0 -30.3     88190450   0   1700       920200
    84  0 1  94.92 10027.00 2   0.0 -30.3     89110250   0   1750       919800
    85  0 1  95.27 10027.00 2   0.0 -30.0     90950450   0   1850      1840200
    86  0 1  94.22 10027.00 2   0.0 -30.0     91860150   0   2000       909700
    87  0 1  95.62 10027.00 2   0.0 -30.0     92770400   0   1750       910250
    88  0 1  95.27 10027.00 2   0.0 -30.0     93680500   0   1850       910100
    89  0 1  94.22 10027.00 2   0.0 -30.0     94590700   0   1900       910200
