    NO  S V  AOA    FREQ    B  FMOP  AMP      TOA      PMOP  PW         dTOA  
------ -- - ------ -------- - ----- ----- ------------ --- ------ ------------
     0  0 1  95.62 10027.00 2   0.0 -70.0            0   0   1800  42949673000
     1  0 1  95.27 10027.00 2   0.0 -69.4       930050   0   2000       930050
     2  0 1  94.57 10027.00 2   0.0 -68.8      1859650   0   2000       929600
     3  0 1  94.22 10027.00 2   0.0 -68.1      2789950   0   1750       930300
     4  0 1  94.57 10027.00 2   0.0 -66.9      4649600   0   1650      1859650
     5  0 1  94.92 10027.00 2   0.0 -66.3      5569350   0   1700       919750
     6  0 1  95.27 10027.00 2   0.0 -65.6      6489300   0   1850       919950
     7  0 1  94.57 10027.00 2   0.0 -65.0      7408800   0   1650       919500
     8  0 1  94.92 10025.50 2   0.0 -64.4      8328500   0   1850       919700
     9  0 1  94.57 10027.00 2   0.0 -63.8      9248400   0   1700       919900
    10  0 1  95.62 10027.00 2   0.0 -63.1     10158700   0   2050       910300
    11  0 1  95.27 10025.50 2   0.0 -62.5     11069000   0   1850       910300
    12  0 1  94.57 10027.00 2   0.0 -61.9     11979300   0   2100       910300
    13  0 1  94.22 10027.00 2   0.0 -60.6     13798800   0   1900      1819500
    14  0 1  95.27 10027.00 2   0.0 -60.0     14798650   0   2100       999850
    15  0 1  94.92 10027.00 2   0.0 -59.4     15798950   0   2100      1000300
    16  0 1  95.27 10027.00 2   0.0 -58.8     16798750   0   2100       999800
    17  0 1  94.92 10027.00 2   0.0 -58.1     17798850   0   1750      1000100
    18  0 1  94.22 10027.00 2   0.0 -57.5     18799000   0   1700      1000150
    19  0 1  94.57 10027.00 2   0.0 -57.2     19788550   0   1900       989550
    20  0 1  95.62 10027.00 2   0.0 -56.6     20778350   0   1800       989800
    21  0 1  95.27 10027.00 2   0.0 -55.9     21768400   0   1900       990050
    22  0 1  95.62 10027.00 2   0.0 -54.7     23747900   0   1650      1979500
    23  0 1  94.22 10025.50 2   0.0 -54.1     24727550   0   2000       979650
    24  0 1  95.62 10027.00 2   0.0 -53.4     25707500   0   2100       979950
    25  0 1  94.57 10027.00 2   0.0 -53.1     26687350   0   1700       979850
    26  0 1  95.62 10027.00 2   0.0 -52.5     27667300   0   1750       979950
    27  0 1  95.27 10027.00 2   0.0 -51.9     28647300   0   1900       980000
    28  0 1  94.57 10027.00 2   0.0 -51.3     29616950   0   1700       969650
    29  0 1  94.57 10027.00 2   0.0 -50.6     30587100   0   1800       970150
    30  0 1  95.27 10025.50 2   0.0 -50.3     31557300   0   1950       970200
    31  0 1  95.27 10027.00 2   0.0 -49.1     33497800   0   2000      1940500
    32  0 1  95.62 10027.00 2   0.0 -48.4     34458250   0   1850       960450
    33  0 1  94.92 10027.00 2   0.0 -48.1     35417950   0   1700       959700
    34  0 1  94.92 10027.00 2   0.0 -47.5     36377500   0   2100       959550
    35  0 1  95.27 10025.50 2   0.0 -46.9     37337150   0   2000       959650
    36  0 1  94.22 10025.50 2   0.0 -46.6     38296900   0   1950       959750
    37  0 1  94.57 10027.00 2   0.0 -45.9     39247200   0   1750       950300
    38  0 1  95.62 10027.00 2   0.0 -45.6     40196900   0   1800       949700
    39  0 1  94.92 10025.50 2   0.0 -45.0     41146750   0   2050       949850
    40  0 1  94.57 10027.00 2   0.0 -44.1     43046150   0   1650      1899400
    41  0 1  95.62 10025.50 2   0.0 -43.4     43986250   0   1650       940100
    42  0 1  94.92 10027.00 2   0.0 -43.1     44925750   0   1900       939500
    43  0 1  94.22 10025.50 2   0.0 -42.5     45865500   0   2000       939750
    44  0 1  95.62 10027.00 2   0.0 -42.2     46805250   0   2100       939750
    45  0 1  94.22 10027.00 2   0.0 -41.6     47744900   0   2100       939650
    46  0 1  94.57 10027.00 2   0.0 -41.3     48674850   0   1750       929950
    47  0 1  94.57 10027.00 2   0.0 -40.9     49604450   0   1800       929600
    48  0 1  94.57 10025.50 2   0.0 -40.3     50534900   0   1950       930450
    49  0 1  94.57 10027.00 2   0.0 -39.7     52394550   0   1900      1859650
    50  0 1  95.27 10025.50 2   0.0 -39.1     53314800   0   1950       920250
    51  0 1  95.27 10025.50 2   0.0 -38.8     54234300   0   1750       919500
    52  0 1  94.57 10027.00 2   0.0 -38.4     55154650   0   2050       920350
    53  0 1  95.62 10025.50 2   0.0 -38.1     56074500   0   2100       919850
    54  0 1  94.57 10027.00 2   0.0 -37.5     56994650   0   1850       920150
    55  0 1  94.92 10027.00 2   0.0 -37.2     57904750   0   1650       910100
    56  0 1  94.22 10027.00 2   0.0 -36.9     58814550   0   2000       909800
    57  0 1  95.62 10027.00 2   0.0 -36.6     59724100   0   1650       909550
    58  0 1  94.57 10027.00 2   0.0 -35.9     61543650   0   1900      1819550
    59  0 1  94.92 10027.00 2   0.0 -35.6     62544100   0   1900      1000450
    60  0 1  95.62 10027.00 2   0.0 -35.3     63544050   0   1700       999950
    61  0 1  94.22 10027.00 2   0.0 -35.0     64544450   0   1700      1000400
    62  0 1  94.92 10027.00 2   0.0 -34.7     65544150   0   1950       999700
    63  0 1  94.92 10027.00 2   0.0 -34.4     66543800   0   1900       999650
    64  0 1  94.22 10027.00 2   0.0 -34.1     67533850   0   1850       990050
    65  0 1  94.57 10027.00 2   0.0 -33.8     68523900   0   1700       990050
    66  0 1  94.22 10027.00 2   0.0 -33.4     69513850   0   1800       989950
    67  0 1  94.22 10027.00 2   0.0 -33.1     71494050   0   1700      1980200
    68  0 1  94.57 10025.50 2   0.0 -32.8     72474150   0   1750       980100
    69  0 1  94.92 10027.00 2   0.0 -32.5     73453950   0   2100       979800
    70  0 1  94.22 10025.50 2   0.0 -32.5     74433800   0   2100       979850
    71  0 1  94.22 10027.00 2   0.0 -32.2     75413700   0   1800       979900
    72  0 1  95.27 10027.00 2   0.0 -31.9     76394000   0   1800       980300
    73  0 1  95.62 10025.50 2   0.0 -31.9     77364250   0   1650       970250
    74  0 1  94.92 10025.50 2   0.0 -31.6     78333750   0   2000       969500
    75  0 1  94.57 10027.00 2   0.0 -31.6     79303750   0   2000       970000
    76  0 1  94.22 10027.00 2   0.0 -31.3     81242850   0   1750      1939100
    77  0 1  94.22 10027.00 2   0.0 -30.9     82203250   0   1650       960400
    78  0 1  94.92 10025.50 2   0.0 -30.9     83163450   0   1850       960200
    79  0 1  94.57 10027.00 2   0.0 -30.6     84123150   0   1850       959700
    80  0 1  95.62 10025.50 2   0.0 -30.6     85082800   0   1800       959650
    81  0 1  95.62 10027.00 2   0.0 -30.6     86042900   0   1750       960100
    82  0 1  95.62 10027.00 2   0.0 -30.3     86993250   0   1800       950350
    83  0 1  94.22 10025.50 2   0.0 -30.3     87943200   0   2100       949950
    84  0 1  94.57 10027.00 2   0.0 -30.3     88893350   0   1700       950150
    85  0 1  95.62 10025.50 2   0.0 -30.0     90793200   0   1700      1899850
    86  0 1  94.92 10025.50 2   0.0 -30.0     91732900   0   1650       939700
    87  0 1  94.57 10025.50 2   0.0 -30.0     92672500   0   1800       939600
    88  0 1  94.57 10027.00 2   0.0 -30.0     93612350   0   2100       939850
    89  0 1  94.57 10027.00 2   0.0 -30.0     94551900   0   1650       939550
