    NO  S V  AOA    FREQ    B  FMOP  AMP      TOA      PMOP  PW         dTOA  
------ -- - ------ -------- - ----- ----- ------------ --- ------ ------------
     0  0 1  95.62 10025.50 2   0.0 -70.0            0   0   1900  42949673000
     1  0 1  95.62 10025.50 2   0.0 -69.4       910400   0   1800       910400
     2  0 1  94.22 10027.00 2   0.0 -68.8      1820150   0   2050       909750
     3  0 1  95.27 10027.00 2   0.0 -68.1      2730100   0   1850       909950
     4  0 1  94.92 10025.50 2   0.0 -67.5      3639650   0   1650       909550
     5  0 1  94.92 10027.00 2   0.0 -66.9      4549350   0   1700       909700
     6  0 1  94.92 10027.00 2   0.0 -66.3      5549500   0   1900      1000150
     7  0 1  95.62 10027.00 2   0.0 -65.0      7549150   0   1650      1999650
     8  0 1  95.27 10027.00 2   0.0 -64.4      8548650   0   2000       999500
     9  0 1  94.57 10027.00 2   0.0 -63.8      9548600   0   1950       999950
    10  0 1  94.22 10027.00 2   0.0 -63.1     10538100   0   1750       989500
    11  0 1  95.27 10027.00 2   0.0 -62.5     11528200   0   1700       990100
    12  0 1  95.27 10025.50 2   0.0 -61.9     12518600   0   2100       990400
    13  0 1  94.57 10025.50 2   0.0 -61.3     13508150   0   1800       989550
    14  0 1  94.57 10025.50 2   0.0 -60.6     14498550   0   1700       990400
    15  0 1  95.27 10027.00 2   0.0 -60.0     15478200   0   1700       979650
    16  0 1  95.27 10027.00 2   0.0 -58.8     17438900   0   1950      1960700
    17  0 1  95.62 10027.00 2   0.0 -58.1     18418600   0   1750       979700
    18  0 1  95.62 10025.50 2   0.0 -57.5     19398950   0   1950       980350
    19  0 1  94.22 10025.50 2   0.0 -57.2     20369300   0   1900       970350
    20  0 1  94.57 10025.50 2   0.0 -56.6     21339400   0   1850       970100
    21  0 1  95.27 10025.50 2   0.0 -55.9     22309200   0   1650       969800
    22  0 1  94.22 10027.00 2   0.0 -55.3     23279350   0   1900       970150
    23  0 1  95.62 10027.00 2   0.0 -54.7     24249050   0   1800       969700
    24  0 1  94.22 10027.00 2   0.0 -54.1     25208750   0   1850       959700
    25  0 1  94.22 10027.00 2   0.0 -53.1     27128700   0   1800      1919950
    26  0 1  94.22 10027.00 2   0.0 -52.5     28088700   0   1650       960000
    27  0 1  94.92 10025.50 2   0.0 -51.9     29049000   0   2000       960300
    28  0 1  94.92 10025.50 2   0.0 -51.3     29998950   0   2100       949950
    29  0 1  94.57 10025.50 2   0.0 -50.6     30949150   0   2000       950200
    30  0 1  94.92 10027.00 2   0.0 -50.3     31899350   0   1750       950200
    31  0 1  94.22 10027.00 2   0.0 -49.7     32849800   0   2050       950450
    32  0 1  94.57 10025.50 2   0.0 -49.1     33799500   0   1700       949700
    33  0 1  94.57 10027.00 2   0.0 -48.4     34739100   0   2000       939600
    34  0 1  95.62 10025.50 2   0.0 -47.5     36619650   0   2100      1880550
    35  0 1  95.27 10025.50 2   0.0 -46.9     37559900   0   1800       940250
    36  0 1  94.57 10027.00 2   0.0 -46.6     38500000   0   1850       940100
    37  0 1  95.62 10027.00 2   0.0 -45.9     39430400   0   1750       930400
    38  0 1  95.27 10027.00 2   0.0 -45.6     40359900   0   1700       929500
    39  0 1  94.22 10025.50 2   0.0 -45.0     41289850   0   2100       929950
    40  0 1  94.57 10025.50 2   0.0 -44.4     42220100   0   2050       930250
    41  0 1  94.92 10027.00 2   0.0 -44.1     43150350   0   2000       930250
    42  0 1  95.27 10025.50 2   0.0 -43.4     44070100   0   1950       919750
    43  0 1  94.57 10025.50 2   0.0 -42.5     45910050   0   2100      1839950
    44  0 1  94.92 10025.50 2   0.0 -42.2     46830100   0   2050       920050
    45  0 1  94.22 10025.50 2   0.0 -41.6     47750150   0   2000       920050
    46  0 1  94.92 10027.00 2   0.0 -41.3     48659700   0   1750       909550
    47  0 1  94.22 10027.00 2   0.0 -40.9     49569200   0   1650       909500
    48  0 1  94.92 10025.50 2   0.0 -40.3     50479250   0   2000       910050
    49  0 1  95.27 10025.50 2   0.0 -40.0     51389600   0   1650       910350
    50  0 1  94.57 10027.00 2   0.0 -39.7     52300000   0   1750       910400
    51  0 1  94.22 10027.00 2   0.0 -39.1     53299550   0   1900       999550
    52  0 1  95.27 10025.50 2   0.0 -38.4     55299650   0   1950      2000100
    53  0 1  95.27 10027.00 2   0.0 -38.1     56300000   0   2000      1000350
    54  0 1  94.57 10027.00 2   0.0 -37.5     57299800   0   1800       999800
    55  0 1  94.22 10027.00 2   0.0 -37.2     58289950   0   1850       990150
    56  0 1  94.57 10027.00 2   0.0 -36.9     59280200   0   2000       990250
    57  0 1  94.22 10027.00 2   0.0 -36.6     60270250   0   1650       990050
    58  0 1  94.22 10027.00 2   0.0 -36.3     61260150   0   1700       989900
    59  0 1  95.62 10025.50 2   0.0 -35.9     62249850   0   2100       989700
    60  0 1  95.62 10027.00 2   0.0 -35.6     63229400   0   2050       979550
    61  0 1  94.92 10027.00 2   0.0 -35.0     65188600   0   1750      1959200
    62  0 1  94.57 10025.50 2   0.0 -34.7     66168700   0   2050       980100
    63  0 1  95.62 10025.50 2   0.0 -34.4     67148950   0   1700       980250
    64  0 1  94.57 10025.50 2   0.0 -34.1     68119350   0   2100       970400
    65  0 1  95.62 10027.00 2   0.0 -33.8     69089400   0   2050       970050
    66  0 1  95.27 10027.00 2   0.0 -33.4     70058950   0   1800       969550
    67  0 1  95.62 10027.00 2   0.0 -33.4     71028650   0   1650       969700
    68  0 1  95.62 10027.00 2   0.0 -33.1     71998850   0   2100       970200
    69  0 1  94.22 10025.50 2   0.0 -32.8     72958650   0   1800       959800
    70  0 1  94.57 10027.00 2   0.0 -32.5     74877950   0   1950      1919300
    71  0 1  95.62 10027.00 2   0.0 -32.2     75838100   0   2000       960150
    72  0 1  95.27 10027.00 2   0.0 -31.9     76798500   0   2050       960400
    73  0 1  95.27 10027.00 2   0.0 -31.9     77748150   0   1750       949650
    74  0 1  94.92 10025.50 2   0.0 -31.6     78698300   0   1700       950150
    75  0 1  94.22 10025.50 2   0.0 -31.6     79648000   0   1900       949700
    76  0 1  95.27 10027.00 2   0.0 -31.3     80598150   0   1950       950150
    77  0 1  94.57 10027.00 2   0.0 -31.3     81548350   0   1700       950200
    78  0 1  95.62 10025.50 2   0.0 -30.9     82488350   0   2050       940000
    79  0 1  94.92 10025.50 2   0.0 -30.6     84367450   0   1850      1879100
    80  0 1  95.27 10027.00 2   0.0 -30.6     85307050   0   2100       939600
    81  0 1  94.22 10027.00 2   0.0 -30.6     86247150   0   1950       940100
    82  0 1  94.57 10027.00 2   0.0 -30.3     87177100   0   2000       929950
    83  0 1  94.92 10027.00 2   0.0 -30.3     88106800   0   1950       929700
    84  0 1  95.62 10027.00 2   0.0 -30.3     89037150   0   2100       930350
    85  0 1  94.57 10025.50 2   0.0 -30.3     89966950   0   1850       929800
    86  0 1  94.57 10025.50 2   0.0 -30.0     90896700   0   1750       929750
    87  0 1  94.92 10027.00 2   0.0 -30.0     91816700   0   1900       920000
    88  0 1  95.27 10027.00 2   0.0 -30.0     93657100   0   1750      1840400
    89  0 1  95.62 10027.00 2   0.0 -30.0     94577050   0   1700       919950
