    NO  S V  AOA    FREQ    B  FMOP  AMP      TOA      PMOP  PW         dTOA  
------ -- - ------ -------- - ----- ----- ------------ --- ------ ------------
     0  0 1  94.22 10025.50 2   0.0 -70.0            0   0   1750  42949673000
     1  0 1  95.62 10027.00 2   0.0 -68.8      1979400   0   1850      1979400
     2  0 1  95.27 10027.00 2   0.0 -68.1      2969450   0   1750       990050
     3  0 1  94.22 10027.00 2   0.0 -67.5      3959750   0   1900       990300
     4  0 1  95.62 10025.50 2   0.0 -66.9      4949650   0   1650       989900
     5  0 1  94.57 10027.00 2   0.0 -66.3      5929800   0   2000       980150
     6  0 1  94.22 10025.50 2   0.0 -65.6      6910200   0   1750       980400
     7  0 1  94.92 10025.50 2   0.0 -65.0      7889900   0   1650       979700
     8  0 1  94.22 10027.00 2   0.0 -64.4      8869750   0   1650       979850
     9  0 1  94.92 10027.00 2   0.0 -63.8      9850100   0   2000       980350
    10  0 1  94.22 10027.00 2   0.0 -62.5     11790200   0   1650      1940100
    11  0 1  95.62 10027.00 2   0.0 -61.9     12760000   0   1750       969800
    12  0 1  95.62 10027.00 2   0.0 -61.3     13730000   0   1750       970000
    13  0 1  95.62 10027.00 2   0.0 -60.6     14700450   0   2000       970450
    14  0 1  94.22 10027.00 2   0.0 -60.0     15660850   0   1650       960400
    15  0 1  94.22 10027.00 2   0.0 -59.4     16620550   0   1950       959700
    16  0 1  95.62 10025.50 2   0.0 -58.8     17580700   0   1650       960150
    17  0 1  95.27 10027.00 2   0.0 -58.1     18540750   0   2100       960050
    18  0 1  94.92 10027.00 2   0.0 -57.5     19500550   0   1650       959800
    19  0 1  95.62 10027.00 2   0.0 -56.6     21400450   0   2000      1899900
    20  0 1  95.27 10027.00 2   0.0 -55.9     22350800   0   1750       950350
    21  0 1  94.22 10025.50 2   0.0 -55.3     23301000   0   1650       950200
    22  0 1  94.92 10025.50 2   0.0 -54.7     24251100   0   1750       950100
    23  0 1  94.92 10027.00 2   0.0 -54.1     25190850   0   1700       939750
    24  0 1  94.92 10027.00 2   0.0 -53.4     26130800   0   2050       939950
    25  0 1  94.22 10027.00 2   0.0 -53.1     27070450   0   1750       939650
    26  0 1  95.62 10025.50 2   0.0 -52.5     28009950   0   1700       939500
    27  0 1  94.22 10027.00 2   0.0 -51.9     28950050   0   2100       940100
    28  0 1  94.22 10025.50 2   0.0 -50.6     30809350   0   1700      1859300
    29  0 1  94.57 10025.50 2   0.0 -50.3     31739400   0   1850       930050
    30  0 1  94.92 10027.00 2   0.0 -49.7     32669150   0   1800       929750
    31  0 1  94.92 10027.00 2   0.0 -49.1     33599500   0   1700       930350
    32  0 1  95.62 10027.00 2   0.0 -48.4     34519450   0   1950       919950
    33  0 1  94.92 10025.50 2   0.0 -48.1     35438950   0   2000       919500
    34  0 1  95.27 10027.00 2   0.0 -47.5     36359300   0   1750       920350
    35  0 1  94.57 10025.50 2   0.0 -46.9     37278900   0   1950       919600
    36  0 1  94.22 10025.50 2   0.0 -46.6     38199100   0   1800       920200
    37  0 1  95.62 10027.00 2   0.0 -45.6     40019700   0   1900      1820600
    38  0 1  94.92 10027.00 2   0.0 -45.0     40929700   0   2050       910000
    39  0 1  95.27 10027.00 2   0.0 -44.4     41839300   0   1750       909600
    40  0 1  95.62 10025.50 2   0.0 -44.1     42749550   0   2100       910250
    41  0 1  95.27 10025.50 2   0.0 -43.4     43750000   0   2100      1000450
    42  0 1  95.62 10025.50 2   0.0 -43.1     44750350   0   1800      1000350
    43  0 1  94.57 10025.50 2   0.0 -42.5     45750100   0   1800       999750
    44  0 1  95.27 10027.00 2   0.0 -42.2     46749800   0   1750       999700
    45  0 1  94.57 10027.00 2   0.0 -41.6     47749650   0   1900       999850
    46  0 1  94.57 10027.00 2   0.0 -40.9     49729750   0   2100      1980100
    47  0 1  94.22 10027.00 2   0.0 -40.3     50719550   0   2050       989800
    48  0 1  94.22 10027.00 2   0.0 -40.0     51709900   0   2000       990350
    49  0 1  94.92 10027.00 2   0.0 -39.7     52699600   0   1750       989700
    50  0 1  95.27 10027.00 2   0.0 -39.1     53679400   0   1650       979800
    51  0 1  94.22 10027.00 2   0.0 -38.8     54659750   0   1800       980350
    52  0 1  94.92 10025.50 2   0.0 -38.4     55639850   0   2000       980100
    53  0 1  94.22 10025.50 2   0.0 -38.1     56620100   0   2000       980250
    54  0 1  94.92 10027.00 2   0.0 -37.5     57600150   0   2000       980050
    55  0 1  95.27 10027.00 2   0.0 -36.9     59540150   0   1800      1940000
    56  0 1  94.92 10027.00 2   0.0 -36.6     60510100   0   2000       969950
    57  0 1  95.27 10027.00 2   0.0 -36.3     61480300   0   1700       970200
    58  0 1  95.27 10027.00 2   0.0 -35.9     62450500   0   1750       970200
    59  0 1  94.92 10027.00 2   0.0 -35.6     63410500   0   1700       960000
    60  0 1  94.92 10027.00 2   0.0 -35.3     64370200   0   1950       959700
    61  0 1  94.22 10025.50 2   0.0 -35.0     65329850   0   2050       959650
    62  0 1  95.27 10027.00 2   0.0 -34.7     66290200   0   2050       960350
    63  0 1  95.62 10027.00 2   0.0 -34.4     67250650   0   1800       960450
    64  0 1  94.92 10027.00 2   0.0 -33.8     69150650   0   2000      1900000
    65  0 1  95.27 10027.00 2   0.0 -33.4     70100250   0   1850       949600
    66  0 1  95.62 10027.00 2   0.0 -33.4     71050550   0   2000       950300
    67  0 1  94.92 10025.50 2   0.0 -33.1     72000350   0   1650       949800
    68  0 1  94.92 10025.50 2   0.0 -32.8     72940100   0   2000       939750
    69  0 1  94.22 10027.00 2   0.0 -32.5     73879900   0   1750       939800
    70  0 1  94.57 10025.50 2   0.0 -32.5     74820300   0   1700       940400
    71  0 1  94.22 10027.00 2   0.0 -32.2     75759950   0   2050       939650
    72  0 1  94.92 10027.00 2   0.0 -31.9     76699450   0   1650       939500
    73  0 1  95.62 10027.00 2   0.0 -31.6     78558600   0   1950      1859150
    74  0 1  94.22 10025.50 2   0.0 -31.6     79488550   0   1900       929950
    75  0 1  95.27 10027.00 2   0.0 -31.3     80418350   0   2100       929800
    76  0 1  95.62 10027.00 2   0.0 -31.3     81348750   0   2000       930400
    77  0 1  95.27 10027.00 2   0.0 -30.9     82268300   0   1650       919550
    78  0 1  94.92 10027.00 2   0.0 -30.9     83187800   0   2000       919500
    79  0 1  95.27 10025.50 2   0.0 -30.6     84107650   0   1950       919850
    80  0 1  94.22 10027.00 2   0.0 -30.6     85027350   0   1900       919700
    81  0 1  94.92 10027.00 2   0.0 -30.6     85947450   0   1650       920100
    82  0 1  94.57 10027.00 2   0.0 -30.3     87767800   0   1950      1820350
    83  0 1  94.57 10027.00 2   0.0 -30.3     88677550   0   1900       909750
    84  0 1  94.22 10027.00 2   0.0 -30.3     89587100   0   1650       909550
    85  0 1  95.62 10027.00 2   0.0 -30.0     90497550   0   1650       910450
    86  0 1  95.62 10025.50 2   0.0 -30.0     91497250   0   1800       999700
    87  0 1  94.92 10027.00 2   0.0 -30.0     92497450   0   2050      1000200
    88  0 1  94.92 10025.50 2   0.0 -30.0     93497700   0   1650      1000250
    89  0 1  94.22 10027.00 2   0.0 -30.0     94497600   0   1650       999900
