    NO  S V  AOA    FREQ    B  FMOP  AMP      TOA      PMOP  PW         dTOA  
------ -- - ------ -------- - ----- ----- ------------ --- ------ ------------
     0  0 1  95.27 10025.50 2   0.0 -70.0            0   0   1650  42949673000
     1  0 1  95.27 10027.00 2   0.0 -68.8      1899450   0   1850      1899450
     2  0 1  94.92 10027.00 2   0.0 -68.1      2848950   0   1700       949500
     3  0 1  94.22 10025.50 2   0.0 -67.5      3798750   0   1650       949800
     4  0 1  94.92 10027.00 2   0.0 -66.9      4749000   0   1800       950250
     5  0 1  94.22 10027.00 2   0.0 -66.3      5689350   0   1950       940350
     6  0 1  94.92 10027.00 2   0.0 -65.6      6629450   0   1650       940100
     7  0 1  95.27 10025.50 2   0.0 -65.0      7569350   0   1800       939900
     8  0 1  95.62 10025.50 2   0.0 -64.4      8509500   0   2050       940150
     9  0 1  95.27 10027.00 2   0.0 -63.8      9449500   0   1850       940000
    10  0 1  94.92 10027.00 2   0.0 -62.5     11309100   0   2050      1859600
    11  0 1  94.22 10025.50 2   0.0 -61.9     12239000   0   2100       929900
    12  0 1  95.62 10027.00 2   0.0 -61.3     13168500   0   1900       929500
    13  0 1  94.92 10027.00 2   0.0 -60.6     14098750   0   1650       930250
    14  0 1  94.92 10025.50 2   0.0 -60.0     15018300   0   1800       919550
    15  0 1  95.27 10025.50 2   0.0 -59.4     15938550   0   2100       920250
    16  0 1  94.57 10025.50 2   0.0 -58.8     16858600   0   1650       920050
    17  0 1  94.57 10027.00 2   0.0 -58.1     17778700   0   2100       920100
    18  0 1  95.62 10027.00 2   0.0 -57.5     18698600   0   2050       919900
    19  0 1  94.92 10025.50 2   0.0 -56.6     20518950   0   1800      1820350
    20  0 1  94.57 10025.50 2   0.0 -55.9     21428600   0   1900       909650
    21  0 1  95.27 10025.50 2   0.0 -55.3     22338550   0   1850       909950
    22  0 1  94.92 10025.50 2   0.0 -54.7     23249000   0   2100       910450
    23  0 1  95.62 10027.00 2   0.0 -54.1     24249250   0   1750      1000250
    24  0 1  94.57 10027.00 2   0.0 -53.4     25249000   0   1700       999750
    25  0 1  94.57 10027.00 2   0.0 -53.1     26248550   0   1650       999550
    26  0 1  94.22 10025.50 2   0.0 -52.5     27248350   0   1750       999800
    27  0 1  95.27 10025.50 2   0.0 -51.9     28248750   0   2000      1000400
    28  0 1  94.57 10027.00 2   0.0 -50.6     30228450   0   1800      1979700
    29  0 1  94.92 10027.00 2   0.0 -50.3     31218050   0   1950       989600
    30  0 1  95.62 10025.50 2   0.0 -49.7     32208500   0   2050       990450
    31  0 1  95.27 10027.00 2   0.0 -49.1     33198150   0   2100       989650
    32  0 1  94.22 10027.00 2   0.0 -48.4     34178450   0   1950       980300
    33  0 1  94.92 10025.50 2   0.0 -48.1     35158550   0   1850       980100
    34  0 1  94.57 10027.00 2   0.0 -47.5     36138500   0   1750       979950
    35  0 1  95.27 10027.00 2   0.0 -46.9     37118050   0   1900       979550
    36  0 1  94.57 10027.00 2   0.0 -46.6     38098200   0   2050       980150
    37  0 1  94.22 10027.00 2   0.0 -45.6     40038750   0   2050      1940550
    38  0 1  94.22 10025.50 2   0.0 -45.0     41009150   0   1650       970400
    39  0 1  95.62 10025.50 2   0.0 -44.4     41979100   0   2100       969950
    40  0 1  94.22 10025.50 2   0.0 -44.1     42948800   0   1800       969700
    41  0 1  94.57 10025.50 2   0.0 -43.4     43908500   0   2000       959700
    42  0 1  95.27 10025.50 2   0.0 -43.1     44868950   0   1750       960450
    43  0 1  95.62 10027.00 2   0.0 -42.5     45829150   0   1850       960200
    44  0 1  95.27 10025.50 2   0.0 -42.2     46789500   0   1800       960350
    45  0 1  94.92 10025.50 2   0.0 -41.6     47749900   0   2050       960400
    46  0 1  95.62 10027.00 2   0.0 -40.9     49649000   0   1700      1899100
    47  0 1  95.27 10027.00 2   0.0 -40.3     50598650   0   1950       949650
    48  0 1  95.27 10027.00 2   0.0 -40.0     51548700   0   1850       950050
    49  0 1  94.22 10027.00 2   0.0 -39.7     52499100   0   2100       950400
    50  0 1  95.27 10025.50 2   0.0 -39.1     53439050   0   1850       939950
    51  0 1  94.57 10027.00 2   0.0 -38.8     54378750   0   1950       939700
    52  0 1  94.92 10027.00 2   0.0 -38.4     55319150   0   2100       940400
    53  0 1  95.62 10027.00 2   0.0 -38.1     56259550   0   1950       940400
    54  0 1  94.22 10025.50 2   0.0 -37.5     57199300   0   2050       939750
    55  0 1  94.92 10025.50 2   0.0 -36.9     59059400   0   1700      1860100
    56  0 1  95.27 10025.50 2   0.0 -36.6     59989200   0   1750       929800
    57  0 1  94.57 10027.00 2   0.0 -36.3     60919550   0   2000       930350
    58  0 1  94.22 10025.50 2   0.0 -35.9     61850000   0   2100       930450
    59  0 1  94.22 10027.00 2   0.0 -35.6     62770350   0   1950       920350
    60  0 1  94.92 10025.50 2   0.0 -35.3     63690650   0   1650       920300
    61  0 1  94.22 10027.00 2   0.0 -35.0     64610300   0   1850       919650
    62  0 1  95.62 10025.50 2   0.0 -34.7     65530700   0   1700       920400
    63  0 1  94.22 10025.50 2   0.0 -34.4     66450550   0   2000       919850
    64  0 1  94.92 10027.00 2   0.0 -33.8     68270100   0   1700      1819550
    65  0 1  95.62 10027.00 2   0.0 -33.4     69180200   0   2100       910100
    66  0 1  94.57 10027.00 2   0.0 -33.4     70090300   0   1700       910100
    67  0 1  94.92 10027.00 2   0.0 -33.1     70999900   0   2100       909600
    68  0 1  95.27 10027.00 2   0.0 -32.8     72000000   0   2000      1000100
    69  0 1  95.27 10027.00 2   0.0 -32.5     72999800   0   1700       999800
    70  0 1  94.92 10027.00 2   0.0 -32.5     74000150   0   2100      1000350
    71  0 1  95.27 10027.00 2   0.0 -32.2     75000100   0   1750       999950
    72  0 1  94.57 10027.00 2   0.0 -31.9     76000200   0   2100      1000100
    73  0 1  94.22 10027.00 2   0.0 -31.6     77980550   0   1800      1980350
    74  0 1  95.62 10027.00 2   0.0 -31.6     78970300   0   2100       989750
    75  0 1  95.62 10027.00 2   0.0 -31.3     79959900   0   1950       989600
    76  0 1  95.62 10025.50 2   0.0 -31.3     80949600   0   1950       989700
    77  0 1  95.27 10027.00 2   0.0 -30.9     81929450   0   1950       979850
    78  0 1  94.22 10027.00 2   0.0 -30.9     82909700   0   2000       980250
    79  0 1  95.27 10027.00 2   0.0 -30.6     83889300   0   2000       979600
    80  0 1  95.27 10027.00 2   0.0 -30.6     84869350   0   1950       980050
    81  0 1  94.22 10027.00 2   0.0 -30.6     85849150   0   2050       979800
    82  0 1  95.27 10025.50 2   0.0 -30.3     87788200   0   1800      1939050
    83  0 1  95.62 10027.00 2   0.0 -30.3     88758350   0   2050       970150
    84  0 1  94.92 10027.00 2   0.0 -30.3     89728250   0   1750       969900
    85  0 1  94.57 10027.00 2   0.0 -30.0     90698250   0   1800       970000
    86  0 1  94.22 10027.00 2   0.0 -30.0     91658450   0   2000       960200
    87  0 1  94.22 10027.00 2   0.0 -30.0     92618350   0   1900       959900
    88  0 1  94.22 10027.00 2   0.0 -30.0     93578050   0   1800       959700
    89  0 1  95.27 10027.00 2   0.0 -30.0     94537600   0   1750       959550
