    NO  S V  AOA    FREQ    B  FMOP  AMP      TOA      PMOP  PW         dTOA  
------ -- - ------ -------- - ----- ----- ------------ --- ------ ------------
     0  0 1  94.22 10027.00 2   0.0 -70.0            0   0   1700  42949673000
     1  0 1  95.27 10027.00 2   0.0 -69.4       979500   0   2100       979500
     2  0 1  94.57 10027.00 2   0.0 -68.8      1959000   0   1900       979500
     3  0 1  94.22 10027.00 2   0.0 -68.1      2938900   0   1700       979900
     4  0 1  94.57 10027.00 2   0.0 -67.5      3919200   0   1800       980300
     5  0 1  95.27 10027.00 2   0.0 -66.3      5869150   0   1800      1949950
     6  0 1  94.22 10025.50 2   0.0 -65.6      6839600   0   1850       970450
     7  0 1  94.22 10027.00 2   0.0 -65.0      7810000   0   1750       970400
     8  0 1  95.62 10027.00 2   0.0 -64.4      8779500   0   1900       969500
     9  0 1  94.57 10027.00 2   0.0 -63.8      9749500   0   1750       970000
    10  0 1  94.22 10027.00 2   0.0 -63.1     10709250   0   1650       959750
    11  0 1  94.57 10027.00 2   0.0 -62.5     11669100   0   2050       959850
    12  0 1  95.27 10027.00 2   0.0 -61.9     12629250   0   1900       960150
    13  0 1  95.62 10025.50 2   0.0 -61.3     13589550   0   2100       960300
    14  0 1  94.57 10027.00 2   0.0 -60.0     15499150   0   2100      1909600
    15  0 1  94.92 10025.50 2   0.0 -59.4     16449400   0   2000       950250
    16  0 1  95.62 10027.00 2   0.0 -58.8     17399700   0   2050       950300
    17  0 1  94.22 10025.50 2   0.0 -58.1     18350100   0   1650       950400
    18  0 1  95.62 10025.50 2   0.0 -57.5     19300000   0   2000       949900
    19  0 1  94.57 10025.50 2   0.0 -57.2     20239800   0   2000       939800
    20  0 1  95.27 10025.50 2   0.0 -56.6     21179550   0   1850       939750
    21  0 1  94.22 10027.00 2   0.0 -55.9     22119450   0   1950       939900
    22  0 1  94.92 10027.00 2   0.0 -55.3     23059050   0   1800       939600
    23  0 1  94.22 10025.50 2   0.0 -54.1     24929150   0   1850      1870100
    24  0 1  94.57 10027.00 2   0.0 -53.4     25858900   0   2100       929750
    25  0 1  95.62 10027.00 2   0.0 -53.1     26788550   0   1750       929650
    26  0 1  94.57 10027.00 2   0.0 -52.5     27718550   0   2050       930000
    27  0 1  94.57 10027.00 2   0.0 -51.9     28648300   0   1850       929750
    28  0 1  94.57 10027.00 2   0.0 -51.3     29568300   0   1750       920000
    29  0 1  94.92 10027.00 2   0.0 -50.6     30488600   0   1650       920300
    30  0 1  95.62 10027.00 2   0.0 -50.3     31408550   0   2050       919950
    31  0 1  95.27 10027.00 2   0.0 -49.7     32328350   0   2050       919800
    32  0 1  95.27 10025.50 2   0.0 -48.4     34158500   0   1650      1830150
    33  0 1  95.62 10027.00 2   0.0 -48.1     35068450   0   1650       909950
    34  0 1  94.57 10027.00 2   0.0 -47.5     35978000   0   2050       909550
    35  0 1  94.92 10027.00 2   0.0 -46.9     36887750   0   1700       909750
    36  0 1  94.57 10027.00 2   0.0 -46.6     37798100   0   1850       910350
    37  0 1  95.27 10025.50 2   0.0 -45.9     38798000   0   2000       999900
    38  0 1  95.27 10027.00 2   0.0 -45.6     39798450   0   1700      1000450
    39  0 1  95.27 10027.00 2   0.0 -45.0     40798750   0   1700      1000300
    40  0 1  94.22 10025.50 2   0.0 -44.4     41798300   0   2000       999550
    41  0 1  94.22 10027.00 2   0.0 -43.4     43788300   0   1850      1990000
    42  0 1  94.22 10025.50 2   0.0 -43.1     44778400   0   1800       990100
    43  0 1  94.92 10027.00 2   0.0 -42.5     45768650   0   2000       990250
    44  0 1  94.92 10027.00 2   0.0 -42.2     46758650   0   2000       990000
    45  0 1  95.27 10025.50 2   0.0 -41.6     47748150   0   1700       989500
    46  0 1  95.27 10027.00 2   0.0 -41.3     48728500   0   2000       980350
    47  0 1  94.22 10027.00 2   0.0 -40.9     49708250   0   1900       979750
    48  0 1  95.27 10027.00 2   0.0 -40.3     50688500   0   1950       980250
    49  0 1  94.57 10027.00 2   0.0 -40.0     51668450   0   1700       979950
    50  0 1  94.22 10027.00 2   0.0 -39.1     53619250   0   1700      1950800
    51  0 1  95.27 10027.00 2   0.0 -38.8     54589700   0   1650       970450
    52  0 1  94.92 10027.00 2   0.0 -38.4     55559450   0   1850       969750
    53  0 1  94.57 10027.00 2   0.0 -38.1     56529100   0   2100       969650
    54  0 1  94.57 10027.00 2   0.0 -37.5     57499550   0   1800       970450
    55  0 1  94.22 10025.50 2   0.0 -37.2     58459350   0   1900       959800
    56  0 1  94.57 10027.00 2   0.0 -36.9     59419300   0   1750       959950
    57  0 1  94.92 10025.50 2   0.0 -36.6     60379100   0   1950       959800
    58  0 1  95.62 10027.00 2   0.0 -36.3     61339000   0   2000       959900
    59  0 1  95.27 10027.00 2   0.0 -35.6     63249600   0   2100      1910600
    60  0 1  94.92 10025.50 2   0.0 -35.3     64199200   0   1750       949600
    61  0 1  94.57 10027.00 2   0.0 -35.0     65148850   0   2100       949650
    62  0 1  95.27 10027.00 2   0.0 -34.7     66098750   0   1850       949900
    63  0 1  94.22 10027.00 2   0.0 -34.4     67049050   0   2000       950300
    64  0 1  94.57 10025.50 2   0.0 -34.1     67989150   0   1650       940100
    65  0 1  94.92 10027.00 2   0.0 -33.8     68929250   0   1900       940100
    66  0 1  94.92 10027.00 2   0.0 -33.4     69869200   0   1950       939950
    67  0 1  95.62 10027.00 2   0.0 -33.4     70809600   0   1750       940400
    68  0 1  95.62 10027.00 2   0.0 -32.8     72680100   0   1900      1870500
    69  0 1  94.92 10025.50 2   0.0 -32.5     73610050   0   1800       929950
    70  0 1  95.27 10025.50 2   0.0 -32.5     74540500   0   1850       930450
    71  0 1  94.92 10025.50 2   0.0 -32.2     75470700   0   1700       930200
    72  0 1  95.27 10025.50 2   0.0 -31.9     76400500   0   1900       929800
    73  0 1  95.62 10027.00 2   0.0 -31.9     77320100   0   1650       919600
    74  0 1  94.57 10027.00 2   0.0 -31.6     78240500   0   1950       920400
    75  0 1  95.62 10027.00 2   0.0 -31.6     79160250   0   1650       919750
    76  0 1  94.57 10027.00 2   0.0 -31.3     80080350   0   1800       920100
    77  0 1  95.27 10027.00 2   0.0 -30.9     81910500   0   1900      1830150
    78  0 1  95.27 10027.00 2   0.0 -30.9     82820500   0   1950       910000
    79  0 1  94.22 10027.00 2   0.0 -30.6     83730450   0   1700       909950
    80  0 1  94.22 10027.00 2   0.0 -30.6     84640850   0   1950       910400
    81  0 1  94.57 10025.50 2   0.0 -30.6     85550850   0   2100       910000
    82  0 1  94.22 10027.00 2   0.0 -30.3     86551250   0   1750      1000400
    83  0 1  95.62 10027.00 2   0.0 -30.3     87551600   0   1700      1000350
    84  0 1  95.62 10025.50 2   0.0 -30.3     88551450   0   1800       999850
    85  0 1  94.22 10025.50 2   0.0 -30.3     89551800   0   1750      1000350
    86  0 1  94.57 10027.00 2   0.0 -30.0     91541200   0   1750      1989400
    87  0 1  94.57 10027.00 2   0.0 -30.0     92530950   0   1750       989750
    88  0 1  94.92 10027.00 2   0.0 -30.0     93521150   0   1800       990200
    89  0 1  94.57 10025.50 2   0.0 -30.0     94511250   0   1650       990100
