    NO  S V  AOA    FREQ    B  FMOP  AMP      TOA      PMOP  PW         dTOA  
------ -- - ------ -------- - ----- ----- ------------ --- ------ ------------
     0  0 1   9.84  5231.25 1   0.0 -70.0            0   0   1950  42949673000
     1  0 1   9.84  5238.75 1   0.0 -65.9       520400   0   2000       520400
     2  0 1   9.84  5251.25 1   0.0 -61.6      1039050   0   2000       518650
     3  0 1   9.84  5246.25 1   0.0 -57.5      1582800   0   1950       543750
     4  0 1   9.84  5238.75 1   0.0 -53.8      2054200   0   2000       471400
     5  0 1   9.84  5268.75 1   0.0 -50.0      2536100   0   2000       481900
     6  0 1   9.84  5258.75 1   0.0 -46.6      3002050   0   1950       465950
     7  0 1   9.84  5265.00 1   0.0 -43.1      3453100   0   2000       451050
     8  0 1   9.84  5235.00 1   0.0 -37.5      4495950   0   2000      1042850
     9  0 1   9.84  5245.00 1   0.0 -35.3      5031150   0   1950       535200
    10  0 1   9.84  5260.00 1   0.0 -33.4      5520400   0   2000       489250
    11  0 1   9.84  5241.25 1   0.0 -31.9      6045300   0   1950       524900
    12  0 1   9.84  5250.00 1   0.0 -30.9      6582450   0   1950       537150
    13  0 1   9.84  5253.75 1   0.0 -30.3      7056100   0   1950       473650
    14  0 1   9.84  5242.50 1   0.0 -30.0      7507150   0   2000       451050
    15  0 1   9.84  5245.00 1   0.0 -30.3      7991000   0   1950       483850
    16  0 1   9.84  5238.75 1   0.0 -30.9      8467300   0   1950       476300
    17  0 1   9.84  5268.75 1   0.0 -33.4      9428300   0   1950       961000
    18  0 1   9.84  5245.00 1   0.0 -35.3      9897050   0   1950       468750
    19  0 1   9.84  5231.25 1   0.0 -37.5     10373850   0   1950       476800
    20  0 1   9.84  5250.00 1   0.0 -40.3     10865650   0   1950       491800
    21  0 1   9.84  5252.50 1   0.0 -43.1     11377600   0   2000       511950
    22  0 1   9.84  5231.25 1   0.0 -46.6     11851150   0   1950       473550
    23  0 1   9.84  5267.50 1   0.0 -50.0     12329950   0   1950       478800
    24  0 1   9.84  5241.25 1   0.0 -53.8     12784800   0   1950       454850
    25  0 1   9.84  5232.50 1   0.0 -57.5     13263000   0   2000       478200
    26  0 1   9.84  5241.25 1   0.0 -65.9     14298050   0   1950      1035050
