    NO  S V  AOA    FREQ    B  FMOP  AMP      TOA      PMOP  PW         dTOA  
------ -- - ------ -------- - ----- ----- ------------ --- ------ ------------
     0  0 1   9.84  5256.25 1   0.0 -70.0            0   0   2000  42949673000
     1  0 1   9.84  5266.25 1   0.0 -65.9       450950   0   2000       450950
     2  0 1   9.84  5255.00 1   0.0 -61.6       963650   0   1950       512700
     3  0 1   9.84  5265.00 1   0.0 -57.5      1441200   0   2000       477550
     4  0 1   9.84  5235.00 1   0.0 -53.8      1917500   0   2000       476300
     5  0 1   9.84  5251.25 1   0.0 -50.0      2422600   0   1950       505100
     6  0 1   9.84  5236.25 1   0.0 -46.6      2892850   0   2000       470250
     7  0 1   9.84  5256.25 1   0.0 -43.1      3381800   0   2000       488950
     8  0 1   9.84  5241.25 1   0.0 -40.3      3869000   0   1950       487200
     9  0 1   9.84  5233.75 1   0.0 -35.3      4857050   0   1950       988050
    10  0 1   9.84  5231.25 1   0.0 -33.4      5363400   0   2000       506350
    11  0 1   9.84  5265.00 1   0.0 -31.9      5843800   0   2000       480400
    12  0 1   9.84  5230.00 1   0.0 -30.9      6337700   0   1950       493900
    13  0 1   9.84  5235.00 1   0.0 -30.3      6851600   0   2000       513900
    14  0 1   9.84  5235.00 1   0.0 -30.0      7331600   0   1950       480000
    15  0 1   9.84  5251.25 1   0.0 -30.3      7874500   0   1950       542900
    16  0 1   9.84  5236.25 1   0.0 -30.9      8378800   0   2000       504300
    17  0 1   9.84  5270.00 1   0.0 -31.9      8857700   0   2000       478900
    18  0 1   9.84  5265.00 1   0.0 -35.3      9808600   0   2000       950900
    19  0 1   9.84  5247.50 1   0.0 -37.5     10314300   0   1950       505700
    20  0 1   9.84  5255.00 1   0.0 -40.3     10839100   0   1950       524800
    21  0 1   9.84  5245.00 1   0.0 -43.1     11362100   0   2000       523000
    22  0 1   9.84  5240.00 1   0.0 -46.6     11907200   0   2000       545100
    23  0 1   9.84  5245.00 1   0.0 -50.0     12393450   0   2000       486250
    24  0 1   9.84  5258.75 1   0.0 -53.8     12874550   0   1950       481100
    25  0 1   9.84  5257.50 1   0.0 -57.5     13349350   0   1950       474800
    26  0 1   9.84  5235.00 1   0.0 -61.6     13805700   0   2000       456350
