    NO  S V  AOA    FREQ    B  FMOP  AMP      TOA      PMOP  PW         dTOA  
------ -- - ------ -------- - ----- ----- ------------ --- ------ ------------
     0  0 1   9.84  5260.00 1   0.0 -70.0            0   0   1950  42949673000
     1  0 1   9.84  5260.00 1   0.0 -65.9       546450   0   2000       546450
     2  0 1   9.84  5231.25 1   0.0 -57.5      1606150   0   1950      1059700
     3  0 1   9.84  5267.50 1   0.0 -53.8      2080350   0   1950       474200
     4  0 1   9.84  5247.50 1   0.0 -50.0      2598650   0   1950       518300
     5  0 1   9.84  5267.50 1   0.0 -46.6      3068450   0   2000       469800
     6  0 1   9.84  5231.25 1   0.0 -43.1      3544000   0   1950       475550
     7  0 1   9.84  5233.75 1   0.0 -40.3      3995900   0   2000       451900
     8  0 1   9.84  5233.75 1   0.0 -37.5      4480750   0   1950       484850
     9  0 1   9.84  5232.50 1   0.0 -35.3      4988300   0   1950       507550
    10  0 1   9.84  5231.25 1   0.0 -33.4      5513750   0   2000       525450
    11  0 1   9.84  5246.25 1   0.0 -30.9      6515650   0   1950      1001900
    12  0 1   9.84  5242.50 1   0.0 -30.3      7022150   0   1950       506500
    13  0 1   9.84  5266.25 1   0.0 -30.0      7501050   0   2000       478900
    14  0 1   9.84  5235.00 1   0.0 -30.3      7976250   0   1950       475200
    15  0 1   9.84  5235.00 1   0.0 -30.9      8496850   0   1950       520600
    16  0 1   9.84  5230.00 1   0.0 -31.9      9023500   0   1950       526650
    17  0 1   9.84  5235.00 1   0.0 -33.4      9564250   0   2000       540750
    18  0 1   9.84  5252.50 1   0.0 -35.3     10022600   0   1950       458350
    19  0 1   9.84  5235.00 1   0.0 -37.5     10508650   0   2000       486050
    20  0 1   9.84  5246.25 1   0.0 -43.1     11517950   0   2000      1009300
    21  0 1   9.84  5242.50 1   0.0 -46.6     12034850   0   1950       516900
    22  0 1   9.84  5230.00 1   0.0 -50.0     12548450   0   2000       513600
    23  0 1   9.84  5247.50 1   0.0 -53.8     13018450   0   1950       470000
    24  0 1   9.84  5245.00 1   0.0 -57.5     13475550   0   1950       457100
    25  0 1   9.84  5256.25 1   0.0 -61.6     13965750   0   2000       490200
    26  0 1   9.84  5230.00 1   0.0 -65.9     14503300   0   2000       537550
