    NO  S V  AOA    FREQ    B  FMOP  AMP      TOA      PMOP  PW         dTOA  
------ -- - ------ -------- - ----- ----- ------------ --- ------ ------------
     0  0 1   9.84  5260.00 1   0.0 -70.0            0   0   2000  42949673000
     1  0 1   9.84  5255.00 1   0.0 -65.9       495850   0   1950       495850
     2  0 1   9.84  5262.50 1   0.0 -61.6      1010450   0   2000       514600
     3  0 1   9.84  5257.50 1   0.0 -57.5      1538800   0   1950       528350
     4  0 1   9.84  5230.00 1   0.0 -53.8      2016750   0   1950       477950
     5  0 1   9.84  5240.00 1   0.0 -50.0      2546550   0   2000       529800
     6  0 1   9.84  5233.75 1   0.0 -43.1      3570250   0   1950      1023700
     7  0 1   9.84  5261.25 1   0.0 -40.3      4054200   0   2000       483950
     8  0 1   9.84  5242.50 1   0.0 -37.5      4521550   0   2000       467350
     9  0 1   9.84  5261.25 1   0.0 -35.3      5049050   0   1950       527500
    10  0 1   9.84  5261.25 1   0.0 -33.4      5562350   0   2000       513300
    11  0 1   9.84  5255.00 1   0.0 -31.9      6028350   0   1950       466000
    12  0 1   9.84  5252.50 1   0.0 -30.9      6523900   0   1950       495550
    13  0 1   9.84  5268.75 1   0.0 -30.3      7041650   0   1950       517750
    14  0 1   9.84  5262.50 1   0.0 -30.0      7559850   0   1950       518200
    15  0 1   9.84  5247.50 1   0.0 -30.9      8560050   0   2000      1000200
    16  0 1   9.84  5265.00 1   0.0 -31.9      9095500   0   2000       535450
    17  0 1   9.84  5266.25 1   0.0 -33.4      9616100   0   1950       520600
    18  0 1   9.84  5241.25 1   0.0 -35.3     10162900   0   1950       546800
    19  0 1   9.84  5267.50 1   0.0 -37.5     10649650   0   2000       486750
    20  0 1   9.84  5255.00 1   0.0 -40.3     11100600   0   1950       450950
    21  0 1   9.84  5247.50 1   0.0 -43.1     11606950   0   1950       506350
    22  0 1   9.84  5236.25 1   0.0 -46.6     12152100   0   1950       545150
    23  0 1   9.84  5250.00 1   0.0 -50.0     12635050   0   2000       482950
    24  0 1   9.84  5238.75 1   0.0 -57.5     13624350   0   1950       989300
    25  0 1   9.84  5256.25 1   0.0 -61.6     14115300   0   2000       490950
    26  0 1   9.84  5235.00 1   0.0 -65.9     14645800   0   2000       530500
