    NO  S V  AOA    FREQ    B  FMOP  AMP      TOA      PMOP  PW         dTOA  
------ -- - ------ -------- - ----- ----- ------------ --- ------ ------------
     0  0 1   9.84  5250.00 1   0.0 -70.0            0   0   2000  42949673000
     1  0 1   9.84  5231.25 1   0.0 -65.9       534450   0   1950       534450
     2  0 1   9.84  5251.25 1   0.0 -61.6      1083800   0   2000       549350
     3  0 1   9.84  5250.00 1   0.0 -53.8      2114050   0   1950      1030250
     4  0 1   9.84  5270.00 1   0.0 -50.0      2593500   0   2000       479450
     5  0 1   9.84  5235.00 1   0.0 -46.6      3099150   0   1950       505650
     6  0 1   9.84  5228.75 1   0.0 -43.1      3625150   0   1950       526000
     7  0 1   9.84  5257.50 1   0.0 -40.3      4095000   0   1950       469850
     8  0 1   9.84  5265.00 1   0.0 -37.5      4598250   0   2000       503250
     9  0 1   9.84  5233.75 1   0.0 -35.3      5075550   0   2000       477300
    10  0 1   9.84  5261.25 1   0.0 -33.4      5525450   0   1950       449900
    11  0 1   9.84  5243.75 1   0.0 -31.9      6011250   0   1950       485800
    12  0 1   9.84  5252.50 1   0.0 -30.3      6922500   0   1950       911250
    13  0 1   9.84  5263.75 1   0.0 -30.0      7373500   0   2000       451000
    14  0 1   9.84  5261.25 1   0.0 -30.3      7913200   0   2000       539700
    15  0 1   9.84  5255.00 1   0.0 -30.9      8441250   0   2000       528050
    16  0 1   9.84  5268.75 1   0.0 -31.9      8935150   0   2000       493900
    17  0 1   9.84  5246.25 1   0.0 -33.4      9453700   0   1950       518550
    18  0 1   9.84  5256.25 1   0.0 -35.3      9922450   0   1950       468750
    19  0 1   9.84  5251.25 1   0.0 -37.5     10374850   0   1950       452400
    20  0 1   9.84  5265.00 1   0.0 -40.3     10836050   0   1950       461200
    21  0 1   9.84  5265.00 1   0.0 -46.6     11835400   0   1950       999350
    22  0 1   9.84  5251.25 1   0.0 -50.0     12325900   0   2000       490500
    23  0 1   9.84  5250.00 1   0.0 -53.8     12826650   0   2000       500750
    24  0 1   9.84  5240.00 1   0.0 -57.5     13312000   0   1950       485350
    25  0 1   9.84  5230.00 1   0.0 -61.6     13807150   0   2000       495150
    26  0 1   9.84  5260.00 1   0.0 -65.9     14288800   0   1950       481650
