    NO  S V  AOA    FREQ    B  FMOP  AMP      TOA      PMOP  PW         dTOA  
------ -- - ------ -------- - ----- ----- ------------ --- ------ ------------
     0  0 1  94.92 10084.00 2   0.0 -70.0            0   0   1550  42949673000
     1  0 1  95.27 10054.00 2   0.0 -67.5      1093000   0   1300      1093000
     2  0 1  95.27 10081.00 2   0.0 -65.0      2244600   0   1600      1151600
     3  0 1  94.57 10091.50 2   0.0 -62.5      3243750   0   1650       999150
     4  0 1  95.62  9955.00 2   0.0 -57.5      5357350   0   1300      2113600
     5  0 1  95.27 10015.00 2   0.0 -55.3      6175050   0   1550       817700
     6  0 1  94.57  9904.00 2   0.0 -53.1      7321000   0   1250      1145950
     7  0 1  94.92 10055.50 2   0.0 -50.6      8181800   0   1450       860800
     8  0 1  95.27 10093.00 2   0.0 -48.4      9021850   0   1250       840050
     9  0 1  95.62 10057.00 2   0.0 -46.6      9938350   0   1350       916500
    10  0 1  94.22 10057.00 2   0.0 -44.4     11112350   0   1350      1174000
    11  0 1  94.57  9973.00 2   0.0 -42.5     12127550   0   1500      1015200
    12  0 1  94.92 10079.50 2   0.0 -40.9     13268000   0   1350      1140450
    13  0 1  94.92  9953.50 2   0.0 -37.5     15460300   0   1350      2192300
    14  0 1  94.57  9982.00 2   0.0 -36.3     16437450   0   1500       977150
    15  0 1  94.57  9986.50 2   0.0 -35.0     17384050   0   1450       946600
    16  0 1  94.22  9904.00 2   0.0 -33.8     18472300   0   1300      1088250
    17  0 1  95.27 10055.50 2   0.0 -32.8     19545050   0   1450      1072750
    18  0 1  95.62 10039.00 2   0.0 -31.9     20565900   0   1650      1020850
    19  0 1  95.62  9997.00 2   0.0 -31.3     21635850   0   1350      1069950
    20  0 1  94.92 10088.50 2   0.0 -30.6     22446350   0   1600       810500
    21  0 1  94.92  9940.00 2   0.0 -30.3     23484400   0   1250      1038050
    22  0 1  94.22  9982.00 2   0.0 -30.0     25516600   0   1600      2032200
    23  0 1  94.57  9949.00 2   0.0 -30.0     26348450   0   1400       831850
    24  0 1  95.27 10000.00 2   0.0 -30.3     27516500   0   1550      1168050
    25  0 1  95.27 10084.00 2   0.0 -30.6     28578600   0   1300      1062100
    26  0 1  94.57 10004.50 2   0.0 -31.3     29526150   0   1450       947550
    27  0 1  94.92  9925.00 2   0.0 -31.9     30558600   0   1350      1032450
    28  0 1  95.27 10094.50 2   0.0 -32.8     31686750   0   1350      1128150
    29  0 1  95.62  9940.00 2   0.0 -33.8     32658000   0   1350       971250
    30  0 1  95.27  9917.50 2   0.0 -35.0     33539150   0   1500       881150
    31  0 1  94.22 10061.50 2   0.0 -37.5     35425300   0   1700      1886150
    32  0 1  95.62  9938.50 2   0.0 -39.1     36482550   0   1300      1057250
    33  0 1  94.57  9977.50 2   0.0 -40.9     37550550   0   1550      1068000
    34  0 1  95.27 10066.00 2   0.0 -42.5     38517450   0   1500       966900
    35  0 1  94.22  9967.00 2   0.0 -44.4     39476600   0   1500       959150
    36  0 1  94.92  9977.50 2   0.0 -46.6     40322750   0   1600       846150
    37  0 1  95.62 10088.50 2   0.0 -48.4     41139400   0   1300       816650
    38  0 1  94.57 10012.00 2   0.0 -50.6     41950550   0   1650       811150
    39  0 1  95.27 10021.00 2   0.0 -53.1     43107500   0   1550      1156950
    40  0 1  94.92  9998.50 2   0.0 -57.5     45198650   0   1300      2091150
    41  0 1  95.62  9986.50 2   0.0 -60.0     46200350   0   1550      1001700
    42  0 1  95.62 10061.50 2   0.0 -62.5     47155750   0   1250       955400
    43  0 1  94.57  9989.50 2   0.0 -65.0     48317700   0   1300      1161950
    44  0 1  95.27 10051.00 2   0.0 -67.5     49123750   0   1450       806050
