    NO  S V  AOA    FREQ    B  FMOP  AMP      TOA      PMOP  PW         dTOA  
------ -- - ------ -------- - ----- ----- ------------ --- ------ ------------
     0  0 1  94.57 10013.50 2   0.0 -70.0            0   0   1550  42949673000
     1  0 1  95.62  9982.00 2   0.0 -67.5       912950   0   1350       912950
     2  0 1  95.62  9941.50 2   0.0 -65.0      1718250   0   1650       805300
     3  0 1  95.27 10016.50 2   0.0 -60.0      3536950   0   1550      1818700
     4  0 1  94.57 10048.00 2   0.0 -57.5      4731100   0   1250      1194150
     5  0 1  95.27  9979.00 2   0.0 -55.3      5691900   0   1300       960800
     6  0 1  94.57  9950.50 2   0.0 -53.1      6542800   0   1300       850900
     7  0 1  95.62 10030.00 2   0.0 -50.6      7629850   0   1450      1087050
     8  0 1  94.92 10063.00 2   0.0 -48.4      8809800   0   1450      1179950
     9  0 1  95.62 10033.00 2   0.0 -46.6      9954050   0   1250      1144250
    10  0 1  94.92 10033.00 2   0.0 -44.4     10933200   0   1700       979150
    11  0 1  94.92 10051.00 2   0.0 -42.5     11901300   0   1350       968100
    12  0 1  94.22  9988.00 2   0.0 -39.1     13560350   0   1300      1659050
    13  0 1  95.27  9997.00 2   0.0 -37.5     14377950   0   1250       817600
    14  0 1  94.57 10037.50 2   0.0 -36.3     15535150   0   1250      1157200
    15  0 1  95.27 10007.50 2   0.0 -35.0     16486500   0   1600       951350
    16  0 1  95.62 10036.00 2   0.0 -33.8     17567150   0   1600      1080650
    17  0 1  95.62  9940.00 2   0.0 -32.8     18653000   0   1550      1085850
    18  0 1  94.22 10096.00 2   0.0 -31.9     19526550   0   1500       873550
    19  0 1  94.22 10093.00 2   0.0 -31.3     20437500   0   1550       910950
    20  0 1  95.27 10006.00 2   0.0 -30.6     21441850   0   1250      1004350
    21  0 1  94.57 10027.00 2   0.0 -30.0     23403100   0   1450      1961250
    22  0 1  94.92 10094.50 2   0.0 -30.0     24268100   0   1350       865000
    23  0 1  94.57  9971.50 2   0.0 -30.0     25160800   0   1700       892700
    24  0 1  95.27 10036.00 2   0.0 -30.3     26313700   0   1500      1152900
    25  0 1  95.27 10063.00 2   0.0 -30.6     27245050   0   1600       931350
    26  0 1  95.62 10009.00 2   0.0 -31.3     28145950   0   1650       900900
    27  0 1  95.27  9977.50 2   0.0 -31.9     29038700   0   1350       892750
    28  0 1  95.62 10036.00 2   0.0 -32.8     29978300   0   1500       939600
    29  0 1  94.22  9979.00 2   0.0 -33.8     30895200   0   1400       916900
    30  0 1  94.92 10018.00 2   0.0 -36.3     32691450   0   1450      1796250
    31  0 1  94.22  9911.50 2   0.0 -37.5     33599450   0   1350       908000
    32  0 1  94.22 10093.00 2   0.0 -39.1     34409150   0   1350       809700
    33  0 1  95.27 10067.50 2   0.0 -40.9     35225550   0   1500       816400
    34  0 1  95.27 10025.50 2   0.0 -42.5     36397500   0   1450      1171950
    35  0 1  94.22  9907.00 2   0.0 -44.4     37522350   0   1350      1124850
    36  0 1  94.57  9985.00 2   0.0 -46.6     38574250   0   1350      1051900
    37  0 1  94.22  9910.00 2   0.0 -48.4     39389300   0   1400       815050
    38  0 1  94.57 10072.00 2   0.0 -50.6     40234750   0   1550       845450
    39  0 1  94.92 10064.50 2   0.0 -55.3     42241400   0   1300      2006650
    40  0 1  95.27 10073.50 2   0.0 -57.5     43328950   0   1300      1087550
    41  0 1  94.57 10049.50 2   0.0 -60.0     44409350   0   1350      1080400
    42  0 1  95.62 10031.50 2   0.0 -62.5     45358600   0   1350       949250
    43  0 1  95.62 10096.00 2   0.0 -65.0     46474150   0   1250      1115550
    44  0 1  94.22 10060.00 2   0.0 -67.5     47274800   0   1500       800650
