    NO  S V  AOA    FREQ    B  FMOP  AMP      TOA      PMOP  PW         dTOA  
------ -- - ------ -------- - ----- ----- ------------ --- ------ ------------
     0  0 1  94.22 10024.00 2   0.0 -70.0            0   0   1700  42949673000
     1  0 1  94.22 10022.50 2   0.0 -69.4      1000450   0   1850      1000450
     2  0 1  94.57 10022.50 2   0.0 -68.8      2000300   0   2000       999850
     3  0 1  94.57 10024.00 2   0.0 -68.1      3000500   0   1950      1000200
     4  0 1  95.27 10022.50 2   0.0 -66.9      5000100   0   1900      1999600
     5  0 1  95.62 10022.50 2   0.0 -66.3      5999950   0   1650       999850
     6  0 1  94.22 10022.50 2   0.0 -65.6      7000150   0   1850      1000200
     7  0 1  95.27 10024.00 2   0.0 -65.0      7999750   0   1550       999600
     8  0 1  94.92 10024.00 2   0.0 -64.4      8999450   0   1950       999700
     9  0 1  94.22 10024.00 2   0.0 -63.8      9999350   0   1850       999900
    10  0 1  94.22 10024.00 2   0.0 -63.1     11009500   0   2000      1010150
    11  0 1  94.57 10024.00 2   0.0 -62.5     12019250   0   2000      1009750
    12  0 1  94.57 10022.50 2   0.0 -61.9     13029700   0   2000      1010450
    13  0 1  94.57 10024.00 2   0.0 -60.6     15050500   0   1800      2020800
    14  0 1  95.27 10022.50 2   0.0 -60.0     16060250   0   1650      1009750
    15  0 1  94.92 10024.00 2   0.0 -59.4     17070200   0   1650      1009950
    16  0 1  94.22 10024.00 2   0.0 -58.8     18080550   0   1850      1010350
    17  0 1  94.92 10024.00 2   0.0 -58.1     19090950   0   1750      1010400
    18  0 1  94.22 10022.50 2   0.0 -57.5     20101100   0   1850      1010150
    19  0 1  95.27 10022.50 2   0.0 -57.2     21120800   0   1650      1019700
    20  0 1  95.27 10024.00 2   0.0 -56.6     22140300   0   1750      1019500
    21  0 1  94.92 10022.50 2   0.0 -55.9     23160050   0   1950      1019750
    22  0 1  95.62 10024.00 2   0.0 -54.7     25200600   0   1850      2040550
    23  0 1  94.92 10022.50 2   0.0 -54.1     26220250   0   1950      1019650
    24  0 1  94.22 10022.50 2   0.0 -53.4     27240300   0   1900      1020050
    25  0 1  94.22 10024.00 2   0.0 -53.1     28260750   0   1550      1020450
    26  0 1  94.22 10024.00 2   0.0 -52.5     29280650   0   2000      1019900
    27  0 1  95.27 10022.50 2   0.0 -51.9     30301100   0   1700      1020450
    28  0 1  95.27 10024.00 2   0.0 -51.3     31331250   0   1700      1030150
    29  0 1  94.57 10024.00 2   0.0 -50.6     32360900   0   2000      1029650
    30  0 1  94.92 10024.00 2   0.0 -50.3     33390950   0   1750      1030050
    31  0 1  94.22 10022.50 2   0.0 -49.1     35450500   0   1900      2059550
    32  0 1  95.62 10022.50 2   0.0 -48.4     36480350   0   2000      1029850
    33  0 1  95.62 10022.50 2   0.0 -48.1     37510250   0   1950      1029900
    34  0 1  94.22 10024.00 2   0.0 -47.5     38540250   0   1900      1030000
    35  0 1  94.92 10024.00 2   0.0 -46.9     39570400   0   1650      1030150
    36  0 1  95.62 10022.50 2   0.0 -46.6     40600600   0   1600      1030200
    37  0 1  95.62 10024.00 2   0.0 -45.9     41600600   0   1900      1000000
    38  0 1  95.62 10024.00 2   0.0 -45.6     42600850   0   1700      1000250
    39  0 1  95.27 10022.50 2   0.0 -45.0     43601100   0   1800      1000250
    40  0 1  95.62 10024.00 2   0.0 -44.1     45601750   0   1650      2000650
    41  0 1  95.27 10024.00 2   0.0 -43.4     46601300   0   1800       999550
    42  0 1  95.27 10022.50 2   0.0 -43.1     47601200   0   1900       999900
    43  0 1  95.27 10024.00 2   0.0 -42.5     48601250   0   1750      1000050
    44  0 1  94.57 10022.50 2   0.0 -42.2     49601100   0   1800       999850
    45  0 1  94.57 10024.00 2   0.0 -41.6     50600700   0   1800       999600
    46  0 1  95.62 10024.00 2   0.0 -41.3     51610250   0   1950      1009550
    47  0 1  94.92 10022.50 2   0.0 -40.9     52620450   0   1550      1010200
    48  0 1  95.62 10022.50 2   0.0 -40.3     53630400   0   1600      1009950
    49  0 1  94.22 10022.50 2   0.0 -39.7     55650800   0   1600      2020400
    50  0 1  94.22 10024.00 2   0.0 -39.1     56660400   0   1550      1009600
    51  0 1  94.92 10022.50 2   0.0 -38.8     57670700   0   1950      1010300
    52  0 1  94.92 10022.50 2   0.0 -38.4     58680850   0   1800      1010150
    53  0 1  94.57 10024.00 2   0.0 -38.1     59690550   0   1600      1009700
    54  0 1  94.22 10024.00 2   0.0 -37.5     60700750   0   1700      1010200
    55  0 1  95.27 10024.00 2   0.0 -37.2     61720400   0   1900      1019650
    56  0 1  95.27 10024.00 2   0.0 -36.9     62740550   0   1700      1020150
    57  0 1  94.57 10024.00 2   0.0 -36.6     63760250   0   1550      1019700
    58  0 1  94.92 10024.00 2   0.0 -35.9     65800050   0   1550      2039800
    59  0 1  94.92 10022.50 2   0.0 -35.6     66819950   0   1600      1019900
    60  0 1  95.27 10022.50 2   0.0 -35.3     67840250   0   1850      1020300
    61  0 1  94.57 10024.00 2   0.0 -35.0     68859900   0   1550      1019650
    62  0 1  95.27 10024.00 2   0.0 -34.7     69879400   0   1950      1019500
    63  0 1  94.57 10024.00 2   0.0 -34.4     70899200   0   1650      1019800
    64  0 1  94.57 10024.00 2   0.0 -34.1     71929000   0   2000      1029800
    65  0 1  94.22 10022.50 2   0.0 -33.8     72959450   0   1600      1030450
    66  0 1  94.92 10024.00 2   0.0 -33.4     73989750   0   1950      1030300
    67  0 1  94.22 10024.00 2   0.0 -33.1     76049600   0   1650      2059850
    68  0 1  94.22 10024.00 2   0.0 -32.8     77079250   0   1550      1029650
    69  0 1  95.62 10022.50 2   0.0 -32.5     78109550   0   1700      1030300
    70  0 1  95.62 10022.50 2   0.0 -32.5     79139350   0   2000      1029800
    71  0 1  94.92 10024.00 2   0.0 -32.2     80169500   0   1750      1030150
    72  0 1  95.27 10024.00 2   0.0 -31.9     81199850   0   1800      1030350
    73  0 1  94.92 10022.50 2   0.0 -31.9     82200100   0   1800      1000250
    74  0 1  95.27 10024.00 2   0.0 -31.6     83200150   0   1700      1000050
    75  0 1  94.92 10024.00 2   0.0 -31.6     84199900   0   1650       999750
    76  0 1  94.22 10024.00 2   0.0 -31.3     86200300   0   1800      2000400
    77  0 1  94.57 10022.50 2   0.0 -30.9     87200550   0   1550      1000250
    78  0 1  95.27 10022.50 2   0.0 -30.9     88200150   0   1600       999600
    79  0 1  94.57 10024.00 2   0.0 -30.6     89200300   0   1600      1000150
    80  0 1  95.27 10024.00 2   0.0 -30.6     90200450   0   2000      1000150
    81  0 1  94.57 10024.00 2   0.0 -30.6     91200300   0   1800       999850
    82  0 1  94.22 10024.00 2   0.0 -30.3     92210250   0   1600      1009950
    83  0 1  94.92 10024.00 2   0.0 -30.3     93220450   0   1600      1010200
    84  0 1  94.92 10024.00 2   0.0 -30.3     94230250   0   1650      1009800
    85  0 1  95.27 10024.00 2   0.0 -30.0     96250450   0   1750      2020200
    86  0 1  94.22 10024.00 2   0.0 -30.0     97260150   0   1900      1009700
    87  0 1  95.62 10024.00 2   0.0 -30.0     98270400   0   1650      1010250
    88  0 1  95.27 10024.00 2   0.0 -30.0     99280500   0   1750      1010100
    89  0 1  94.22 10024.00 2   0.0 -30.0    100290700   0   1800      1010200
