    NO  S V  AOA    FREQ    B  FMOP  AMP      TOA      PMOP  PW         dTOA  
------ -- - ------ -------- - ----- ----- ------------ --- ------ ------------
     0  0 1  95.27 10000.00 2   0.0 -70.0            0   0   1400  42949673000
     1  0 1  94.57 10009.00 2   0.0 -69.4      1029900   0   1500      1029900
     2  0 1  94.22 10021.00 2   0.0 -68.8      2039700   0   1350      1009800
     3  0 1  94.92 10030.00 2   0.0 -68.1      3009800   0   1050       970100
     4  0 1  95.62 10039.00 2   0.0 -67.5      3989950   0   1400       980150
     5  0 1  94.92 10049.50 2   0.0 -66.9      4989700   0   1150       999750
     6  0 1  94.92 10063.00 2   0.0 -65.6      7019250   0   1300      2029550
     7  0 1  94.57 10069.00 2   0.0 -65.0      8009150   0   1150       989900
     8  0 1  95.62 10073.50 2   0.0 -64.4      9038650   0   1350      1029500
     9  0 1  94.57 10076.50 2   0.0 -63.8     10048500   0   1200      1009850
    10  0 1  94.57 10078.00 2   0.0 -63.1     11018350   0   1200       969850
    11  0 1  94.92 10078.00 2   0.0 -62.5     11998050   0   1350       979700
    12  0 1  95.27 10078.00 2   0.0 -61.9     12997750   0   1100       999700
    13  0 1  95.62 10076.50 2   0.0 -61.3     14007550   0   1050      1009800
    14  0 1  95.62 10072.00 2   0.0 -60.6     15027300   0   1050      1019750
    15  0 1  94.22 10060.00 2   0.0 -59.4     17047050   0   1400      2019750
    16  0 1  94.22 10054.00 2   0.0 -58.8     18056600   0   1250      1009550
    17  0 1  94.92 10043.50 2   0.0 -58.1     19026950   0   1250       970350
    18  0 1  95.62 10034.50 2   0.0 -57.5     20007150   0   1450       980200
    19  0 1  94.57 10025.50 2   0.0 -57.2     21006800   0   1050       999650
    20  0 1  95.62 10015.00 2   0.0 -56.6     22016750   0   1250      1009950
    21  0 1  94.22 10004.50 2   0.0 -55.9     23036400   0   1050      1019650
    22  0 1  95.62  9994.00 2   0.0 -55.3     24026600   0   1450       990200
    23  0 1  94.22  9982.00 2   0.0 -54.7     25056300   0   1150      1029700
    24  0 1  94.22  9962.50 2   0.0 -53.4     27035350   0   1400      1979050
    25  0 1  95.27  9955.00 2   0.0 -53.1     28014850   0   1050       979500
    26  0 1  95.27  9946.00 2   0.0 -52.5     29014650   0   1150       999800
    27  0 1  94.92  9937.00 2   0.0 -51.9     30024550   0   1500      1009900
    28  0 1  94.57  9931.00 2   0.0 -51.3     31044350   0   1100      1019800
    29  0 1  94.22  9928.00 2   0.0 -50.6     32033850   0   1450       989500
    30  0 1  95.27  9923.50 2   0.0 -50.3     33063800   0   1050      1029950
    31  0 1  94.57  9919.00 2   0.0 -49.7     34073800   0   1200      1010000
    32  0 1  94.57  9919.00 2   0.0 -49.1     35043600   0   1400       969800
    33  0 1  95.27  9922.00 2   0.0 -48.1     37023350   0   1450      1979750
    34  0 1  94.92  9925.00 2   0.0 -47.5     38033300   0   1250      1009950
    35  0 1  94.57  9931.00 2   0.0 -46.9     39053400   0   1200      1020100
    36  0 1  94.57  9935.50 2   0.0 -46.6     40043600   0   1200       990200
    37  0 1  94.22  9943.00 2   0.0 -45.9     41074000   0   1100      1030400
    38  0 1  94.57  9952.00 2   0.0 -45.6     42083750   0   1500      1009750
    39  0 1  95.62  9959.50 2   0.0 -45.0     43054150   0   1050       970400
    40  0 1  95.27  9968.50 2   0.0 -44.4     44034100   0   1400       979950
    41  0 1  94.57  9979.00 2   0.0 -44.1     45034500   0   1400      1000400
    42  0 1  94.22 10000.00 2   0.0 -43.1     47064300   0   1300      2029800
    43  0 1  95.27 10009.00 2   0.0 -42.5     48054700   0   1350       990400
    44  0 1  95.62 10021.00 2   0.0 -42.2     49084550   0   1500      1029850
    45  0 1  95.62 10031.50 2   0.0 -41.6     50094900   0   1350      1010350
    46  0 1  94.57 10039.00 2   0.0 -41.3     51064450   0   1150       969550
    47  0 1  94.92 10048.00 2   0.0 -40.9     52044750   0   1250       980300
    48  0 1  94.22 10057.00 2   0.0 -40.3     53044950   0   1400      1000200
    49  0 1  94.92 10064.50 2   0.0 -40.0     54054800   0   1450      1009850
    50  0 1  95.27 10069.00 2   0.0 -39.7     55075250   0   1050      1020450
    51  0 1  95.62 10076.50 2   0.0 -38.8     57095200   0   1050      2019950
    52  0 1  95.62 10078.00 2   0.0 -38.4     58105600   0   1450      1010400
    53  0 1  94.57 10078.00 2   0.0 -38.1     59075600   0   1300       970000
    54  0 1  94.57 10076.50 2   0.0 -37.5     60055850   0   1100       980250
    55  0 1  94.22 10075.00 2   0.0 -37.2     61055700   0   1350       999850
    56  0 1  94.57 10072.00 2   0.0 -36.9     62065550   0   1100      1009850
    57  0 1  94.22 10066.00 2   0.0 -36.6     63085450   0   1450      1019900
    58  0 1  95.27 10058.50 2   0.0 -36.3     64075050   0   1100       989600
    59  0 1  94.57 10052.50 2   0.0 -35.9     65104650   0   1050      1029600
    60  0 1  94.92 10034.50 2   0.0 -35.3     67084300   0   1150      1979650
    61  0 1  95.62 10025.50 2   0.0 -35.0     68064050   0   1300       979750
    62  0 1  95.27 10015.00 2   0.0 -34.7     69063950   0   1400       999900
    63  0 1  95.27 10003.00 2   0.0 -34.4     70073900   0   1300      1009950
    64  0 1  94.22  9991.00 2   0.0 -34.1     71093800   0   1050      1019900
    65  0 1  95.62  9982.00 2   0.0 -33.8     72083950   0   1200       990150
    66  0 1  95.62  9970.00 2   0.0 -33.4     73114100   0   1150      1030150
    67  0 1  95.62  9961.00 2   0.0 -33.4     74123800   0   1100      1009700
    68  0 1  94.57  9952.00 2   0.0 -33.1     75093800   0   1050       970000
    69  0 1  95.62  9937.00 2   0.0 -32.5     77073750   0   1200      1979950
    70  0 1  94.92  9931.00 2   0.0 -32.5     78083300   0   1100      1009550
    71  0 1  95.62  9925.00 2   0.0 -32.2     79103450   0   1500      1020150
    72  0 1  94.57  9922.00 2   0.0 -31.9     80093050   0   1350       989600
    73  0 1  94.22  9919.00 2   0.0 -31.9     81123500   0   1200      1030450
    74  0 1  94.92  9919.00 2   0.0 -31.6     82133450   0   1050      1009950
    75  0 1  95.27  9919.00 2   0.0 -31.6     83103850   0   1400       970400
    76  0 1  94.92  9920.50 2   0.0 -31.3     84084300   0   1250       980450
    77  0 1  95.27  9925.00 2   0.0 -31.3     85084750   0   1250      1000450
    78  0 1  95.62  9937.00 2   0.0 -30.9     87113900   0   1450      2029150
    79  0 1  94.92  9943.00 2   0.0 -30.6     88103600   0   1100       989700
    80  0 1  95.62  9949.00 2   0.0 -30.6     89133200   0   1350      1029600
    81  0 1  94.92  9959.50 2   0.0 -30.6     90143250   0   1400      1010050
    82  0 1  94.57  9968.50 2   0.0 -30.3     91113550   0   1250       970300
    83  0 1  94.22  9977.50 2   0.0 -30.3     92093800   0   1400       980250
    84  0 1  95.62  9988.00 2   0.0 -30.3     93093950   0   1300      1000150
    85  0 1  94.92 10000.00 2   0.0 -30.3     94104250   0   1050      1010300
    86  0 1  94.92 10012.00 2   0.0 -30.0     95124550   0   1300      1020300
    87  0 1  94.92 10031.50 2   0.0 -30.0     97143800   0   1350      2019250
    88  0 1  94.92 10042.00 2   0.0 -30.0     98153850   0   1150      1010050
    89  0 1  94.92 10051.00 2   0.0 -30.0     99124000   0   1150       970150
    90  0 1  95.62 10058.50 2   0.0 -30.0    100104200   0   1250       980200
    91  0 1  94.92 10064.50 2   0.0 -30.0    101104450   0   1450      1000250
    92  0 1  95.62 10069.00 2   0.0 -30.0    102114300   0   1400      1009850
    93  0 1  95.27 10075.00 2   0.0 -30.0    103134200   0   1050      1019900
    94  0 1  94.92 10078.00 2   0.0 -30.0    104123900   0   1100       989700
    95  0 1  94.57 10078.00 2   0.0 -30.0    105153800   0   1400      1029900
    96  0 1  94.22 10078.00 2   0.0 -30.3    107133750   0   1150      1979950
    97  0 1  94.92 10075.00 2   0.0 -30.3    108113900   0   1050       980150
    98  0 1  95.62 10072.00 2   0.0 -30.3    109113700   0   1400       999800
    99  0 1  94.22 10066.00 2   0.0 -30.6    110124000   0   1100      1010300
   100  0 1  94.22 10060.00 2   0.0 -30.6    111144250   0   1250      1020250
   101  0 1  95.27 10051.00 2   0.0 -30.6    112134350   0   1250       990100
   102  0 1  95.62 10043.50 2   0.0 -30.9    113163850   0   1450      1029500
   103  0 1  94.22 10033.00 2   0.0 -30.9    114174250   0   1450      1010400
   104  0 1  95.62 10024.00 2   0.0 -31.3    115144550   0   1250       970300
   105  0 1  94.57 10004.50 2   0.0 -31.6    117124050   0   1050      1979500
   106  0 1  95.62  9991.00 2   0.0 -31.6    118134250   0   1450      1010200
   107  0 1  94.22  9982.00 2   0.0 -31.9    119153950   0   1500      1019700
   108  0 1  94.22  9970.00 2   0.0 -31.9    120143550   0   1100       989600
   109  0 1  94.57  9961.00 2   0.0 -32.2    121173850   0   1050      1030300
   110  0 1  95.62  9953.50 2   0.0 -32.5    122184050   0   1150      1010200
   111  0 1  94.22  9944.50 2   0.0 -32.5    123154150   0   1150       970100
   112  0 1  95.62  9935.50 2   0.0 -32.8    124134450   0   1050       980300
   113  0 1  94.57  9929.50 2   0.0 -33.1    125134150   0   1350       999700
   114  0 1  95.27  9922.00 2   0.0 -33.4    127163800   0   1200      2029650
   115  0 1  94.57  9919.00 2   0.0 -33.8    128154100   0   1300       990300
   116  0 1  94.92  9919.00 2   0.0 -34.1    129183800   0   1050      1029700
   117  0 1  95.62  9919.00 2   0.0 -34.4    130193450   0   1250      1009650
   118  0 1  95.27  9920.50 2   0.0 -34.7    131163600   0   1450       970150
   119  0 1  95.27  9925.00 2   0.0 -35.0    132143100   0   1100       979500
   120  0 1  95.62  9928.00 2   0.0 -35.3    133143350   0   1200      1000250
   121  0 1  94.22  9934.00 2   0.0 -35.6    134153100   0   1200      1009750
   122  0 1  94.22  9943.00 2   0.0 -35.9    135172700   0   1450      1019600
   123  0 1  95.27  9959.50 2   0.0 -36.6    137192200   0   1350      2019500
   124  0 1  94.92  9968.50 2   0.0 -36.9    138201750   0   1400      1009550
   125  0 1  94.57  9979.00 2   0.0 -37.2    139171500   0   1250       969750
   126  0 1  94.22  9989.50 2   0.0 -37.5    140151200   0   1200       979700
   127  0 1  94.57 10000.00 2   0.0 -38.1    141151650   0   1450      1000450
   128  0 1  94.22 10012.00 2   0.0 -38.4    142161300   0   1200      1009650
   129  0 1  94.92 10021.00 2   0.0 -38.8    143181500   0   1100      1020200
   130  0 1  94.57 10031.50 2   0.0 -39.1    144171100   0   1300       989600
   131  0 1  94.22 10042.00 2   0.0 -39.7    145201100   0   1100      1030000
   132  0 1  95.62 10058.50 2   0.0 -40.3    147180950   0   1150      1979850
   133  0 1  94.22 10066.00 2   0.0 -40.9    148161000   0   1050       980050
   134  0 1  94.92 10069.00 2   0.0 -41.3    149161450   0   1050      1000450
   135  0 1  94.57 10075.00 2   0.0 -41.6    150171300   0   1300      1009850
   136  0 1  95.62 10078.00 2   0.0 -42.2    151190800   0   1050      1019500
   137  0 1  94.92 10079.50 2   0.0 -42.5    152180950   0   1050       990150
   138  0 1  95.62 10078.00 2   0.0 -43.1    153210800   0   1050      1029850
   139  0 1  94.92 10078.00 2   0.0 -43.4    154221200   0   1300      1010400
   140  0 1  95.62 10075.00 2   0.0 -44.1    155190900   0   1300       969700
   141  0 1  94.92 10064.50 2   0.0 -45.0    157171150   0   1450      1980250
   142  0 1  95.62 10060.00 2   0.0 -45.6    158181400   0   1100      1010250
   143  0 1  94.57 10051.00 2   0.0 -45.9    159201350   0   1400      1019950
   144  0 1  94.57 10042.00 2   0.0 -46.6    160191450   0   1200       990100
   145  0 1  94.57 10033.00 2   0.0 -46.9    161221400   0   1300      1029950
   146  0 1  95.27 10021.00 2   0.0 -47.5    162230900   0   1100      1009500
   147  0 1  95.27 10012.00 2   0.0 -48.1    163201150   0   1200       970250
   148  0 1  95.62 10003.00 2   0.0 -48.4    164181200   0   1050       980050
   149  0 1  94.57  9992.50 2   0.0 -49.1    165181500   0   1500      1000300
   150  0 1  94.57  9971.50 2   0.0 -50.3    167211750   0   1050      2030250
   151  0 1  94.22  9961.00 2   0.0 -50.6    168202000   0   1150       990250
   152  0 1  94.92  9952.00 2   0.0 -51.3    169231650   0   1150      1029650
   153  0 1  95.27  9944.50 2   0.0 -51.9    170241900   0   1050      1010250
   154  0 1  94.92  9937.00 2   0.0 -52.5    171211400   0   1450       969500
   155  0 1  94.92  9929.50 2   0.0 -53.1    172191500   0   1250       980100
   156  0 1  95.62  9925.00 2   0.0 -53.4    173191250   0   1200       999750
   157  0 1  94.22  9922.00 2   0.0 -54.1    174201550   0   1300      1010300
   158  0 1  94.92  9920.50 2   0.0 -54.7    175221100   0   1450      1019550
   159  0 1  95.62  9920.50 2   0.0 -55.9    177240600   0   1350      2019500
   160  0 1  94.92  9922.00 2   0.0 -56.6    178250100   0   1350      1009500
   161  0 1  94.92  9925.00 2   0.0 -57.2    179219600   0   1100       969500
   162  0 1  94.57  9931.00 2   0.0 -57.5    180199750   0   1400       980150
   163  0 1  94.92  9935.50 2   0.0 -58.1    181199800   0   1450      1000050
   164  0 1  94.57  9944.50 2   0.0 -58.8    182209350   0   1200      1009550
   165  0 1  95.27  9950.50 2   0.0 -59.4    183229100   0   1150      1019750
   166  0 1  94.92  9961.00 2   0.0 -60.0    184218700   0   1250       989600
   167  0 1  95.62  9971.50 2   0.0 -60.6    185248950   0   1500      1030250
   168  0 1  95.62  9991.00 2   0.0 -61.9    187228950   0   1400      1980000
   169  0 1  94.92 10000.00 2   0.0 -62.5    188209250   0   1300       980300
   170  0 1  94.57 10012.00 2   0.0 -63.1    189209350   0   1100      1000100
   171  0 1  94.57 10022.50 2   0.0 -63.8    190218950   0   1100      1009600
   172  0 1  94.57 10033.00 2   0.0 -64.4    191239000   0   1050      1020050
   173  0 1  94.92 10042.00 2   0.0 -65.0    192228600   0   1350       989600
   174  0 1  95.62 10051.00 2   0.0 -65.6    193258400   0   1400      1029800
   175  0 1  94.92 10060.00 2   0.0 -66.3    194268200   0   1150      1009800
   176  0 1  95.62 10066.00 2   0.0 -66.9    195237800   0   1200       969600
   177  0 1  94.92 10073.50 2   0.0 -68.1    197217450   0   1350      1979650
   178  0 1  95.62 10078.00 2   0.0 -68.8    198227600   0   1500      1010150
   179  0 1  95.27 10078.00 2   0.0 -69.4    199247250   0   1050      1019650
