    NO  S V  AOA    FREQ    B  FMOP  AMP      TOA      PMOP  PW         dTOA  
------ -- - ------ -------- - ----- ----- ------------ --- ------ ------------
     0  0 1  93.52 10009.00 2   0.0 -70.0            0   0   1150  42949673000
     1  0 1  94.92 10009.00 2   0.0 -65.0      1989450   0   1350      1989450
     2  0 1  95.27 10009.00 2   0.0 -62.5      2969850   0   1200       980400
     3  0 1  95.98 10007.50 2   0.0 -60.0      3940000   0   1300       970150
     4  0 1  93.52 10009.00 2   0.0 -57.5      4900200   0   1350       960200
     5  0 1  94.92 10009.00 2   0.0 -55.3      5850650   0   1300       950450
     6  0 1  94.92 10009.00 2   0.0 -53.1      6850850   0   1100      1000200
     7  0 1  94.92 10007.50 2   0.0 -50.6      7840500   0   1150       989650
     8  0 1  93.87 10009.00 2   0.0 -48.4      8820850   0   1400       980350
     9  0 1  94.57 10007.50 2   0.0 -46.6      9790450   0   1050       969600
    10  0 1  94.22 10009.00 2   0.0 -42.5     11700350   0   1350      1909900
    11  0 1  93.87 10007.50 2   0.0 -40.9     12700150   0   1500       999800
    12  0 1  94.57 10007.50 2   0.0 -39.1     13690150   0   1250       990000
    13  0 1  94.57 10009.00 2   0.0 -37.5     14670150   0   1150       980000
    14  0 1  93.52 10007.50 2   0.0 -36.3     15640350   0   1300       970200
    15  0 1  93.52 10007.50 2   0.0 -35.0     16600250   0   1200       959900
    16  0 1  95.27 10009.00 2   0.0 -33.8     17549950   0   1250       949700
    17  0 1  95.62 10009.00 2   0.0 -32.8     18549950   0   1450      1000000
    18  0 1  93.87 10009.00 2   0.0 -31.9     19540250   0   1500       990300
    19  0 1  93.87 10009.00 2   0.0 -30.6     21490350   0   1200      1950100
    20  0 1  94.22 10009.00 2   0.0 -30.3     22450550   0   1500       960200
    21  0 1  95.27 10007.50 2   0.0 -30.0     23400150   0   1100       949600
    22  0 1  93.52 10009.00 2   0.0 -30.0     24399950   0   1300       999800
    23  0 1  93.87 10009.00 2   0.0 -30.0     25390150   0   1150       990200
    24  0 1  93.52 10009.00 2   0.0 -30.3     26370350   0   1500       980200
    25  0 1  95.27 10007.50 2   0.0 -30.6     27340300   0   1150       969950
    26  0 1  94.57 10009.00 2   0.0 -31.3     28300150   0   1450       959850
    27  0 1  95.27 10007.50 2   0.0 -31.9     29250250   0   1250       950100
    28  0 1  94.22 10009.00 2   0.0 -33.8     31240600   0   1400      1990350
    29  0 1  94.22 10009.00 2   0.0 -35.0     32220400   0   1250       979800
    30  0 1  95.98 10009.00 2   0.0 -36.3     33190100   0   1050       969700
    31  0 1  95.27 10009.00 2   0.0 -37.5     34149900   0   1400       959800
    32  0 1  95.27 10009.00 2   0.0 -39.1     35099550   0   1350       949650
    33  0 1  95.27 10009.00 2   0.0 -40.9     36099650   0   1050      1000100
    34  0 1  95.98 10009.00 2   0.0 -42.5     37089300   0   1250       989650
    35  0 1  95.62 10007.50 2   0.0 -44.4     38069250   0   1150       979950
    36  0 1  95.98 10007.50 2   0.0 -46.6     39039150   0   1450       969900
    37  0 1  95.98 10007.50 2   0.0 -50.6     40949350   0   1450      1910200
    38  0 1  95.27 10009.00 2   0.0 -53.1     41949650   0   1250      1000300
    39  0 1  93.87 10007.50 2   0.0 -55.3     42940100   0   1050       990450
    40  0 1  94.57 10009.00 2   0.0 -57.5     43920200   0   1450       980100
    41  0 1  93.52 10009.00 2   0.0 -60.0     44890200   0   1250       970000
    42  0 1  94.57 10009.00 2   0.0 -62.5     45850300   0   1300       960100
    43  0 1  94.92 10009.00 2   0.0 -65.0     46800300   0   1250       950000
    44  0 1  93.87 10009.00 2   0.0 -67.5     47800200   0   1050       999900
