    NO  S V  AOA    FREQ    B  FMOP  AMP      TOA      PMOP  PW         dTOA  
------ -- - ------ -------- - ----- ----- ------------ --- ------ ------------
     0  0 1  94.57 10009.00 2   0.0 -70.0            0   0   1150  42949673000
     1  0 1  95.98 10007.50 2   0.0 -67.5       999700   0   1200       999700
     2  0 1  94.22 10009.00 2   0.0 -65.0      1989450   0   1200       989750
     3  0 1  94.57 10009.00 2   0.0 -62.5      2969800   0   1300       980350
     4  0 1  93.52 10007.50 2   0.0 -60.0      3939400   0   1100       969600
     5  0 1  95.98 10009.00 2   0.0 -57.5      4899800   0   1100       960400
     6  0 1  95.98 10009.00 2   0.0 -55.3      5850200   0   1200       950400
     7  0 1  94.22 10009.00 2   0.0 -53.1      6849850   0   1350       999650
     8  0 1  95.27 10007.50 2   0.0 -48.4      8819350   0   1050      1969500
     9  0 1  93.87 10007.50 2   0.0 -46.6      9789600   0   1350       970250
    10  0 1  94.92 10009.00 2   0.0 -44.4     10749500   0   1400       959900
    11  0 1  95.98 10009.00 2   0.0 -42.5     11699000   0   1100       949500
    12  0 1  93.87 10009.00 2   0.0 -40.9     12699250   0   1100      1000250
    13  0 1  94.57 10007.50 2   0.0 -39.1     13689350   0   1300       990100
    14  0 1  93.87 10009.00 2   0.0 -37.5     14669400   0   1300       980050
    15  0 1  94.57 10007.50 2   0.0 -36.3     15639500   0   1350       970100
    16  0 1  95.27 10009.00 2   0.0 -35.0     16599800   0   1150       960300
    17  0 1  94.22 10009.00 2   0.0 -32.8     18549600   0   1300      1949800
    18  0 1  94.92 10009.00 2   0.0 -31.9     19539950   0   1150       990350
    19  0 1  94.22 10007.50 2   0.0 -31.3     20520250   0   1450       980300
    20  0 1  95.62 10009.00 2   0.0 -30.6     21489750   0   1150       969500
    21  0 1  93.87 10007.50 2   0.0 -30.3     22449250   0   1450       959500
    22  0 1  94.22 10009.00 2   0.0 -30.0     23398800   0   1200       949550
    23  0 1  93.52 10009.00 2   0.0 -30.0     24398800   0   1350      1000000
    24  0 1  94.57 10007.50 2   0.0 -30.0     25388500   0   1350       989700
    25  0 1  95.27 10007.50 2   0.0 -30.3     26368250   0   1100       979750
    26  0 1  93.87 10007.50 2   0.0 -31.3     28298450   0   1400      1930200
    27  0 1  94.22 10009.00 2   0.0 -31.9     29248200   0   1250       949750
    28  0 1  93.87 10009.00 2   0.0 -32.8     30248100   0   1250       999900
    29  0 1  94.57 10009.00 2   0.0 -33.8     31238550   0   1300       990450
    30  0 1  95.62 10007.50 2   0.0 -35.0     32218900   0   1500       980350
    31  0 1  95.27 10007.50 2   0.0 -36.3     33189100   0   1250       970200
    32  0 1  95.27 10009.00 2   0.0 -37.5     34148950   0   1400       959850
    33  0 1  95.98 10009.00 2   0.0 -39.1     35099150   0   1250       950200
    34  0 1  93.52 10007.50 2   0.0 -40.9     36098850   0   1050       999700
    35  0 1  94.57 10009.00 2   0.0 -44.4     38068950   0   1300      1970100
    36  0 1  95.27 10009.00 2   0.0 -46.6     39039400   0   1300       970450
    37  0 1  95.98 10009.00 2   0.0 -48.4     39999100   0   1300       959700
    38  0 1  94.57 10009.00 2   0.0 -50.6     40949100   0   1250       950000
    39  0 1  94.22 10009.00 2   0.0 -53.1     41949400   0   1050      1000300
    40  0 1  95.62 10007.50 2   0.0 -55.3     42938950   0   1400       989550
    41  0 1  95.27 10007.50 2   0.0 -57.5     43918950   0   1100       980000
    42  0 1  93.52 10009.00 2   0.0 -60.0     44889350   0   1400       970400
    43  0 1  95.27 10007.50 2   0.0 -62.5     45849800   0   1100       960450
    44  0 1  94.22 10009.00 2   0.0 -67.5     47799700   0   1200      1949900
