    NO  S V  AOA    FREQ    B  FMOP  AMP      TOA      PMOP  PW         dTOA  
------ -- - ------ -------- - ----- ----- ------------ --- ------ ------------
     0  0 1  95.98 10007.50 2   0.0 -70.0            0   0   1350  42949673000
     1  0 1  93.87 10009.00 2   0.0 -67.5       999750   0   1500       999750
     2  0 1  93.52 10009.00 2   0.0 -65.0      1989800   0   1300       990050
     3  0 1  95.27 10009.00 2   0.0 -62.5      2970100   0   1450       980300
     4  0 1  95.98 10007.50 2   0.0 -60.0      3939900   0   1250       969800
     5  0 1  95.27 10009.00 2   0.0 -57.5      4900100   0   1150       960200
     6  0 1  95.27 10007.50 2   0.0 -55.3      5850000   0   1150       949900
     7  0 1  95.27 10009.00 2   0.0 -53.1      6849600   0   1300       999600
     8  0 1  93.52 10009.00 2   0.0 -50.6      7839700   0   1250       990100
     9  0 1  93.52 10009.00 2   0.0 -46.6      9789650   0   1250      1949950
    10  0 1  94.22 10009.00 2   0.0 -44.4     10750100   0   1050       960450
    11  0 1  94.57 10009.00 2   0.0 -42.5     11699700   0   1200       949600
    12  0 1  94.57 10007.50 2   0.0 -40.9     12699850   0   1300      1000150
    13  0 1  94.22 10009.00 2   0.0 -39.1     13689650   0   1250       989800
    14  0 1  95.98 10009.00 2   0.0 -37.5     14669200   0   1050       979550
    15  0 1  93.87 10009.00 2   0.0 -36.3     15639500   0   1450       970300
    16  0 1  95.62 10009.00 2   0.0 -35.0     16599650   0   1250       960150
    17  0 1  94.57 10009.00 2   0.0 -33.8     17549200   0   1400       949550
    18  0 1  94.92 10009.00 2   0.0 -31.9     19538400   0   1350      1989200
    19  0 1  95.98 10007.50 2   0.0 -31.3     20518250   0   1050       979850
    20  0 1  95.27 10009.00 2   0.0 -30.6     21488350   0   1300       970100
    21  0 1  94.22 10009.00 2   0.0 -30.3     22448100   0   1350       959750
    22  0 1  94.92 10009.00 2   0.0 -30.0     23397900   0   1450       949800
    23  0 1  94.92 10009.00 2   0.0 -30.0     24397950   0   1200      1000050
    24  0 1  93.87 10009.00 2   0.0 -30.0     25387450   0   1400       989500
    25  0 1  93.87 10009.00 2   0.0 -30.3     26367400   0   1250       979950
    26  0 1  94.22 10007.50 2   0.0 -30.6     27337750   0   1400       970350
    27  0 1  95.98 10009.00 2   0.0 -31.9     29248050   0   1500      1910300
    28  0 1  94.92 10009.00 2   0.0 -32.8     30247850   0   1300       999800
    29  0 1  95.98 10009.00 2   0.0 -33.8     31237900   0   1200       990050
    30  0 1  94.57 10009.00 2   0.0 -35.0     32218300   0   1200       980400
    31  0 1  94.22 10009.00 2   0.0 -36.3     33188150   0   1400       969850
    32  0 1  94.22 10009.00 2   0.0 -37.5     34147650   0   1050       959500
    33  0 1  94.92 10009.00 2   0.0 -39.1     35097750   0   1050       950100
    34  0 1  95.98 10007.50 2   0.0 -40.9     36097500   0   1050       999750
    35  0 1  93.52 10007.50 2   0.0 -42.5     37087850   0   1300       990350
    36  0 1  94.57 10009.00 2   0.0 -46.6     39038400   0   1200      1950550
    37  0 1  95.27 10007.50 2   0.0 -48.4     39998250   0   1050       959850
    38  0 1  95.27 10007.50 2   0.0 -50.6     40948100   0   1400       949850
    39  0 1  95.98 10009.00 2   0.0 -53.1     41947650   0   1150       999550
    40  0 1  94.92 10007.50 2   0.0 -55.3     42937800   0   1050       990150
    41  0 1  94.92 10009.00 2   0.0 -57.5     43917550   0   1450       979750
    42  0 1  93.52 10009.00 2   0.0 -60.0     44887650   0   1400       970100
    43  0 1  93.52 10007.50 2   0.0 -62.5     45847800   0   1200       960150
    44  0 1  93.52 10009.00 2   0.0 -65.0     46797850   0   1150       950050
