    NO  S V  AOA    FREQ    B  FMOP  AMP      TOA      PMOP  PW         dTOA  
------ -- - ------ -------- - ----- ----- ------------ --- ------ ------------
     0  0 1  93.52 10009.00 2   0.0 -70.0            0   0   1300  42949673000
     1  0 1  94.57 10009.00 2   0.0 -67.5       999650   0   1500       999650
     2  0 1  95.98 10009.00 2   0.0 -65.0      1990100   0   1200       990450
     3  0 1  95.27 10009.00 2   0.0 -60.0      3939450   0   1450      1949350
     4  0 1  93.87 10009.00 2   0.0 -57.5      4899150   0   1450       959700
     5  0 1  93.52 10007.50 2   0.0 -55.3      5848800   0   1500       949650
     6  0 1  94.92 10007.50 2   0.0 -53.1      6848500   0   1150       999700
     7  0 1  94.57 10009.00 2   0.0 -50.6      7838400   0   1050       989900
     8  0 1  94.22 10009.00 2   0.0 -48.4      8818700   0   1150       980300
     9  0 1  94.92 10009.00 2   0.0 -46.6      9789100   0   1350       970400
    10  0 1  95.27 10009.00 2   0.0 -44.4     10749150   0   1100       960050
    11  0 1  94.92 10009.00 2   0.0 -42.5     11699150   0   1300       950000
    12  0 1  94.22 10009.00 2   0.0 -39.1     13689400   0   1500      1990250
    13  0 1  94.92 10007.50 2   0.0 -37.5     14669200   0   1400       979800
    14  0 1  93.52 10009.00 2   0.0 -36.3     15639500   0   1300       970300
    15  0 1  94.92 10009.00 2   0.0 -35.0     16599900   0   1500       960400
    16  0 1  94.92 10009.00 2   0.0 -33.8     17549700   0   1100       949800
    17  0 1  93.87 10009.00 2   0.0 -32.8     18550000   0   1150      1000300
    18  0 1  93.87 10009.00 2   0.0 -31.9     19540000   0   1300       990000
    19  0 1  95.62 10009.00 2   0.0 -31.3     20519900   0   1300       979900
    20  0 1  94.57 10007.50 2   0.0 -30.6     21489850   0   1200       969950
    21  0 1  95.62 10007.50 2   0.0 -30.0     23400500   0   1150      1910650
    22  0 1  93.52 10009.00 2   0.0 -30.0     24400950   0   1500      1000450
    23  0 1  93.52 10009.00 2   0.0 -30.0     25391200   0   1300       990250
    24  0 1  93.87 10009.00 2   0.0 -30.3     26370900   0   1450       979700
    25  0 1  94.57 10009.00 2   0.0 -30.6     27340650   0   1100       969750
    26  0 1  94.22 10009.00 2   0.0 -31.3     28300850   0   1350       960200
    27  0 1  94.92 10009.00 2   0.0 -31.9     29250900   0   1400       950050
    28  0 1  95.62 10009.00 2   0.0 -32.8     30251350   0   1300      1000450
    29  0 1  95.62 10007.50 2   0.0 -33.8     31241100   0   1050       989750
    30  0 1  95.98 10009.00 2   0.0 -36.3     33190950   0   1400      1949850
    31  0 1  95.27 10009.00 2   0.0 -37.5     34150900   0   1100       959950
    32  0 1  94.22 10007.50 2   0.0 -39.1     35101350   0   1450       950450
    33  0 1  95.27 10007.50 2   0.0 -40.9     36101250   0   1150       999900
    34  0 1  94.92 10009.00 2   0.0 -42.5     37091250   0   1150       990000
    35  0 1  95.98 10007.50 2   0.0 -44.4     38071250   0   1100       980000
    36  0 1  95.98 10009.00 2   0.0 -46.6     39040800   0   1100       969550
    37  0 1  95.98 10009.00 2   0.0 -48.4     40000950   0   1500       960150
    38  0 1  94.22 10007.50 2   0.0 -50.6     40951200   0   1250       950250
    39  0 1  95.62 10009.00 2   0.0 -55.3     42941000   0   1150      1989800
    40  0 1  95.62 10009.00 2   0.0 -57.5     43920600   0   1250       979600
    41  0 1  94.57 10007.50 2   0.0 -60.0     44890600   0   1250       970000
    42  0 1  93.52 10009.00 2   0.0 -62.5     45850250   0   1300       959650
    43  0 1  93.87 10007.50 2   0.0 -65.0     46800600   0   1350       950350
    44  0 1  94.22 10009.00 2   0.0 -67.5     47800150   0   1050       999550
