    NO  S V  AOA    FREQ    B  FMOP  AMP      TOA      PMOP  PW         dTOA  
------ -- - ------ -------- - ----- ----- ------------ --- ------ ------------
     0  0 1 199.69  5300.00 1   0.0 -70.0            0   0   4000  42949673000
     1  0 1 199.69  5298.75 1   0.0 -68.1       500200   0   3950       500200
     2  0 1 199.69  5298.75 1   0.0 -66.6      1001700   0   4000       501500
     3  0 1 199.69  5300.00 1   0.0 -64.7      1500200   0   3950       498500
     4  0 1 199.69  5300.00 1   0.0 -62.8      2000950   0   3950       500750
     5  0 1 199.69  5300.00 1   0.0 -61.3      2502950   0   4000       502000
     6  0 1 199.69  5300.00 1   0.0 -59.4      3002400   0   4000       499450
     7  0 1 199.69  5400.00 1   0.0 -55.9      3999500   0   3950       997100
     8  0 1 199.69  5398.75 1   0.0 -54.4      4499250   0   4000       499750
     9  0 1 199.69  5400.00 1   0.0 -52.5      4997650   0   4000       498400
    10  0 1 199.69  5398.75 1   0.0 -50.9      5495500   0   3950       497850
    11  0 1 199.69  5400.00 1   0.0 -49.4      5993850   0   4000       498350
    12  0 1 199.69  5400.00 1   0.0 -47.8      6494550   0   3950       500700
    13  0 1 199.69  5400.00 1   0.0 -46.6      6994150   0   4000       499600
    14  0 1 199.69  5400.00 1   0.0 -45.0      7494400   0   3950       500250
    15  0 1 199.69  5500.00 1   0.0 -43.8      7994800   0   4000       500400
    16  0 1 199.69  5498.75 1   0.0 -40.9      8994300   0   3950       999500
    17  0 1 199.69  5500.00 1   0.0 -40.0      9493800   0   4000       499500
    18  0 1 199.69  5500.00 1   0.0 -38.8      9994500   0   4000       500700
    19  0 1 199.69  5500.00 1   0.0 -37.5     10495500   0   4000       501000
    20  0 1 199.69  5498.75 1   0.0 -36.6     10993300   0   3950       497800
    21  0 1 199.69  5498.75 1   0.0 -35.6     11495600   0   3950       502300
    22  0 1 199.69  5598.75 1   0.0 -34.7     11996450   0   4000       500850
    23  0 1 199.69  5598.75 1   0.0 -34.1     12497700   0   3950       501250
    24  0 1 199.69  5600.00 1   0.0 -33.1     12996150   0   4000       498450
    25  0 1 199.69  5598.75 1   0.0 -31.9     13997050   0   3950      1000900
    26  0 1 199.69  5600.00 1   0.0 -31.6     14498100   0   4000       501050
    27  0 1 199.69  5600.00 1   0.0 -30.9     14998550   0   4000       500450
    28  0 1 199.69  5598.75 1   0.0 -30.6     15501000   0   4000       502450
    29  0 1 199.69  5700.00 1   0.0 -30.3     16000300   0   4000       499300
    30  0 1 199.69  5698.75 1   0.0 -30.3     16498550   0   4000       498250
    31  0 1 199.69  5700.00 1   0.0 -30.0     16998100   0   3950       499550
    32  0 1 199.69  5700.00 1   0.0 -30.0     17496000   0   3950       497900
    33  0 1 199.69  5698.75 1   0.0 -30.0     17997550   0   3950       501550
    34  0 1 199.69  5698.75 1   0.0 -30.3     18995350   0   3950       997800
    35  0 1 199.69  5700.00 1   0.0 -30.6     19494050   0   4000       498700
    36  0 1 199.69  5798.75 1   0.0 -30.9     19995750   0   3950       501700
    37  0 1 199.69  5800.00 1   0.0 -31.6     20495500   0   4000       499750
    38  0 1 199.69  5798.75 1   0.0 -31.9     20995450   0   4000       499950
    39  0 1 199.69  5800.00 1   0.0 -32.5     21493300   0   3950       497850
    40  0 1 199.69  5800.00 1   0.0 -33.1     21991050   0   3950       497750
    41  0 1 199.69  5798.75 1   0.0 -34.1     22491300   0   3950       500250
    42  0 1 199.69  5800.00 1   0.0 -34.7     22990450   0   4000       499150
    43  0 1 199.69  5200.00 1   0.0 -36.6     23989950   0   3950       999500
    44  0 1 199.69  5200.00 1   0.0 -37.5     24487650   0   4000       497700
    45  0 1 199.69  5200.00 1   0.0 -38.8     24988650   0   4000       501000
    46  0 1 199.69  5200.00 1   0.0 -40.0     25489950   0   3950       501300
    47  0 1 199.69  5200.00 1   0.0 -40.9     25991750   0   3950       501800
    48  0 1 199.69  5198.75 1   0.0 -42.5     26493000   0   3950       501250
    49  0 1 199.69  5200.00 1   0.0 -43.8     26992400   0   4000       499400
    50  0 1 199.69  5198.75 1   0.0 -45.0     27491800   0   3950       499400
    51  0 1 199.69  5300.00 1   0.0 -46.6     27991400   0   3950       499600
    52  0 1 199.69  5300.00 1   0.0 -49.4     28992000   0   4000      1000600
    53  0 1 199.69  5300.00 1   0.0 -50.9     29493100   0   4000       501100
    54  0 1 199.69  5300.00 1   0.0 -52.5     29990700   0   3950       497600
    55  0 1 199.69  5300.00 1   0.0 -54.4     30493100   0   3950       502400
    56  0 1 199.69  5300.00 1   0.0 -55.9     30990900   0   4000       497800
    57  0 1 199.69  5300.00 1   0.0 -57.5     31493100   0   4000       502200
    58  0 1 199.69  5400.00 1   0.0 -59.4     31994750   0   3950       501650
    59  0 1 199.69  5400.00 1   0.0 -61.3     32496500   0   3950       501750
    60  0 1 199.69  5398.75 1   0.0 -62.8     32995850   0   3950       499350
    61  0 1 199.69  5400.00 1   0.0 -66.6     33995250   0   3950       999400
    62  0 1 199.69  5400.00 1   0.0 -68.1     34493650   0   4000       498400
