    NO  S V  AOA    FREQ    B  FMOP  AMP      TOA      PMOP  PW         dTOA  
------ -- - ------ -------- - ----- ----- ------------ --- ------ ------------
     0  0 1 199.69  5300.00 1   0.0 -70.0            0   0   3950  42949673000
     1  0 1 199.69  5300.00 1   0.0 -68.1       501450   0   3950       501450
     2  0 1 199.69  5300.00 1   0.0 -66.6      1000300   0   4000       498850
     3  0 1 199.69  5300.00 1   0.0 -64.7      1502350   0   3950       502050
     4  0 1 199.69  5300.00 1   0.0 -62.8      2003650   0   3950       501300
     5  0 1 199.69  5300.00 1   0.0 -61.3      2505650   0   3950       502000
     6  0 1 199.69  5300.00 1   0.0 -59.4      3007000   0   3950       501350
     7  0 1 199.69  5300.00 1   0.0 -57.5      3504850   0   4000       497850
     8  0 1 199.69  5400.00 1   0.0 -55.9      4005400   0   3950       500550
     9  0 1 199.69  5398.75 1   0.0 -52.5      5007200   0   4000      1001800
    10  0 1 199.69  5398.75 1   0.0 -50.9      5507150   0   4000       499950
    11  0 1 199.69  5398.75 1   0.0 -49.4      6005250   0   4000       498100
    12  0 1 199.69  5398.75 1   0.0 -47.8      6504400   0   3950       499150
    13  0 1 199.69  5400.00 1   0.0 -46.6      7006800   0   4000       502400
    14  0 1 199.69  5400.00 1   0.0 -45.0      7505200   0   3950       498400
    15  0 1 199.69  5500.00 1   0.0 -43.8      8003450   0   3950       498250
    16  0 1 199.69  5500.00 1   0.0 -42.5      8503500   0   3950       500050
    17  0 1 199.69  5500.00 1   0.0 -40.9      9002100   0   3950       498600
    18  0 1 199.69  5500.00 1   0.0 -38.8     10003950   0   3950      1001850
    19  0 1 199.69  5500.00 1   0.0 -37.5     10505050   0   4000       501100
    20  0 1 199.69  5500.00 1   0.0 -36.6     11007250   0   4000       502200
    21  0 1 199.69  5500.00 1   0.0 -35.6     11507050   0   4000       499800
    22  0 1 199.69  5600.00 1   0.0 -34.7     12008050   0   3950       501000
    23  0 1 199.69  5598.75 1   0.0 -34.1     12508150   0   3950       500100
    24  0 1 199.69  5598.75 1   0.0 -33.1     13010050   0   4000       501900
    25  0 1 199.69  5598.75 1   0.0 -32.5     13509700   0   4000       499650
    26  0 1 199.69  5600.00 1   0.0 -31.9     14012050   0   4000       502350
    27  0 1 199.69  5600.00 1   0.0 -30.9     15012650   0   4000      1000600
    28  0 1 199.69  5600.00 1   0.0 -30.6     15510350   0   4000       497700
    29  0 1 199.69  5700.00 1   0.0 -30.3     16008050   0   4000       497700
    30  0 1 199.69  5700.00 1   0.0 -30.3     16509450   0   3950       501400
    31  0 1 199.69  5698.75 1   0.0 -30.0     17011900   0   3950       502450
    32  0 1 199.69  5700.00 1   0.0 -30.0     17513200   0   3950       501300
    33  0 1 199.69  5700.00 1   0.0 -30.0     18013800   0   3950       500600
    34  0 1 199.69  5700.00 1   0.0 -30.3     18512000   0   3950       498200
    35  0 1 199.69  5700.00 1   0.0 -30.3     19010550   0   3950       498550
    36  0 1 199.69  5798.75 1   0.0 -30.9     20010250   0   3950       999700
    37  0 1 199.69  5800.00 1   0.0 -31.6     20509000   0   4000       498750
    38  0 1 199.69  5798.75 1   0.0 -31.9     21008200   0   4000       499200
    39  0 1 199.69  5800.00 1   0.0 -32.5     21507800   0   3950       499600
    40  0 1 199.69  5798.75 1   0.0 -33.1     22006600   0   3950       498800
    41  0 1 199.69  5800.00 1   0.0 -34.1     22508100   0   4000       501500
    42  0 1 199.69  5800.00 1   0.0 -34.7     23007100   0   3950       499000
    43  0 1 199.69  5800.00 1   0.0 -35.6     23506450   0   4000       499350
    44  0 1 199.69  5200.00 1   0.0 -36.6     24006100   0   4000       499650
    45  0 1 199.69  5200.00 1   0.0 -38.8     25003300   0   3950       997200
    46  0 1 199.69  5200.00 1   0.0 -40.0     25504250   0   4000       500950
    47  0 1 199.69  5198.75 1   0.0 -40.9     26005100   0   4000       500850
    48  0 1 199.69  5198.75 1   0.0 -42.5     26507200   0   3950       502100
    49  0 1 199.69  5200.00 1   0.0 -43.8     27005500   0   3950       498300
    50  0 1 199.69  5198.75 1   0.0 -45.0     27504250   0   3950       498750
    51  0 1 199.69  5300.00 1   0.0 -46.6     28006500   0   3950       502250
    52  0 1 199.69  5300.00 1   0.0 -47.8     28508500   0   3950       502000
    53  0 1 199.69  5300.00 1   0.0 -49.4     29009800   0   4000       501300
    54  0 1 199.69  5300.00 1   0.0 -52.5     30005550   0   3950       995750
    55  0 1 199.69  5298.75 1   0.0 -54.4     30506900   0   3950       501350
    56  0 1 199.69  5300.00 1   0.0 -55.9     31008400   0   4000       501500
    57  0 1 199.69  5300.00 1   0.0 -57.5     31509900   0   3950       501500
    58  0 1 199.69  5398.75 1   0.0 -59.4     32008350   0   4000       498450
    59  0 1 199.69  5400.00 1   0.0 -61.3     32508600   0   4000       500250
    60  0 1 199.69  5400.00 1   0.0 -62.8     33008900   0   3950       500300
    61  0 1 199.69  5400.00 1   0.0 -64.7     33509200   0   3950       500300
    62  0 1 199.69  5398.75 1   0.0 -66.6     34010450   0   3950       501250
