    NO  S V  AOA    FREQ    B  FMOP  AMP      TOA      PMOP  PW         dTOA  
------ -- - ------ -------- - ----- ----- ------------ --- ------ ------------
     0  0 1 199.69  5298.75 1   0.0 -70.0            0   0   3950  42949673000
     1  0 1 199.69  5298.75 1   0.0 -68.1       499150   0   3950       499150
     2  0 1 199.69  5300.00 1   0.0 -64.7      1499750   0   4000      1000600
     3  0 1 199.69  5298.75 1   0.0 -62.8      1997250   0   4000       497500
     4  0 1 199.69  5300.00 1   0.0 -61.3      2494900   0   4000       497650
     5  0 1 199.69  5298.75 1   0.0 -59.4      2997200   0   3950       502300
     6  0 1 199.69  5298.75 1   0.0 -57.5      3497750   0   4000       500550
     7  0 1 199.69  5400.00 1   0.0 -55.9      3996000   0   3950       498250
     8  0 1 199.69  5400.00 1   0.0 -54.4      4494400   0   3950       498400
     9  0 1 199.69  5398.75 1   0.0 -52.5      4995350   0   3950       500950
    10  0 1 199.69  5398.75 1   0.0 -50.9      5497750   0   4000       502400
    11  0 1 199.69  5398.75 1   0.0 -47.8      6496550   0   3950       998800
    12  0 1 199.69  5400.00 1   0.0 -46.6      6998600   0   3950       502050
    13  0 1 199.69  5400.00 1   0.0 -45.0      7498050   0   3950       499450
    14  0 1 199.69  5498.75 1   0.0 -43.8      7999050   0   3950       501000
    15  0 1 199.69  5500.00 1   0.0 -42.5      8497850   0   3950       498800
    16  0 1 199.69  5500.00 1   0.0 -40.9      8996400   0   4000       498550
    17  0 1 199.69  5498.75 1   0.0 -40.0      9495700   0   4000       499300
    18  0 1 199.69  5500.00 1   0.0 -38.8      9994350   0   4000       498650
    19  0 1 199.69  5500.00 1   0.0 -37.5     10496800   0   3950       502450
    20  0 1 199.69  5500.00 1   0.0 -35.6     11499250   0   3950      1002450
    21  0 1 199.69  5598.75 1   0.0 -34.7     11999250   0   3950       500000
    22  0 1 199.69  5600.00 1   0.0 -34.1     12496750   0   4000       497500
    23  0 1 199.69  5600.00 1   0.0 -33.1     12994950   0   4000       498200
    24  0 1 199.69  5600.00 1   0.0 -32.5     13494550   0   3950       499600
    25  0 1 199.69  5598.75 1   0.0 -31.9     13995250   0   4000       500700
    26  0 1 199.69  5600.00 1   0.0 -31.6     14495200   0   3950       499950
    27  0 1 199.69  5600.00 1   0.0 -30.9     14995400   0   4000       500200
    28  0 1 199.69  5600.00 1   0.0 -30.6     15493500   0   3950       498100
    29  0 1 199.69  5698.75 1   0.0 -30.3     16494750   0   3950      1001250
    30  0 1 199.69  5700.00 1   0.0 -30.0     16996550   0   4000       501800
    31  0 1 199.69  5698.75 1   0.0 -30.0     17494950   0   3950       498400
    32  0 1 199.69  5700.00 1   0.0 -30.0     17997300   0   4000       502350
    33  0 1 199.69  5698.75 1   0.0 -30.3     18499250   0   4000       501950
    34  0 1 199.69  5700.00 1   0.0 -30.3     18998500   0   4000       499250
    35  0 1 199.69  5700.00 1   0.0 -30.6     19500600   0   3950       502100
    36  0 1 199.69  5800.00 1   0.0 -30.9     19999600   0   3950       499000
    37  0 1 199.69  5800.00 1   0.0 -31.6     20498050   0   3950       498450
    38  0 1 199.69  5800.00 1   0.0 -32.5     21497500   0   3950       999450
    39  0 1 199.69  5800.00 1   0.0 -33.1     21996200   0   4000       498700
    40  0 1 199.69  5800.00 1   0.0 -34.1     22498200   0   4000       502000
    41  0 1 199.69  5800.00 1   0.0 -34.7     22996900   0   4000       498700
    42  0 1 199.69  5800.00 1   0.0 -35.6     23494650   0   4000       497750
    43  0 1 199.69  5200.00 1   0.0 -36.6     23996500   0   4000       501850
    44  0 1 199.69  5198.75 1   0.0 -37.5     24496750   0   3950       500250
    45  0 1 199.69  5198.75 1   0.0 -38.8     24994250   0   3950       497500
    46  0 1 199.69  5200.00 1   0.0 -40.0     25491800   0   4000       497550
    47  0 1 199.69  5198.75 1   0.0 -42.5     26489150   0   3950       997350
    48  0 1 199.69  5200.00 1   0.0 -43.8     26989400   0   3950       500250
    49  0 1 199.69  5198.75 1   0.0 -45.0     27491300   0   4000       501900
    50  0 1 199.69  5300.00 1   0.0 -46.6     27989600   0   4000       498300
    51  0 1 199.69  5300.00 1   0.0 -47.8     28491950   0   4000       502350
    52  0 1 199.69  5300.00 1   0.0 -49.4     28989850   0   3950       497900
    53  0 1 199.69  5300.00 1   0.0 -50.9     29489950   0   3950       500100
    54  0 1 199.69  5300.00 1   0.0 -52.5     29990400   0   3950       500450
    55  0 1 199.69  5298.75 1   0.0 -54.4     30492250   0   4000       501850
    56  0 1 199.69  5298.75 1   0.0 -57.5     31491050   0   3950       998800
    57  0 1 199.69  5400.00 1   0.0 -59.4     31992950   0   3950       501900
    58  0 1 199.69  5398.75 1   0.0 -61.3     32494950   0   4000       502000
    59  0 1 199.69  5398.75 1   0.0 -62.8     32993200   0   3950       498250
    60  0 1 199.69  5398.75 1   0.0 -64.7     33494300   0   4000       501100
    61  0 1 199.69  5400.00 1   0.0 -66.6     33995350   0   3950       501050
    62  0 1 199.69  5400.00 1   0.0 -68.1     34496400   0   4000       501050
