    NO  S V  AOA    FREQ    B  FMOP  AMP      TOA      PMOP  PW         dTOA  
------ -- - ------ -------- - ----- ----- ------------ --- ------ ------------
     0  0 1 199.69  5298.75 1   0.0 -70.0            0   0   3950  42949673000
     1  0 1 199.69  5300.00 1   0.0 -68.1       501350   0   3950       501350
     2  0 1 199.69  5298.75 1   0.0 -66.6       999350   0   3950       498000
     3  0 1 199.69  5298.75 1   0.0 -64.7      1501700   0   3950       502350
     4  0 1 199.69  5300.00 1   0.0 -62.8      2001900   0   4000       500200
     5  0 1 199.69  5300.00 1   0.0 -61.3      2503300   0   4000       501400
     6  0 1 199.69  5300.00 1   0.0 -59.4      3002800   0   3950       499500
     7  0 1 199.69  5300.00 1   0.0 -57.5      3505050   0   3950       502250
     8  0 1 199.69  5398.75 1   0.0 -54.4      4507250   0   4000      1002200
     9  0 1 199.69  5400.00 1   0.0 -52.5      5007150   0   3950       499900
    10  0 1 199.69  5400.00 1   0.0 -50.9      5505550   0   3950       498400
    11  0 1 199.69  5398.75 1   0.0 -49.4      6004500   0   4000       498950
    12  0 1 199.69  5398.75 1   0.0 -47.8      6504900   0   4000       500400
    13  0 1 199.69  5400.00 1   0.0 -46.6      7006750   0   4000       501850
    14  0 1 199.69  5400.00 1   0.0 -45.0      7508500   0   3950       501750
    15  0 1 199.69  5500.00 1   0.0 -43.8      8008200   0   4000       499700
    16  0 1 199.69  5498.75 1   0.0 -42.5      8508450   0   4000       500250
    17  0 1 199.69  5498.75 1   0.0 -40.0      9508350   0   4000       999900
    18  0 1 199.69  5498.75 1   0.0 -38.8     10007100   0   3950       498750
    19  0 1 199.69  5500.00 1   0.0 -37.5     10506900   0   3950       499800
    20  0 1 199.69  5498.75 1   0.0 -36.6     11009300   0   3950       502400
    21  0 1 199.69  5498.75 1   0.0 -35.6     11509350   0   4000       500050
    22  0 1 199.69  5598.75 1   0.0 -34.7     12010200   0   4000       500850
    23  0 1 199.69  5600.00 1   0.0 -34.1     12510750   0   4000       500550
    24  0 1 199.69  5600.00 1   0.0 -33.1     13008450   0   3950       497700
    25  0 1 199.69  5600.00 1   0.0 -32.5     13510200   0   4000       501750
    26  0 1 199.69  5598.75 1   0.0 -31.6     14514450   0   4000      1004250
    27  0 1 199.69  5600.00 1   0.0 -30.9     15016350   0   4000       501900
    28  0 1 199.69  5600.00 1   0.0 -30.6     15518400   0   3950       502050
    29  0 1 199.69  5698.75 1   0.0 -30.3     16020350   0   4000       501950
    30  0 1 199.69  5700.00 1   0.0 -30.3     16521100   0   4000       500750
    31  0 1 199.69  5700.00 1   0.0 -30.0     17023050   0   3950       501950
    32  0 1 199.69  5698.75 1   0.0 -30.0     17521900   0   4000       498850
    33  0 1 199.69  5700.00 1   0.0 -30.0     18020300   0   3950       498400
    34  0 1 199.69  5700.00 1   0.0 -30.3     18520450   0   4000       500150
    35  0 1 199.69  5700.00 1   0.0 -30.6     19519900   0   3950       999450
    36  0 1 199.69  5800.00 1   0.0 -30.9     20018350   0   4000       498450
    37  0 1 199.69  5800.00 1   0.0 -31.6     20516300   0   3950       497950
    38  0 1 199.69  5798.75 1   0.0 -31.9     21015950   0   3950       499650
    39  0 1 199.69  5800.00 1   0.0 -32.5     21515900   0   4000       499950
    40  0 1 199.69  5798.75 1   0.0 -33.1     22015850   0   4000       499950
    41  0 1 199.69  5798.75 1   0.0 -34.1     22513550   0   3950       497700
    42  0 1 199.69  5800.00 1   0.0 -34.7     23012250   0   3950       498700
    43  0 1 199.69  5800.00 1   0.0 -35.6     23511850   0   3950       499600
    44  0 1 199.69  5198.75 1   0.0 -37.5     24512300   0   4000      1000450
    45  0 1 199.69  5200.00 1   0.0 -38.8     25014300   0   3950       502000
    46  0 1 199.69  5200.00 1   0.0 -40.0     25511850   0   3950       497550
    47  0 1 199.69  5200.00 1   0.0 -40.9     26013000   0   3950       501150
    48  0 1 199.69  5200.00 1   0.0 -42.5     26513750   0   3950       500750
    49  0 1 199.69  5200.00 1   0.0 -43.8     27012900   0   3950       499150
    50  0 1 199.69  5200.00 1   0.0 -45.0     27513000   0   4000       500100
    51  0 1 199.69  5300.00 1   0.0 -46.6     28013250   0   3950       500250
    52  0 1 199.69  5300.00 1   0.0 -47.8     28514450   0   4000       501200
    53  0 1 199.69  5298.75 1   0.0 -50.9     29516950   0   3950      1002500
    54  0 1 199.69  5298.75 1   0.0 -52.5     30014550   0   4000       497600
    55  0 1 199.69  5300.00 1   0.0 -54.4     30513850   0   3950       499300
    56  0 1 199.69  5300.00 1   0.0 -55.9     31014950   0   4000       501100
    57  0 1 199.69  5298.75 1   0.0 -57.5     31514500   0   3950       499550
    58  0 1 199.69  5398.75 1   0.0 -59.4     32013000   0   3950       498500
    59  0 1 199.69  5398.75 1   0.0 -61.3     32511050   0   3950       498050
    60  0 1 199.69  5400.00 1   0.0 -62.8     33010250   0   4000       499200
    61  0 1 199.69  5398.75 1   0.0 -64.7     33507950   0   3950       497700
    62  0 1 199.69  5400.00 1   0.0 -68.1     34506100   0   4000       998150
