    NO  S V  AOA    FREQ    B  FMOP  AMP      TOA      PMOP  PW         dTOA  
------ -- - ------ -------- - ----- ----- ------------ --- ------ ------------
     0  0 1 199.69  5298.75 1   0.0 -70.0            0   0   3950  42949673000
     1  0 1 199.69  5300.00 1   0.0 -68.1       502400   0   4000       502400
     2  0 1 199.69  5300.00 1   0.0 -66.6      1000400   0   3950       498000
     3  0 1 199.69  5300.00 1   0.0 -64.7      1501900   0   3950       501500
     4  0 1 199.69  5300.00 1   0.0 -62.8      2003000   0   4000       501100
     5  0 1 199.69  5300.00 1   0.0 -61.3      2504700   0   3950       501700
     6  0 1 199.69  5298.75 1   0.0 -57.5      3503250   0   3950       998550
     7  0 1 199.69  5400.00 1   0.0 -55.9      4005600   0   3950       502350
     8  0 1 199.69  5398.75 1   0.0 -54.4      4503500   0   3950       497900
     9  0 1 199.69  5398.75 1   0.0 -52.5      5003000   0   3950       499500
    10  0 1 199.69  5400.00 1   0.0 -50.9      5504100   0   4000       501100
    11  0 1 199.69  5400.00 1   0.0 -49.4      6004800   0   3950       500700
    12  0 1 199.69  5398.75 1   0.0 -47.8      6506650   0   4000       501850
    13  0 1 199.69  5400.00 1   0.0 -46.6      7009100   0   4000       502450
    14  0 1 199.69  5400.00 1   0.0 -45.0      7507900   0   4000       498800
    15  0 1 199.69  5498.75 1   0.0 -42.5      8509950   0   3950      1002050
    16  0 1 199.69  5500.00 1   0.0 -40.9      9008000   0   4000       498050
    17  0 1 199.69  5500.00 1   0.0 -40.0      9507050   0   3950       499050
    18  0 1 199.69  5500.00 1   0.0 -38.8     10004700   0   3950       497650
    19  0 1 199.69  5500.00 1   0.0 -37.5     10506200   0   3950       501500
    20  0 1 199.69  5500.00 1   0.0 -36.6     11004500   0   4000       498300
    21  0 1 199.69  5500.00 1   0.0 -35.6     11504400   0   3950       499900
    22  0 1 199.69  5600.00 1   0.0 -34.7     12006200   0   4000       501800
    23  0 1 199.69  5598.75 1   0.0 -34.1     12507050   0   3950       500850
    24  0 1 199.69  5600.00 1   0.0 -32.5     13507750   0   4000      1000700
    25  0 1 199.69  5598.75 1   0.0 -31.9     14010200   0   4000       502450
    26  0 1 199.69  5598.75 1   0.0 -31.6     14510600   0   3950       500400
    27  0 1 199.69  5600.00 1   0.0 -30.9     15012100   0   3950       501500
    28  0 1 199.69  5598.75 1   0.0 -30.6     15513300   0   3950       501200
    29  0 1 199.69  5700.00 1   0.0 -30.3     16011550   0   3950       498250
    30  0 1 199.69  5698.75 1   0.0 -30.3     16513450   0   3950       501900
    31  0 1 199.69  5700.00 1   0.0 -30.0     17011250   0   3950       497800
    32  0 1 199.69  5700.00 1   0.0 -30.0     17512650   0   4000       501400
    33  0 1 199.69  5700.00 1   0.0 -30.3     18512500   0   4000       999850
    34  0 1 199.69  5698.75 1   0.0 -30.3     19014200   0   3950       501700
    35  0 1 199.69  5698.75 1   0.0 -30.6     19512800   0   3950       498600
    36  0 1 199.69  5798.75 1   0.0 -30.9     20010350   0   3950       497550
    37  0 1 199.69  5800.00 1   0.0 -31.6     20510000   0   3950       499650
    38  0 1 199.69  5798.75 1   0.0 -31.9     21011700   0   4000       501700
    39  0 1 199.69  5800.00 1   0.0 -32.5     21513050   0   4000       501350
    40  0 1 199.69  5798.75 1   0.0 -33.1     22015050   0   3950       502000
    41  0 1 199.69  5798.75 1   0.0 -34.1     22512750   0   4000       497700
    42  0 1 199.69  5800.00 1   0.0 -35.6     23515200   0   3950      1002450
    43  0 1 199.69  5200.00 1   0.0 -36.6     24016950   0   4000       501750
    44  0 1 199.69  5200.00 1   0.0 -37.5     24517400   0   4000       500450
    45  0 1 199.69  5198.75 1   0.0 -38.8     25019100   0   3950       501700
    46  0 1 199.69  5200.00 1   0.0 -40.0     25517850   0   4000       498750
    47  0 1 199.69  5200.00 1   0.0 -40.9     26016100   0   4000       498250
    48  0 1 199.69  5200.00 1   0.0 -42.5     26515650   0   3950       499550
    49  0 1 199.69  5200.00 1   0.0 -43.8     27013900   0   4000       498250
    50  0 1 199.69  5200.00 1   0.0 -45.0     27513550   0   3950       499650
    51  0 1 199.69  5298.75 1   0.0 -47.8     28515450   0   3950      1001900
    52  0 1 199.69  5300.00 1   0.0 -49.4     29016450   0   3950       501000
    53  0 1 199.69  5300.00 1   0.0 -50.9     29518100   0   4000       501650
    54  0 1 199.69  5300.00 1   0.0 -52.5     30016850   0   4000       498750
    55  0 1 199.69  5298.75 1   0.0 -54.4     30516750   0   3950       499900
    56  0 1 199.69  5298.75 1   0.0 -55.9     31017300   0   4000       500550
    57  0 1 199.69  5300.00 1   0.0 -57.5     31517850   0   4000       500550
    58  0 1 199.69  5400.00 1   0.0 -59.4     32020100   0   3950       502250
    59  0 1 199.69  5398.75 1   0.0 -61.3     32521550   0   3950       501450
    60  0 1 199.69  5400.00 1   0.0 -64.7     33520250   0   4000       998700
    61  0 1 199.69  5400.00 1   0.0 -66.6     34020450   0   3950       500200
    62  0 1 199.69  5400.00 1   0.0 -68.1     34518350   0   4000       497900
