    NO  S V  AOA    FREQ    B  FMOP  AMP      TOA      PMOP  PW         dTOA  
------ -- - ------ -------- - ----- ----- ------------ --- ------ ------------
     0  0 1  94.57 10006.00 2   0.0 -70.0            0   0   1350  42949673000
     1  0 1  95.27 10009.00 2   0.0 -69.4      1000400   0   1350      1000400
     2  0 1  94.92 10013.50 2   0.0 -68.8      2046700   0   1750      1046300
     3  0 1  94.57 10025.50 2   0.0 -67.5      4260850   0   1600      2214150
     4  0 1  94.22 10030.00 2   0.0 -66.9      5405950   0   1600      1145100
     5  0 1  95.27 10034.50 2   0.0 -66.3      6553850   0   1700      1147900
     6  0 1  94.22 10039.00 2   0.0 -65.6      7686300   0   1450      1132450
     7  0 1  94.22 10045.00 2   0.0 -65.0      8785200   0   1750      1098900
     8  0 1  94.22 10051.00 2   0.0 -64.4      9840350   0   1550      1055150
     9  0 1  95.27 10054.00 2   0.0 -63.8     10847200   0   1750      1006850
    10  0 1  95.62 10060.00 2   0.0 -63.1     11807250   0   1650       960050
    11  0 1  94.57 10063.00 2   0.0 -62.5     12726150   0   1450       918900
    12  0 1  95.62 10075.00 2   0.0 -61.3     14476150   0   1350      1750000
    13  0 1  94.92 10078.00 2   0.0 -60.6     15328200   0   1800       852050
    14  0 1  94.22 10084.00 2   0.0 -60.0     16177900   0   1500       849700
    15  0 1  94.22 10088.50 2   0.0 -59.4     17037950   0   1750       860050
    16  0 1  94.92 10094.50 2   0.0 -58.8     17916550   0   1450       878600
    17  0 1  95.27 10099.00 2   0.0 -58.1     18824650   0   1500       908100
    18  0 1  94.92 10105.00 2   0.0 -57.5     19769450   0   1750       944800
    19  0 1  95.62 10111.00 2   0.0 -57.2     20758050   0   1400       988600
    20  0 1  94.22 10114.00 2   0.0 -56.6     21793150   0   1400      1035100
    21  0 1  94.22 10123.00 2   0.0 -55.3     23990200   0   1400      2197050
    22  0 1  94.22  9880.00 2   0.0 -54.7     25132500   0   1400      1142300
    23  0 1  95.27  9884.50 2   0.0 -54.1     26281200   0   1550      1148700
    24  0 1  95.27  9889.00 2   0.0 -53.4     27419350   0   1700      1138150
    25  0 1  95.62  9895.00 2   0.0 -53.1     28527150   0   1350      1107800
    26  0 1  95.27  9898.00 2   0.0 -52.5     29592900   0   1600      1065750
    27  0 1  94.92  9904.00 2   0.0 -51.9     30611650   0   1800      1018750
    28  0 1  94.92  9910.00 2   0.0 -51.3     31582750   0   1400       971100
    29  0 1  94.57  9916.00 2   0.0 -50.6     32510950   0   1600       928200
    30  0 1  94.22  9925.00 2   0.0 -49.7     34272250   0   1500      1761300
    31  0 1  94.57  9929.50 2   0.0 -49.1     35125350   0   1800       853100
    32  0 1  94.92  9934.00 2   0.0 -48.4     35975000   0   1650       849650
    33  0 1  94.92  9940.00 2   0.0 -48.1     36831250   0   1350       856250
    34  0 1  94.22  9943.00 2   0.0 -47.5     37705450   0   1500       874200
    35  0 1  95.62  9949.00 2   0.0 -46.9     38605250   0   1350       899800
    36  0 1  94.22  9953.50 2   0.0 -46.6     39541300   0   1400       936050
    37  0 1  94.22  9959.50 2   0.0 -45.9     40519050   0   1650       977750
    38  0 1  94.22  9964.00 2   0.0 -45.6     41542600   0   1800      1023550
    39  0 1  94.22  9974.50 2   0.0 -44.4     43721100   0   1350      2178500
    40  0 1  94.92  9979.00 2   0.0 -44.1     44858800   0   1650      1137700
    41  0 1  94.57  9985.00 2   0.0 -43.4     46008050   0   1600      1149250
    42  0 1  95.27  9991.00 2   0.0 -43.1     47150150   0   1350      1142100
    43  0 1  94.92  9994.00 2   0.0 -42.5     48267600   0   1400      1117450
    44  0 1  94.92  9998.50 2   0.0 -42.2     49344650   0   1600      1077050
    45  0 1  94.92 10004.50 2   0.0 -41.6     50374700   0   1450      1030050
    46  0 1  94.57 10009.00 2   0.0 -41.3     51356550   0   1800       981850
    47  0 1  94.22 10013.50 2   0.0 -40.9     52293850   0   1500       937300
    48  0 1  94.92 10024.00 2   0.0 -40.0     54068200   0   1450      1774350
    49  0 1  95.62 10030.00 2   0.0 -39.7     54924300   0   1800       856100
    50  0 1  95.27 10036.00 2   0.0 -39.1     55774200   0   1800       849900
    51  0 1  94.57 10039.00 2   0.0 -38.8     56627800   0   1650       853600
    52  0 1  94.57 10045.00 2   0.0 -38.4     57496350   0   1500       868550
    53  0 1  95.27 10051.00 2   0.0 -38.1     58389050   0   1500       892700
    54  0 1  95.27 10054.00 2   0.0 -37.5     59315900   0   1750       926850
    55  0 1  94.22 10060.00 2   0.0 -37.2     60283650   0   1350       967750
    56  0 1  94.92 10066.00 2   0.0 -36.9     61296800   0   1650      1013150
    57  0 1  94.57 10073.50 2   0.0 -36.3     63456350   0   1400      2159550
    58  0 1  94.92 10079.50 2   0.0 -35.9     64588300   0   1600      1131950
    59  0 1  94.57 10084.00 2   0.0 -35.6     65736500   0   1600      1148200
    60  0 1  94.92 10090.00 2   0.0 -35.3     66882700   0   1800      1146200
    61  0 1  95.27 10096.00 2   0.0 -35.0     68007000   0   1700      1124300
    62  0 1  94.22 10099.00 2   0.0 -34.7     69094250   0   1500      1087250
    63  0 1  94.57 10105.00 2   0.0 -34.4     70136050   0   1400      1041800
    64  0 1  94.57 10108.00 2   0.0 -34.1     71128600   0   1600       992550
    65  0 1  94.57 10114.00 2   0.0 -33.8     72075250   0   1450       946650
    66  0 1  94.92 10124.50 2   0.0 -33.4     73862400   0   1350      1787150
    67  0 1  94.57  9880.00 2   0.0 -33.1     74721500   0   1500       859100
    68  0 1  94.92  9884.50 2   0.0 -32.8     75571900   0   1700       850400
    69  0 1  94.22  9890.50 2   0.0 -32.5     76423750   0   1800       851850
    70  0 1  95.27  9893.50 2   0.0 -32.5     77288150   0   1450       864400
    71  0 1  95.62  9898.00 2   0.0 -32.2     78175600   0   1750       887450
    72  0 1  95.62  9904.00 2   0.0 -31.9     79094000   0   1700       918400
    73  0 1  95.62  9910.00 2   0.0 -31.9     80050650   0   1550       956650
    74  0 1  95.62  9913.00 2   0.0 -31.6     81052600   0   1500      1001950
    75  0 1  94.57  9925.00 2   0.0 -31.3     83191700   0   1400      2139100
    76  0 1  95.27  9929.50 2   0.0 -31.3     84317450   0   1550      1125750
    77  0 1  94.57  9935.50 2   0.0 -30.9     85463850   0   1800      1146400
    78  0 1  94.57  9938.50 2   0.0 -30.9     86611850   0   1550      1148000
    79  0 1  95.27  9944.50 2   0.0 -30.6     87742650   0   1550      1130800
    80  0 1  94.92  9949.00 2   0.0 -30.6     88839650   0   1400      1097000
    81  0 1  95.62  9953.50 2   0.0 -30.6     89892250   0   1700      1052600
    82  0 1  94.57  9959.50 2   0.0 -30.3     90897700   0   1450      1005450
    83  0 1  94.57  9964.00 2   0.0 -30.3     91855650   0   1550       957950
    84  0 1  95.62  9974.50 2   0.0 -30.3     93657700   0   1400      1802050
    85  0 1  94.57  9980.50 2   0.0 -30.0     94520650   0   1350       862950
    86  0 1  94.57  9985.00 2   0.0 -30.0     95371750   0   1600       851100
    87  0 1  95.62  9991.00 2   0.0 -30.0     96222850   0   1650       851100
    88  0 1  95.27  9995.50 2   0.0 -30.0     97083100   0   1400       860250
    89  0 1  94.92  9998.50 2   0.0 -30.0     97962800   0   1400       879700
    90  0 1  94.22 10006.00 2   0.0 -30.0     98872550   0   1650       909750
    91  0 1  94.92 10010.50 2   0.0 -30.0     99819800   0   1450       947250
    92  0 1  94.22 10015.00 2   0.0 -30.0    100811000   0   1450       991200
    93  0 1  94.92 10025.50 2   0.0 -30.0    102929100   0   1600      2118100
    94  0 1  95.27 10028.50 2   0.0 -30.0    104047650   0   1800      1118550
    95  0 1  94.92 10036.00 2   0.0 -30.3    105190950   0   1800      1143300
    96  0 1  95.27 10040.50 2   0.0 -30.3    106340350   0   1500      1149400
    97  0 1  94.92 10045.00 2   0.0 -30.3    107476000   0   1650      1135650
    98  0 1  94.92 10048.00 2   0.0 -30.3    108582000   0   1450      1106000
    99  0 1  95.62 10054.00 2   0.0 -30.6    109645550   0   1450      1063550
   100  0 1  95.27 10058.50 2   0.0 -30.6    110661800   0   1400      1016250
   101  0 1  94.22 10066.00 2   0.0 -30.6    111630600   0   1550       968800
   102  0 1  94.92 10075.00 2   0.0 -30.9    113448450   0   1400      1817850
   103  0 1  95.62 10081.00 2   0.0 -31.3    114315600   0   1550       867150
   104  0 1  94.22 10084.00 2   0.0 -31.3    115169050   0   1500       853450
   105  0 1  95.27 10088.50 2   0.0 -31.6    116019350   0   1350       850300
   106  0 1  95.27 10093.00 2   0.0 -31.6    116876700   0   1700       857350
   107  0 1  94.22 10100.50 2   0.0 -31.9    117751850   0   1750       875150
   108  0 1  94.57 10105.00 2   0.0 -31.9    118654050   0   1400       902200
   109  0 1  94.92 10108.00 2   0.0 -32.2    119591900   0   1350       937850
   110  0 1  95.27 10115.50 2   0.0 -32.5    120571650   0   1400       979750
   111  0 1  94.92 10124.50 2   0.0 -32.8    122670050   0   1650      2098400
   112  0 1  94.22  9878.50 2   0.0 -33.1    123780800   0   1800      1110750
   113  0 1  94.92  9883.00 2   0.0 -33.4    124920100   0   1700      1139300
   114  0 1  94.57  9890.50 2   0.0 -33.4    126068800   0   1400      1148700
   115  0 1  95.27  9895.00 2   0.0 -33.8    127210250   0   1400      1141450
   116  0 1  95.27  9901.00 2   0.0 -34.1    128324950   0   1750      1114700
   117  0 1  95.62  9905.50 2   0.0 -34.4    129400100   0   1600      1075150
   118  0 1  95.62  9910.00 2   0.0 -34.7    130428400   0   1500      1028300
   119  0 1  94.57  9916.00 2   0.0 -35.0    131407300   0   1550       978900
   120  0 1  94.92  9925.00 2   0.0 -35.6    133240700   0   1400      1833400
   121  0 1  95.27  9929.50 2   0.0 -35.9    134112350   0   1650       871650
   122  0 1  94.22  9935.50 2   0.0 -36.3    134967550   0   1700       855200
   123  0 1  94.22  9938.50 2   0.0 -36.6    135817250   0   1350       849700
   124  0 1  95.62  9943.00 2   0.0 -36.9    136671600   0   1400       854350
   125  0 1  94.92  9949.00 2   0.0 -37.2    137541750   0   1550       870150
   126  0 1  94.57  9955.00 2   0.0 -37.5    138436300   0   1500       894550
   127  0 1  95.27  9959.50 2   0.0 -38.1    139365750   0   1550       929450
   128  0 1  95.27  9964.00 2   0.0 -38.4    140335350   0   1500       969600
   129  0 1  94.22  9976.00 2   0.0 -39.1    142412250   0   1800      2076900
   130  0 1  94.22  9980.50 2   0.0 -39.7    143515300   0   1500      1103050
   131  0 1  94.57  9983.50 2   0.0 -40.0    144648600   0   1750      1133300
   132  0 1  95.27  9991.00 2   0.0 -40.3    145797450   0   1750      1148850
   133  0 1  95.27  9994.00 2   0.0 -40.9    146942750   0   1600      1145300
   134  0 1  94.22 10000.00 2   0.0 -41.3    148065050   0   1650      1122300
   135  0 1  95.27 10004.50 2   0.0 -41.6    149149800   0   1400      1084750
   136  0 1  95.27 10010.50 2   0.0 -42.2    150188750   0   1600      1038950
   137  0 1  94.22 10013.50 2   0.0 -42.5    151179550   0   1650       990800
   138  0 1  94.22 10024.00 2   0.0 -43.4    153031600   0   1450      1852050
   139  0 1  94.92 10030.00 2   0.0 -44.1    153909000   0   1500       877400
   140  0 1  95.62 10033.00 2   0.0 -44.4    154767100   0   1450       858100
   141  0 1  94.22 10040.50 2   0.0 -45.0    155617250   0   1750       850150
   142  0 1  94.92 10045.00 2   0.0 -45.6    156469100   0   1400       851850
   143  0 1  95.62 10051.00 2   0.0 -45.9    157334150   0   1400       865050
   144  0 1  94.22 10055.50 2   0.0 -46.6    158222400   0   1650       888250
   145  0 1  95.27 10060.00 2   0.0 -46.9    159142350   0   1400       919950
   146  0 1  95.62 10064.50 2   0.0 -47.5    160102200   0   1550       959850
   147  0 1  94.92 10075.00 2   0.0 -48.4    162156800   0   1800      2054600
   148  0 1  94.22 10081.00 2   0.0 -49.1    163250850   0   1350      1094050
   149  0 1  94.57 10084.00 2   0.0 -49.7    164377400   0   1550      1126550
   150  0 1  95.62 10090.00 2   0.0 -50.3    165523950   0   1550      1146550
   151  0 1  95.27 10093.00 2   0.0 -50.6    166670900   0   1350      1146950
   152  0 1  94.22 10099.00 2   0.0 -51.3    167799400   0   1400      1128500
   153  0 1  95.62 10105.00 2   0.0 -51.9    168894600   0   1750      1095200
   154  0 1  95.62 10111.00 2   0.0 -52.5    169945350   0   1450      1050750
   155  0 1  94.22 10114.00 2   0.0 -53.1    170947200   0   1600      1001850
   156  0 1  95.27 10123.00 2   0.0 -54.1    172818600   0   1750      1871400
   157  0 1  94.57  9878.50 2   0.0 -54.7    173701750   0   1750       883150
   158  0 1  95.62  9886.00 2   0.0 -55.3    174564150   0   1750       862400
   159  0 1  94.92  9890.50 2   0.0 -55.9    175414950   0   1750       850800
   160  0 1  94.92  9895.00 2   0.0 -56.6    176265900   0   1400       850950
   161  0 1  94.22  9898.00 2   0.0 -57.2    177126500   0   1500       860600
   162  0 1  94.57  9904.00 2   0.0 -57.5    178008500   0   1500       882000
   163  0 1  94.22  9910.00 2   0.0 -58.1    178920100   0   1750       911600
   164  0 1  94.92  9913.00 2   0.0 -58.8    179870450   0   1700       950350
   165  0 1  95.62  9925.00 2   0.0 -60.0    181903750   0   1500      2033300
   166  0 1  95.62  9931.00 2   0.0 -60.6    182988000   0   1700      1084250
   167  0 1  94.92  9934.00 2   0.0 -61.3    184108700   0   1450      1120700
   168  0 1  94.57  9938.50 2   0.0 -61.9    185252200   0   1350      1143500
   169  0 1  94.57  9946.00 2   0.0 -62.5    186400800   0   1450      1148600
   170  0 1  94.22  9949.00 2   0.0 -63.1    187536150   0   1600      1135350
   171  0 1  95.27  9953.50 2   0.0 -63.8    188640600   0   1700      1104450
   172  0 1  94.22  9959.50 2   0.0 -64.4    189702850   0   1500      1062250
   173  0 1  94.22  9965.50 2   0.0 -65.0    190715550   0   1800      1012700
   174  0 1  94.92  9976.00 2   0.0 -66.3    192605250   0   1400      1889700
   175  0 1  95.27  9979.00 2   0.0 -66.9    193494900   0   1750       889650
   176  0 1  94.92  9985.00 2   0.0 -67.5    194361150   0   1400       866250
   177  0 1  95.62  9988.00 2   0.0 -68.1    195214000   0   1450       852850
   178  0 1  94.92  9994.00 2   0.0 -68.8    196063750   0   1650       849750
   179  0 1  95.62 10000.00 2   0.0 -69.4    196921900   0   1650       858150
