    NO  S V  AOA    FREQ    B  FMOP  AMP      TOA      PMOP  PW         dTOA  
------ -- - ------ -------- - ----- ----- ------------ --- ------ ------------
     0  0 1  94.57 10060.00 2   0.0 -70.0            0   0   1300  42949673000
     1  0 1  94.92 10048.00 2   0.0 -67.5       999800   0   1350       999800
     2  0 1  94.22  9991.00 2   0.0 -65.0      2009850   0   1150      1010050
     3  0 1  95.62  9976.00 2   0.0 -62.5      3029550   0   1350      1019700
     4  0 1  94.92  9934.00 2   0.0 -57.5      5099700   0   1250      2070150
     5  0 1  95.62 10060.00 2   0.0 -55.3      6149900   0   1350      1050200
     6  0 1  95.27 10057.00 2   0.0 -53.1      7210150   0   1100      1060250
     7  0 1  94.92 10064.50 2   0.0 -50.6      8280350   0   1500      1070200
     8  0 1  94.92 10015.00 2   0.0 -48.4      9280300   0   1150       999950
     9  0 1  94.57 10036.00 2   0.0 -46.6     10290600   0   1200      1010300
    10  0 1  95.27 10033.00 2   0.0 -44.4     11310800   0   1050      1020200
    11  0 1  94.92  9965.50 2   0.0 -42.5     12341000   0   1400      1030200
    12  0 1  95.27 10046.50 2   0.0 -40.9     13381250   0   1250      1040250
    13  0 1  95.62 10045.00 2   0.0 -37.5     15490750   0   1150      2109500
    14  0 1  94.92  9961.00 2   0.0 -36.3     16560600   0   1100      1069850
    15  0 1  95.62  9989.50 2   0.0 -35.0     17560850   0   1400      1000250
    16  0 1  94.92  9994.00 2   0.0 -33.8     18570600   0   1250      1009750
    17  0 1  95.27 10025.50 2   0.0 -32.8     19590900   0   1500      1020300
    18  0 1  94.57  9973.00 2   0.0 -31.9     20620700   0   1450      1029800
    19  0 1  94.22 10060.00 2   0.0 -31.3     21660450   0   1150      1039750
    20  0 1  95.27 10009.00 2   0.0 -30.6     22710850   0   1150      1050400
    21  0 1  94.22 10033.00 2   0.0 -30.3     23770800   0   1200      1059950
    22  0 1  95.62 10051.00 2   0.0 -30.0     25840700   0   1150      2069900
    23  0 1  95.27  9995.50 2   0.0 -30.0     26850250   0   1400      1009550
    24  0 1  94.92  9988.00 2   0.0 -30.3     27870200   0   1100      1019950
    25  0 1  94.57 10013.50 2   0.0 -30.6     28900250   0   1350      1030050
    26  0 1  95.27  9943.00 2   0.0 -31.3     29940550   0   1300      1040300
    27  0 1  94.22  9935.50 2   0.0 -31.9     30990200   0   1150      1049650
    28  0 1  95.27 10013.50 2   0.0 -32.8     32050400   0   1350      1060200
    29  0 1  95.62  9959.50 2   0.0 -33.8     33120450   0   1450      1070050
    30  0 1  94.22  9949.00 2   0.0 -35.0     34120000   0   1100       999550
    31  0 1  95.27  9974.50 2   0.0 -37.5     36150250   0   1150      2030250
    32  0 1  94.57  9967.00 2   0.0 -39.1     37180450   0   1450      1030200
    33  0 1  94.92 10063.00 2   0.0 -40.9     38220900   0   1150      1040450
    34  0 1  94.57 10054.00 2   0.0 -42.5     39270550   0   1400      1049650
    35  0 1  94.92  9941.50 2   0.0 -44.4     40330950   0   1050      1060400
    36  0 1  94.57  9985.00 2   0.0 -46.6     41400700   0   1200      1069750
    37  0 1  94.22 10033.00 2   0.0 -48.4     42400750   0   1050      1000050
    38  0 1  94.92  9922.00 2   0.0 -50.6     43410750   0   1150      1010000
    39  0 1  94.57 10060.00 2   0.0 -53.1     44430750   0   1450      1020000
    40  0 1  94.22  9943.00 2   0.0 -57.5     46500700   0   1200      2069950
    41  0 1  94.22  9934.00 2   0.0 -60.0     47550900   0   1050      1050200
    42  0 1  95.27 10078.00 2   0.0 -62.5     48610700   0   1350      1059800
    43  0 1  94.92  9983.50 2   0.0 -65.0     49680700   0   1200      1070000
    44  0 1  94.92  9958.00 2   0.0 -67.5     50680450   0   1250       999750
