    NO  S V  AOA    FREQ    B  FMOP  AMP      TOA      PMOP  PW         dTOA  
------ -- - ------ -------- - ----- ----- ------------ --- ------ ------------
     0  0 1  94.92  9964.00 2   0.0 -67.5       999700   0   1450  42950672700
     1  0 1  95.62  9922.00 2   0.0 -65.0      2009250   0   1500      1009550
     2  0 1  94.22 10015.00 2   0.0 -62.5      3029000   0   1050      1019750
     3  0 1  95.62 10018.00 2   0.0 -60.0      4059400   0   1250      1030400
     4  0 1  95.62 10000.00 2   0.0 -57.5      5099400   0   1250      1040000
     5  0 1  95.27 10018.00 2   0.0 -55.3      6149800   0   1200      1050400
     6  0 1  95.27 10012.00 2   0.0 -53.1      7209550   0   1400      1059750
     7  0 1  95.27 10015.00 2   0.0 -50.6      8279500   0   1450      1069950
     8  0 1  95.27  9970.00 2   0.0 -48.4      9279650   0   1350      1000150
     9  0 1  94.57 10028.50 2   0.0 -44.4     11309650   0   1050      2030000
    10  0 1  94.57  9973.00 2   0.0 -42.5     12339450   0   1050      1029800
    11  0 1  94.92  9995.50 2   0.0 -40.9     13379800   0   1100      1040350
    12  0 1  94.92 10075.00 2   0.0 -39.1     14429650   0   1050      1049850
    13  0 1  94.92  9946.00 2   0.0 -37.5     15489850   0   1500      1060200
    14  0 1  95.27 10036.00 2   0.0 -36.3     16560000   0   1250      1070150
    15  0 1  94.92  9965.50 2   0.0 -35.0     17559500   0   1200       999500
    16  0 1  94.22  9988.00 2   0.0 -33.8     18569750   0   1150      1010250
    17  0 1  94.92 10045.00 2   0.0 -32.8     19589500   0   1350      1019750
    18  0 1  94.92 10066.00 2   0.0 -31.3     21659350   0   1350      2069850
    19  0 1  94.57 10006.00 2   0.0 -30.6     22708900   0   1150      1049550
    20  0 1  95.62 10030.00 2   0.0 -30.3     23768700   0   1450      1059800
    21  0 1  94.22 10027.00 2   0.0 -30.0     24838500   0   1500      1069800
    22  0 1  94.92 10069.00 2   0.0 -30.0     25838000   0   1150       999500
    23  0 1  94.92 10054.00 2   0.0 -30.0     26847550   0   1450      1009550
    24  0 1  94.57  9935.50 2   0.0 -30.3     27867350   0   1250      1019800
    25  0 1  94.92 10003.00 2   0.0 -30.6     28896900   0   1100      1029550
    26  0 1  95.62 10019.50 2   0.0 -31.3     29937150   0   1500      1040250
    27  0 1  94.92 10025.50 2   0.0 -32.8     32047250   0   1300      2110100
    28  0 1  94.22 10000.00 2   0.0 -33.8     33117050   0   1050      1069800
    29  0 1  95.27 10036.00 2   0.0 -35.0     34117500   0   1200      1000450
    30  0 1  95.27 10034.50 2   0.0 -36.3     35127050   0   1100      1009550
    31  0 1  94.92 10060.00 2   0.0 -37.5     36147200   0   1400      1020150
    32  0 1  94.92 10048.00 2   0.0 -39.1     37176850   0   1200      1029650
    33  0 1  94.57 10006.00 2   0.0 -40.9     38216950   0   1450      1040100
    34  0 1  94.92 10033.00 2   0.0 -42.5     39267000   0   1200      1050050
    35  0 1  94.57  9977.50 2   0.0 -44.4     40326500   0   1350      1059500
    36  0 1  94.92 10058.50 2   0.0 -48.4     42396100   0   1250      2069600
    37  0 1  95.62  9985.00 2   0.0 -50.6     43406050   0   1100      1009950
    38  0 1  94.22 10064.50 2   0.0 -53.1     44426450   0   1400      1020400
    39  0 1  95.27 10018.00 2   0.0 -55.3     45456350   0   1300      1029900
    40  0 1  94.22 10006.00 2   0.0 -57.5     46496350   0   1050      1040000
    41  0 1  94.57 10052.50 2   0.0 -60.0     47545850   0   1050      1049500
    42  0 1  94.22  9970.00 2   0.0 -62.5     48605600   0   1200      1059750
    43  0 1  94.57 10027.00 2   0.0 -65.0     49675450   0   1450      1069850
    44  0 1  94.57 10031.50 2   0.0 -67.5     50675300   0   1250       999850
