    NO  S V  AOA    FREQ    B  FMOP  AMP      TOA      PMOP  PW         dTOA  
------ -- - ------ -------- - ----- ----- ------------ --- ------ ------------
     0  0 1  95.27  9979.00 2   0.0 -70.0            0   0   1000  42949673000
     1  0 1  95.62  9980.50 2   0.0 -68.8      2079800   0   1300      2079800
     2  0 1  95.27  9980.50 2   0.0 -68.1      3120000   0   1350      1040200
     3  0 1  94.92  9980.50 2   0.0 -67.5      4100350   0   1200       980350
     4  0 1  95.62  9979.00 2   0.0 -66.9      5080350   0    950       980000
     5  0 1  94.92  9980.50 2   0.0 -66.3      6060750   0    950       980400
     6  0 1  94.92  9980.50 2   0.0 -65.6      7030650   0   1150       969900
     7  0 1  94.92 10018.00 2   0.0 -65.0      8060700   0   1350      1030050
     8  0 1  94.92 10019.50 2   0.0 -64.4      8060700   0   1400            0
     9  0 1  94.92 10019.50 2   0.0 -63.8      8060400   0   1250 214748364500
    10  0 1  94.22 10021.00 2   0.0 -62.5     10140200   0   1350      2079800
    11  0 1  94.57 10021.00 2   0.0 -61.9     11180650   0   1100      1040450
    12  0 1  94.57 10019.50 2   0.0 -61.3     12160250   0   1000       979600
    13  0 1  95.27 10018.00 2   0.0 -60.6     13140700   0   1050       980450
    14  0 1  94.92 10018.00 2   0.0 -60.0     14120950   0   1400       980250
    15  0 1  95.62 10018.00 2   0.0 -59.4     15090750   0   1150       969800
    16  0 1  95.27 10021.00 2   0.0 -58.8     16121200   0   1000      1030450
    17  0 1  94.22 10018.00 2   0.0 -58.1     16121150   0    950 214748364750
    18  0 1  95.62 10019.50 2   0.0 -57.5     16121300   0   1100          150
    19  0 1  95.62 10018.00 2   0.0 -56.6     18200650   0   1000      2079350
    20  0 1  95.27 10018.00 2   0.0 -55.9     19240500   0   1150      1039850
    21  0 1  95.27  9998.50 2   0.0 -55.3     20220300   0   1200       979800
    22  0 1  94.22 10000.00 2   0.0 -54.7     21200150   0   1050       979850
    23  0 1  94.92  9998.50 2   0.0 -54.1     22180050   0   1050       979900
    24  0 1  94.57 10000.00 2   0.0 -53.4     23149650   0   1100       969600
    25  0 1  94.22 10000.00 2   0.0 -53.1     24179400   0   1100      1029750
    26  0 1  94.57 10000.00 2   0.0 -52.5     24179200   0   1050 214748364600
    27  0 1  95.62  9998.50 2   0.0 -51.9     24178950   0   1150 214748364550
    28  0 1  95.27  9970.00 2   0.0 -50.6     26259300   0   1250      2080350
    29  0 1  94.57  9968.50 2   0.0 -50.3     27299400   0    950      1040100
    30  0 1  95.62  9970.00 2   0.0 -49.7     28279600   0   1000       980200
    31  0 1  94.57  9968.50 2   0.0 -49.1     29259400   0    950       979800
    32  0 1  94.57  9970.00 2   0.0 -48.4     30239850   0   1300       980450
    33  0 1  94.22  9968.50 2   0.0 -48.1     31210150   0   1000       970300
    34  0 1  94.57  9970.00 2   0.0 -47.5     32239700   0   1100      1029550
    35  0 1  95.27  9970.00 2   0.0 -46.9     32240000   0   1350          300
    36  0 1  95.62  9961.00 2   0.0 -46.6     32240350   0   1350          350
    37  0 1  95.27  9961.00 2   0.0 -45.6     34320700   0   1250      2080350
    38  0 1  94.92  9959.50 2   0.0 -45.0     35360550   0   1150      1039850
    39  0 1  94.22  9958.00 2   0.0 -44.4     36340900   0   1200       980350
    40  0 1  94.22  9961.00 2   0.0 -44.1     37321150   0    950       980250
    41  0 1  94.92  9961.00 2   0.0 -43.4     38301550   0    950       980400
    42  0 1  95.27  9958.00 2   0.0 -43.1     39271850   0   1300       970300
    43  0 1  94.22  9979.00 2   0.0 -42.5     40302050   0   1250      1030200
    44  0 1  94.57  9980.50 2   0.0 -42.2     40302300   0   1300          250
    45  0 1  94.92  9980.50 2   0.0 -41.6     40302300   0   1150            0
    46  0 1  94.22  9979.00 2   0.0 -40.9     42382600   0   1000      2080300
    47  0 1  95.27  9979.00 2   0.0 -40.3     43422600   0   1150      1040000
    48  0 1  94.92  9979.00 2   0.0 -40.0     44402500   0    950       979900
    49  0 1  94.57  9980.50 2   0.0 -39.7     45382100   0   1250       979600
    50  0 1  95.27 10030.00 2   0.0 -39.1     46361650   0   1200       979550
    51  0 1  95.27 10030.00 2   0.0 -38.8     47331200   0   1400       969550
    52  0 1  94.22 10030.00 2   0.0 -38.4     48361300   0   1100      1030100
    53  0 1  95.27 10028.50 2   0.0 -38.1     48360850   0   1000 214748364350
    54  0 1  95.62 10030.00 2   0.0 -37.5     48360500   0   1050 214748364450
    55  0 1  95.27 10030.00 2   0.0 -36.9     50439550   0   1200      2079050
    56  0 1  94.22 10030.00 2   0.0 -36.6     51479550   0   1150      1040000
    57  0 1  95.27  9979.00 2   0.0 -36.3     52459900   0   1050       980350
    58  0 1  94.22  9979.00 2   0.0 -35.9     53440150   0   1100       980250
    59  0 1  94.92  9980.50 2   0.0 -35.6     54419650   0   1350       979500
    60  0 1  95.62  9979.00 2   0.0 -35.3     55389650   0   1250       970000
    61  0 1  94.92  9980.50 2   0.0 -35.0     56419500   0   1150      1029850
    62  0 1  95.62  9979.00 2   0.0 -34.7     56419000   0    950 214748364300
    63  0 1  94.22  9979.00 2   0.0 -34.4     56418550   0   1300 214748364350
    64  0 1  94.57 10019.50 2   0.0 -33.8     58498550   0   1150      2080000
    65  0 1  94.22 10021.00 2   0.0 -33.4     59538900   0   1150      1040350
    66  0 1  94.57 10018.00 2   0.0 -33.4     60518800   0   1250       979900
    67  0 1  95.27 10021.00 2   0.0 -33.1     61498950   0   1400       980150
    68  0 1  94.22 10021.00 2   0.0 -32.8     62479150   0   1150       980200
    69  0 1  94.57 10018.00 2   0.0 -32.5     63449450   0   1100       970300
    70  0 1  94.92 10018.00 2   0.0 -32.5     64479300   0   1000      1029850
    71  0 1  95.62 10019.50 2   0.0 -32.2     64479700   0   1350          400
    72  0 1  95.27 10021.00 2   0.0 -31.9     64479450   0   1100 214748364550
    73  0 1  94.57 10019.50 2   0.0 -31.6     66559150   0   1150      2079700
    74  0 1  95.27 10018.00 2   0.0 -31.6     67599550   0   1250      1040400
    75  0 1  95.62 10018.00 2   0.0 -31.3     68579700   0   1400       980150
    76  0 1  95.27 10021.00 2   0.0 -31.3     69559800   0   1400       980100
    77  0 1  94.92 10021.00 2   0.0 -30.9     70539850   0   1000       980050
    78  0 1  94.22 10021.00 2   0.0 -30.9     71510050   0    950       970200
    79  0 1  94.22 10000.00 2   0.0 -30.6     72539650   0   1200      1029600
    80  0 1  95.62  9998.50 2   0.0 -30.6     72539700   0   1100           50
    81  0 1  95.62 10000.00 2   0.0 -30.6     72539900   0   1200          200
    82  0 1  95.27  9998.50 2   0.0 -30.3     74619750   0   1050      2079850
    83  0 1  94.22 10000.00 2   0.0 -30.3     75659450   0   1300      1039700
    84  0 1  95.62 10000.00 2   0.0 -30.3     76639150   0   1300       979700
    85  0 1  94.92  9998.50 2   0.0 -30.0     77619000   0   1100       979850
    86  0 1  95.27  9968.50 2   0.0 -30.0     78598850   0   1300       979850
    87  0 1  95.27  9968.50 2   0.0 -30.0     79569100   0   1200       970250
    88  0 1  95.62  9970.00 2   0.0 -30.0     80599100   0   1150      1030000
    89  0 1  95.27  9970.00 2   0.0 -30.0     80599550   0   1300          450
    90  0 1  94.57  9970.00 2   0.0 -30.0     80599050   0   1200 214748364300
    91  0 1  94.57  9970.00 2   0.0 -30.0     82678400   0    950      2079350
    92  0 1  95.27  9970.00 2   0.0 -30.0     83718050   0   1350      1039650
    93  0 1  94.22  9958.00 2   0.0 -30.0     84697700   0   1000       979650
    94  0 1  95.27  9959.50 2   0.0 -30.0     85677350   0   1250       979650
    95  0 1  94.57  9958.00 2   0.0 -30.3     86657450   0   1200       980100
    96  0 1  94.22  9959.50 2   0.0 -30.3     87627350   0   1200       969900
    97  0 1  94.22  9958.00 2   0.0 -30.3     88656850   0    950      1029500
    98  0 1  94.22  9958.00 2   0.0 -30.3     88656850   0    950            0
    99  0 1  94.92  9958.00 2   0.0 -30.6     88657050   0   1400          200
   100  0 1  94.22  9980.50 2   0.0 -30.6     90737400   0   1050      2080350
   101  0 1  94.57  9979.00 2   0.0 -30.9     91777250   0   1400      1039850
   102  0 1  94.57  9979.00 2   0.0 -30.9     92757300   0   1050       980050
   103  0 1  95.27  9979.00 2   0.0 -31.3     93737500   0   1200       980200
   104  0 1  95.62  9979.00 2   0.0 -31.3     94717400   0   1250       979900
   105  0 1  94.22  9980.50 2   0.0 -31.6     95687850   0   1300       970450
   106  0 1  94.22  9979.00 2   0.0 -31.6     96717850   0   1250      1030000
   107  0 1  94.57  9980.50 2   0.0 -31.9     96717650   0   1250 214748364600
   108  0 1  94.22 10028.50 2   0.0 -31.9     96717950   0   1400          300
   109  0 1  95.27 10030.00 2   0.0 -32.5     98798300   0   1150      2080350
   110  0 1  94.92 10030.00 2   0.0 -32.5     99838350   0    950      1040050
   111  0 1  94.92 10030.00 2   0.0 -32.8    100818400   0   1100       980050
   112  0 1  95.27 10028.50 2   0.0 -33.1    101798150   0   1000       979750
   113  0 1  95.62 10028.50 2   0.0 -33.4    102778100   0   1000       979950
   114  0 1  94.57 10030.00 2   0.0 -33.4    103747650   0   1200       969550
   115  0 1  95.62  9980.50 2   0.0 -33.8    104777850   0   1150      1030200
   116  0 1  94.57  9979.00 2   0.0 -34.1    104777550   0   1100 214748364500
   117  0 1  94.57  9979.00 2   0.0 -34.4    104777350   0   1000 214748364600
   118  0 1  94.22  9979.00 2   0.0 -35.0    106856550   0    950      2079200
   119  0 1  95.62  9979.00 2   0.0 -35.3    107896750   0   1350      1040200
   120  0 1  94.22  9979.00 2   0.0 -35.6    108876450   0   1100       979700
   121  0 1  94.57  9979.00 2   0.0 -35.9    109856450   0   1050       980000
   122  0 1  94.22 10021.00 2   0.0 -36.3    110836500   0   1050       980050
   123  0 1  95.27 10021.00 2   0.0 -36.6    111806850   0   1350       970350
   124  0 1  94.22 10018.00 2   0.0 -36.9    112837000   0   1300      1030150
   125  0 1  95.62 10018.00 2   0.0 -37.2    112837450   0   1100          450
   126  0 1  95.27 10019.50 2   0.0 -37.5    112837900   0   1150          450
   127  0 1  95.62 10021.00 2   0.0 -38.4    114917400   0   1300      2079500
   128  0 1  95.27 10021.00 2   0.0 -38.8    115957600   0   1250      1040200
   129  0 1  95.27 10018.00 2   0.0 -39.1    116937700   0   1050       980100
   130  0 1  94.22 10019.50 2   0.0 -39.7    117918100   0   1100       980400
   131  0 1  94.22 10019.50 2   0.0 -40.0    118897850   0   1000       979750
   132  0 1  95.62 10019.50 2   0.0 -40.3    119867500   0   1000       969650
   133  0 1  94.92 10021.00 2   0.0 -40.9    120897400   0   1250      1029900
   134  0 1  94.22 10019.50 2   0.0 -41.3    120897250   0   1200 214748364650
   135  0 1  95.27 10018.00 2   0.0 -41.6    120897100   0   1000 214748364650
   136  0 1  94.92  9998.50 2   0.0 -42.5    122976850   0   1350      2079750
   137  0 1  95.27 10000.00 2   0.0 -43.1    124017150   0   1400      1040300
   138  0 1  94.57  9998.50 2   0.0 -43.4    124997200   0   1100       980050
   139  0 1  94.92 10000.00 2   0.0 -44.1    125977550   0   1000       980350
   140  0 1  95.27 10000.00 2   0.0 -44.4    126957700   0   1200       980150
   141  0 1  94.92 10000.00 2   0.0 -45.0    127927900   0   1300       970200
   142  0 1  95.27 10000.00 2   0.0 -45.6    128957750   0   1400      1029850
   143  0 1  94.22  9998.50 2   0.0 -45.9    128958050   0   1350          300
   144  0 1  95.62  9970.00 2   0.0 -46.6    128958050   0   1100            0
   145  0 1  94.92  9970.00 2   0.0 -47.5    131038050   0   1400      2080000
   146  0 1  94.57  9970.00 2   0.0 -48.1    132078000   0   1000      1039950
   147  0 1  94.92  9970.00 2   0.0 -48.4    133057950   0   1150       979950
   148  0 1  94.92  9970.00 2   0.0 -49.1    134038100   0   1000       980150
   149  0 1  94.92  9968.50 2   0.0 -49.7    135018550   0   1400       980450
   150  0 1  95.27  9968.50 2   0.0 -50.3    135988950   0   1150       970400
   151  0 1  95.27  9958.00 2   0.0 -50.6    137019300   0   1400      1030350
   152  0 1  94.57  9961.00 2   0.0 -51.3    137019400   0   1400          100
   153  0 1  95.62  9961.00 2   0.0 -51.9    137019650   0   1400          250
   154  0 1  95.62  9961.00 2   0.0 -53.1    139099200   0   1050      2079550
   155  0 1  95.62  9961.00 2   0.0 -53.4    140138950   0   1150      1039750
   156  0 1  94.22  9958.00 2   0.0 -54.1    141119300   0   1250       980350
   157  0 1  94.22  9958.00 2   0.0 -54.7    142099550   0   1050       980250
   158  0 1  94.57  9980.50 2   0.0 -55.3    143079550   0   1350       980000
   159  0 1  94.92  9979.00 2   0.0 -55.9    144050000   0    950       970450
   160  0 1  94.22  9979.00 2   0.0 -56.6    145079500   0   1200      1029500
   161  0 1  95.62  9979.00 2   0.0 -57.2    145079050   0    950 214748364350
   162  0 1  95.27  9980.50 2   0.0 -57.5    145079450   0   1300          400
   163  0 1  94.22  9979.00 2   0.0 -58.8    147159100   0   1300      2079650
   164  0 1  94.22  9979.00 2   0.0 -59.4    148199500   0   1050      1040400
   165  0 1  94.57 10030.00 2   0.0 -60.0    149179150   0   1050       979650
   166  0 1  95.27 10030.00 2   0.0 -60.6    150159550   0   1400       980400
   167  0 1  94.57 10030.00 2   0.0 -61.3    151139600   0   1000       980050
   168  0 1  95.62 10028.50 2   0.0 -61.9    152109500   0   1050       969900
   169  0 1  94.22 10030.00 2   0.0 -62.5    153139950   0   1400      1030450
   170  0 1  94.22 10028.50 2   0.0 -63.1    153139450   0   1250 214748364300
   171  0 1  94.57 10028.50 2   0.0 -63.8    153139400   0   1300 214748364750
   172  0 1  95.62  9979.00 2   0.0 -65.0    155220100   0   1300      2080700
   173  0 1  95.27  9979.00 2   0.0 -65.6    156259650   0   1000      1039550
   174  0 1  95.27  9979.00 2   0.0 -66.3    157239350   0   1200       979700
   175  0 1  94.57  9979.00 2   0.0 -66.9    158219750   0   1050       980400
   176  0 1  95.27  9979.00 2   0.0 -67.5    159199850   0   1400       980100
   177  0 1  94.92  9979.00 2   0.0 -68.1    160169800   0   1400       969950
   178  0 1  94.22  9979.00 2   0.0 -68.8    161199850   0   1300      1030050
   179  0 1  94.22  9980.50 2   0.0 -69.4    161200100   0   1000          250
