    NO  S V  AOA    FREQ    B  FMOP  AMP      TOA      PMOP  PW         dTOA  
------ -- - ------ -------- - ----- ----- ------------ --- ------ ------------
     0  0 1  94.92  9979.00 2   0.0 -70.0            0   0   1250  42949673000
     1  0 1  94.57  9979.00 2   0.0 -69.4      1040000   0   1150      1040000
     2  0 1  95.62  9979.00 2   0.0 -68.8      2079850   0   1200      1039850
     3  0 1  94.92  9980.50 2   0.0 -68.1      3119700   0   1250      1039850
     4  0 1  94.57  9979.00 2   0.0 -67.5      4100050   0   1300       980350
     5  0 1  95.62  9979.00 2   0.0 -66.9      5079650   0   1400       979600
     6  0 1  94.92  9979.00 2   0.0 -66.3      6059600   0   1350       979950
     7  0 1  94.57 10019.50 2   0.0 -65.0      8058600   0   1000      1999000
     8  0 1  95.62 10019.50 2   0.0 -64.4      8059050   0   1150          450
     9  0 1  95.62 10018.00 2   0.0 -63.8      8058800   0   1200 214748364550
    10  0 1  95.27 10019.50 2   0.0 -63.1      9098400   0   1100      1039600
    11  0 1  94.57 10018.00 2   0.0 -62.5     10138400   0   1050      1040000
    12  0 1  94.92 10018.00 2   0.0 -61.9     11178250   0    950      1039850
    13  0 1  94.92 10021.00 2   0.0 -61.3     12157850   0   1300       979600
    14  0 1  95.62 10019.50 2   0.0 -60.6     13138050   0   1050       980200
    15  0 1  94.22 10019.50 2   0.0 -60.0     14118050   0   1350       980000
    16  0 1  94.92 10018.00 2   0.0 -58.8     16118100   0   1000      2000050
    17  0 1  95.62 10021.00 2   0.0 -58.1     16117700   0   1400 214748364400
    18  0 1  94.22 10021.00 2   0.0 -57.5     16117550   0   1300 214748364650
    19  0 1  94.92 10021.00 2   0.0 -57.2     17157800   0   1300      1040250
    20  0 1  94.92 10019.50 2   0.0 -56.6     18198100   0   1000      1040300
    21  0 1  94.22 10019.50 2   0.0 -55.9     19238150   0   1150      1040050
    22  0 1  94.22 10000.00 2   0.0 -55.3     20218000   0    950       979850
    23  0 1  94.57 10000.00 2   0.0 -54.7     21198250   0    950       980250
    24  0 1  94.22 10000.00 2   0.0 -54.1     22178550   0   1150       980300
    25  0 1  94.92 10000.00 2   0.0 -53.1     24179400   0   1150      2000850
    26  0 1  94.57 10000.00 2   0.0 -52.5     24179300   0   1250 214748364700
    27  0 1  94.92  9998.50 2   0.0 -51.9     24179600   0   1400          300
    28  0 1  94.92 10000.00 2   0.0 -51.3     25219400   0   1300      1039800
    29  0 1  94.57  9968.50 2   0.0 -50.6     26259250   0   1000      1039850
    30  0 1  94.92  9970.00 2   0.0 -50.3     27299600   0   1150      1040350
    31  0 1  94.22  9970.00 2   0.0 -49.7     28279600   0   1250       980000
    32  0 1  94.57  9968.50 2   0.0 -49.1     29259450   0   1350       979850
    33  0 1  95.27  9970.00 2   0.0 -48.4     30239850   0   1350       980400
    34  0 1  95.27  9968.50 2   0.0 -47.5     32239200   0    950      1999350
    35  0 1  95.27  9968.50 2   0.0 -46.9     32239500   0   1100          300
    36  0 1  94.57  9961.00 2   0.0 -46.6     32239750   0   1250          250
    37  0 1  95.62  9959.50 2   0.0 -45.9     33279400   0   1050      1039650
    38  0 1  95.27  9961.00 2   0.0 -45.6     34319350   0   1300      1039950
    39  0 1  95.27  9959.50 2   0.0 -45.0     35359600   0   1000      1040250
    40  0 1  95.27  9961.00 2   0.0 -44.4     36339700   0   1250       980100
    41  0 1  94.57  9961.00 2   0.0 -44.1     37319350   0   1100       979650
    42  0 1  95.62  9959.50 2   0.0 -43.4     38298850   0   1100       979500
    43  0 1  95.62  9979.00 2   0.0 -42.5     40298150   0   1100      1999300
    44  0 1  94.22  9979.00 2   0.0 -42.2     40297950   0   1000 214748364600
    45  0 1  94.92  9979.00 2   0.0 -41.6     40297900   0   1100 214748364750
    46  0 1  94.92  9980.50 2   0.0 -41.3     41337600   0    950      1039700
    47  0 1  94.57  9979.00 2   0.0 -40.9     42377600   0   1000      1040000
    48  0 1  95.62  9979.00 2   0.0 -40.3     43417750   0   1050      1040150
    49  0 1  94.92  9980.50 2   0.0 -40.0     44397250   0   1200       979500
    50  0 1  94.92  9979.00 2   0.0 -39.7     45377250   0   1400       980000
    51  0 1  94.57 10030.00 2   0.0 -39.1     46357200   0   1400       979950
    52  0 1  95.27 10030.00 2   0.0 -38.4     48357400   0   1350      2000200
    53  0 1  94.57 10030.00 2   0.0 -38.1     48357350   0   1400 214748364750
    54  0 1  94.92 10030.00 2   0.0 -37.5     48357000   0   1350 214748364450
    55  0 1  94.92 10030.00 2   0.0 -37.2     49396650   0   1350      1039650
    56  0 1  94.92 10028.50 2   0.0 -36.9     50436600   0   1000      1039950
    57  0 1  94.92 10030.00 2   0.0 -36.6     51476200   0    950      1039600
    58  0 1  94.22  9979.00 2   0.0 -36.3     52455850   0   1350       979650
    59  0 1  94.92  9979.00 2   0.0 -35.9     53436150   0    950       980300
    60  0 1  94.22  9979.00 2   0.0 -35.6     54416150   0   1150       980000
    61  0 1  94.22  9980.50 2   0.0 -35.0     56416300   0   1300      2000150
    62  0 1  94.22  9980.50 2   0.0 -34.7     56415850   0   1400 214748364350
    63  0 1  94.57  9979.00 2   0.0 -34.4     56415350   0   1000 214748364300
    64  0 1  95.62  9980.50 2   0.0 -34.1     57455500   0    950      1040150
    65  0 1  95.62 10021.00 2   0.0 -33.8     58495200   0   1150      1039700
    66  0 1  94.22 10019.50 2   0.0 -33.4     59535450   0    950      1040250
    67  0 1  94.22 10018.00 2   0.0 -33.4     60515250   0   1000       979800
    68  0 1  94.92 10018.00 2   0.0 -33.1     61494950   0   1300       979700
    69  0 1  94.57 10021.00 2   0.0 -32.8     62475250   0   1300       980300
    70  0 1  94.22 10019.50 2   0.0 -32.5     64475850   0   1050      2000600
    71  0 1  95.62 10018.00 2   0.0 -32.2     64476250   0    950          400
    72  0 1  94.22 10018.00 2   0.0 -31.9     64475950   0   1250 214748364500
    73  0 1  94.22 10021.00 2   0.0 -31.9     65516200   0   1200      1040250
    74  0 1  94.92 10019.50 2   0.0 -31.6     66556050   0   1300      1039850
    75  0 1  94.92 10019.50 2   0.0 -31.6     67595950   0   1400      1039900
    76  0 1  94.22 10021.00 2   0.0 -31.3     68576200   0   1200       980250
    77  0 1  95.27 10018.00 2   0.0 -31.3     69556650   0    950       980450
    78  0 1  94.22 10021.00 2   0.0 -30.9     70536800   0   1350       980150
    79  0 1  94.22 10000.00 2   0.0 -30.6     72536850   0   1350      2000050
    80  0 1  95.62  9998.50 2   0.0 -30.6     72536700   0   1050 214748364650
    81  0 1  95.27 10000.00 2   0.0 -30.6     72536700   0   1350            0
    82  0 1  94.22 10000.00 2   0.0 -30.3     73577050   0   1400      1040350
    83  0 1  95.27 10000.00 2   0.0 -30.3     74616800   0   1000      1039750
    84  0 1  94.22  9998.50 2   0.0 -30.3     75656600   0   1200      1039800
    85  0 1  94.57 10000.00 2   0.0 -30.3     76636450   0   1000       979850
    86  0 1  95.27 10000.00 2   0.0 -30.0     77616100   0   1200       979650
    87  0 1  95.62  9970.00 2   0.0 -30.0     78595750   0   1000       979650
    88  0 1  95.27  9970.00 2   0.0 -30.0     80595650   0    950      1999900
    89  0 1  95.62  9970.00 2   0.0 -30.0     80595400   0   1300 214748364550
    90  0 1  94.92  9970.00 2   0.0 -30.0     80595050   0   1200 214748364450
    91  0 1  94.22  9970.00 2   0.0 -30.0     81634650   0   1350      1039600
    92  0 1  94.22  9970.00 2   0.0 -30.0     82674500   0   1300      1039850
    93  0 1  95.62  9968.50 2   0.0 -30.0     83714550   0   1100      1040050
    94  0 1  94.57  9959.50 2   0.0 -30.0     84694500   0   1400       979950
    95  0 1  95.27  9958.00 2   0.0 -30.0     85674850   0   1000       980350
    96  0 1  95.27  9958.00 2   0.0 -30.3     86654350   0   1200       979500
    97  0 1  94.57  9959.50 2   0.0 -30.3     88654100   0   1150      1999750
    98  0 1  94.57  9958.00 2   0.0 -30.3     88654500   0   1050          400
    99  0 1  94.57  9958.00 2   0.0 -30.6     88654000   0   1100 214748364300
   100  0 1  94.22  9959.50 2   0.0 -30.6     89694150   0   1150      1040150
   101  0 1  95.27  9980.50 2   0.0 -30.6     90734200   0   1150      1040050
   102  0 1  95.62  9979.00 2   0.0 -30.9     91774000   0   1250      1039800
   103  0 1  94.22  9979.00 2   0.0 -30.9     92754000   0    950       980000
   104  0 1  95.62  9979.00 2   0.0 -31.3     93733700   0   1150       979700
   105  0 1  94.92  9979.00 2   0.0 -31.3     94713600   0   1350       979900
   106  0 1  95.27  9979.00 2   0.0 -31.6     96714450   0   1050      2000850
   107  0 1  94.57  9980.50 2   0.0 -31.9     96714450   0   1100            0
   108  0 1  94.92 10030.00 2   0.0 -31.9     96714350   0   1350 214748364700
   109  0 1  94.57 10030.00 2   0.0 -32.2     97754000   0   1200      1039650
   110  0 1  94.22 10030.00 2   0.0 -32.5     98794000   0   1350      1040000
   111  0 1  95.62 10030.00 2   0.0 -32.5     99834200   0   1050      1040200
   112  0 1  94.57 10028.50 2   0.0 -32.8    100813900   0   1350       979700
   113  0 1  94.92 10028.50 2   0.0 -33.1    101793750   0   1100       979850
   114  0 1  95.62 10028.50 2   0.0 -33.4    102774150   0   1250       980400
   115  0 1  94.92  9980.50 2   0.0 -33.8    104774200   0   1100      2000050
   116  0 1  94.22  9979.00 2   0.0 -34.1    104774550   0   1050          350
   117  0 1  95.62  9979.00 2   0.0 -34.4    104774450   0   1250 214748364700
   118  0 1  94.22  9979.00 2   0.0 -34.7    105814500   0   1050      1040050
   119  0 1  95.62  9979.00 2   0.0 -35.0    106854950   0   1000      1040450
   120  0 1  94.22  9980.50 2   0.0 -35.3    107894650   0   1200      1039700
   121  0 1  94.57  9979.00 2   0.0 -35.6    108874900   0   1250       980250
   122  0 1  95.27  9979.00 2   0.0 -35.9    109854500   0   1300       979600
   123  0 1  94.22 10018.00 2   0.0 -36.3    110834600   0    950       980100
   124  0 1  95.62 10019.50 2   0.0 -36.9    112834250   0   1200      1999650
   125  0 1  94.57 10018.00 2   0.0 -37.2    112834100   0   1000 214748364650
   126  0 1  94.57 10019.50 2   0.0 -37.5    112834250   0   1300          150
   127  0 1  94.92 10019.50 2   0.0 -38.1    113874200   0   1350      1039950
   128  0 1  94.92 10019.50 2   0.0 -38.4    114914000   0    950      1039800
   129  0 1  94.22 10021.00 2   0.0 -38.8    115954000   0   1250      1040000
   130  0 1  94.92 10019.50 2   0.0 -39.1    116934050   0   1050       980050
   131  0 1  94.22 10021.00 2   0.0 -39.7    117913650   0   1250       979600
   132  0 1  94.57 10021.00 2   0.0 -40.0    118894050   0   1250       980400
   133  0 1  94.22 10019.50 2   0.0 -40.9    120894450   0    950      2000400
   134  0 1  94.22 10019.50 2   0.0 -41.3    120894300   0   1000 214748364650
   135  0 1  94.22 10019.50 2   0.0 -41.6    120894650   0   1300          350
   136  0 1  95.62 10019.50 2   0.0 -42.2    121934750   0   1350      1040100
   137  0 1  95.27 10000.00 2   0.0 -42.5    122974700   0    950      1039950
   138  0 1  94.57 10000.00 2   0.0 -43.1    124014400   0   1150      1039700
   139  0 1  94.92  9998.50 2   0.0 -43.4    124994100   0    950       979700
   140  0 1  95.62  9998.50 2   0.0 -44.1    125973850   0   1150       979750
   141  0 1  95.62 10000.00 2   0.0 -44.4    126953700   0   1100       979850
   142  0 1  94.57 10000.00 2   0.0 -45.6    128954000   0   1150      2000300
   143  0 1  94.92 10000.00 2   0.0 -45.9    128953900   0   1200 214748364700
   144  0 1  94.92  9970.00 2   0.0 -46.6    128954350   0   1050          450
   145  0 1  94.57  9970.00 2   0.0 -46.9    129994200   0   1350      1039850
   146  0 1  94.57  9970.00 2   0.0 -47.5    131034200   0    950      1040000
   147  0 1  95.27  9970.00 2   0.0 -48.1    132074450   0   1350      1040250
   148  0 1  95.27  9970.00 2   0.0 -48.4    133053950   0    950       979500
   149  0 1  94.57  9970.00 2   0.0 -49.1    134034200   0   1250       980250
   150  0 1  94.57  9970.00 2   0.0 -49.7    135013750   0   1100       979550
   151  0 1  94.22  9959.50 2   0.0 -50.6    137014050   0    950      2000300
   152  0 1  94.22  9959.50 2   0.0 -51.3    137014300   0   1400          250
   153  0 1  94.92  9958.00 2   0.0 -51.9    137014500   0   1300          200
   154  0 1  95.27  9961.00 2   0.0 -52.5    138054400   0   1400      1039900
   155  0 1  94.92  9959.50 2   0.0 -53.1    139094450   0   1050      1040050
   156  0 1  94.22  9961.00 2   0.0 -53.4    140134200   0   1400      1039750
   157  0 1  94.92  9958.00 2   0.0 -54.1    141113900   0   1400       979700
   158  0 1  95.27  9958.00 2   0.0 -54.7    142093550   0   1200       979650
   159  0 1  95.27  9979.00 2   0.0 -55.3    143073250   0   1050       979700
   160  0 1  94.57  9979.00 2   0.0 -56.6    145073550   0   1050      2000300
   161  0 1  94.57  9980.50 2   0.0 -57.2    145073200   0   1400 214748364450
   162  0 1  95.27  9979.00 2   0.0 -57.5    145073000   0   1150 214748364600
   163  0 1  94.57  9979.00 2   0.0 -58.1    146113300   0   1150      1040300
   164  0 1  95.27  9980.50 2   0.0 -58.8    147153450   0   1400      1040150
   165  0 1  94.57  9979.00 2   0.0 -59.4    148193050   0   1000      1039600
   166  0 1  94.92 10030.00 2   0.0 -60.0    149172900   0   1150       979850
   167  0 1  95.62 10030.00 2   0.0 -60.6    150153300   0   1300       980400
   168  0 1  94.22 10030.00 2   0.0 -61.3    151133500   0   1050       980200
   169  0 1  95.62 10030.00 2   0.0 -62.5    153132700   0   1350      1999200
   170  0 1  94.92 10030.00 2   0.0 -63.1    153132750   0   1100           50
   171  0 1  95.27 10030.00 2   0.0 -63.8    153132600   0   1350 214748364650
   172  0 1  94.92 10028.50 2   0.0 -64.4    154172700   0    950      1040100
   173  0 1  94.22  9979.00 2   0.0 -65.0    155212500   0   1300      1039800
   174  0 1  94.57  9979.00 2   0.0 -65.6    156252950   0   1000      1040450
   175  0 1  94.92  9979.00 2   0.0 -66.3    157232950   0   1200       980000
   176  0 1  94.22  9979.00 2   0.0 -66.9    158212800   0   1200       979850
   177  0 1  94.22  9979.00 2   0.0 -67.5    159193000   0    950       980200
   178  0 1  94.22  9979.00 2   0.0 -68.8    161192850   0   1000      1999850
   179  0 1  95.27  9979.00 2   0.0 -69.4    161192350   0   1300 214748364300
