    NO  S V  AOA    FREQ    B  FMOP  AMP      TOA      PMOP  PW         dTOA  
------ -- - ------ -------- - ----- ----- ------------ --- ------ ------------
     0  0 1  94.57  9980.50 2   0.0 -70.0            0   0   1300  42949673000
     1  0 1  94.57  9979.00 2   0.0 -69.4      1040000   0   1400      1040000
     2  0 1  95.27  9979.00 2   0.0 -68.8      2079750   0   1000      1039750
     3  0 1  94.57  9979.00 2   0.0 -67.5      4099550   0   1050      2019800
     4  0 1  94.22  9979.00 2   0.0 -66.9      5079200   0   1150       979650
     5  0 1  94.92  9979.00 2   0.0 -66.3      6059600   0   1150       980400
     6  0 1  95.62  9979.00 2   0.0 -65.6      7029800   0   1100       970200
     7  0 1  95.27 10021.00 2   0.0 -65.0      8059300   0   1350      1029500
     8  0 1  94.57 10021.00 2   0.0 -64.4      8059650   0   1200          350
     9  0 1  95.27 10021.00 2   0.0 -63.8      8059800   0   1350          150
    10  0 1  94.57 10019.50 2   0.0 -63.1      9099450   0   1000      1039650
    11  0 1  95.62 10018.00 2   0.0 -62.5     10139250   0    950      1039800
    12  0 1  95.27 10021.00 2   0.0 -61.3     12158950   0   1300      2019700
    13  0 1  94.92 10019.50 2   0.0 -60.6     13139000   0   1100       980050
    14  0 1  94.57 10018.00 2   0.0 -60.0     14118550   0   1300       979550
    15  0 1  94.22 10019.50 2   0.0 -59.4     15088050   0   1000       969500
    16  0 1  94.92 10021.00 2   0.0 -58.8     16118450   0   1050      1030400
    17  0 1  94.22 10019.50 2   0.0 -58.1     16118750   0   1050          300
    18  0 1  94.92 10019.50 2   0.0 -57.5     16118600   0   1250 214748364650
    19  0 1  94.22 10019.50 2   0.0 -57.2     17158250   0   1000      1039650
    20  0 1  94.22 10021.00 2   0.0 -56.6     18198400   0   1250      1040150
    21  0 1  94.57 10000.00 2   0.0 -55.3     20218850   0   1050      2020450
    22  0 1  94.92  9998.50 2   0.0 -54.7     21199050   0   1200       980200
    23  0 1  94.92  9998.50 2   0.0 -54.1     22178900   0   1000       979850
    24  0 1  95.27  9998.50 2   0.0 -53.4     23149100   0   1050       970200
    25  0 1  95.62  9998.50 2   0.0 -53.1     24179550   0   1100      1030450
    26  0 1  95.62  9998.50 2   0.0 -52.5     24179700   0   1200          150
    27  0 1  95.27 10000.00 2   0.0 -51.9     24179550   0    950 214748364650
    28  0 1  94.57 10000.00 2   0.0 -51.3     25219500   0   1250      1039950
    29  0 1  95.27  9970.00 2   0.0 -50.6     26259850   0   1400      1040350
    30  0 1  95.62  9970.00 2   0.0 -49.7     28279800   0   1050      2019950
    31  0 1  94.57  9970.00 2   0.0 -49.1     29259400   0   1200       979600
    32  0 1  95.27  9970.00 2   0.0 -48.4     30238900   0   1000       979500
    33  0 1  95.27  9968.50 2   0.0 -48.1     31209150   0   1100       970250
    34  0 1  94.22  9968.50 2   0.0 -47.5     32239350   0   1350      1030200
    35  0 1  95.62  9970.00 2   0.0 -46.9     32239150   0   1050 214748364600
    36  0 1  95.27  9958.00 2   0.0 -46.6     32239300   0   1300          150
    37  0 1  94.57  9958.00 2   0.0 -45.9     33279000   0   1300      1039700
    38  0 1  95.62  9961.00 2   0.0 -45.6     34319200   0   1300      1040200
    39  0 1  95.62  9958.00 2   0.0 -44.4     36338700   0   1100      2019500
    40  0 1  95.62  9961.00 2   0.0 -44.1     37318850   0   1400       980150
    41  0 1  95.27  9961.00 2   0.0 -43.4     38299200   0   1100       980350
    42  0 1  95.62  9959.50 2   0.0 -43.1     39268900   0    950       969700
    43  0 1  94.92  9979.00 2   0.0 -42.5     40298750   0   1000      1029850
    44  0 1  95.27  9979.00 2   0.0 -42.2     40298250   0   1300 214748364300
    45  0 1  94.22  9979.00 2   0.0 -41.6     40298150   0   1100 214748364700
    46  0 1  94.57  9980.50 2   0.0 -41.3     41338450   0   1400      1040300
    47  0 1  95.27  9980.50 2   0.0 -40.9     42378450   0   1000      1040000
    48  0 1  95.62  9980.50 2   0.0 -40.0     44398300   0   1100      2019850
    49  0 1  94.57  9979.00 2   0.0 -39.7     45377800   0    950       979500
    50  0 1  94.22 10030.00 2   0.0 -39.1     46358050   0    950       980250
    51  0 1  94.57 10028.50 2   0.0 -38.8     47328100   0   1050       970050
    52  0 1  94.57 10028.50 2   0.0 -38.4     48358300   0   1400      1030200
    53  0 1  94.22 10030.00 2   0.0 -38.1     48358400   0   1050          100
    54  0 1  94.22 10028.50 2   0.0 -37.5     48358650   0   1050          250
    55  0 1  94.57 10030.00 2   0.0 -37.2     49398400   0    950      1039750
    56  0 1  95.62 10030.00 2   0.0 -36.9     50438450   0    950      1040050
    57  0 1  94.57  9979.00 2   0.0 -36.3     52459000   0   1100      2020550
    58  0 1  95.27  9979.00 2   0.0 -35.9     53438550   0   1250       979550
    59  0 1  95.62  9980.50 2   0.0 -35.6     54418050   0   1150       979500
    60  0 1  94.22  9979.00 2   0.0 -35.3     55387750   0   1350       969700
    61  0 1  94.92  9980.50 2   0.0 -35.0     56417950   0   1300      1030200
    62  0 1  94.57  9980.50 2   0.0 -34.7     56418050   0    950          100
    63  0 1  94.57  9979.00 2   0.0 -34.4     56418500   0   1000          450
    64  0 1  95.27  9980.50 2   0.0 -34.1     57458350   0   1100      1039850
    65  0 1  95.62 10018.00 2   0.0 -33.8     58498600   0   1300      1040250
    66  0 1  94.22 10019.50 2   0.0 -33.4     60519500   0    950      2020900
    67  0 1  94.57 10019.50 2   0.0 -33.1     61499500   0   1100       980000
    68  0 1  94.92 10018.00 2   0.0 -32.8     62479350   0   1000       979850
    69  0 1  94.92 10019.50 2   0.0 -32.5     63449200   0   1000       969850
    70  0 1  95.27 10019.50 2   0.0 -32.5     64479250   0   1400      1030050
    71  0 1  94.92 10021.00 2   0.0 -32.2     64479500   0   1000          250
    72  0 1  94.92 10019.50 2   0.0 -31.9     64479350   0   1200 214748364650
    73  0 1  95.27 10021.00 2   0.0 -31.9     65519250   0   1150      1039900
    74  0 1  94.57 10021.00 2   0.0 -31.6     66559450   0   1300      1040200
    75  0 1  94.22 10018.00 2   0.0 -31.3     68580300   0   1300      2020850
    76  0 1  94.92 10018.00 2   0.0 -31.3     69560450   0   1150       980150
    77  0 1  94.92 10021.00 2   0.0 -30.9     70540300   0   1000       979850
    78  0 1  94.92 10021.00 2   0.0 -30.9     71510200   0   1150       969900
    79  0 1  95.27 10000.00 2   0.0 -30.6     72539900   0   1250      1029700
    80  0 1  94.57  9998.50 2   0.0 -30.6     72539650   0    950 214748364550
    81  0 1  95.62 10000.00 2   0.0 -30.6     72539850   0    950          200
    82  0 1  94.57 10000.00 2   0.0 -30.3     73580250   0    950      1040400
    83  0 1  95.27 10000.00 2   0.0 -30.3     74619750   0    950      1039500
    84  0 1  94.22  9998.50 2   0.0 -30.3     76639850   0   1200      2020100
    85  0 1  94.57 10000.00 2   0.0 -30.0     77619450   0   1050       979600
    86  0 1  95.62  9970.00 2   0.0 -30.0     78599750   0   1250       980300
    87  0 1  94.57  9970.00 2   0.0 -30.0     79569700   0   1200       969950
    88  0 1  95.62  9968.50 2   0.0 -30.0     80599700   0   1100      1030000
    89  0 1  94.57  9968.50 2   0.0 -30.0     80599200   0   1150 214748364300
    90  0 1  94.57  9970.00 2   0.0 -30.0     80599350   0   1350          150
    91  0 1  94.92  9968.50 2   0.0 -30.0     81638950   0   1300      1039600
    92  0 1  95.62  9970.00 2   0.0 -30.0     82678500   0   1150      1039550
    93  0 1  95.62  9958.00 2   0.0 -30.0     84698950   0   1050      2020450
    94  0 1  94.57  9958.00 2   0.0 -30.0     85678450   0    950       979500
    95  0 1  95.27  9959.50 2   0.0 -30.3     86658250   0   1100       979800
    96  0 1  94.57  9958.00 2   0.0 -30.3     87628100   0   1200       969850
    97  0 1  95.27  9959.50 2   0.0 -30.3     88658150   0   1200      1030050
    98  0 1  94.92  9958.00 2   0.0 -30.3     88658350   0    950          200
    99  0 1  94.57  9958.00 2   0.0 -30.6     88657950   0   1000 214748364400
   100  0 1  94.57  9961.00 2   0.0 -30.6     89697800   0   1000      1039850
   101  0 1  95.27  9979.00 2   0.0 -30.6     90738250   0   1250      1040450
   102  0 1  95.62  9980.50 2   0.0 -30.9     92758850   0   1050      2020600
   103  0 1  94.57  9979.00 2   0.0 -31.3     93738950   0   1300       980100
   104  0 1  95.27  9979.00 2   0.0 -31.3     94718650   0   1400       979700
   105  0 1  95.27  9979.00 2   0.0 -31.6     95688400   0   1150       969750
   106  0 1  94.92  9980.50 2   0.0 -31.6     96718500   0   1400      1030100
   107  0 1  94.92  9979.00 2   0.0 -31.9     96718050   0   1050 214748364350
   108  0 1  95.62 10030.00 2   0.0 -31.9     96717850   0   1000 214748364600
   109  0 1  94.92 10030.00 2   0.0 -32.2     97757950   0   1300      1040100
   110  0 1  94.92 10030.00 2   0.0 -32.5     98797800   0   1400      1039850
   111  0 1  95.62 10028.50 2   0.0 -32.8    100817250   0   1200      2019450
   112  0 1  94.92 10030.00 2   0.0 -33.1    101796750   0    950       979500
   113  0 1  94.92 10028.50 2   0.0 -33.4    102776550   0    950       979800
   114  0 1  94.92 10028.50 2   0.0 -33.4    103746050   0   1350       969500
   115  0 1  94.22  9979.00 2   0.0 -33.8    104776500   0   1050      1030450
   116  0 1  94.92  9979.00 2   0.0 -34.1    104776650   0   1250          150
   117  0 1  94.22  9979.00 2   0.0 -34.4    104776950   0   1300          300
   118  0 1  95.27  9979.00 2   0.0 -34.7    105816900   0   1400      1039950
   119  0 1  94.22  9979.00 2   0.0 -35.0    106856400   0   1300      1039500
   120  0 1  94.92  9979.00 2   0.0 -35.6    108875500   0   1300      2019100
   121  0 1  94.57  9979.00 2   0.0 -35.9    109855050   0   1400       979550
   122  0 1  95.62 10019.50 2   0.0 -36.3    110834900   0   1050       979850
   123  0 1  94.57 10018.00 2   0.0 -36.6    111805100   0   1350       970200
   124  0 1  95.62 10021.00 2   0.0 -36.9    112834850   0   1000      1029750
   125  0 1  95.27 10018.00 2   0.0 -37.2    112834600   0   1000 214748364550
   126  0 1  94.57 10019.50 2   0.0 -37.5    112834300   0   1100 214748364500
   127  0 1  94.22 10019.50 2   0.0 -38.1    113874750   0   1200      1040450
   128  0 1  94.57 10021.00 2   0.0 -38.4    114914750   0   1400      1040000
   129  0 1  95.27 10019.50 2   0.0 -39.1    116934950   0   1100      2020200
   130  0 1  94.57 10021.00 2   0.0 -39.7    117914500   0   1100       979550
   131  0 1  94.92 10018.00 2   0.0 -40.0    118894950   0   1250       980450
   132  0 1  95.27 10019.50 2   0.0 -40.3    119865000   0   1300       970050
   133  0 1  94.22 10018.00 2   0.0 -40.9    120894600   0    950      1029600
   134  0 1  94.22 10019.50 2   0.0 -41.3    120895050   0    950          450
   135  0 1  95.27 10018.00 2   0.0 -41.6    120894800   0   1250 214748364550
   136  0 1  94.57 10019.50 2   0.0 -42.2    121934450   0    950      1039650
   137  0 1  95.62 10000.00 2   0.0 -42.5    122974600   0   1000      1040150
   138  0 1  94.22 10000.00 2   0.0 -43.4    124994850   0    950      2020250
   139  0 1  94.92 10000.00 2   0.0 -44.1    125974650   0   1200       979800
   140  0 1  94.92  9998.50 2   0.0 -44.4    126955050   0   1050       980400
   141  0 1  95.62 10000.00 2   0.0 -45.0    127924900   0   1250       969850
   142  0 1  95.27 10000.00 2   0.0 -45.6    128955200   0   1200      1030300
   143  0 1  94.22 10000.00 2   0.0 -45.9    128955450   0   1100          250
   144  0 1  95.62  9968.50 2   0.0 -46.6    128955300   0   1000 214748364650
   145  0 1  94.92  9970.00 2   0.0 -46.9    129995350   0   1150      1040050
   146  0 1  95.27  9968.50 2   0.0 -47.5    131035600   0   1150      1040250
   147  0 1  94.22  9968.50 2   0.0 -48.4    133055400   0   1350      2019800
   148  0 1  95.27  9970.00 2   0.0 -49.1    134035200   0   1400       979800
   149  0 1  95.27  9970.00 2   0.0 -49.7    135015100   0   1200       979900
   150  0 1  94.92  9970.00 2   0.0 -50.3    135985050   0   1150       969950
   151  0 1  94.92  9958.00 2   0.0 -50.6    137014750   0   1250      1029700
   152  0 1  94.22  9959.50 2   0.0 -51.3    137014650   0   1100 214748364700
   153  0 1  95.27  9959.50 2   0.0 -51.9    137014450   0   1000 214748364600
   154  0 1  94.57  9958.00 2   0.0 -52.5    138054350   0   1400      1039900
   155  0 1  94.92  9958.00 2   0.0 -53.1    139094350   0   1150      1040000
   156  0 1  94.22  9961.00 2   0.0 -54.1    141114500   0   1000      2020150
   157  0 1  94.22  9959.50 2   0.0 -54.7    142094050   0   1400       979550
   158  0 1  94.92  9979.00 2   0.0 -55.3    143074500   0   1200       980450
   159  0 1  95.27  9980.50 2   0.0 -55.9    144044250   0   1350       969750
   160  0 1  94.22  9979.00 2   0.0 -56.6    145074200   0   1350      1029950
   161  0 1  95.62  9979.00 2   0.0 -57.2    145074050   0   1400 214748364650
   162  0 1  94.22  9979.00 2   0.0 -57.5    145073800   0   1150 214748364550
   163  0 1  94.92  9979.00 2   0.0 -58.1    146113350   0   1250      1039550
   164  0 1  95.27  9979.00 2   0.0 -58.8    147153050   0   1300      1039700
   165  0 1  95.62 10030.00 2   0.0 -60.0    149172750   0   1000      2019700
   166  0 1  95.62 10028.50 2   0.0 -60.6    150152350   0   1150       979600
   167  0 1  95.62 10030.00 2   0.0 -61.3    151131850   0   1350       979500
   168  0 1  95.62 10030.00 2   0.0 -61.9    152101950   0   1300       970100
   169  0 1  94.22 10028.50 2   0.0 -62.5    153131800   0   1300      1029850
   170  0 1  94.92 10028.50 2   0.0 -63.1    153131400   0   1350 214748364400
   171  0 1  94.22 10030.00 2   0.0 -63.8    153131300   0   1350 214748364700
   172  0 1  95.27 10028.50 2   0.0 -64.4    154171350   0   1250      1040050
   173  0 1  95.62  9979.00 2   0.0 -65.0    155211650   0   1050      1040300
   174  0 1  95.62  9979.00 2   0.0 -66.3    157231500   0   1100      2019850
   175  0 1  94.92  9979.00 2   0.0 -66.9    158211250   0   1350       979750
   176  0 1  94.92  9980.50 2   0.0 -67.5    159191450   0   1150       980200
   177  0 1  95.62  9980.50 2   0.0 -68.1    160161700   0   1150       970250
   178  0 1  94.57  9980.50 2   0.0 -68.8    161191850   0   1350      1030150
   179  0 1  94.57  9979.00 2   0.0 -69.4    161191500   0   1400 214748364450
