    NO  S V  AOA    FREQ    B  FMOP  AMP      TOA      PMOP  PW         dTOA  
------ -- - ------ -------- - ----- ----- ------------ --- ------ ------------
     0  0 1  94.22  9979.00 2   0.0 -70.0            0   0   1000  42949673000
     1  0 1  94.92  9979.00 2   0.0 -69.4      1040400   0   1200      1040400
     2  0 1  94.92  9980.50 2   0.0 -68.8      2080050   0   1150      1039650
     3  0 1  94.22  9979.00 2   0.0 -68.1      3120050   0   1200      1040000
     4  0 1  94.92  9980.50 2   0.0 -67.5      4100000   0   1200       979950
     5  0 1  94.57  9980.50 2   0.0 -66.3      6059800   0   1400      1959800
     6  0 1  95.62  9980.50 2   0.0 -65.6      7029650   0   1250       969850
     7  0 1  95.27 10018.00 2   0.0 -65.0      8059300   0   1150      1029650
     8  0 1  94.57 10019.50 2   0.0 -64.4      8058950   0   1150 214748364450
     9  0 1  95.62 10019.50 2   0.0 -63.8      8059250   0   1400          300
    10  0 1  94.57 10018.00 2   0.0 -63.1      9099650   0   1050      1040400
    11  0 1  94.57 10019.50 2   0.0 -62.5     10139500   0   1350      1039850
    12  0 1  94.57 10019.50 2   0.0 -61.9     11179050   0   1050      1039550
    13  0 1  94.92 10021.00 2   0.0 -61.3     12159300   0   1050       980250
    14  0 1  94.22 10021.00 2   0.0 -60.0     14119250   0   1150      1959950
    15  0 1  94.57 10018.00 2   0.0 -59.4     15088900   0   1150       969650
    16  0 1  94.57 10018.00 2   0.0 -58.8     16119000   0   1000      1030100
    17  0 1  95.62 10021.00 2   0.0 -58.1     16118650   0    950 214748364450
    18  0 1  94.92 10018.00 2   0.0 -57.5     16118850   0    950          200
    19  0 1  94.92 10021.00 2   0.0 -57.2     17158700   0   1300      1039850
    20  0 1  95.62 10019.50 2   0.0 -56.6     18198500   0   1150      1039800
    21  0 1  95.62 10021.00 2   0.0 -55.9     19238500   0   1000      1040000
    22  0 1  94.22 10000.00 2   0.0 -55.3     20218400   0    950       979900
    23  0 1  95.27  9998.50 2   0.0 -54.1     22178050   0   1200      1959650
    24  0 1  94.57 10000.00 2   0.0 -53.4     23147550   0   1400       969500
    25  0 1  94.57  9998.50 2   0.0 -53.1     24177400   0   1050      1029850
    26  0 1  94.57 10000.00 2   0.0 -52.5     24177650   0   1150          250
    27  0 1  95.62  9998.50 2   0.0 -51.9     24177350   0   1350 214748364500
    28  0 1  94.22 10000.00 2   0.0 -51.3     25217350   0   1000      1040000
    29  0 1  94.57  9970.00 2   0.0 -50.6     26257250   0   1000      1039900
    30  0 1  94.22  9970.00 2   0.0 -50.3     27297450   0   1350      1040200
    31  0 1  94.22  9970.00 2   0.0 -49.7     28277100   0   1250       979650
    32  0 1  95.27  9970.00 2   0.0 -48.4     30236450   0    950      1959350
    33  0 1  95.62  9970.00 2   0.0 -48.1     31206650   0    950       970200
    34  0 1  94.57  9970.00 2   0.0 -47.5     32236400   0   1100      1029750
    35  0 1  95.62  9970.00 2   0.0 -46.9     32236850   0    950          450
    36  0 1  95.27  9959.50 2   0.0 -46.6     32236450   0   1200 214748364400
    37  0 1  95.62  9961.00 2   0.0 -45.9     33276000   0   1400      1039550
    38  0 1  94.57  9961.00 2   0.0 -45.6     34315550   0   1100      1039550
    39  0 1  94.92  9961.00 2   0.0 -45.0     35355800   0   1300      1040250
    40  0 1  95.62  9959.50 2   0.0 -44.4     36335300   0   1200       979500
    41  0 1  94.22  9959.50 2   0.0 -43.4     38294950   0   1300      1959650
    42  0 1  94.92  9958.00 2   0.0 -43.1     39264650   0   1100       969700
    43  0 1  95.27  9979.00 2   0.0 -42.5     40294600   0    950      1029950
    44  0 1  95.27  9979.00 2   0.0 -42.2     40294800   0   1250          200
    45  0 1  95.27  9980.50 2   0.0 -41.6     40294400   0   1350 214748364400
    46  0 1  94.57  9980.50 2   0.0 -41.3     41334550   0   1350      1040150
    47  0 1  94.92  9979.00 2   0.0 -40.9     42374900   0   1200      1040350
    48  0 1  94.22  9979.00 2   0.0 -40.3     43415300   0   1200      1040400
    49  0 1  94.57  9979.00 2   0.0 -40.0     44395300   0    950       980000
    50  0 1  94.22 10030.00 2   0.0 -39.1     46354800   0    950      1959500
    51  0 1  95.62 10030.00 2   0.0 -38.8     47324950   0   1150       970150
    52  0 1  95.62 10030.00 2   0.0 -38.4     48354800   0   1050      1029850
    53  0 1  95.62 10028.50 2   0.0 -38.1     48355050   0   1200          250
    54  0 1  95.62 10030.00 2   0.0 -37.5     48354900   0   1250 214748364650
    55  0 1  94.22 10030.00 2   0.0 -37.2     49394600   0    950      1039700
    56  0 1  94.22 10030.00 2   0.0 -36.9     50434600   0   1250      1040000
    57  0 1  95.62 10030.00 2   0.0 -36.6     51474600   0    950      1040000
    58  0 1  95.62  9979.00 2   0.0 -36.3     52455000   0   1150       980400
    59  0 1  94.22  9979.00 2   0.0 -35.6     54415100   0   1050      1960100
    60  0 1  94.57  9980.50 2   0.0 -35.3     55384900   0   1150       969800
    61  0 1  94.57  9979.00 2   0.0 -35.0     56414500   0   1150      1029600
    62  0 1  95.62  9980.50 2   0.0 -34.7     56414600   0   1250          100
    63  0 1  95.62  9980.50 2   0.0 -34.4     56414300   0   1200 214748364500
    64  0 1  95.62  9980.50 2   0.0 -34.1     57454600   0   1000      1040300
    65  0 1  94.92 10021.00 2   0.0 -33.8     58494750   0   1000      1040150
    66  0 1  94.57 10018.00 2   0.0 -33.4     59534600   0   1050      1039850
    67  0 1  94.22 10019.50 2   0.0 -33.4     60514850   0   1150       980250
    68  0 1  94.92 10018.00 2   0.0 -32.8     62474400   0   1150      1959550
    69  0 1  95.62 10018.00 2   0.0 -32.5     63444000   0   1100       969600
    70  0 1  95.27 10021.00 2   0.0 -32.5     64474400   0   1000      1030400
    71  0 1  94.92 10019.50 2   0.0 -32.2     64474800   0   1100          400
    72  0 1  94.22 10021.00 2   0.0 -31.9     64474750   0   1100 214748364750
    73  0 1  95.27 10021.00 2   0.0 -31.9     65515100   0   1200      1040350
    74  0 1  94.57 10019.50 2   0.0 -31.6     66555250   0   1150      1040150
    75  0 1  95.62 10019.50 2   0.0 -31.6     67594950   0   1200      1039700
    76  0 1  94.57 10018.00 2   0.0 -31.3     68575050   0   1200       980100
    77  0 1  95.27 10019.50 2   0.0 -30.9     70534550   0   1050      1959500
    78  0 1  94.92 10021.00 2   0.0 -30.9     71504250   0   1100       969700
    79  0 1  95.27 10000.00 2   0.0 -30.6     72534300   0   1200      1030050
    80  0 1  94.92 10000.00 2   0.0 -30.6     72534300   0   1050            0
    81  0 1  94.22 10000.00 2   0.0 -30.6     72534150   0   1150 214748364650
    82  0 1  95.62  9998.50 2   0.0 -30.3     73573650   0   1150      1039500
    83  0 1  94.22 10000.00 2   0.0 -30.3     74613300   0   1350      1039650
    84  0 1  94.22 10000.00 2   0.0 -30.3     75653050   0   1250      1039750
    85  0 1  94.92  9998.50 2   0.0 -30.3     76633200   0   1250       980150
    86  0 1  95.27  9970.00 2   0.0 -30.0     78592850   0   1150      1959650
    87  0 1  94.22  9968.50 2   0.0 -30.0     79563200   0   1050       970350
    88  0 1  94.57  9968.50 2   0.0 -30.0     80592750   0   1250      1029550
    89  0 1  95.27  9970.00 2   0.0 -30.0     80592400   0   1300 214748364450
    90  0 1  94.57  9968.50 2   0.0 -30.0     80592100   0    950 214748364500
    91  0 1  95.27  9970.00 2   0.0 -30.0     81631900   0   1200      1039800
    92  0 1  94.92  9970.00 2   0.0 -30.0     82672250   0   1100      1040350
    93  0 1  94.92  9970.00 2   0.0 -30.0     83712250   0   1050      1040000
    94  0 1  95.27  9961.00 2   0.0 -30.0     84692250   0   1050       980000
    95  0 1  95.27  9961.00 2   0.0 -30.3     86652200   0   1400      1959950
    96  0 1  94.92  9958.00 2   0.0 -30.3     87622100   0   1050       969900
    97  0 1  94.92  9958.00 2   0.0 -30.3     88651850   0   1050      1029750
    98  0 1  95.62  9961.00 2   0.0 -30.3     88651850   0   1250            0
    99  0 1  94.22  9961.00 2   0.0 -30.6     88651950   0   1100          100
   100  0 1  94.92  9959.50 2   0.0 -30.6     89691500   0   1000      1039550
   101  0 1  95.62  9979.00 2   0.0 -30.6     90731950   0   1100      1040450
   102  0 1  95.27  9980.50 2   0.0 -30.9     91772350   0   1250      1040400
   103  0 1  94.22  9979.00 2   0.0 -30.9     92752500   0   1100       980150
   104  0 1  95.27  9979.00 2   0.0 -31.3     94713100   0   1350      1960600
   105  0 1  94.57  9980.50 2   0.0 -31.6     95682600   0   1250       969500
   106  0 1  94.92  9980.50 2   0.0 -31.6     96712850   0   1000      1030250
   107  0 1  95.27  9979.00 2   0.0 -31.9     96712600   0    950 214748364550
   108  0 1  94.92 10030.00 2   0.0 -31.9     96713000   0   1400          400
   109  0 1  94.22 10030.00 2   0.0 -32.2     97753300   0   1250      1040300
   110  0 1  95.62 10030.00 2   0.0 -32.5     98793650   0   1050      1040350
   111  0 1  94.22 10030.00 2   0.0 -32.5     99833400   0   1400      1039750
   112  0 1  95.27 10030.00 2   0.0 -32.8    100813350   0    950       979950
   113  0 1  95.27 10030.00 2   0.0 -33.4    102772550   0   1150      1959200
   114  0 1  94.57 10028.50 2   0.0 -33.4    103742100   0   1250       969550
   115  0 1  95.62  9979.00 2   0.0 -33.8    104772300   0   1100      1030200
   116  0 1  94.57  9979.00 2   0.0 -34.1    104771800   0   1050 214748364300
   117  0 1  94.22  9979.00 2   0.0 -34.4    104771650   0   1350 214748364650
   118  0 1  94.57  9979.00 2   0.0 -34.7    105811450   0   1350      1039800
   119  0 1  94.22  9979.00 2   0.0 -35.0    106851850   0   1150      1040400
   120  0 1  95.27  9979.00 2   0.0 -35.3    107892250   0    950      1040400
   121  0 1  94.57  9979.00 2   0.0 -35.6    108871850   0    950       979600
   122  0 1  95.62 10021.00 2   0.0 -36.3    110832450   0   1200      1960600
   123  0 1  94.92 10019.50 2   0.0 -36.6    111802300   0   1400       969850
   124  0 1  94.57 10019.50 2   0.0 -36.9    112832050   0   1300      1029750
   125  0 1  94.92 10018.00 2   0.0 -37.2    112832100   0   1050           50
   126  0 1  95.27 10019.50 2   0.0 -37.5    112832250   0   1350          150
   127  0 1  95.62 10021.00 2   0.0 -38.1    113871900   0   1200      1039650
   128  0 1  94.57 10019.50 2   0.0 -38.4    114912300   0    950      1040400
   129  0 1  95.27 10021.00 2   0.0 -38.8    115951900   0   1300      1039600
   130  0 1  95.62 10019.50 2   0.0 -39.1    116931900   0    950       980000
   131  0 1  94.57 10021.00 2   0.0 -40.0    118891400   0   1250      1959500
   132  0 1  94.92 10018.00 2   0.0 -40.3    119861750   0   1300       970350
   133  0 1  95.62 10018.00 2   0.0 -40.9    120891350   0    950      1029600
   134  0 1  94.57 10018.00 2   0.0 -41.3    120891750   0   1250          400
   135  0 1  94.92 10019.50 2   0.0 -41.6    120891750   0   1000            0
   136  0 1  95.27 10019.50 2   0.0 -42.2    121932150   0   1350      1040400
   137  0 1  94.92 10000.00 2   0.0 -42.5    122971750   0   1150      1039600
   138  0 1  95.27  9998.50 2   0.0 -43.1    124011800   0   1250      1040050
   139  0 1  94.22  9998.50 2   0.0 -43.4    124991850   0    950       980050
   140  0 1  94.92 10000.00 2   0.0 -44.4    126951550   0   1100      1959700
   141  0 1  94.92 10000.00 2   0.0 -45.0    127921800   0   1050       970250
   142  0 1  94.22  9998.50 2   0.0 -45.6    128951750   0   1150      1029950
   143  0 1  94.22 10000.00 2   0.0 -45.9    128951850   0   1300          100
   144  0 1  95.62  9968.50 2   0.0 -46.6    128951500   0   1100 214748364450
   145  0 1  94.22  9970.00 2   0.0 -46.9    129991400   0   1300      1039900
   146  0 1  94.57  9970.00 2   0.0 -47.5    131031450   0   1350      1040050
   147  0 1  94.22  9970.00 2   0.0 -48.1    132071600   0   1200      1040150
   148  0 1  94.57  9970.00 2   0.0 -48.4    133052000   0   1350       980400
   149  0 1  94.92  9968.50 2   0.0 -49.7    135012550   0   1100      1960550
   150  0 1  94.92  9970.00 2   0.0 -50.3    135982900   0   1150       970350
   151  0 1  94.57  9958.00 2   0.0 -50.6    137012500   0   1400      1029600
   152  0 1  94.57  9961.00 2   0.0 -51.3    137012400   0   1000 214748364700
   153  0 1  94.22  9958.00 2   0.0 -51.9    137012600   0   1300          200
   154  0 1  94.92  9958.00 2   0.0 -52.5    138052100   0   1000      1039500
   155  0 1  94.92  9959.50 2   0.0 -53.1    139092550   0   1000      1040450
   156  0 1  94.22  9959.50 2   0.0 -53.4    140132300   0   1200      1039750
   157  0 1  94.22  9958.00 2   0.0 -54.1    141112100   0   1200       979800
   158  0 1  94.22  9979.00 2   0.0 -55.3    143072350   0   1100      1960250
   159  0 1  95.27  9979.00 2   0.0 -55.9    144042350   0    950       970000
   160  0 1  94.57  9979.00 2   0.0 -56.6    145071850   0   1000      1029500
   161  0 1  94.92  9979.00 2   0.0 -57.2    145072300   0   1350          450
   162  0 1  94.92  9979.00 2   0.0 -57.5    145072600   0   1300          300
   163  0 1  95.27  9980.50 2   0.0 -58.1    146112750   0   1050      1040150
   164  0 1  94.92  9980.50 2   0.0 -58.8    147152400   0   1400      1039650
   165  0 1  94.92  9979.00 2   0.0 -59.4    148192750   0   1150      1040350
   166  0 1  95.27 10030.00 2   0.0 -60.0    149173200   0   1350       980450
   167  0 1  94.92 10030.00 2   0.0 -61.3    151133650   0   1400      1960450
   168  0 1  95.62 10030.00 2   0.0 -61.9    152103450   0   1050       969800
   169  0 1  95.62 10030.00 2   0.0 -62.5    153133900   0   1400      1030450
   170  0 1  94.92 10028.50 2   0.0 -63.1    153134000   0   1050          100
   171  0 1  95.27 10030.00 2   0.0 -63.8    153134450   0   1350          450
   172  0 1  94.57 10028.50 2   0.0 -64.4    154174350   0   1200      1039900
   173  0 1  94.92  9979.00 2   0.0 -65.0    155214700   0   1300      1040350
   174  0 1  95.27  9979.00 2   0.0 -65.6    156254450   0    950      1039750
   175  0 1  95.27  9979.00 2   0.0 -66.3    157234100   0   1300       979650
   176  0 1  94.57  9979.00 2   0.0 -67.5    159193750   0   1000      1959650
   177  0 1  95.62  9979.00 2   0.0 -68.1    160163500   0   1400       969750
   178  0 1  94.22  9980.50 2   0.0 -68.8    161193750   0   1050      1030250
   179  0 1  94.22  9979.00 2   0.0 -69.4    161193350   0   1200 214748364400
