    NO  S V  AOA    FREQ    B  FMOP  AMP      TOA      PMOP  PW         dTOA  
------ -- - ------ -------- - ----- ----- ------------ --- ------ ------------
     0  0 1  95.27 10000.00 2   0.0 -70.0            0   0   1300  42949673000
     1  0 1  95.62 10010.50 2   0.0 -69.4      1029800   0   1150      1029800
     2  0 1  94.57 10021.00 2   0.0 -68.8      2039600   0   1300      1009800
     3  0 1  95.62 10030.00 2   0.0 -68.1      3009250   0   1150       969650
     4  0 1  94.57 10048.00 2   0.0 -66.9      4989300   0   1500      1980050
     5  0 1  95.62 10057.00 2   0.0 -66.3      5999100   0   1500      1009800
     6  0 1  94.22 10063.00 2   0.0 -65.6      7018950   0   1250      1019850
     7  0 1  94.57 10070.50 2   0.0 -65.0      8009150   0   1200       990200
     8  0 1  95.62 10073.50 2   0.0 -64.4      9039000   0   1500      1029850
     9  0 1  94.92 10076.50 2   0.0 -63.8     10049100   0   1200      1010100
    10  0 1  94.57 10078.00 2   0.0 -63.1     11019450   0   1300       970350
    11  0 1  94.57 10078.00 2   0.0 -62.5     11999600   0   1150       980150
    12  0 1  94.92 10078.00 2   0.0 -61.9     12999200   0   1300       999600
    13  0 1  94.57 10072.00 2   0.0 -60.6     15028800   0   1300      2029600
    14  0 1  94.92 10066.00 2   0.0 -60.0     16018900   0   1050       990100
    15  0 1  94.57 10060.00 2   0.0 -59.4     17048600   0   1450      1029700
    16  0 1  94.92 10054.00 2   0.0 -58.8     18058900   0   1200      1010300
    17  0 1  95.62 10045.00 2   0.0 -58.1     19028650   0   1300       969750
    18  0 1  95.27 10036.00 2   0.0 -57.5     20008600   0   1400       979950
    19  0 1  95.27 10025.50 2   0.0 -57.2     21008600   0   1050      1000000
    20  0 1  94.57 10013.50 2   0.0 -56.6     22018600   0   1200      1010000
    21  0 1  94.92 10003.00 2   0.0 -55.9     23038150   0   1250      1019550
    22  0 1  94.57  9983.50 2   0.0 -54.7     25058600   0   1050      2020450
    23  0 1  95.62  9973.00 2   0.0 -54.1     26069050   0   1200      1010450
    24  0 1  94.57  9964.00 2   0.0 -53.4     27038850   0   1050       969800
    25  0 1  94.57  9955.00 2   0.0 -53.1     28018550   0   1100       979700
    26  0 1  94.92  9946.00 2   0.0 -52.5     29018850   0   1100      1000300
    27  0 1  94.22  9938.50 2   0.0 -51.9     30028750   0   1250      1009900
    28  0 1  95.27  9931.00 2   0.0 -51.3     31048500   0   1200      1019750
    29  0 1  95.27  9926.50 2   0.0 -50.6     32038400   0   1250       989900
    30  0 1  94.57  9922.00 2   0.0 -50.3     33068050   0   1050      1029650
    31  0 1  94.92  9920.50 2   0.0 -49.1     35048600   0   1300      1980550
    32  0 1  94.57  9919.00 2   0.0 -48.4     36028750   0   1100       980150
    33  0 1  94.22  9922.00 2   0.0 -48.1     37028750   0   1400      1000000
    34  0 1  94.92  9923.50 2   0.0 -47.5     38039200   0   1200      1010450
    35  0 1  94.57  9928.00 2   0.0 -46.9     39059450   0   1500      1020250
    36  0 1  94.57  9934.00 2   0.0 -46.6     40049400   0   1450       989950
    37  0 1  95.27  9943.00 2   0.0 -45.9     41079600   0   1450      1030200
    38  0 1  94.92  9952.00 2   0.0 -45.6     42089850   0   1100      1010250
    39  0 1  94.92  9959.50 2   0.0 -45.0     43059350   0   1050       969500
    40  0 1  94.92  9977.50 2   0.0 -44.1     45038700   0   1500      1979350
    41  0 1  94.57  9989.50 2   0.0 -43.4     46049100   0   1250      1010400
    42  0 1  95.27  9998.50 2   0.0 -43.1     47069350   0   1250      1020250
    43  0 1  94.92 10009.00 2   0.0 -42.5     48059650   0   1250       990300
    44  0 1  94.57 10021.00 2   0.0 -42.2     49089750   0   1050      1030100
    45  0 1  94.92 10033.00 2   0.0 -41.6     50100000   0   1450      1010250
    46  0 1  95.62 10042.00 2   0.0 -41.3     51069750   0   1500       969750
    47  0 1  95.62 10048.00 2   0.0 -40.9     52049550   0   1200       979800
    48  0 1  95.27 10057.00 2   0.0 -40.3     53049450   0   1050       999900
    49  0 1  94.22 10069.00 2   0.0 -39.7     55079100   0   1100      2029650
    50  0 1  94.22 10075.00 2   0.0 -39.1     56068900   0   1500       989800
    51  0 1  95.62 10078.00 2   0.0 -38.8     57098850   0   1450      1029950
    52  0 1  94.57 10078.00 2   0.0 -38.4     58108750   0   1400      1009900
    53  0 1  94.92 10078.00 2   0.0 -38.1     59079200   0   1350       970450
    54  0 1  94.57 10078.00 2   0.0 -37.5     60059200   0   1050       980000
    55  0 1  95.62 10076.50 2   0.0 -37.2     61059500   0   1200      1000300
    56  0 1  95.27 10072.00 2   0.0 -36.9     62069100   0   1100      1009600
    57  0 1  94.22 10066.00 2   0.0 -36.6     63088850   0   1300      1019750
    58  0 1  95.27 10051.00 2   0.0 -35.9     65109000   0   1300      2020150
    59  0 1  94.57 10043.50 2   0.0 -35.6     66118750   0   1250      1009750
    60  0 1  95.27 10036.00 2   0.0 -35.3     67089150   0   1350       970400
    61  0 1  94.57 10025.50 2   0.0 -35.0     68069050   0   1300       979900
    62  0 1  94.57 10013.50 2   0.0 -34.7     69068900   0   1300       999850
    63  0 1  95.62 10004.50 2   0.0 -34.4     70078500   0   1500      1009600
    64  0 1  95.27  9991.00 2   0.0 -34.1     71098400   0   1100      1019900
    65  0 1  95.27  9982.00 2   0.0 -33.8     72088550   0   1200       990150
    66  0 1  94.57  9971.50 2   0.0 -33.4     73118900   0   1350      1030350
    67  0 1  94.57  9952.00 2   0.0 -33.1     75098750   0   1200      1979850
    68  0 1  95.27  9944.50 2   0.0 -32.8     76078700   0   1500       979950
    69  0 1  95.62  9937.00 2   0.0 -32.5     77078650   0   1250       999950
    70  0 1  95.62  9931.00 2   0.0 -32.5     78088850   0   1350      1010200
    71  0 1  94.57  9925.00 2   0.0 -32.2     79108600   0   1050      1019750
    72  0 1  94.57  9923.50 2   0.0 -31.9     80098200   0   1100       989600
    73  0 1  94.57  9920.50 2   0.0 -31.9     81127700   0   1250      1029500
    74  0 1  94.57  9919.00 2   0.0 -31.6     82137350   0   1300      1009650
    75  0 1  95.27  9920.50 2   0.0 -31.6     83107150   0   1500       969800
    76  0 1  95.62  9925.00 2   0.0 -31.3     85086300   0   1150      1979150
    77  0 1  95.27  9928.00 2   0.0 -30.9     86095950   0   1200      1009650
    78  0 1  94.22  9934.00 2   0.0 -30.9     87115800   0   1450      1019850
    79  0 1  95.62  9943.00 2   0.0 -30.6     88105350   0   1200       989550
    80  0 1  95.62  9952.00 2   0.0 -30.6     89135000   0   1100      1029650
    81  0 1  95.62  9958.00 2   0.0 -30.6     90145150   0   1350      1010150
    82  0 1  94.57  9968.50 2   0.0 -30.3     91114900   0   1100       969750
    83  0 1  95.27  9977.50 2   0.0 -30.3     92094650   0   1350       979750
    84  0 1  94.92  9988.00 2   0.0 -30.3     93094550   0   1200       999900
    85  0 1  94.92 10010.50 2   0.0 -30.0     95124450   0   1050      2029900
    86  0 1  94.57 10021.00 2   0.0 -30.0     96114250   0   1100       989800
    87  0 1  94.57 10031.50 2   0.0 -30.0     97144550   0   1300      1030300
    88  0 1  94.57 10042.00 2   0.0 -30.0     98154250   0   1250      1009700
    89  0 1  95.62 10051.00 2   0.0 -30.0     99123850   0   1150       969600
    90  0 1  95.27 10057.00 2   0.0 -30.0    100104200   0   1500       980350
    91  0 1  94.22 10064.50 2   0.0 -30.0    101103700   0   1350       999500
    92  0 1  95.62 10069.00 2   0.0 -30.0    102113650   0   1350      1009950
    93  0 1  95.62 10075.00 2   0.0 -30.0    103134050   0   1500      1020400
    94  0 1  94.92 10078.00 2   0.0 -30.0    105153600   0   1400      2019550
    95  0 1  95.62 10079.50 2   0.0 -30.3    106164000   0   1450      1010400
    96  0 1  94.22 10076.50 2   0.0 -30.3    107134100   0   1250       970100
    97  0 1  94.22 10075.00 2   0.0 -30.3    108113900   0   1200       979800
    98  0 1  95.27 10070.50 2   0.0 -30.3    109114000   0   1350      1000100
    99  0 1  94.57 10066.00 2   0.0 -30.6    110124050   0   1250      1010050
   100  0 1  94.22 10058.50 2   0.0 -30.6    111144350   0   1450      1020300
   101  0 1  94.57 10051.00 2   0.0 -30.6    112134650   0   1100       990300
   102  0 1  94.22 10043.50 2   0.0 -30.9    113164450   0   1500      1029800
   103  0 1  95.27 10022.50 2   0.0 -31.3    115144450   0   1400      1980000
   104  0 1  94.22 10015.00 2   0.0 -31.3    116124100   0   1350       979650
   105  0 1  95.27 10004.50 2   0.0 -31.6    117123950   0   1350       999850
   106  0 1  94.92  9991.00 2   0.0 -31.6    118133900   0   1100      1009950
   107  0 1  95.62  9980.50 2   0.0 -31.9    119153950   0   1300      1020050
   108  0 1  94.57  9973.00 2   0.0 -31.9    120144050   0   1200       990100
   109  0 1  95.27  9961.00 2   0.0 -32.2    121174200   0   1050      1030150
   110  0 1  95.27  9952.00 2   0.0 -32.5    122184500   0   1100      1010300
   111  0 1  94.22  9943.00 2   0.0 -32.5    123154200   0   1050       969700
   112  0 1  94.92  9931.00 2   0.0 -33.1    125133700   0   1400      1979500
   113  0 1  94.92  9926.50 2   0.0 -33.4    126144150   0   1050      1010450
   114  0 1  95.27  9922.00 2   0.0 -33.4    127164250   0   1300      1020100
   115  0 1  95.27  9919.00 2   0.0 -33.8    128154100   0   1500       989850
   116  0 1  95.62  9920.50 2   0.0 -34.1    129184400   0   1150      1030300
   117  0 1  94.57  9919.00 2   0.0 -34.4    130194700   0   1350      1010300
   118  0 1  95.62  9920.50 2   0.0 -34.7    131164900   0   1200       970200
   119  0 1  94.22  9925.00 2   0.0 -35.0    132145100   0   1050       980200
   120  0 1  94.92  9931.00 2   0.0 -35.3    133145150   0   1450      1000050
   121  0 1  95.27  9943.00 2   0.0 -35.9    135175100   0   1400      2029950
   122  0 1  94.57  9950.50 2   0.0 -36.3    136165400   0   1400       990300
   123  0 1  95.27  9961.00 2   0.0 -36.6    137195850   0   1500      1030450
   124  0 1  95.27  9970.00 2   0.0 -36.9    138206300   0   1450      1010450
   125  0 1  95.27  9980.50 2   0.0 -37.2    139176700   0   1400       970400
   126  0 1  95.62  9988.00 2   0.0 -37.5    140156450   0   1400       979750
   127  0 1  94.57 10000.00 2   0.0 -38.1    141156150   0   1200       999700
   128  0 1  94.22 10010.50 2   0.0 -38.4    142165900   0   1350      1009750
   129  0 1  94.22 10024.00 2   0.0 -38.8    143185800   0   1200      1019900
   130  0 1  95.27 10042.00 2   0.0 -39.7    145206150   0   1450      2020350
   131  0 1  94.57 10051.00 2   0.0 -40.0    146215800   0   1450      1009650
   132  0 1  95.62 10057.00 2   0.0 -40.3    147186200   0   1350       970400
   133  0 1  94.22 10066.00 2   0.0 -40.9    148165800   0   1050       979600
   134  0 1  95.62 10069.00 2   0.0 -41.3    149165900   0   1150      1000100
   135  0 1  95.27 10075.00 2   0.0 -41.6    150176000   0   1100      1010100
   136  0 1  95.62 10076.50 2   0.0 -42.2    151195750   0   1200      1019750
   137  0 1  94.92 10078.00 2   0.0 -42.5    152185850   0   1350       990100
   138  0 1  94.92 10079.50 2   0.0 -43.1    153216200   0   1500      1030350
   139  0 1  95.27 10073.50 2   0.0 -44.1    155196000   0   1500      1979800
   140  0 1  95.62 10069.00 2   0.0 -44.4    156176200   0   1500       980200
   141  0 1  94.92 10066.00 2   0.0 -45.0    157176500   0   1350      1000300
   142  0 1  94.22 10060.00 2   0.0 -45.6    158186000   0   1300      1009500
   143  0 1  94.57 10051.00 2   0.0 -45.9    159206200   0   1200      1020200
   144  0 1  94.22 10042.00 2   0.0 -46.6    160196300   0   1400       990100
   145  0 1  95.27 10031.50 2   0.0 -46.9    161226050   0   1100      1029750
   146  0 1  94.22 10022.50 2   0.0 -47.5    162235950   0   1400      1009900
   147  0 1  94.92 10013.50 2   0.0 -48.1    163205850   0   1050       969900
   148  0 1  95.27  9992.50 2   0.0 -49.1    165185200   0   1400      1979350
   149  0 1  95.62  9982.00 2   0.0 -49.7    166195450   0   1250      1010250
   150  0 1  94.22  9970.00 2   0.0 -50.3    167215200   0   1250      1019750
   151  0 1  95.27  9961.00 2   0.0 -50.6    168204850   0   1050       989650
   152  0 1  94.57  9952.00 2   0.0 -51.3    169234400   0   1350      1029550
   153  0 1  94.22  9943.00 2   0.0 -51.9    170243950   0   1300      1009550
   154  0 1  94.92  9935.50 2   0.0 -52.5    171214250   0   1150       970300
   155  0 1  95.27  9931.00 2   0.0 -53.1    172194550   0   1100       980300
   156  0 1  95.62  9926.50 2   0.0 -53.4    173194100   0   1400       999550
   157  0 1  95.27  9920.50 2   0.0 -54.7    175223350   0   1100      2029250
   158  0 1  94.22  9919.00 2   0.0 -55.3    176213000   0   1050       989650
   159  0 1  95.62  9919.00 2   0.0 -55.9    177242900   0   1150      1029900
   160  0 1  94.22  9922.00 2   0.0 -56.6    178253150   0   1050      1010250
   161  0 1  94.22  9926.50 2   0.0 -57.2    179222950   0   1150       969800
   162  0 1  95.62  9928.00 2   0.0 -57.5    180203000   0   1150       980050
   163  0 1  94.22  9935.50 2   0.0 -58.1    181203000   0   1350      1000000
   164  0 1  94.92  9943.00 2   0.0 -58.8    182213100   0   1150      1010100
   165  0 1  94.92  9950.50 2   0.0 -59.4    183233150   0   1450      1020050
   166  0 1  95.62  9970.00 2   0.0 -60.6    185252750   0   1300      2019600
   167  0 1  95.27  9982.00 2   0.0 -61.3    186262450   0   1450      1009700
   168  0 1  95.27  9989.50 2   0.0 -61.9    187232000   0   1350       969550
   169  0 1  94.92 10001.50 2   0.0 -62.5    188211900   0   1300       979900
   170  0 1  94.57 10010.50 2   0.0 -63.1    189212150   0   1300      1000250
   171  0 1  95.27 10024.00 2   0.0 -63.8    190221700   0   1500      1009550
   172  0 1  95.62 10033.00 2   0.0 -64.4    191241700   0   1400      1020000
   173  0 1  94.92 10042.00 2   0.0 -65.0    192231950   0   1350       990250
   174  0 1  95.27 10049.50 2   0.0 -65.6    193261800   0   1400      1029850
   175  0 1  94.92 10066.00 2   0.0 -66.9    195241200   0   1450      1979400
   176  0 1  95.62 10072.00 2   0.0 -67.5    196221650   0   1250       980450
   177  0 1  94.92 10073.50 2   0.0 -68.1    197221900   0   1050      1000250
   178  0 1  94.92 10078.00 2   0.0 -68.8    198232100   0   1150      1010200
   179  0 1  94.92 10079.50 2   0.0 -69.4    199252500   0   1150      1020400
