    NO  S V  AOA    FREQ    B  FMOP  AMP      TOA      PMOP  PW         dTOA  
------ -- - ------ -------- - ----- ----- ------------ --- ------ ------------
     0  0 1  94.92 10000.00 2   0.0 -70.0            0   0   1300  42949673000
     1  0 1  94.57 10009.00 2   0.0 -69.4      1030450   0   1300      1030450
     2  0 1  94.92 10021.00 2   0.0 -68.8      2040550   0   1150      1010100
     3  0 1  94.22 10030.00 2   0.0 -68.1      3010600   0   1100       970050
     4  0 1  94.22 10040.50 2   0.0 -67.5      3990650   0   1450       980050
     5  0 1  94.57 10057.00 2   0.0 -66.3      6000600   0   1500      2009950
     6  0 1  94.92 10063.00 2   0.0 -65.6      7020550   0   1150      1019950
     7  0 1  94.22 10069.00 2   0.0 -65.0      8010300   0   1500       989750
     8  0 1  95.27 10073.50 2   0.0 -64.4      9040200   0   1200      1029900
     9  0 1  95.27 10075.00 2   0.0 -63.8     10050550   0   1450      1010350
    10  0 1  95.27 10078.00 2   0.0 -63.1     11020700   0   1100       970150
    11  0 1  95.62 10078.00 2   0.0 -62.5     12000250   0   1400       979550
    12  0 1  94.92 10076.50 2   0.0 -61.9     12999900   0   1150       999650
    13  0 1  94.92 10075.00 2   0.0 -61.3     14009900   0   1100      1010000
    14  0 1  94.22 10067.50 2   0.0 -60.0     16019600   0   1200      2009700
    15  0 1  94.92 10060.00 2   0.0 -59.4     17049200   0   1050      1029600
    16  0 1  94.22 10052.50 2   0.0 -58.8     18059450   0   1100      1010250
    17  0 1  95.62 10043.50 2   0.0 -58.1     19029800   0   1150       970350
    18  0 1  95.27 10036.00 2   0.0 -57.5     20009650   0   1150       979850
    19  0 1  94.57 10025.50 2   0.0 -57.2     21009900   0   1400      1000250
    20  0 1  94.57 10015.00 2   0.0 -56.6     22019900   0   1200      1010000
    21  0 1  95.27 10003.00 2   0.0 -55.9     23039800   0   1050      1019900
    22  0 1  94.57  9994.00 2   0.0 -55.3     24029800   0   1250       990000
    23  0 1  95.27  9971.50 2   0.0 -54.1     26069850   0   1150      2040050
    24  0 1  94.92  9964.00 2   0.0 -53.4     27040200   0   1350       970350
    25  0 1  95.62  9955.00 2   0.0 -53.1     28019700   0   1250       979500
    26  0 1  94.57  9946.00 2   0.0 -52.5     29019550   0   1200       999850
    27  0 1  95.27  9937.00 2   0.0 -51.9     30029700   0   1100      1010150
    28  0 1  94.22  9932.50 2   0.0 -51.3     31049250   0   1300      1019550
    29  0 1  94.57  9926.50 2   0.0 -50.6     32038850   0   1150       989600
    30  0 1  94.57  9923.50 2   0.0 -50.3     33068600   0   1250      1029750
    31  0 1  95.62  9920.50 2   0.0 -49.7     34078800   0   1150      1010200
    32  0 1  95.62  9919.00 2   0.0 -48.4     36029000   0   1450      1950200
    33  0 1  95.62  9920.50 2   0.0 -48.1     37028900   0   1150       999900
    34  0 1  95.27  9925.00 2   0.0 -47.5     38039050   0   1200      1010150
    35  0 1  94.92  9929.50 2   0.0 -46.9     39058650   0   1400      1019600
    36  0 1  94.22  9935.50 2   0.0 -46.6     40048650   0   1150       990000
    37  0 1  95.27  9941.50 2   0.0 -45.9     41078850   0   1150      1030200
    38  0 1  94.92  9949.00 2   0.0 -45.6     42088500   0   1250      1009650
    39  0 1  94.57  9958.00 2   0.0 -45.0     43058200   0   1300       969700
    40  0 1  94.92  9970.00 2   0.0 -44.4     44038000   0   1500       979800
    41  0 1  94.57  9988.00 2   0.0 -43.4     46048850   0   1300      2010850
    42  0 1  94.57 10000.00 2   0.0 -43.1     47069250   0   1150      1020400
    43  0 1  94.92 10009.00 2   0.0 -42.5     48059650   0   1300       990400
    44  0 1  94.57 10021.00 2   0.0 -42.2     49090100   0   1350      1030450
    45  0 1  95.27 10031.50 2   0.0 -41.6     50100050   0   1150      1009950
    46  0 1  94.57 10039.00 2   0.0 -41.3     51069950   0   1500       969900
    47  0 1  94.57 10049.50 2   0.0 -40.9     52049600   0   1350       979650
    48  0 1  94.92 10055.50 2   0.0 -40.3     53049350   0   1300       999750
    49  0 1  95.27 10063.00 2   0.0 -40.0     54059600   0   1300      1010250
    50  0 1  94.57 10075.00 2   0.0 -39.1     56068900   0   1250      2009300
    51  0 1  94.22 10076.50 2   0.0 -38.8     57098650   0   1400      1029750
    52  0 1  94.92 10079.50 2   0.0 -38.4     58108600   0   1250      1009950
    53  0 1  95.27 10078.00 2   0.0 -38.1     59078200   0   1050       969600
    54  0 1  95.27 10076.50 2   0.0 -37.5     60058250   0   1300       980050
    55  0 1  94.92 10076.50 2   0.0 -37.2     61057800   0   1350       999550
    56  0 1  95.27 10072.00 2   0.0 -36.9     62067550   0   1050      1009750
    57  0 1  94.57 10066.00 2   0.0 -36.6     63087300   0   1150      1019750
    58  0 1  95.62 10060.00 2   0.0 -36.3     64077450   0   1450       990150
    59  0 1  94.57 10045.00 2   0.0 -35.6     66117750   0   1400      2040300
    60  0 1  94.57 10036.00 2   0.0 -35.3     67088050   0   1050       970300
    61  0 1  94.92 10024.00 2   0.0 -35.0     68068150   0   1250       980100
    62  0 1  94.22 10013.50 2   0.0 -34.7     69067900   0   1100       999750
    63  0 1  94.92 10003.00 2   0.0 -34.4     70077450   0   1100      1009550
    64  0 1  94.57  9994.00 2   0.0 -34.1     71097200   0   1350      1019750
    65  0 1  94.22  9982.00 2   0.0 -33.8     72086900   0   1400       989700
    66  0 1  95.62  9973.00 2   0.0 -33.4     73116800   0   1200      1029900
    67  0 1  94.57  9961.00 2   0.0 -33.4     74126800   0   1400      1010000
    68  0 1  94.92  9944.50 2   0.0 -32.8     76076400   0   1200      1949600
    69  0 1  95.62  9938.50 2   0.0 -32.5     77076400   0   1500      1000000
    70  0 1  94.92  9931.00 2   0.0 -32.5     78086600   0   1100      1010200
    71  0 1  95.62  9925.00 2   0.0 -32.2     79106250   0   1250      1019650
    72  0 1  94.22  9922.00 2   0.0 -31.9     80096100   0   1350       989850
    73  0 1  94.57  9920.50 2   0.0 -31.9     81125650   0   1100      1029550
    74  0 1  94.57  9919.00 2   0.0 -31.6     82135900   0   1150      1010250
    75  0 1  94.22  9920.50 2   0.0 -31.6     83106350   0   1050       970450
    76  0 1  95.27  9922.00 2   0.0 -31.3     84086450   0   1150       980100
    77  0 1  95.27  9929.50 2   0.0 -30.9     86096300   0   1400      2009850
    78  0 1  94.92  9935.50 2   0.0 -30.9     87115850   0   1050      1019550
    79  0 1  95.27  9943.00 2   0.0 -30.6     88105850   0   1150       990000
    80  0 1  95.62  9952.00 2   0.0 -30.6     89135850   0   1050      1030000
    81  0 1  94.22  9959.50 2   0.0 -30.6     90145450   0   1200      1009600
    82  0 1  94.57  9970.00 2   0.0 -30.3     91115800   0   1050       970350
    83  0 1  94.57  9979.00 2   0.0 -30.3     92095300   0   1150       979500
    84  0 1  94.22  9991.00 2   0.0 -30.3     93094950   0   1300       999650
    85  0 1  94.22 10001.50 2   0.0 -30.3     94104750   0   1450      1009800
    86  0 1  94.92 10022.50 2   0.0 -30.0     96113850   0   1150      2009100
    87  0 1  94.22 10033.00 2   0.0 -30.0     97143950   0   1350      1030100
    88  0 1  95.27 10040.50 2   0.0 -30.0     98154200   0   1250      1010250
    89  0 1  94.57 10049.50 2   0.0 -30.0     99124600   0   1150       970400
    90  0 1  95.62 10057.00 2   0.0 -30.0    100104650   0   1300       980050
    91  0 1  95.62 10064.50 2   0.0 -30.0    101104300   0   1200       999650
    92  0 1  94.92 10069.00 2   0.0 -30.0    102113850   0   1100      1009550
    93  0 1  95.62 10075.00 2   0.0 -30.0    103133550   0   1100      1019700
    94  0 1  94.92 10078.00 2   0.0 -30.0    104123450   0   1100       989900
    95  0 1  95.27 10078.00 2   0.0 -30.3    106163900   0   1200      2040450
    96  0 1  95.62 10078.00 2   0.0 -30.3    107133450   0   1450       969550
    97  0 1  94.57 10075.00 2   0.0 -30.3    108113700   0   1150       980250
    98  0 1  95.27 10070.50 2   0.0 -30.3    109114150   0   1150      1000450
    99  0 1  94.57 10066.00 2   0.0 -30.6    110123950   0   1300      1009800
   100  0 1  95.62 10058.50 2   0.0 -30.6    111143550   0   1200      1019600
   101  0 1  94.22 10052.50 2   0.0 -30.6    112133150   0   1050       989600
   102  0 1  94.22 10042.00 2   0.0 -30.9    113162800   0   1050      1029650
   103  0 1  95.62 10033.00 2   0.0 -30.9    114173200   0   1500      1010400
   104  0 1  94.22 10015.00 2   0.0 -31.3    116123100   0   1050      1949900
   105  0 1  94.57 10003.00 2   0.0 -31.6    117122850   0   1100       999750
   106  0 1  95.27  9991.00 2   0.0 -31.6    118132750   0   1150      1009900
   107  0 1  94.57  9980.50 2   0.0 -31.9    119153200   0   1100      1020450
   108  0 1  94.57  9970.00 2   0.0 -31.9    120142700   0   1400       989500
   109  0 1  95.27  9961.00 2   0.0 -32.2    121172600   0   1300      1029900
   110  0 1  94.57  9953.50 2   0.0 -32.5    122182950   0   1150      1010350
   111  0 1  95.62  9943.00 2   0.0 -32.5    123152700   0   1050       969750
   112  0 1  94.57  9937.00 2   0.0 -32.8    124132250   0   1300       979550
   113  0 1  95.62  9925.00 2   0.0 -33.4    126142250   0   1150      2010000
   114  0 1  94.22  9922.00 2   0.0 -33.4    127162100   0   1200      1019850
   115  0 1  94.92  9920.50 2   0.0 -33.8    128151900   0   1400       989800
   116  0 1  94.22  9919.00 2   0.0 -34.1    129182300   0   1250      1030400
   117  0 1  94.22  9920.50 2   0.0 -34.4    130191850   0   1350      1009550
   118  0 1  95.62  9920.50 2   0.0 -34.7    131161600   0   1250       969750
   119  0 1  94.57  9925.00 2   0.0 -35.0    132141700   0   1050       980100
   120  0 1  94.92  9931.00 2   0.0 -35.3    133141700   0   1500      1000000
   121  0 1  95.62  9934.00 2   0.0 -35.6    134151350   0   1150      1009650
   122  0 1  95.27  9950.50 2   0.0 -36.3    136161600   0   1150      2010250
   123  0 1  94.92  9961.00 2   0.0 -36.6    137191300   0   1250      1029700
   124  0 1  95.27  9970.00 2   0.0 -36.9    138201750   0   1200      1010450
   125  0 1  94.22  9979.00 2   0.0 -37.2    139171250   0   1500       969500
   126  0 1  95.27  9988.00 2   0.0 -37.5    140151100   0   1150       979850
   127  0 1  95.62 10001.50 2   0.0 -38.1    141151050   0   1150       999950
   128  0 1  95.62 10012.00 2   0.0 -38.4    142160650   0   1050      1009600
   129  0 1  94.92 10021.00 2   0.0 -38.8    143180850   0   1350      1020200
   130  0 1  94.57 10033.00 2   0.0 -39.1    144170600   0   1250       989750
   131  0 1  94.22 10051.00 2   0.0 -40.0    146210500   0   1350      2039900
   132  0 1  95.62 10058.50 2   0.0 -40.3    147180850   0   1400       970350
   133  0 1  95.62 10064.50 2   0.0 -40.9    148161000   0   1050       980150
   134  0 1  94.22 10070.50 2   0.0 -41.3    149160800   0   1250       999800
   135  0 1  94.57 10075.00 2   0.0 -41.6    150171100   0   1100      1010300
   136  0 1  95.62 10078.00 2   0.0 -42.2    151190700   0   1300      1019600
   137  0 1  94.92 10079.50 2   0.0 -42.5    152180350   0   1500       989650
   138  0 1  94.57 10078.00 2   0.0 -43.1    153210400   0   1150      1030050
   139  0 1  94.22 10076.50 2   0.0 -43.4    154219900   0   1050      1009500
   140  0 1  95.62 10072.00 2   0.0 -44.4    156169750   0   1250      1949850
   141  0 1  95.27 10064.50 2   0.0 -45.0    157170200   0   1100      1000450
   142  0 1  94.92 10060.00 2   0.0 -45.6    158179900   0   1050      1009700
   143  0 1  95.62 10051.00 2   0.0 -45.9    159199650   0   1050      1019750
   144  0 1  94.22 10042.00 2   0.0 -46.6    160189550   0   1350       989900
   145  0 1  95.27 10033.00 2   0.0 -46.9    161219450   0   1200      1029900
   146  0 1  94.57 10021.00 2   0.0 -47.5    162229150   0   1100      1009700
   147  0 1  95.62 10012.00 2   0.0 -48.1    163198700   0   1050       969550
   148  0 1  95.27 10003.00 2   0.0 -48.4    164178900   0   1100       980200
   149  0 1  94.57  9980.50 2   0.0 -49.7    166189200   0   1350      2010300
   150  0 1  94.92  9970.00 2   0.0 -50.3    167209000   0   1300      1019800
   151  0 1  95.27  9961.00 2   0.0 -50.6    168199150   0   1450       990150
   152  0 1  95.62  9950.50 2   0.0 -51.3    169228900   0   1350      1029750
   153  0 1  94.22  9943.00 2   0.0 -51.9    170238450   0   1450      1009550
   154  0 1  95.62  9935.50 2   0.0 -52.5    171208100   0   1100       969650
   155  0 1  94.57  9929.50 2   0.0 -53.1    172187600   0   1500       979500
   156  0 1  94.57  9925.00 2   0.0 -53.4    173187900   0   1400      1000300
   157  0 1  95.62  9922.00 2   0.0 -54.1    174197600   0   1100      1009700
   158  0 1  94.92  9920.50 2   0.0 -55.3    176207650   0   1050      2010050
   159  0 1  95.27  9920.50 2   0.0 -55.9    177237350   0   1300      1029700
   160  0 1  94.22  9922.00 2   0.0 -56.6    178247050   0   1150      1009700
   161  0 1  94.57  9925.00 2   0.0 -57.2    179217350   0   1450       970300
   162  0 1  94.57  9929.50 2   0.0 -57.5    180197500   0   1350       980150
   163  0 1  95.62  9935.50 2   0.0 -58.1    181197400   0   1500       999900
   164  0 1  94.92  9943.00 2   0.0 -58.8    182207750   0   1500      1010350
   165  0 1  94.92  9950.50 2   0.0 -59.4    183227550   0   1050      1019800
   166  0 1  94.22  9959.50 2   0.0 -60.0    184217200   0   1050       989650
   167  0 1  94.57  9980.50 2   0.0 -61.3    186257200   0   1400      2040000
   168  0 1  95.27  9989.50 2   0.0 -61.9    187227250   0   1250       970050
   169  0 1  94.92 10003.00 2   0.0 -62.5    188207300   0   1500       980050
   170  0 1  95.62 10012.00 2   0.0 -63.1    189207650   0   1150      1000350
   171  0 1  95.27 10022.50 2   0.0 -63.8    190217950   0   1300      1010300
   172  0 1  94.57 10031.50 2   0.0 -64.4    191238050   0   1350      1020100
   173  0 1  94.92 10042.00 2   0.0 -65.0    192227700   0   1450       989650
   174  0 1  94.22 10051.00 2   0.0 -65.6    193257750   0   1450      1030050
   175  0 1  95.62 10058.50 2   0.0 -66.3    194267600   0   1050      1009850
   176  0 1  94.57 10072.00 2   0.0 -67.5    196217500   0   1350      1949900
   177  0 1  95.62 10075.00 2   0.0 -68.1    197217100   0   1050       999600
   178  0 1  94.92 10078.00 2   0.0 -68.8    198226800   0   1100      1009700
   179  0 1  94.22 10078.00 2   0.0 -69.4    199246350   0   1100      1019550
