    NO  S V  AOA    FREQ    B  FMOP  AMP      TOA      PMOP  PW         dTOA  
------ -- - ------ -------- - ----- ----- ------------ --- ------ ------------
     0  0 1  94.57  9998.50 2   0.0 -70.0            0   0   1100  42949673000
     1  0 1  94.22 10010.50 2   0.0 -69.4      1029900   0   1250      1029900
     2  0 1  95.62 10021.00 2   0.0 -68.8      2040050   0   1150      1010150
     3  0 1  95.27 10031.50 2   0.0 -68.1      3009900   0   1500       969850
     4  0 1  94.57 10040.50 2   0.0 -67.5      3989750   0   1250       979850
     5  0 1  94.57 10048.00 2   0.0 -66.9      4989650   0   1200       999900
     6  0 1  94.92 10063.00 2   0.0 -65.6      7019550   0   1500      2029900
     7  0 1  94.92 10069.00 2   0.0 -65.0      8009650   0   1100       990100
     8  0 1  95.62 10075.00 2   0.0 -64.4      9039150   0   1400      1029500
     9  0 1  94.92 10076.50 2   0.0 -63.8     10048900   0   1250      1009750
    10  0 1  95.62 10079.50 2   0.0 -63.1     11018750   0   1050       969850
    11  0 1  94.57 10079.50 2   0.0 -62.5     11998550   0   1050       979800
    12  0 1  95.62 10078.00 2   0.0 -61.9     12998600   0   1400      1000050
    13  0 1  94.57 10075.00 2   0.0 -61.3     14009050   0   1150      1010450
    14  0 1  95.27 10072.00 2   0.0 -60.6     15029450   0   1100      1020400
    15  0 1  95.27 10060.00 2   0.0 -59.4     17049300   0   1350      2019850
    16  0 1  94.22 10054.00 2   0.0 -58.8     18059100   0   1400      1009800
    17  0 1  94.22 10045.00 2   0.0 -58.1     19028650   0   1150       969550
    18  0 1  95.27 10036.00 2   0.0 -57.5     20008200   0   1350       979550
    19  0 1  95.27 10027.00 2   0.0 -57.2     21008100   0   1250       999900
    20  0 1  94.57 10013.50 2   0.0 -56.6     22018050   0   1400      1009950
    21  0 1  95.27 10003.00 2   0.0 -55.9     23037600   0   1250      1019550
    22  0 1  95.62  9994.00 2   0.0 -55.3     24027250   0   1300       989650
    23  0 1  94.22  9983.50 2   0.0 -54.7     25056900   0   1500      1029650
    24  0 1  94.57  9962.50 2   0.0 -53.4     27036700   0   1100      1979800
    25  0 1  94.22  9953.50 2   0.0 -53.1     28016400   0   1350       979700
    26  0 1  94.22  9946.00 2   0.0 -52.5     29016150   0   1100       999750
    27  0 1  94.57  9938.50 2   0.0 -51.9     30026200   0   1100      1010050
    28  0 1  94.57  9931.00 2   0.0 -51.3     31046650   0   1300      1020450
    29  0 1  95.62  9925.00 2   0.0 -50.6     32036900   0   1150       990250
    30  0 1  94.22  9923.50 2   0.0 -50.3     33066700   0   1100      1029800
    31  0 1  95.62  9919.00 2   0.0 -49.7     34077050   0   1150      1010350
    32  0 1  94.57  9920.50 2   0.0 -49.1     35046700   0   1300       969650
    33  0 1  94.22  9920.50 2   0.0 -48.1     37026750   0   1350      1980050
    34  0 1  94.92  9925.00 2   0.0 -47.5     38037050   0   1200      1010300
    35  0 1  94.92  9931.00 2   0.0 -46.9     39056700   0   1050      1019650
    36  0 1  94.92  9934.00 2   0.0 -46.6     40046700   0   1100       990000
    37  0 1  94.22  9943.00 2   0.0 -45.9     41076850   0   1500      1030150
    38  0 1  94.22  9950.50 2   0.0 -45.6     42086350   0   1050      1009500
    39  0 1  94.22  9958.00 2   0.0 -45.0     43056700   0   1100       970350
    40  0 1  94.92  9970.00 2   0.0 -44.4     44037000   0   1200       980300
    41  0 1  94.22  9979.00 2   0.0 -44.1     45037200   0   1350      1000200
    42  0 1  94.22  9998.50 2   0.0 -43.1     47068050   0   1400      2030850
    43  0 1  94.92 10010.50 2   0.0 -42.5     48057650   0   1400       989600
    44  0 1  95.62 10021.00 2   0.0 -42.2     49087800   0   1250      1030150
    45  0 1  94.92 10031.50 2   0.0 -41.6     50097700   0   1500      1009900
    46  0 1  94.57 10039.00 2   0.0 -41.3     51067750   0   1300       970050
    47  0 1  94.22 10048.00 2   0.0 -40.9     52047800   0   1150       980050
    48  0 1  95.62 10057.00 2   0.0 -40.3     53047950   0   1500      1000150
    49  0 1  95.27 10063.00 2   0.0 -40.0     54058200   0   1200      1010250
    50  0 1  94.92 10070.50 2   0.0 -39.7     55078550   0   1300      1020350
    51  0 1  95.62 10078.00 2   0.0 -38.8     57098300   0   1300      2019750
    52  0 1  95.62 10079.50 2   0.0 -38.4     58108150   0   1400      1009850
    53  0 1  94.92 10078.00 2   0.0 -38.1     59077850   0   1250       969700
    54  0 1  95.62 10076.50 2   0.0 -37.5     60058150   0   1450       980300
    55  0 1  94.57 10075.00 2   0.0 -37.2     61058350   0   1200      1000200
    56  0 1  95.62 10072.00 2   0.0 -36.9     62068700   0   1350      1010350
    57  0 1  95.62 10066.00 2   0.0 -36.6     63088450   0   1150      1019750
    58  0 1  94.22 10058.50 2   0.0 -36.3     64078300   0   1400       989850
    59  0 1  95.27 10052.50 2   0.0 -35.9     65108600   0   1400      1030300
    60  0 1  95.27 10036.00 2   0.0 -35.3     67088300   0   1250      1979700
    61  0 1  94.22 10025.50 2   0.0 -35.0     68068100   0   1050       979800
    62  0 1  95.62 10015.00 2   0.0 -34.7     69067950   0   1400       999850
    63  0 1  95.27 10003.00 2   0.0 -34.4     70078300   0   1250      1010350
    64  0 1  94.22  9994.00 2   0.0 -34.1     71098450   0   1050      1020150
    65  0 1  94.22  9982.00 2   0.0 -33.8     72088850   0   1100       990400
    66  0 1  95.27  9970.00 2   0.0 -33.4     73118500   0   1050      1029650
    67  0 1  95.27  9961.00 2   0.0 -33.4     74128450   0   1400      1009950
    68  0 1  95.62  9952.00 2   0.0 -33.1     75098600   0   1300       970150
    69  0 1  94.92  9937.00 2   0.0 -32.5     77078450   0   1450      1979850
    70  0 1  94.92  9932.50 2   0.0 -32.5     78088700   0   1100      1010250
    71  0 1  94.22  9925.00 2   0.0 -32.2     79108800   0   1400      1020100
    72  0 1  95.62  9922.00 2   0.0 -31.9     80098900   0   1200       990100
    73  0 1  95.27  9919.00 2   0.0 -31.9     81129300   0   1350      1030400
    74  0 1  94.92  9920.50 2   0.0 -31.6     82139200   0   1100      1009900
    75  0 1  94.22  9919.00 2   0.0 -31.6     83109400   0   1300       970200
    76  0 1  94.57  9920.50 2   0.0 -31.3     84089550   0   1500       980150
    77  0 1  95.27  9923.50 2   0.0 -31.3     85089650   0   1100      1000100
    78  0 1  94.57  9935.50 2   0.0 -30.9     87120400   0   1050      2030750
    79  0 1  94.57  9943.00 2   0.0 -30.6     88110450   0   1300       990050
    80  0 1  94.22  9950.50 2   0.0 -30.6     89140900   0   1500      1030450
    81  0 1  94.92  9958.00 2   0.0 -30.6     90151300   0   1300      1010400
    82  0 1  95.62  9967.00 2   0.0 -30.3     91121300   0   1300       970000
    83  0 1  94.57  9977.50 2   0.0 -30.3     92101700   0   1050       980400
    84  0 1  95.62  9989.50 2   0.0 -30.3     93101800   0   1200      1000100
    85  0 1  95.27 10000.00 2   0.0 -30.3     94111700   0   1100      1009900
    86  0 1  94.57 10012.00 2   0.0 -30.0     95131250   0   1500      1019550
    87  0 1  94.57 10030.00 2   0.0 -30.0     97150500   0   1100      2019250
    88  0 1  94.57 10040.50 2   0.0 -30.0     98160050   0   1400      1009550
    89  0 1  94.92 10049.50 2   0.0 -30.0     99129950   0   1350       969900
    90  0 1  94.92 10057.00 2   0.0 -30.0    100109800   0   1300       979850
    91  0 1  94.22 10066.00 2   0.0 -30.0    101109500   0   1400       999700
    92  0 1  94.57 10070.50 2   0.0 -30.0    102119950   0   1500      1010450
    93  0 1  94.57 10075.00 2   0.0 -30.0    103139850   0   1050      1019900
    94  0 1  95.62 10076.50 2   0.0 -30.0    104129700   0   1150       989850
    95  0 1  94.92 10078.00 2   0.0 -30.0    105159700   0   1450      1030000
    96  0 1  94.57 10078.00 2   0.0 -30.3    107139700   0   1050      1980000
    97  0 1  94.57 10076.50 2   0.0 -30.3    108119400   0   1250       979700
    98  0 1  95.27 10072.00 2   0.0 -30.3    109119750   0   1050      1000350
    99  0 1  94.22 10066.00 2   0.0 -30.6    110129850   0   1100      1010100
   100  0 1  95.27 10060.00 2   0.0 -30.6    111149450   0   1500      1019600
   101  0 1  94.92 10051.00 2   0.0 -30.6    112139550   0   1500       990100
   102  0 1  95.62 10042.00 2   0.0 -30.9    113169450   0   1050      1029900
   103  0 1  95.27 10034.50 2   0.0 -30.9    114179800   0   1050      1010350
   104  0 1  95.27 10022.50 2   0.0 -31.3    115150000   0   1100       970200
   105  0 1  95.62 10003.00 2   0.0 -31.6    117129400   0   1250      1979400
   106  0 1  95.62  9991.00 2   0.0 -31.6    118139800   0   1400      1010400
   107  0 1  95.27  9980.50 2   0.0 -31.9    119159600   0   1050      1019800
   108  0 1  95.62  9971.50 2   0.0 -31.9    120149400   0   1200       989800
   109  0 1  94.22  9961.00 2   0.0 -32.2    121179500   0   1150      1030100
   110  0 1  94.22  9952.00 2   0.0 -32.5    122189900   0   1500      1010400
   111  0 1  94.22  9944.50 2   0.0 -32.5    123159850   0   1100       969950
   112  0 1  95.27  9935.50 2   0.0 -32.8    124139800   0   1100       979950
   113  0 1  95.62  9931.00 2   0.0 -33.1    125139800   0   1450      1000000
   114  0 1  94.92  9922.00 2   0.0 -33.4    127170250   0   1400      2030450
   115  0 1  95.27  9919.00 2   0.0 -33.8    128159900   0   1050       989650
   116  0 1  94.57  9920.50 2   0.0 -34.1    129190200   0   1450      1030300
   117  0 1  94.92  9920.50 2   0.0 -34.4    130200100   0   1400      1009900
   118  0 1  95.62  9922.00 2   0.0 -34.7    131170550   0   1400       970450
   119  0 1  95.62  9923.50 2   0.0 -35.0    132150100   0   1300       979550
   120  0 1  94.22  9929.50 2   0.0 -35.3    133150100   0   1500      1000000
   121  0 1  94.22  9935.50 2   0.0 -35.6    134159900   0   1450      1009800
   122  0 1  94.22  9943.00 2   0.0 -35.9    135179800   0   1300      1019900
   123  0 1  94.22  9961.00 2   0.0 -36.6    137199050   0   1150      2019250
   124  0 1  95.27  9968.50 2   0.0 -36.9    138209350   0   1050      1010300
   125  0 1  94.92  9980.50 2   0.0 -37.2    139179600   0   1250       970250
   126  0 1  95.27  9989.50 2   0.0 -37.5    140159350   0   1100       979750
   127  0 1  95.27 10000.00 2   0.0 -38.1    141159800   0   1450      1000450
   128  0 1  95.27 10012.00 2   0.0 -38.4    142169600   0   1250      1009800
   129  0 1  95.27 10024.00 2   0.0 -38.8    143189350   0   1500      1019750
   130  0 1  95.27 10031.50 2   0.0 -39.1    144178900   0   1150       989550
   131  0 1  95.27 10042.00 2   0.0 -39.7    145208550   0   1200      1029650
   132  0 1  94.57 10058.50 2   0.0 -40.3    147188250   0   1450      1979700
   133  0 1  94.92 10066.00 2   0.0 -40.9    148168600   0   1500       980350
   134  0 1  95.27 10069.00 2   0.0 -41.3    149168100   0   1050       999500
   135  0 1  95.27 10073.50 2   0.0 -41.6    150177600   0   1100      1009500
   136  0 1  94.22 10078.00 2   0.0 -42.2    151197750   0   1450      1020150
   137  0 1  94.22 10079.50 2   0.0 -42.5    152188150   0   1450       990400
   138  0 1  95.62 10078.00 2   0.0 -43.1    153217950   0   1450      1029800
   139  0 1  94.22 10078.00 2   0.0 -43.4    154227750   0   1100      1009800
   140  0 1  94.92 10075.00 2   0.0 -44.1    155197500   0   1450       969750
   141  0 1  95.27 10064.50 2   0.0 -45.0    157177250   0   1050      1979750
   142  0 1  95.62 10058.50 2   0.0 -45.6    158187550   0   1400      1010300
   143  0 1  94.57 10051.00 2   0.0 -45.9    159207050   0   1250      1019500
   144  0 1  94.57 10043.50 2   0.0 -46.6    160197250   0   1450       990200
   145  0 1  94.57 10033.00 2   0.0 -46.9    161227050   0   1450      1029800
   146  0 1  95.62 10021.00 2   0.0 -47.5    162236950   0   1300      1009900
   147  0 1  94.92 10012.00 2   0.0 -48.1    163206750   0   1250       969800
   148  0 1  94.22 10003.00 2   0.0 -48.4    164187050   0   1500       980300
   149  0 1  95.27  9991.00 2   0.0 -49.1    165186600   0   1400       999550
   150  0 1  94.22  9970.00 2   0.0 -50.3    167216100   0   1050      2029500
   151  0 1  94.57  9961.00 2   0.0 -50.6    168206550   0   1300       990450
   152  0 1  94.22  9952.00 2   0.0 -51.3    169236150   0   1300      1029600
   153  0 1  95.27  9944.50 2   0.0 -51.9    170245850   0   1450      1009700
   154  0 1  95.62  9937.00 2   0.0 -52.5    171215650   0   1100       969800
   155  0 1  95.62  9931.00 2   0.0 -53.1    172195500   0   1300       979850
   156  0 1  94.92  9926.50 2   0.0 -53.4    173195850   0   1250      1000350
   157  0 1  94.57  9922.00 2   0.0 -54.1    174206200   0   1300      1010350
   158  0 1  94.92  9919.00 2   0.0 -54.7    175226150   0   1200      1019950
   159  0 1  94.92  9920.50 2   0.0 -55.9    177246850   0   1350      2020700
   160  0 1  95.27  9920.50 2   0.0 -56.6    178257000   0   1050      1010150
   161  0 1  95.27  9925.00 2   0.0 -57.2    179226550   0   1350       969550
   162  0 1  95.62  9928.00 2   0.0 -57.5    180207000   0   1500       980450
   163  0 1  94.57  9937.00 2   0.0 -58.1    181207000   0   1200      1000000
   164  0 1  94.57  9943.00 2   0.0 -58.8    182217200   0   1350      1010200
   165  0 1  95.27  9952.00 2   0.0 -59.4    183237100   0   1350      1019900
   166  0 1  94.92  9961.00 2   0.0 -60.0    184226750   0   1100       989650
   167  0 1  94.22  9970.00 2   0.0 -60.6    185256700   0   1100      1029950
   168  0 1  94.57  9989.50 2   0.0 -61.9    187236400   0   1350      1979700
   169  0 1  94.57 10001.50 2   0.0 -62.5    188216150   0   1200       979750
   170  0 1  94.57 10010.50 2   0.0 -63.1    189216400   0   1100      1000250
   171  0 1  94.22 10021.00 2   0.0 -63.8    190226550   0   1050      1010150
   172  0 1  94.22 10033.00 2   0.0 -64.4    191246550   0   1250      1020000
   173  0 1  95.62 10042.00 2   0.0 -65.0    192236600   0   1150       990050
   174  0 1  94.57 10051.00 2   0.0 -65.6    193266700   0   1050      1030100
   175  0 1  95.62 10057.00 2   0.0 -66.3    194277050   0   1100      1010350
   176  0 1  94.92 10064.50 2   0.0 -66.9    195246850   0   1200       969800
   177  0 1  95.27 10075.00 2   0.0 -68.1    197226550   0   1100      1979700
   178  0 1  94.57 10076.50 2   0.0 -68.8    198236750   0   1450      1010200
   179  0 1  95.27 10078.00 2   0.0 -69.4    199256400   0   1050      1019650
