    NO  S V  AOA    FREQ    B  FMOP  AMP      TOA      PMOP  PW         dTOA  
------ -- - ------ -------- - ----- ----- ------------ --- ------ ------------
     0  0 1  94.92 10000.00 2   0.0 -70.0            0   0   1500  42949673000
     1  0 1  95.62 10010.50 2   0.0 -69.4      1030150   0   1300      1030150
     2  0 1  94.22 10021.00 2   0.0 -68.8      2040150   0   1200      1010000
     3  0 1  95.27 10030.00 2   0.0 -68.1      3010350   0   1100       970200
     4  0 1  94.22 10040.50 2   0.0 -67.5      3990300   0   1100       979950
     5  0 1  94.57 10048.00 2   0.0 -66.9      4990400   0   1050      1000100
     6  0 1  94.92 10063.00 2   0.0 -65.6      7019750   0   1500      2029350
     7  0 1  94.57 10069.00 2   0.0 -65.0      8009850   0   1500       990100
     8  0 1  95.27 10072.00 2   0.0 -64.4      9040250   0   1050      1030400
     9  0 1  94.22 10075.00 2   0.0 -63.8     10050700   0   1150      1010450
    10  0 1  95.62 10078.00 2   0.0 -63.1     11021050   0   1100       970350
    11  0 1  94.92 10079.50 2   0.0 -62.5     12000950   0   1200       979900
    12  0 1  95.27 10078.00 2   0.0 -61.9     13000700   0   1150       999750
    13  0 1  94.92 10075.00 2   0.0 -61.3     14010700   0   1450      1010000
    14  0 1  94.92 10072.00 2   0.0 -60.6     15030950   0   1050      1020250
    15  0 1  94.92 10058.50 2   0.0 -59.4     17051050   0   1100      2020100
    16  0 1  94.22 10051.00 2   0.0 -58.8     18060950   0   1150      1009900
    17  0 1  95.62 10043.50 2   0.0 -58.1     19030850   0   1300       969900
    18  0 1  94.22 10034.50 2   0.0 -57.5     20011200   0   1350       980350
    19  0 1  95.62 10025.50 2   0.0 -57.2     21010750   0   1150       999550
    20  0 1  94.92 10015.00 2   0.0 -56.6     22020850   0   1250      1010100
    21  0 1  95.62 10003.00 2   0.0 -55.9     23040750   0   1100      1019900
    22  0 1  95.27  9994.00 2   0.0 -55.3     24031050   0   1100       990300
    23  0 1  94.57  9982.00 2   0.0 -54.7     25060950   0   1100      1029900
    24  0 1  95.62  9961.00 2   0.0 -53.4     27040200   0   1050      1979250
    25  0 1  94.22  9953.50 2   0.0 -53.1     28019700   0   1200       979500
    26  0 1  95.27  9944.50 2   0.0 -52.5     29019400   0   1350       999700
    27  0 1  94.57  9937.00 2   0.0 -51.9     30029000   0   1150      1009600
    28  0 1  95.27  9931.00 2   0.0 -51.3     31049000   0   1250      1020000
    29  0 1  95.27  9928.00 2   0.0 -50.6     32038550   0   1250       989550
    30  0 1  94.57  9923.50 2   0.0 -50.3     33068300   0   1200      1029750
    31  0 1  95.62  9919.00 2   0.0 -49.7     34078650   0   1300      1010350
    32  0 1  95.62  9919.00 2   0.0 -49.1     35049050   0   1250       970400
    33  0 1  95.27  9922.00 2   0.0 -48.1     37029350   0   1100      1980300
    34  0 1  95.27  9925.00 2   0.0 -47.5     38039800   0   1400      1010450
    35  0 1  95.27  9931.00 2   0.0 -46.9     39059900   0   1200      1020100
    36  0 1  95.62  9934.00 2   0.0 -46.6     40049400   0   1150       989500
    37  0 1  95.27  9943.00 2   0.0 -45.9     41079750   0   1100      1030350
    38  0 1  94.57  9949.00 2   0.0 -45.6     42090100   0   1350      1010350
    39  0 1  94.57  9958.00 2   0.0 -45.0     43059950   0   1050       969850
    40  0 1  94.22  9967.00 2   0.0 -44.4     44039800   0   1200       979850
    41  0 1  95.62  9977.50 2   0.0 -44.1     45039750   0   1300       999950
    42  0 1  95.27 10000.00 2   0.0 -43.1     47070150   0   1050      2030400
    43  0 1  94.22 10012.00 2   0.0 -42.5     48060450   0   1300       990300
    44  0 1  95.62 10021.00 2   0.0 -42.2     49089950   0   1150      1029500
    45  0 1  94.22 10030.00 2   0.0 -41.6     50099700   0   1050      1009750
    46  0 1  94.22 10039.00 2   0.0 -41.3     51069700   0   1400       970000
    47  0 1  94.57 10048.00 2   0.0 -40.9     52049600   0   1500       979900
    48  0 1  95.27 10055.50 2   0.0 -40.3     53049550   0   1300       999950
    49  0 1  94.22 10063.00 2   0.0 -40.0     54059300   0   1350      1009750
    50  0 1  94.92 10069.00 2   0.0 -39.7     55079600   0   1250      1020300
    51  0 1  95.27 10076.50 2   0.0 -38.8     57099950   0   1050      2020350
    52  0 1  95.62 10078.00 2   0.0 -38.4     58110300   0   1500      1010350
    53  0 1  95.27 10079.50 2   0.0 -38.1     59080100   0   1250       969800
    54  0 1  94.57 10078.00 2   0.0 -37.5     60060300   0   1150       980200
    55  0 1  94.22 10075.00 2   0.0 -37.2     61060700   0   1150      1000400
    56  0 1  94.92 10072.00 2   0.0 -36.9     62070500   0   1500      1009800
    57  0 1  95.27 10066.00 2   0.0 -36.6     63090050   0   1050      1019550
    58  0 1  95.27 10060.00 2   0.0 -36.3     64080050   0   1250       990000
    59  0 1  94.92 10051.00 2   0.0 -35.9     65109650   0   1200      1029600
    60  0 1  95.27 10036.00 2   0.0 -35.3     67089800   0   1200      1980150
    61  0 1  95.62 10024.00 2   0.0 -35.0     68069800   0   1200       980000
    62  0 1  94.22 10013.50 2   0.0 -34.7     69070250   0   1250      1000450
    63  0 1  94.92 10004.50 2   0.0 -34.4     70079900   0   1150      1009650
    64  0 1  94.22  9992.50 2   0.0 -34.1     71099900   0   1150      1020000
    65  0 1  95.62  9982.00 2   0.0 -33.8     72090000   0   1300       990100
    66  0 1  94.57  9971.50 2   0.0 -33.4     73119950   0   1400      1029950
    67  0 1  95.27  9961.00 2   0.0 -33.4     74130100   0   1050      1010150
    68  0 1  94.92  9953.50 2   0.0 -33.1     75100550   0   1100       970450
    69  0 1  95.27  9937.00 2   0.0 -32.5     77081050   0   1200      1980500
    70  0 1  94.22  9931.00 2   0.0 -32.5     78090550   0   1500      1009500
    71  0 1  94.22  9926.50 2   0.0 -32.2     79110100   0   1500      1019550
    72  0 1  95.62  9923.50 2   0.0 -31.9     80100200   0   1350       990100
    73  0 1  94.57  9919.00 2   0.0 -31.9     81130650   0   1400      1030450
    74  0 1  94.57  9919.00 2   0.0 -31.6     82140950   0   1200      1010300
    75  0 1  94.92  9919.00 2   0.0 -31.6     83110500   0   1200       969550
    76  0 1  94.22  9922.00 2   0.0 -31.3     84090550   0   1050       980050
    77  0 1  95.62  9925.00 2   0.0 -31.3     85090100   0   1150       999550
    78  0 1  94.22  9935.50 2   0.0 -30.9     87120100   0   1450      2030000
    79  0 1  94.22  9941.50 2   0.0 -30.6     88110100   0   1350       990000
    80  0 1  95.27  9950.50 2   0.0 -30.6     89140350   0   1400      1030250
    81  0 1  94.22  9959.50 2   0.0 -30.6     90150800   0   1300      1010450
    82  0 1  94.57  9970.00 2   0.0 -30.3     91120700   0   1500       969900
    83  0 1  94.92  9977.50 2   0.0 -30.3     92101000   0   1250       980300
    84  0 1  94.92  9988.00 2   0.0 -30.3     93100800   0   1100       999800
    85  0 1  94.22 10000.00 2   0.0 -30.3     94110500   0   1100      1009700
    86  0 1  95.62 10010.50 2   0.0 -30.0     95130850   0   1400      1020350
    87  0 1  94.57 10033.00 2   0.0 -30.0     97151050   0   1050      2020200
    88  0 1  95.27 10042.00 2   0.0 -30.0     98161250   0   1400      1010200
    89  0 1  95.62 10049.50 2   0.0 -30.0     99131100   0   1350       969850
    90  0 1  95.27 10057.00 2   0.0 -30.0    100111200   0   1500       980100
    91  0 1  94.57 10063.00 2   0.0 -30.0    101111200   0   1300      1000000
    92  0 1  95.62 10069.00 2   0.0 -30.0    102120900   0   1250      1009700
    93  0 1  95.27 10073.50 2   0.0 -30.0    103140850   0   1500      1019950
    94  0 1  94.57 10078.00 2   0.0 -30.0    104130650   0   1050       989800
    95  0 1  95.27 10079.50 2   0.0 -30.0    105160250   0   1400      1029600
    96  0 1  94.22 10076.50 2   0.0 -30.3    107140500   0   1250      1980250
    97  0 1  94.92 10075.00 2   0.0 -30.3    108120650   0   1150       980150
    98  0 1  95.27 10072.00 2   0.0 -30.3    109120600   0   1200       999950
    99  0 1  95.62 10066.00 2   0.0 -30.6    110130100   0   1150      1009500
   100  0 1  95.27 10060.00 2   0.0 -30.6    111149750   0   1200      1019650
   101  0 1  94.22 10051.00 2   0.0 -30.6    112139500   0   1050       989750
   102  0 1  94.57 10042.00 2   0.0 -30.9    113169750   0   1350      1030250
   103  0 1  94.57 10033.00 2   0.0 -30.9    114179850   0   1500      1010100
   104  0 1  95.27 10024.00 2   0.0 -31.3    115149800   0   1300       969950
   105  0 1  94.92 10001.50 2   0.0 -31.6    117129550   0   1250      1979750
   106  0 1  94.57  9994.00 2   0.0 -31.6    118139600   0   1500      1010050
   107  0 1  94.92  9980.50 2   0.0 -31.9    119159400   0   1450      1019800
   108  0 1  94.22  9970.00 2   0.0 -31.9    120149200   0   1450       989800
   109  0 1  94.22  9961.00 2   0.0 -32.2    121179250   0   1100      1030050
   110  0 1  94.92  9952.00 2   0.0 -32.5    122189250   0   1250      1010000
   111  0 1  95.27  9946.00 2   0.0 -32.5    123159300   0   1500       970050
   112  0 1  94.92  9937.00 2   0.0 -32.8    124139000   0   1100       979700
   113  0 1  94.57  9931.00 2   0.0 -33.1    125139250   0   1500      1000250
   114  0 1  94.92  9922.00 2   0.0 -33.4    127168850   0   1100      2029600
   115  0 1  94.92  9920.50 2   0.0 -33.8    128159150   0   1100       990300
   116  0 1  94.92  9919.00 2   0.0 -34.1    129189550   0   1400      1030400
   117  0 1  94.92  9919.00 2   0.0 -34.4    130199500   0   1450      1009950
   118  0 1  95.27  9922.00 2   0.0 -34.7    131169100   0   1450       969600
   119  0 1  95.62  9925.00 2   0.0 -35.0    132149550   0   1450       980450
   120  0 1  95.27  9929.50 2   0.0 -35.3    133150000   0   1150      1000450
   121  0 1  94.22  9935.50 2   0.0 -35.6    134160400   0   1350      1010400
   122  0 1  94.22  9943.00 2   0.0 -35.9    135180600   0   1400      1020200
   123  0 1  94.92  9961.00 2   0.0 -36.6    137200200   0   1500      2019600
   124  0 1  94.57  9968.50 2   0.0 -36.9    138210650   0   1200      1010450
   125  0 1  94.57  9979.00 2   0.0 -37.2    139180400   0   1350       969750
   126  0 1  94.57  9991.00 2   0.0 -37.5    140160650   0   1100       980250
   127  0 1  95.27 10000.00 2   0.0 -38.1    141160600   0   1500       999950
   128  0 1  94.57 10012.00 2   0.0 -38.4    142170550   0   1300      1009950
   129  0 1  94.92 10021.00 2   0.0 -38.8    143190600   0   1150      1020050
   130  0 1  95.27 10033.00 2   0.0 -39.1    144180650   0   1250       990050
   131  0 1  94.22 10042.00 2   0.0 -39.7    145210150   0   1250      1029500
   132  0 1  95.27 10057.00 2   0.0 -40.3    147190500   0   1400      1980350
   133  0 1  94.92 10063.00 2   0.0 -40.9    148170450   0   1350       979950
   134  0 1  95.27 10070.50 2   0.0 -41.3    149170250   0   1050       999800
   135  0 1  94.57 10075.00 2   0.0 -41.6    150179750   0   1150      1009500
   136  0 1  94.57 10076.50 2   0.0 -42.2    151199850   0   1150      1020100
   137  0 1  95.62 10078.00 2   0.0 -42.5    152189700   0   1100       989850
   138  0 1  95.62 10079.50 2   0.0 -43.1    153219950   0   1100      1030250
   139  0 1  94.57 10076.50 2   0.0 -43.4    154229750   0   1050      1009800
   140  0 1  95.62 10075.00 2   0.0 -44.1    155199800   0   1450       970050
   141  0 1  94.92 10066.00 2   0.0 -45.0    157179300   0   1250      1979500
   142  0 1  94.57 10058.50 2   0.0 -45.6    158188900   0   1100      1009600
   143  0 1  94.92 10051.00 2   0.0 -45.9    159209350   0   1050      1020450
   144  0 1  94.57 10043.50 2   0.0 -46.6    160199500   0   1450       990150
   145  0 1  94.22 10033.00 2   0.0 -46.9    161229450   0   1250      1029950
   146  0 1  94.57 10021.00 2   0.0 -47.5    162239350   0   1050      1009900
   147  0 1  95.62 10013.50 2   0.0 -48.1    163209500   0   1100       970150
   148  0 1  94.22 10001.50 2   0.0 -48.4    164189750   0   1050       980250
   149  0 1  95.27  9991.00 2   0.0 -49.1    165189650   0   1350       999900
   150  0 1  95.27  9970.00 2   0.0 -50.3    167219050   0   1400      2029400
   151  0 1  94.22  9961.00 2   0.0 -50.6    168209150   0   1500       990100
   152  0 1  94.22  9952.00 2   0.0 -51.3    169239350   0   1500      1030200
   153  0 1  94.92  9943.00 2   0.0 -51.9    170249300   0   1300      1009950
   154  0 1  94.22  9937.00 2   0.0 -52.5    171219400   0   1300       970100
   155  0 1  94.92  9931.00 2   0.0 -53.1    172199000   0   1050       979600
   156  0 1  95.62  9925.00 2   0.0 -53.4    173199150   0   1100      1000150
   157  0 1  95.27  9920.50 2   0.0 -54.1    174209600   0   1200      1010450
   158  0 1  94.92  9919.00 2   0.0 -54.7    175229450   0   1100      1019850
   159  0 1  94.57  9919.00 2   0.0 -55.9    177249450   0   1500      2020000
   160  0 1  95.62  9920.50 2   0.0 -56.6    178259050   0   1500      1009600
   161  0 1  94.92  9925.00 2   0.0 -57.2    179228950   0   1100       969900
   162  0 1  95.62  9931.00 2   0.0 -57.5    180208450   0   1450       979500
   163  0 1  94.22  9937.00 2   0.0 -58.1    181208000   0   1050       999550
   164  0 1  94.92  9944.50 2   0.0 -58.8    182217950   0   1150      1009950
   165  0 1  94.92  9950.50 2   0.0 -59.4    183238050   0   1450      1020100
   166  0 1  94.22  9961.00 2   0.0 -60.0    184227800   0   1100       989750
   167  0 1  95.27  9971.50 2   0.0 -60.6    185258150   0   1050      1030350
   168  0 1  95.27  9991.00 2   0.0 -61.9    187238100   0   1250      1979950
   169  0 1  94.57 10003.00 2   0.0 -62.5    188217950   0   1150       979850
   170  0 1  95.27 10010.50 2   0.0 -63.1    189218250   0   1150      1000300
   171  0 1  94.22 10024.00 2   0.0 -63.8    190228300   0   1200      1010050
   172  0 1  95.27 10033.00 2   0.0 -64.4    191248100   0   1100      1019800
   173  0 1  94.92 10042.00 2   0.0 -65.0    192238300   0   1500       990200
   174  0 1  95.62 10051.00 2   0.0 -65.6    193268700   0   1200      1030400
   175  0 1  94.92 10058.50 2   0.0 -66.3    194278800   0   1150      1010100
   176  0 1  94.22 10066.00 2   0.0 -66.9    195249200   0   1250       970400
   177  0 1  95.27 10073.50 2   0.0 -68.1    197229100   0   1500      1979900
   178  0 1  95.62 10078.00 2   0.0 -68.8    198238650   0   1500      1009550
   179  0 1  94.57 10078.00 2   0.0 -69.4    199259000   0   1200      1020350
