    NO  S V  AOA    FREQ    B  FMOP  AMP      TOA      PMOP  PW         dTOA  
------ -- - ------ -------- - ----- ----- ------------ --- ------ ------------
     0  0 1  94.57 10004.50 2   0.0 -70.0            0   0   1400  42949673000
     1  0 1  95.62 10009.00 2   0.0 -69.4       999650   0   1450       999650
     2  0 1  94.57 10015.00 2   0.0 -68.8      2045450   0   1450      1045800
     3  0 1  95.62 10021.00 2   0.0 -68.1      3134350   0   1450      1088900
     4  0 1  94.92 10024.00 2   0.0 -67.5      4258250   0   1700      1123900
     5  0 1  95.27 10028.50 2   0.0 -66.9      5403500   0   1650      1145250
     6  0 1  95.62 10033.00 2   0.0 -66.3      6551600   0   1500      1148100
     7  0 1  95.27 10039.00 2   0.0 -65.6      7683550   0   1500      1131950
     8  0 1  95.27 10043.50 2   0.0 -65.0      8782350   0   1400      1098800
     9  0 1  94.22 10054.00 2   0.0 -63.8     10844550   0   1700      2062200
    10  0 1  95.62 10060.00 2   0.0 -63.1     11804850   0   1500       960300
    11  0 1  94.57 10066.00 2   0.0 -62.5     12723950   0   1700       919100
    12  0 1  95.62 10069.00 2   0.0 -61.9     13610200   0   1700       886250
    13  0 1  94.92 10073.50 2   0.0 -61.3     14474550   0   1750       864350
    14  0 1  94.92 10079.50 2   0.0 -60.6     15326200   0   1500       851650
    15  0 1  94.22 10084.00 2   0.0 -60.0     16176150   0   1500       849950
    16  0 1  94.22 10088.50 2   0.0 -59.4     17036600   0   1650       860450
    17  0 1  94.57 10093.00 2   0.0 -58.8     17915450   0   1800       878850
    18  0 1  94.57 10103.50 2   0.0 -57.5     19768500   0   1550      1853050
    19  0 1  95.27 10108.00 2   0.0 -57.2     20757250   0   1700       988750
    20  0 1  95.62 10114.00 2   0.0 -56.6     21792100   0   1450      1034850
    21  0 1  94.22 10118.50 2   0.0 -55.9     22872300   0   1650      1080200
    22  0 1  95.27 10126.00 2   0.0 -55.3     23988900   0   1350      1116600
    23  0 1  94.92  9880.00 2   0.0 -54.7     25130600   0   1750      1141700
    24  0 1  94.22  9884.50 2   0.0 -54.1     26279500   0   1650      1148900
    25  0 1  94.22  9889.00 2   0.0 -53.4     27417650   0   1800      1138150
    26  0 1  94.57  9895.00 2   0.0 -53.1     28525400   0   1800      1107750
    27  0 1  94.57  9904.00 2   0.0 -51.9     30612200   0   1450      2086800
    28  0 1  94.57  9910.00 2   0.0 -51.3     31583650   0   1600       971450
    29  0 1  95.27  9913.00 2   0.0 -50.6     32511400   0   1450       927750
    30  0 1  94.92  9920.50 2   0.0 -50.3     33404350   0   1450       892950
    31  0 1  94.22  9925.00 2   0.0 -49.7     34272700   0   1650       868350
    32  0 1  94.92  9931.00 2   0.0 -49.1     35126100   0   1550       853400
    33  0 1  94.22  9934.00 2   0.0 -48.4     35976250   0   1650       850150
    34  0 1  95.27  9938.50 2   0.0 -48.1     36831950   0   1450       855700
    35  0 1  95.27  9946.00 2   0.0 -47.5     37705450   0   1550       873500
    36  0 1  94.92  9955.00 2   0.0 -46.6     39541650   0   1650      1836200
    37  0 1  95.62  9959.50 2   0.0 -45.9     40519750   0   1650       978100
    38  0 1  94.92  9964.00 2   0.0 -45.6     41543400   0   1750      1023650
    39  0 1  94.22  9968.50 2   0.0 -45.0     42612450   0   1700      1069050
    40  0 1  94.22  9974.50 2   0.0 -44.4     43721900   0   1350      1109450
    41  0 1  94.22  9979.00 2   0.0 -44.1     44859800   0   1800      1137900
    42  0 1  95.27  9983.50 2   0.0 -43.4     46009250   0   1500      1149450
    43  0 1  95.27  9989.50 2   0.0 -43.1     47151400   0   1500      1142150
    44  0 1  94.57  9995.50 2   0.0 -42.5     48268050   0   1800      1116650
    45  0 1  94.57 10004.50 2   0.0 -41.6     50374850   0   1500      2106800
    46  0 1  94.22 10009.00 2   0.0 -41.3     51356650   0   1700       981800
    47  0 1  95.62 10013.50 2   0.0 -40.9     52293500   0   1800       936850
    48  0 1  95.62 10018.00 2   0.0 -40.3     53194400   0   1750       900900
    49  0 1  94.22 10024.00 2   0.0 -40.0     54067400   0   1700       873000
    50  0 1  94.92 10030.00 2   0.0 -39.7     54923550   0   1450       856150
    51  0 1  95.62 10033.00 2   0.0 -39.1     55773750   0   1400       850200
    52  0 1  95.62 10040.50 2   0.0 -38.8     56627750   0   1700       854000
    53  0 1  95.62 10045.00 2   0.0 -38.4     57497000   0   1500       869250
    54  0 1  95.27 10055.50 2   0.0 -37.5     59317650   0   1450      1820650
    55  0 1  95.62 10060.00 2   0.0 -37.2     60285900   0   1450       968250
    56  0 1  95.27 10066.00 2   0.0 -36.9     61298450   0   1600      1012550
    57  0 1  95.27 10069.00 2   0.0 -36.6     62357350   0   1700      1058900
    58  0 1  95.27 10075.00 2   0.0 -36.3     63458400   0   1550      1101050
    59  0 1  94.57 10078.00 2   0.0 -35.9     64590250   0   1600      1131850
    60  0 1  94.57 10085.50 2   0.0 -35.6     65737850   0   1600      1147600
    61  0 1  95.62 10090.00 2   0.0 -35.3     66882400   0   1750      1144550
    62  0 1  94.92 10093.00 2   0.0 -35.0     68006600   0   1350      1124200
    63  0 1  95.27 10105.00 2   0.0 -34.4     70135500   0   1650      2128900
    64  0 1  94.22 10108.00 2   0.0 -34.1     71128950   0   1400       993450
    65  0 1  94.22 10115.50 2   0.0 -33.8     72075550   0   1350       946600
    66  0 1  94.92 10118.50 2   0.0 -33.4     72983850   0   1750       908300
    67  0 1  94.92 10123.00 2   0.0 -33.4     73863000   0   1600       879150
    68  0 1  94.57  9880.00 2   0.0 -33.1     74721700   0   1400       858700
    69  0 1  94.22  9886.00 2   0.0 -32.8     75571900   0   1500       850200
    70  0 1  95.27  9889.00 2   0.0 -32.5     76423550   0   1700       851650
    71  0 1  95.27  9895.00 2   0.0 -32.5     77287700   0   1500       864150
    72  0 1  95.27  9905.50 2   0.0 -31.9     79092450   0   1700      1804750
    73  0 1  94.92  9910.00 2   0.0 -31.9     80049200   0   1350       956750
    74  0 1  94.92  9913.00 2   0.0 -31.6     81051100   0   1400      1001900
    75  0 1  95.27  9919.00 2   0.0 -31.6     82099400   0   1650      1048300
    76  0 1  94.57  9925.00 2   0.0 -31.3     83190050   0   1350      1090650
    77  0 1  95.27  9931.00 2   0.0 -31.3     84315550   0   1750      1125500
    78  0 1  94.57  9935.50 2   0.0 -30.9     85461350   0   1450      1145800
    79  0 1  94.57  9940.00 2   0.0 -30.9     86609150   0   1800      1147800
    80  0 1  94.22  9943.00 2   0.0 -30.6     87740600   0   1400      1131450
    81  0 1  94.92  9955.00 2   0.0 -30.6     89890950   0   1450      2150350
    82  0 1  94.22  9959.50 2   0.0 -30.3     90895750   0   1450      1004800
    83  0 1  94.22  9964.00 2   0.0 -30.3     91853400   0   1350       957650
    84  0 1  95.62  9968.50 2   0.0 -30.3     92770700   0   1500       917300
    85  0 1  95.62  9973.00 2   0.0 -30.3     93655500   0   1800       884800
    86  0 1  94.92  9980.50 2   0.0 -30.0     94518650   0   1550       863150
    87  0 1  95.27  9985.00 2   0.0 -30.0     95370000   0   1600       851350
    88  0 1  94.92  9988.00 2   0.0 -30.0     96221250   0   1600       851250
    89  0 1  95.27  9994.00 2   0.0 -30.0     97081300   0   1500       860050
    90  0 1  95.27 10004.50 2   0.0 -30.0     98871400   0   1700      1790100
    91  0 1  94.22 10009.00 2   0.0 -30.0     99818450   0   1600       947050
    92  0 1  94.57 10013.50 2   0.0 -30.0    100809700   0   1350       991250
    93  0 1  95.27 10018.00 2   0.0 -30.0    101846300   0   1400      1036600
    94  0 1  94.57 10024.00 2   0.0 -30.0    102928450   0   1400      1082150
    95  0 1  95.27 10030.00 2   0.0 -30.0    104047600   0   1800      1119150
    96  0 1  94.57 10034.50 2   0.0 -30.3    105190450   0   1600      1142850
    97  0 1  94.22 10039.00 2   0.0 -30.3    106339400   0   1400      1148950
    98  0 1  94.92 10045.00 2   0.0 -30.3    107475600   0   1400      1136200
    99  0 1  94.22 10054.00 2   0.0 -30.6    109645550   0   1550      2169950
   100  0 1  95.27 10060.00 2   0.0 -30.6    110661600   0   1550      1016050
   101  0 1  94.22 10066.00 2   0.0 -30.6    111630300   0   1700       968700
   102  0 1  95.62 10069.00 2   0.0 -30.9    112556550   0   1450       926250
   103  0 1  95.27 10075.00 2   0.0 -30.9    113448650   0   1550       892100
   104  0 1  94.22 10079.50 2   0.0 -31.3    114315850   0   1600       867200
   105  0 1  94.57 10084.00 2   0.0 -31.3    115168400   0   1650       852550
   106  0 1  95.27 10090.00 2   0.0 -31.6    116017900   0   1450       849500
   107  0 1  94.57 10094.50 2   0.0 -31.6    116874700   0   1800       856800
   108  0 1  94.57 10105.00 2   0.0 -31.9    118650900   0   1750      1776200
   109  0 1  94.92 10108.00 2   0.0 -32.2    119588600   0   1800       937700
   110  0 1  95.27 10115.50 2   0.0 -32.5    120568750   0   1750       980150
   111  0 1  95.62 10120.00 2   0.0 -32.5    121594700   0   1400      1025950
   112  0 1  95.62 10123.00 2   0.0 -32.8    122666900   0   1450      1072200
   113  0 1  95.62  9880.00 2   0.0 -33.1    123777900   0   1800      1111000
   114  0 1  95.62  9886.00 2   0.0 -33.4    124916800   0   1650      1138900
   115  0 1  94.57  9890.50 2   0.0 -33.4    126066250   0   1700      1149450
   116  0 1  94.22  9893.50 2   0.0 -33.8    127207150   0   1500      1140900
   117  0 1  94.92  9904.00 2   0.0 -34.4    129396850   0   1800      2189700
   118  0 1  95.27  9910.00 2   0.0 -34.7    130424850   0   1500      1028000
   119  0 1  95.27  9913.00 2   0.0 -35.0    131405000   0   1650       980150
   120  0 1  94.57  9920.50 2   0.0 -35.3    132340250   0   1800       935250
   121  0 1  94.57  9923.50 2   0.0 -35.6    133238900   0   1450       898650
   122  0 1  95.27  9931.00 2   0.0 -35.9    134111250   0   1400       872350
   123  0 1  95.62  9935.50 2   0.0 -36.3    134965850   0   1650       854600
   124  0 1  94.57  9938.50 2   0.0 -36.6    135815700   0   1350       849850
   125  0 1  94.57  9943.00 2   0.0 -36.9    136670150   0   1350       854450
   126  0 1  94.57  9955.00 2   0.0 -37.5    138435050   0   1650      1764900
   127  0 1  94.57  9961.00 2   0.0 -38.1    139363900   0   1600       928850
   128  0 1  95.27  9964.00 2   0.0 -38.4    140334250   0   1700       970350
   129  0 1  95.62  9968.50 2   0.0 -38.8    141349550   0   1600      1015300
   130  0 1  95.62  9974.50 2   0.0 -39.1    142410150   0   1700      1060600
   131  0 1  94.92  9979.00 2   0.0 -39.7    143512750   0   1400      1102600
   132  0 1  94.92  9985.00 2   0.0 -40.0    144645300   0   1400      1132550
   133  0 1  95.62  9988.00 2   0.0 -40.3    145794500   0   1700      1149200
   134  0 1  95.27  9994.00 2   0.0 -40.9    146939350   0   1650      1144850
   135  0 1  94.92 10004.50 2   0.0 -41.6    149147850   0   1450      2208500
   136  0 1  95.27 10010.50 2   0.0 -42.2    150186800   0   1400      1038950
   137  0 1  94.92 10013.50 2   0.0 -42.5    151177700   0   1750       990900
   138  0 1  94.22 10021.00 2   0.0 -43.1    152122600   0   1400       944900
   139  0 1  94.57 10025.50 2   0.0 -43.4    153030050   0   1500       907450
   140  0 1  94.57 10030.00 2   0.0 -44.1    153907450   0   1450       877400
   141  0 1  95.27 10034.50 2   0.0 -44.4    154765600   0   1700       858150
   142  0 1  94.57 10040.50 2   0.0 -45.0    155615750   0   1650       850150
   143  0 1  95.27 10045.00 2   0.0 -45.6    156468200   0   1550       852450
   144  0 1  94.92 10054.00 2   0.0 -46.6    158221550   0   1400      1753350
   145  0 1  94.57 10060.00 2   0.0 -46.9    159141900   0   1500       920350
   146  0 1  94.92 10064.50 2   0.0 -47.5    160101850   0   1450       959950
   147  0 1  95.27 10069.00 2   0.0 -48.1    161106150   0   1650      1004300
   148  0 1  95.62 10075.00 2   0.0 -48.4    162157150   0   1600      1051000
   149  0 1  95.62 10079.50 2   0.0 -49.1    163251000   0   1350      1093850
   150  0 1  95.62 10084.00 2   0.0 -49.7    164377850   0   1350      1126850
   151  0 1  94.57 10088.50 2   0.0 -50.3    165524650   0   1400      1146800
   152  0 1  95.27 10096.00 2   0.0 -50.6    166671700   0   1450      1147050
   153  0 1  95.62 10105.00 2   0.0 -51.9    168895800   0   1600      2224100
   154  0 1  95.27 10109.50 2   0.0 -52.5    169945400   0   1650      1049600
   155  0 1  95.27 10115.50 2   0.0 -53.1    170946950   0   1400      1001550
   156  0 1  94.92 10120.00 2   0.0 -53.4    171902450   0   1650       955500
   157  0 1  94.22 10123.00 2   0.0 -54.1    172817100   0   1350       914650
   158  0 1  95.62  9880.00 2   0.0 -54.7    173700500   0   1700       883400
   159  0 1  95.27  9886.00 2   0.0 -55.3    174562250   0   1650       861750
   160  0 1  94.22  9890.50 2   0.0 -55.9    175412850   0   1400       850600
   161  0 1  94.22  9895.00 2   0.0 -56.6    176263500   0   1750       850650
   162  0 1  94.22  9905.50 2   0.0 -57.5    178006500   0   1750      1743000
   163  0 1  94.57  9910.00 2   0.0 -58.1    178918850   0   1750       912350
   164  0 1  95.62  9916.00 2   0.0 -58.8    179869300   0   1400       950450
   165  0 1  94.22  9919.00 2   0.0 -59.4    180862400   0   1650       993100
   166  0 1  94.22  9923.50 2   0.0 -60.0    181902500   0   1700      1040100
   167  0 1  95.27  9931.00 2   0.0 -60.6    182986900   0   1500      1084400
   168  0 1  94.22  9934.00 2   0.0 -61.3    184106900   0   1400      1120000
   169  0 1  94.22  9940.00 2   0.0 -61.9    185250600   0   1350      1143700
   170  0 1  94.22  9943.00 2   0.0 -62.5    186399600   0   1400      1149000
   171  0 1  94.92  9953.50 2   0.0 -63.8    188639200   0   1450      2239600
   172  0 1  94.57  9958.00 2   0.0 -64.4    189700850   0   1650      1061650
   173  0 1  94.22  9964.00 2   0.0 -65.0    190715050   0   1450      1014200
   174  0 1  94.92  9970.00 2   0.0 -65.6    191681350   0   1400       966300
   175  0 1  95.27  9976.00 2   0.0 -66.3    192605150   0   1350       923800
   176  0 1  95.62  9979.00 2   0.0 -66.9    193495000   0   1700       889850
   177  0 1  95.27  9983.50 2   0.0 -67.5    194360900   0   1450       865900
   178  0 1  94.92  9991.00 2   0.0 -68.1    195213600   0   1400       852700
   179  0 1  94.57  9995.50 2   0.0 -68.8    196063100   0   1650       849500
