    NO  S V  AOA    FREQ    B  FMOP  AMP      TOA      PMOP  PW         dTOA  
------ -- - ------ -------- - ----- ----- ------------ --- ------ ------------
     0  0 1  95.62 10004.50 2   0.0 -70.0            0   0   1750  42949673000
     1  0 1  95.62 10010.50 2   0.0 -69.4       999850   0   1800       999850
     2  0 1  95.27 10015.00 2   0.0 -68.8      2045600   0   1450      1045750
     3  0 1  94.57 10019.50 2   0.0 -68.1      3134800   0   1350      1089200
     4  0 1  94.57 10024.00 2   0.0 -67.5      4258850   0   1500      1124050
     5  0 1  94.22 10030.00 2   0.0 -66.9      5404100   0   1350      1145250
     6  0 1  94.92 10039.00 2   0.0 -65.6      7684150   0   1750      2280050
     7  0 1  95.62 10043.50 2   0.0 -65.0      8783550   0   1700      1099400
     8  0 1  95.62 10049.50 2   0.0 -64.4      9838350   0   1800      1054800
     9  0 1  95.62 10054.00 2   0.0 -63.8     10845650   0   1700      1007300
    10  0 1  94.22 10060.00 2   0.0 -63.1     11805150   0   1750       959500
    11  0 1  95.27 10064.50 2   0.0 -62.5     12723900   0   1750       918750
    12  0 1  94.22 10069.00 2   0.0 -61.9     13610150   0   1550       886250
    13  0 1  94.92 10075.00 2   0.0 -61.3     14474300   0   1700       864150
    14  0 1  95.62 10078.00 2   0.0 -60.6     15326600   0   1550       852300
    15  0 1  95.27 10088.50 2   0.0 -59.4     17036600   0   1700      1710000
    16  0 1  95.62 10096.00 2   0.0 -58.8     17915700   0   1400       879100
    17  0 1  95.62 10100.50 2   0.0 -58.1     18823550   0   1800       907850
    18  0 1  95.27 10103.50 2   0.0 -57.5     19768150   0   1400       944600
    19  0 1  95.27 10109.50 2   0.0 -57.2     20756850   0   1550       988700
    20  0 1  95.62 10115.50 2   0.0 -56.6     21792300   0   1350      1035450
    21  0 1  95.27 10120.00 2   0.0 -55.9     22872300   0   1550      1080000
    22  0 1  95.62 10126.00 2   0.0 -55.3     23989050   0   1700      1116750
    23  0 1  95.27  9878.50 2   0.0 -54.7     25131400   0   1500      1142350
    24  0 1  94.57  9889.00 2   0.0 -53.4     27418100   0   1800      2286700
    25  0 1  94.57  9893.50 2   0.0 -53.1     28526250   0   1650      1108150
    26  0 1  94.22  9901.00 2   0.0 -52.5     29591950   0   1350      1065700
    27  0 1  94.22  9905.50 2   0.0 -51.9     30610700   0   1750      1018750
    28  0 1  95.27  9910.00 2   0.0 -51.3     31581650   0   1650       970950
    29  0 1  94.57  9914.50 2   0.0 -50.6     32509700   0   1400       928050
    30  0 1  94.57  9920.50 2   0.0 -50.3     33403000   0   1800       893300
    31  0 1  94.22  9925.00 2   0.0 -49.7     34271250   0   1450       868250
    32  0 1  94.92  9929.50 2   0.0 -49.1     35123950   0   1400       852700
    33  0 1  94.22  9938.50 2   0.0 -48.1     36829700   0   1350      1705750
    34  0 1  94.92  9944.50 2   0.0 -47.5     37703800   0   1400       874100
    35  0 1  94.92  9950.50 2   0.0 -46.9     38603450   0   1500       899650
    36  0 1  94.92  9955.00 2   0.0 -46.6     39539300   0   1500       935850
    37  0 1  95.27  9961.00 2   0.0 -45.9     40517750   0   1500       978450
    38  0 1  94.22  9964.00 2   0.0 -45.6     41541950   0   1750      1024200
    39  0 1  94.22  9970.00 2   0.0 -45.0     42611100   0   1550      1069150
    40  0 1  94.57  9973.00 2   0.0 -44.4     43720200   0   1650      1109100
    41  0 1  95.62  9980.50 2   0.0 -44.1     44858100   0   1500      1137900
    42  0 1  95.27  9989.50 2   0.0 -43.1     47148600   0   1800      2290500
    43  0 1  94.92  9994.00 2   0.0 -42.5     48265850   0   1800      1117250
    44  0 1  94.22 10000.00 2   0.0 -42.2     49343250   0   1650      1077400
    45  0 1  94.22 10003.00 2   0.0 -41.6     50373000   0   1500      1029750
    46  0 1  94.92 10010.50 2   0.0 -41.3     51355300   0   1550       982300
    47  0 1  95.27 10015.00 2   0.0 -40.9     52293400   0   1650       938100
    48  0 1  95.62 10019.50 2   0.0 -40.3     53194500   0   1650       901100
    49  0 1  95.62 10024.00 2   0.0 -40.0     54067650   0   1450       873150
    50  0 1  94.22 10030.00 2   0.0 -39.7     54923700   0   1450       856050
    51  0 1  94.57 10039.00 2   0.0 -38.8     56627200   0   1400      1703500
    52  0 1  94.92 10045.00 2   0.0 -38.4     57495750   0   1400       868550
    53  0 1  95.27 10048.00 2   0.0 -38.1     58388500   0   1600       892750
    54  0 1  95.27 10055.50 2   0.0 -37.5     59315900   0   1350       927400
    55  0 1  94.22 10060.00 2   0.0 -37.2     60284350   0   1700       968450
    56  0 1  95.27 10063.00 2   0.0 -36.9     61297350   0   1600      1013000
    57  0 1  95.27 10070.50 2   0.0 -36.6     62356500   0   1350      1059150
    58  0 1  95.62 10073.50 2   0.0 -36.3     63457500   0   1350      1101000
    59  0 1  95.62 10079.50 2   0.0 -35.9     64589550   0   1450      1132050
    60  0 1  94.22 10088.50 2   0.0 -35.3     66882250   0   1350      2292700
    61  0 1  94.57 10096.00 2   0.0 -35.0     68005750   0   1700      1123500
    62  0 1  95.62 10099.00 2   0.0 -34.7     69092950   0   1400      1087200
    63  0 1  94.22 10103.50 2   0.0 -34.4     70134700   0   1800      1041750
    64  0 1  95.62 10109.50 2   0.0 -34.1     71128100   0   1400       993400
    65  0 1  94.22 10115.50 2   0.0 -33.8     72074900   0   1750       946800
    66  0 1  95.27 10120.00 2   0.0 -33.4     72983850   0   1550       908950
    67  0 1  94.22 10126.00 2   0.0 -33.4     73862750   0   1800       878900
    68  0 1  95.27  9880.00 2   0.0 -33.1     74722050   0   1500       859300
    69  0 1  94.57  9889.00 2   0.0 -32.5     76424300   0   1550      1702250
    70  0 1  94.92  9895.00 2   0.0 -32.5     77287800   0   1750       863500
    71  0 1  95.27  9898.00 2   0.0 -32.2     78174500   0   1550       886700
    72  0 1  95.27  9904.00 2   0.0 -31.9     79092800   0   1600       918300
    73  0 1  95.27  9910.00 2   0.0 -31.9     80049650   0   1700       956850
    74  0 1  94.92  9916.00 2   0.0 -31.6     81052050   0   1450      1002400
    75  0 1  94.57  9919.00 2   0.0 -31.6     82100100   0   1550      1048050
    76  0 1  94.57  9925.00 2   0.0 -31.3     83190750   0   1800      1090650
    77  0 1  95.62  9928.00 2   0.0 -31.3     84316450   0   1350      1125700
    78  0 1  94.22  9938.50 2   0.0 -30.9     86610050   0   1450      2293600
    79  0 1  95.27  9943.00 2   0.0 -30.6     87740650   0   1600      1130600
    80  0 1  94.92  9949.00 2   0.0 -30.6     88837400   0   1550      1096750
    81  0 1  95.27  9953.50 2   0.0 -30.6     89890600   0   1650      1053200
    82  0 1  94.92  9959.50 2   0.0 -30.3     90896050   0   1350      1005450
    83  0 1  94.57  9965.50 2   0.0 -30.3     91854400   0   1400       958350
    84  0 1  95.62  9970.00 2   0.0 -30.3     92771650   0   1650       917250
    85  0 1  94.57  9973.00 2   0.0 -30.3     93656200   0   1700       884550
    86  0 1  95.62  9979.00 2   0.0 -30.0     94519400   0   1700       863200
    87  0 1  94.22  9991.00 2   0.0 -30.0     96221450   0   1650      1702050
    88  0 1  94.57  9994.00 2   0.0 -30.0     97081050   0   1700       859600
    89  0 1  94.57 10000.00 2   0.0 -30.0     97961150   0   1650       880100
    90  0 1  95.27 10004.50 2   0.0 -30.0     98871350   0   1550       910200
    91  0 1  94.92 10010.50 2   0.0 -30.0     99818350   0   1350       947000
    92  0 1  94.22 10015.00 2   0.0 -30.0    100809750   0   1450       991400
    93  0 1  94.92 10018.00 2   0.0 -30.0    101846750   0   1600      1037000
    94  0 1  94.57 10024.00 2   0.0 -30.0    102928500   0   1550      1081750
    95  0 1  95.27 10030.00 2   0.0 -30.0    104047200   0   1550      1118700
    96  0 1  95.27 10039.00 2   0.0 -30.3    106339350   0   1550      2292150
    97  0 1  95.62 10043.50 2   0.0 -30.3    107474900   0   1750      1135550
    98  0 1  94.22 10049.50 2   0.0 -30.3    108580400   0   1450      1105500
    99  0 1  95.62 10054.00 2   0.0 -30.6    109644750   0   1450      1064350
   100  0 1  94.92 10060.00 2   0.0 -30.6    110661050   0   1350      1016300
   101  0 1  95.27 10063.00 2   0.0 -30.6    111630300   0   1650       969250
   102  0 1  95.27 10069.00 2   0.0 -30.9    112556500   0   1700       926200
   103  0 1  95.27 10075.00 2   0.0 -30.9    113448850   0   1500       892350
   104  0 1  94.57 10081.00 2   0.0 -31.3    114316250   0   1750       867400
   105  0 1  94.22 10090.00 2   0.0 -31.6    116019100   0   1600      1702850
   106  0 1  94.57 10093.00 2   0.0 -31.6    116875600   0   1450       856500
   107  0 1  95.62 10100.50 2   0.0 -31.9    117750850   0   1650       875250
   108  0 1  95.62 10103.50 2   0.0 -31.9    118652350   0   1450       901500
   109  0 1  94.92 10109.50 2   0.0 -32.2    119590400   0   1350       938050
   110  0 1  94.57 10115.50 2   0.0 -32.5    120570850   0   1600       980450
   111  0 1  94.22 10120.00 2   0.0 -32.5    121596400   0   1400      1025550
   112  0 1  95.27 10124.50 2   0.0 -32.8    122667900   0   1800      1071500
   113  0 1  94.57  9880.00 2   0.0 -33.1    123778400   0   1600      1110500
   114  0 1  94.57  9890.50 2   0.0 -33.4    126066600   0   1500      2288200
   115  0 1  94.22  9895.00 2   0.0 -33.8    127207250   0   1750      1140650
   116  0 1  95.27  9899.50 2   0.0 -34.1    128322550   0   1500      1115300
   117  0 1  94.22  9904.00 2   0.0 -34.4    129398000   0   1550      1075450
   118  0 1  94.22  9910.00 2   0.0 -34.7    130426400   0   1450      1028400
   119  0 1  95.62  9916.00 2   0.0 -35.0    131404900   0   1600       978500
   120  0 1  94.57  9920.50 2   0.0 -35.3    132339900   0   1450       935000
   121  0 1  94.22  9925.00 2   0.0 -35.6    133238650   0   1350       898750
   122  0 1  94.57  9929.50 2   0.0 -35.9    134110500   0   1750       871850
   123  0 1  95.62  9938.50 2   0.0 -36.6    135815950   0   1800      1705450
   124  0 1  94.57  9946.00 2   0.0 -36.9    136670000   0   1650       854050
   125  0 1  94.57  9949.00 2   0.0 -37.2    137539550   0   1800       869550
   126  0 1  94.92  9953.50 2   0.0 -37.5    138434800   0   1700       895250
   127  0 1  95.62  9959.50 2   0.0 -38.1    139364100   0   1750       929300
   128  0 1  94.22  9964.00 2   0.0 -38.4    140334500   0   1350       970400
   129  0 1  95.62  9968.50 2   0.0 -38.8    141349400   0   1700      1014900
   130  0 1  94.57  9973.00 2   0.0 -39.1    142410200   0   1700      1060800
   131  0 1  95.27  9979.00 2   0.0 -39.7    143512950   0   1550      1102750
   132  0 1  94.92  9991.00 2   0.0 -40.3    145794450   0   1500      2281500
   133  0 1  95.62  9995.50 2   0.0 -40.9    146939200   0   1550      1144750
   134  0 1  94.22  9998.50 2   0.0 -41.3    148062550   0   1550      1123350
   135  0 1  94.57 10004.50 2   0.0 -41.6    149147300   0   1800      1084750
   136  0 1  95.62 10010.50 2   0.0 -42.2    150185950   0   1450      1038650
   137  0 1  94.57 10015.00 2   0.0 -42.5    151176950   0   1750       991000
   138  0 1  94.57 10019.50 2   0.0 -43.1    152121700   0   1550       944750
   139  0 1  94.57 10024.00 2   0.0 -43.4    153028700   0   1450       907000
   140  0 1  94.92 10030.00 2   0.0 -44.1    153906000   0   1350       877300
   141  0 1  95.27 10039.00 2   0.0 -45.0    155613750   0   1750      1707750
   142  0 1  94.57 10045.00 2   0.0 -45.6    156465850   0   1400       852100
   143  0 1  95.27 10048.00 2   0.0 -45.9    157330900   0   1350       865050
   144  0 1  95.62 10055.50 2   0.0 -46.6    158218850   0   1350       887950
   145  0 1  94.57 10060.00 2   0.0 -46.9    159138400   0   1750       919550
   146  0 1  94.92 10064.50 2   0.0 -47.5    160097150   0   1400       958750
   147  0 1  94.57 10070.50 2   0.0 -48.1    161101500   0   1550      1004350
   148  0 1  95.27 10073.50 2   0.0 -48.4    162151400   0   1700      1049900
   149  0 1  95.27 10081.00 2   0.0 -49.1    163244850   0   1400      1093450
   150  0 1  94.22 10088.50 2   0.0 -50.3    165518700   0   1700      2273850
   151  0 1  94.22 10096.00 2   0.0 -50.6    166666550   0   1600      1147850
   152  0 1  94.22 10099.00 2   0.0 -51.3    167795700   0   1550      1129150
   153  0 1  94.22 10103.50 2   0.0 -51.9    168890800   0   1500      1095100
   154  0 1  94.92 10111.00 2   0.0 -52.5    169942050   0   1700      1051250
   155  0 1  94.92 10114.00 2   0.0 -53.1    170944050   0   1700      1002000
   156  0 1  95.27 10118.50 2   0.0 -53.4    171899550   0   1400       955500
   157  0 1  95.27 10124.50 2   0.0 -54.1    172814900   0   1700       915350
   158  0 1  94.22  9880.00 2   0.0 -54.7    173697650   0   1600       882750
   159  0 1  94.57  9890.50 2   0.0 -55.9    175410850   0   1400      1713200
   160  0 1  94.57  9893.50 2   0.0 -56.6    176262200   0   1750       851350
   161  0 1  94.22  9899.50 2   0.0 -57.2    177123650   0   1400       861450
   162  0 1  95.27  9905.50 2   0.0 -57.5    178006100   0   1350       882450
   163  0 1  94.92  9910.00 2   0.0 -58.1    178917850   0   1550       911750
   164  0 1  94.57  9914.50 2   0.0 -58.8    179866500   0   1800       948650
   165  0 1  94.57  9919.00 2   0.0 -59.4    180859950   0   1500       993450
   166  0 1  94.22  9923.50 2   0.0 -60.0    181899750   0   1600      1039800
   167  0 1  94.57  9931.00 2   0.0 -60.6    182983700   0   1450      1083950
   168  0 1  95.62  9940.00 2   0.0 -61.9    185247400   0   1700      2263700
   169  0 1  95.62  9944.50 2   0.0 -62.5    186396600   0   1350      1149200
   170  0 1  95.27  9950.50 2   0.0 -63.1    187532000   0   1800      1135400
   171  0 1  94.92  9953.50 2   0.0 -63.8    188635600   0   1450      1103600
   172  0 1  94.57  9961.00 2   0.0 -64.4    189697250   0   1800      1061650
   173  0 1  95.27  9964.00 2   0.0 -65.0    190711150   0   1550      1013900
   174  0 1  94.22  9970.00 2   0.0 -65.6    191677450   0   1700       966300
   175  0 1  94.57  9973.00 2   0.0 -66.3    192601550   0   1350       924100
   176  0 1  94.92  9979.00 2   0.0 -66.9    193491650   0   1600       890100
   177  0 1  95.62  9989.50 2   0.0 -68.1    195211000   0   1450      1719350
   178  0 1  94.92  9994.00 2   0.0 -68.8    196061150   0   1650       850150
   179  0 1  95.62 10000.00 2   0.0 -69.4    196919500   0   1600       858350
