    NO  S V  AOA    FREQ    B  FMOP  AMP      TOA      PMOP  PW         dTOA  
------ -- - ------ -------- - ----- ----- ------------ --- ------ ------------
     0  0 1  95.27 10027.00 2   0.0 -70.0            0   0   1400  42949673000
     1  0 1  94.22 10013.50 2   0.0 -67.5      1159400   0   1250      1159400
     2  0 1  94.22 10051.00 2   0.0 -65.0      2106700   0   1350       947300
     3  0 1  95.62 10000.00 2   0.0 -60.0      4074850   0   1550      1968150
     4  0 1  95.62  9926.50 2   0.0 -57.5      4918500   0   1300       843650
     5  0 1  95.62  9922.00 2   0.0 -55.3      5904800   0   1400       986300
     6  0 1  94.57  9968.50 2   0.0 -53.1      6819050   0   1600       914250
     7  0 1  94.57 10037.50 2   0.0 -50.6      7695450   0   1600       876400
     8  0 1  94.92  9974.50 2   0.0 -48.4      8683750   0   1500       988300
     9  0 1  94.92  9916.00 2   0.0 -46.6      9799050   0   1300      1115300
    10  0 1  94.92  9949.00 2   0.0 -44.4     10727650   0   1250       928600
    11  0 1  94.22  9916.00 2   0.0 -42.5     11553250   0   1350       825600
    12  0 1  94.92 10021.00 2   0.0 -39.1     13548400   0   1500      1995150
    13  0 1  95.27  9961.00 2   0.0 -37.5     14561750   0   1350      1013350
    14  0 1  94.92  9908.50 2   0.0 -36.3     15635500   0   1550      1073750
    15  0 1  95.27 10027.00 2   0.0 -35.0     16661000   0   1250      1025500
    16  0 1  95.62 10021.00 2   0.0 -33.8     17638150   0   1400       977150
    17  0 1  94.22 10012.00 2   0.0 -32.8     18775450   0   1600      1137300
    18  0 1  94.92 10003.00 2   0.0 -31.9     19628900   0   1350       853450
    19  0 1  95.62  9937.00 2   0.0 -31.3     20798100   0   1650      1169200
    20  0 1  94.92 10048.00 2   0.0 -30.6     21623750   0   1500       825650
    21  0 1  95.62 10060.00 2   0.0 -30.0     23905150   0   1250      2281400
    22  0 1  94.92 10072.00 2   0.0 -30.0     24881250   0   1500       976100
    23  0 1  94.22  9929.50 2   0.0 -30.0     25877300   0   1550       996050
    24  0 1  95.62  9919.00 2   0.0 -30.3     27009600   0   1450      1132300
    25  0 1  94.57 10082.50 2   0.0 -30.6     27933100   0   1550       923500
    26  0 1  95.27  9964.00 2   0.0 -31.3     28907150   0   1350       974050
    27  0 1  95.62  9923.50 2   0.0 -31.9     29784300   0   1600       877150
    28  0 1  95.62 10049.50 2   0.0 -32.8     30609350   0   1600       825050
    29  0 1  94.22  9904.00 2   0.0 -33.8     31799150   0   1350      1189800
    30  0 1  94.57  9946.00 2   0.0 -36.3     33639800   0   1700      1840650
    31  0 1  95.27 10037.50 2   0.0 -37.5     34529750   0   1300       889950
    32  0 1  94.22  9956.50 2   0.0 -39.1     35709800   0   1550      1180050
    33  0 1  94.22  9998.50 2   0.0 -40.9     36753550   0   1550      1043750
    34  0 1  94.57  9973.00 2   0.0 -42.5     37933800   0   1400      1180250
    35  0 1  94.57 10033.00 2   0.0 -44.4     39126400   0   1500      1192600
    36  0 1  94.22  9964.00 2   0.0 -46.6     40313500   0   1600      1187100
    37  0 1  94.57  9938.50 2   0.0 -48.4     41512600   0   1450      1199100
    38  0 1  95.62 10045.00 2   0.0 -50.6     42550350   0   1550      1037750
    39  0 1  94.57  9925.00 2   0.0 -55.3     44779950   0   1300      2229600
    40  0 1  95.27 10048.00 2   0.0 -57.5     45783450   0   1300      1003500
    41  0 1  94.92  9901.00 2   0.0 -60.0     46749450   0   1250       966000
    42  0 1  94.92 10078.00 2   0.0 -62.5     47922250   0   1350      1172800
    43  0 1  94.22  9967.00 2   0.0 -65.0     48849750   0   1500       927500
    44  0 1  94.92 10069.00 2   0.0 -67.5     49983850   0   1300      1134100
