    NO  S V  AOA    FREQ    B  FMOP  AMP      TOA      PMOP  PW         dTOA  
------ -- - ------ -------- - ----- ----- ------------ --- ------ ------------
     0  0 1  94.92 10028.50 2   0.0 -70.0            0   0   1500  42949673000
     1  0 1  95.27 10075.00 2   0.0 -67.5      1099500   0   1300      1099500
     2  0 1  95.27 10027.00 2   0.0 -65.0      2009950   0   1600       910450
     3  0 1  95.62  9907.00 2   0.0 -62.5      2963100   0   1300       953150
     4  0 1  94.57  9928.00 2   0.0 -60.0      3790700   0   1450       827600
     5  0 1  94.22  9961.00 2   0.0 -57.5      4949350   0   1450      1158650
     6  0 1  94.92  9977.50 2   0.0 -55.3      5909200   0   1300       959850
     7  0 1  95.27 10001.50 2   0.0 -53.1      7024900   0   1250      1115700
     8  0 1  95.27 10007.50 2   0.0 -48.4      8976950   0   1350      1952050
     9  0 1  95.27 10012.00 2   0.0 -46.6      9919600   0   1650       942650
    10  0 1  94.57  9901.00 2   0.0 -44.4     10830700   0   1300       911100
    11  0 1  94.57 10009.00 2   0.0 -42.5     11886100   0   1300      1055400
    12  0 1  95.27  9970.00 2   0.0 -40.9     13000000   0   1600      1113900
    13  0 1  95.62 10084.00 2   0.0 -39.1     14031500   0   1300      1031500
    14  0 1  94.22 10021.00 2   0.0 -37.5     14845700   0   1700       814200
    15  0 1  94.57 10024.00 2   0.0 -36.3     15810800   0   1300       965100
    16  0 1  94.92 10078.00 2   0.0 -35.0     16650050   0   1700       839250
    17  0 1  94.57  9947.50 2   0.0 -32.8     18971900   0   1700      2321850
    18  0 1  94.57  9902.50 2   0.0 -31.9     20075150   0   1350      1103250
    19  0 1  94.92  9985.00 2   0.0 -31.3     21251400   0   1500      1176250
    20  0 1  94.92  9931.00 2   0.0 -30.6     22276050   0   1300      1024650
    21  0 1  94.57 10021.00 2   0.0 -30.3     23260100   0   1300       984050
    22  0 1  94.57 10013.50 2   0.0 -30.0     24338150   0   1650      1078050
    23  0 1  95.62 10003.00 2   0.0 -30.0     25477150   0   1300      1139000
    24  0 1  94.22 10057.00 2   0.0 -30.0     26307250   0   1400       830100
    25  0 1  95.27 10051.00 2   0.0 -30.3     27469950   0   1450      1162700
    26  0 1  94.57 10061.50 2   0.0 -31.3     29200350   0   1300      1730400
    27  0 1  94.22  9913.00 2   0.0 -31.9     30305650   0   1500      1105300
    28  0 1  94.92 10039.00 2   0.0 -32.8     31338750   0   1600      1033100
    29  0 1  94.57 10003.00 2   0.0 -33.8     32256850   0   1450       918100
    30  0 1  95.27 10015.00 2   0.0 -35.0     33449100   0   1250      1192250
    31  0 1  95.62  9961.00 2   0.0 -36.3     34292000   0   1500       842900
    32  0 1  95.62  9908.50 2   0.0 -37.5     35458650   0   1600      1166650
    33  0 1  95.62 10021.00 2   0.0 -39.1     36388350   0   1650       929700
    34  0 1  94.57 10027.00 2   0.0 -40.9     37426300   0   1550      1037950
    35  0 1  95.62 10021.00 2   0.0 -44.4     39266500   0   1550      1840200
    36  0 1  95.27  9994.00 2   0.0 -46.6     40319700   0   1250      1053200
    37  0 1  94.22 10058.50 2   0.0 -48.4     41444200   0   1350      1124500
    38  0 1  95.27  9923.50 2   0.0 -50.6     42622400   0   1700      1178200
    39  0 1  94.92  9940.00 2   0.0 -53.1     43550050   0   1250       927650
    40  0 1  95.62  9962.50 2   0.0 -55.3     44543800   0   1500       993750
    41  0 1  94.57  9916.00 2   0.0 -57.5     45684200   0   1500      1140400
    42  0 1  95.27 10066.00 2   0.0 -60.0     46728800   0   1700      1044600
    43  0 1  94.22  9941.50 2   0.0 -62.5     47620100   0   1700       891300
    44  0 1  95.27 10081.00 2   0.0 -67.5     49692200   0   1350      2072100
