    NO  S V  AOA    FREQ    B  FMOP  AMP      TOA      PMOP  PW         dTOA  
------ -- - ------ -------- - ----- ----- ------------ --- ------ ------------
     0  0 1  94.57  9959.50 2   0.0 -70.0            0   0   1550  42949673000
     1  0 1  95.62  9959.50 2   0.0 -69.4      1000100   0   1500      1000100
     2  0 1  95.62  9961.00 2   0.0 -68.8      2045900   0   1500      1045800
     3  0 1  94.92  9959.50 2   0.0 -67.5      4258300   0   1450      2212400
     4  0 1  95.27  9970.00 2   0.0 -66.9      5402900   0   1850      1144600
     5  0 1  95.27  9970.00 2   0.0 -66.3      6550750   0   1900      1147850
     6  0 1  94.22  9970.00 2   0.0 -65.6      7682450   0   1550      1131700
     7  0 1  94.57  9968.50 2   0.0 -65.0      8781600   0   1550      1099150
     8  0 1  94.92  9968.50 2   0.0 -64.4      9837250   0   1750      1055650
     9  0 1  94.92  9998.50 2   0.0 -63.8     10844550   0   1750      1007300
    10  0 1  94.22 10000.00 2   0.0 -63.1     11804700   0   1500       960150
    11  0 1  94.92 10000.00 2   0.0 -62.5     12723300   0   1900       918600
    12  0 1  94.57  9998.50 2   0.0 -61.3     14473450   0   1550      1750150
    13  0 1  94.22 10018.00 2   0.0 -60.6     15325200   0   1700       851750
    14  0 1  94.57 10018.00 2   0.0 -60.0     16174900   0   1750       849700
    15  0 1  94.92 10019.50 2   0.0 -59.4     17035150   0   1850       860250
    16  0 1  94.92 10021.00 2   0.0 -58.8     17914300   0   1500       879150
    17  0 1  95.62 10018.00 2   0.0 -58.1     18822650   0   1600       908350
    18  0 1  95.62 10021.00 2   0.0 -57.5     19767800   0   1650       945150
    19  0 1  95.27 10019.50 2   0.0 -57.2     20756350   0   1800       988550
    20  0 1  95.27 10019.50 2   0.0 -56.6     21791400   0   1800      1035050
    21  0 1  95.62 10019.50 2   0.0 -55.3     23988050   0   1500      2196650
    22  0 1  94.22  9980.50 2   0.0 -54.7     25130350   0   1650      1142300
    23  0 1  94.57  9980.50 2   0.0 -54.1     26278900   0   1600      1148550
    24  0 1  95.27  9979.00 2   0.0 -53.4     27417000   0   1500      1138100
    25  0 1  95.62  9979.00 2   0.0 -53.1     28525300   0   1850      1108300
    26  0 1  95.27  9979.00 2   0.0 -52.5     29591900   0   1550      1066600
    27  0 1  94.57 10030.00 2   0.0 -51.9     30610500   0   1600      1018600
    28  0 1  94.22 10028.50 2   0.0 -51.3     31581650   0   1700       971150
    29  0 1  94.22 10030.00 2   0.0 -50.6     32509950   0   1550       928300
    30  0 1  95.62 10028.50 2   0.0 -49.7     34271600   0   1850      1761650
    31  0 1  95.62 10030.00 2   0.0 -49.1     35124800   0   1750       853200
    32  0 1  94.22 10030.00 2   0.0 -48.4     35974650   0   1850       849850
    33  0 1  94.57 10030.00 2   0.0 -48.1     36830950   0   1800       856300
    34  0 1  94.22 10028.50 2   0.0 -47.5     37704650   0   1850       873700
    35  0 1  95.62 10030.00 2   0.0 -46.9     38604350   0   1500       899700
    36  0 1  94.22  9968.50 2   0.0 -46.6     39540700   0   1500       936350
    37  0 1  95.62  9970.00 2   0.0 -45.9     40518950   0   1500       978250
    38  0 1  94.92  9970.00 2   0.0 -45.6     41542950   0   1650      1024000
    39  0 1  94.92  9968.50 2   0.0 -44.4     43720500   0   1900      2177550
    40  0 1  95.27  9998.50 2   0.0 -44.1     44858800   0   1500      1138300
    41  0 1  94.92  9998.50 2   0.0 -43.4     46007700   0   1500      1148900
    42  0 1  94.92  9998.50 2   0.0 -43.1     47150100   0   1550      1142400
    43  0 1  94.57  9998.50 2   0.0 -42.5     48266900   0   1850      1116800
    44  0 1  95.62 10000.00 2   0.0 -42.2     49343450   0   1450      1076550
    45  0 1  95.62 10018.00 2   0.0 -41.6     50372950   0   1750      1029500
    46  0 1  94.92 10018.00 2   0.0 -41.3     51354700   0   1550       981750
    47  0 1  95.62 10021.00 2   0.0 -40.9     52292950   0   1650       938250
    48  0 1  94.22 10021.00 2   0.0 -40.0     54066900   0   1700      1773950
    49  0 1  94.92  9980.50 2   0.0 -39.7     54922600   0   1800       855700
    50  0 1  95.27  9979.00 2   0.0 -39.1     55772250   0   1550       849650
    51  0 1  95.62  9980.50 2   0.0 -38.8     56626300   0   1600       854050
    52  0 1  94.57  9980.50 2   0.0 -38.4     57494850   0   1600       868550
    53  0 1  94.22  9980.50 2   0.0 -38.1     58388000   0   1650       893150
    54  0 1  94.92  9958.00 2   0.0 -37.5     59315250   0   1500       927250
    55  0 1  95.27  9961.00 2   0.0 -37.2     60281750   0   1700       966500
    56  0 1  94.92  9961.00 2   0.0 -36.9     61294400   0   1450      1012650
    57  0 1  95.62  9959.50 2   0.0 -36.3     63453650   0   1850      2159250
    58  0 1  95.62  9970.00 2   0.0 -35.9     64586100   0   1800      1132450
    59  0 1  95.62  9970.00 2   0.0 -35.6     65734550   0   1700      1148450
    60  0 1  94.92  9968.50 2   0.0 -35.3     66880100   0   1850      1145550
    61  0 1  95.62  9970.00 2   0.0 -35.0     68004000   0   1750      1123900
    62  0 1  95.27  9968.50 2   0.0 -34.7     69091850   0   1500      1087850
    63  0 1  94.22 10000.00 2   0.0 -34.4     70133850   0   1450      1042000
    64  0 1  94.22 10000.00 2   0.0 -34.1     71127000   0   1550       993150
    65  0 1  94.57 10000.00 2   0.0 -33.8     72074200   0   1700       947200
    66  0 1  94.92 10000.00 2   0.0 -33.4     73862650   0   1600      1788450
    67  0 1  94.92 10019.50 2   0.0 -33.1     74721750   0   1450       859100
    68  0 1  94.92 10019.50 2   0.0 -32.8     75571500   0   1600       849750
    69  0 1  95.27 10018.00 2   0.0 -32.5     76423400   0   1800       851900
    70  0 1  94.92 10018.00 2   0.0 -32.5     77287050   0   1550       863650
    71  0 1  95.62 10019.50 2   0.0 -32.2     78174000   0   1900       886950
    72  0 1  95.62 10021.00 2   0.0 -31.9     79092300   0   1650       918300
    73  0 1  94.57 10021.00 2   0.0 -31.9     80049350   0   1900       957050
    74  0 1  95.27 10018.00 2   0.0 -31.6     81051650   0   1900      1002300
    75  0 1  94.22 10019.50 2   0.0 -31.3     83191250   0   1500      2139600
    76  0 1  95.27  9979.00 2   0.0 -31.3     84317100   0   1700      1125850
    77  0 1  95.27  9980.50 2   0.0 -30.9     85462750   0   1500      1145650
    78  0 1  95.62  9980.50 2   0.0 -30.9     86610850   0   1800      1148100
    79  0 1  94.57  9979.00 2   0.0 -30.6     87741900   0   1600      1131050
    80  0 1  94.92  9979.00 2   0.0 -30.6     88838550   0   1850      1096650
    81  0 1  95.27 10030.00 2   0.0 -30.6     89891550   0   1500      1053000
    82  0 1  94.57 10030.00 2   0.0 -30.3     90896250   0   1500      1004700
    83  0 1  94.22 10030.00 2   0.0 -30.3     91853950   0   1600       957700
    84  0 1  95.27 10028.50 2   0.0 -30.3     93655500   0   1450      1801550
    85  0 1  94.57 10030.00 2   0.0 -30.0     94518500   0   1550       863000
    86  0 1  95.62 10030.00 2   0.0 -30.0     95369250   0   1800       850750
    87  0 1  94.22 10028.50 2   0.0 -30.0     96220000   0   1700       850750
    88  0 1  94.22 10030.00 2   0.0 -30.0     97079800   0   1650       859800
    89  0 1  95.27 10030.00 2   0.0 -30.0     97959300   0   1850       879500
    90  0 1  95.27  9970.00 2   0.0 -30.0     98869650   0   1750       910350
    91  0 1  95.62  9970.00 2   0.0 -30.0     99816300   0   1800       946650
    92  0 1  95.27  9970.00 2   0.0 -30.0    100807250   0   1900       990950
    93  0 1  94.92  9970.00 2   0.0 -30.0    102926050   0   1500      2118800
    94  0 1  95.27 10000.00 2   0.0 -30.0    104045100   0   1750      1119050
    95  0 1  95.27  9998.50 2   0.0 -30.3    105187600   0   1700      1142500
    96  0 1  95.62  9998.50 2   0.0 -30.3    106336150   0   1600      1148550
    97  0 1  94.92 10000.00 2   0.0 -30.3    107472450   0   1700      1136300
    98  0 1  94.92  9998.50 2   0.0 -30.3    108578250   0   1550      1105800
    99  0 1  95.62 10021.00 2   0.0 -30.6    109642500   0   1900      1064250
   100  0 1  94.92 10018.00 2   0.0 -30.6    110658050   0   1450      1015550
   101  0 1  95.27 10018.00 2   0.0 -30.6    111627350   0   1750       969300
   102  0 1  94.57 10019.50 2   0.0 -30.9    113444950   0   1500      1817600
   103  0 1  94.57  9979.00 2   0.0 -31.3    114311650   0   1700       866700
   104  0 1  94.22  9980.50 2   0.0 -31.3    115164250   0   1600       852600
   105  0 1  94.92  9979.00 2   0.0 -31.6    116014200   0   1450       849950
   106  0 1  94.92  9980.50 2   0.0 -31.6    116870700   0   1800       856500
   107  0 1  94.22  9979.00 2   0.0 -31.9    117745850   0   1450       875150
   108  0 1  94.92  9959.50 2   0.0 -31.9    118648100   0   1700       902250
   109  0 1  94.57  9959.50 2   0.0 -32.2    119585850   0   1550       937750
   110  0 1  95.27  9959.50 2   0.0 -32.5    120565350   0   1850       979500
   111  0 1  94.57  9959.50 2   0.0 -32.8    122662150   0   1750      2096800
   112  0 1  94.57  9970.00 2   0.0 -33.1    123773150   0   1750      1111000
   113  0 1  94.57  9968.50 2   0.0 -33.4    124911400   0   1900      1138250
   114  0 1  95.27  9970.00 2   0.0 -33.4    126060100   0   1500      1148700
   115  0 1  95.62  9970.00 2   0.0 -33.8    127200950   0   1900      1140850
   116  0 1  94.92  9970.00 2   0.0 -34.1    128315800   0   1900      1114850
   117  0 1  95.27 10000.00 2   0.0 -34.4    129390750   0   1450      1074950
   118  0 1  94.57 10000.00 2   0.0 -34.7    130418300   0   1750      1027550
   119  0 1  95.27  9998.50 2   0.0 -35.0    131398400   0   1800       980100
   120  0 1  94.92 10000.00 2   0.0 -35.6    133233850   0   1450      1835450
   121  0 1  94.57 10021.00 2   0.0 -35.9    134105700   0   1650       871850
   122  0 1  95.62 10019.50 2   0.0 -36.3    134960600   0   1700       854900
   123  0 1  95.27 10018.00 2   0.0 -36.6    135810250   0   1450       849650
   124  0 1  95.27 10019.50 2   0.0 -36.9    136664550   0   1800       854300
   125  0 1  94.57 10019.50 2   0.0 -37.2    137534600   0   1750       870050
   126  0 1  94.92 10021.00 2   0.0 -37.5    138429850   0   1500       895250
   127  0 1  94.22 10021.00 2   0.0 -38.1    139357950   0   1850       928100
   128  0 1  94.57 10021.00 2   0.0 -38.4    140326500   0   1600       968550
   129  0 1  94.92 10019.50 2   0.0 -39.1    142401750   0   1450      2075250
   130  0 1  94.57  9979.00 2   0.0 -39.7    143503850   0   1700      1102100
   131  0 1  94.22  9979.00 2   0.0 -40.0    144636450   0   1800      1132600
   132  0 1  94.22  9979.00 2   0.0 -40.3    145785900   0   1550      1149450
   133  0 1  94.57  9980.50 2   0.0 -40.9    146930750   0   1850      1144850
   134  0 1  95.27  9979.00 2   0.0 -41.3    148053500   0   1800      1122750
   135  0 1  94.22 10028.50 2   0.0 -41.6    149139950   0   1500      1086450
   136  0 1  94.92 10028.50 2   0.0 -42.2    150179550   0   1900      1039600
   137  0 1  94.57 10030.00 2   0.0 -42.5    151170500   0   1900       990950
   138  0 1  94.22 10028.50 2   0.0 -43.4    153023800   0   1550      1853300
   139  0 1  94.57 10030.00 2   0.0 -44.1    153901250   0   1850       877450
   140  0 1  94.22 10030.00 2   0.0 -44.4    154759700   0   1900       858450
   141  0 1  95.62 10030.00 2   0.0 -45.0    155609550   0   1850       849850
   142  0 1  95.62 10030.00 2   0.0 -45.6    156461800   0   1800       852250
   143  0 1  94.22 10028.50 2   0.0 -45.9    157326850   0   1500       865050
   144  0 1  94.22  9970.00 2   0.0 -46.6    158215050   0   1650       888200
   145  0 1  94.57  9968.50 2   0.0 -46.9    159135250   0   1550       920200
   146  0 1  95.62  9968.50 2   0.0 -47.5    160094600   0   1450       959350
   147  0 1  95.27  9968.50 2   0.0 -48.4    162148950   0   1650      2054350
   148  0 1  95.62 10000.00 2   0.0 -49.1    163241750   0   1700      1092800
   149  0 1  95.27 10000.00 2   0.0 -49.7    164369150   0   1550      1127400
   150  0 1  95.27  9998.50 2   0.0 -50.3    165516400   0   1500      1147250
   151  0 1  95.27 10000.00 2   0.0 -50.6    166664500   0   1900      1148100
   152  0 1  94.22 10000.00 2   0.0 -51.3    167793000   0   1750      1128500
   153  0 1  94.92 10021.00 2   0.0 -51.9    168888400   0   1550      1095400
   154  0 1  95.27 10018.00 2   0.0 -52.5    169939000   0   1500      1050600
   155  0 1  94.92 10018.00 2   0.0 -53.1    170941300   0   1550      1002300
   156  0 1  94.57 10021.00 2   0.0 -54.1    172812200   0   1500      1870900
   157  0 1  94.22  9980.50 2   0.0 -54.7    173696450   0   1650       884250
   158  0 1  94.92  9979.00 2   0.0 -55.3    174558650   0   1600       862200
   159  0 1  94.57  9979.00 2   0.0 -55.9    175409850   0   1750       851200
   160  0 1  95.27  9979.00 2   0.0 -56.6    176260600   0   1900       850750
   161  0 1  95.27  9980.50 2   0.0 -57.2    177121100   0   1900       860500
   162  0 1  94.22  9958.00 2   0.0 -57.5    178003450   0   1700       882350
   163  0 1  95.27  9961.00 2   0.0 -58.1    178914400   0   1450       910950
   164  0 1  94.92  9959.50 2   0.0 -58.8    179863000   0   1700       948600
   165  0 1  94.92  9961.00 2   0.0 -60.0    181894850   0   1800      2031850
   166  0 1  94.92  9970.00 2   0.0 -60.6    182979050   0   1450      1084200
   167  0 1  94.57  9970.00 2   0.0 -61.3    184098900   0   1600      1119850
   168  0 1  94.92  9968.50 2   0.0 -61.9    185242450   0   1450      1143550
   169  0 1  95.62  9970.00 2   0.0 -62.5    186391300   0   1750      1148850
   170  0 1  94.92  9970.00 2   0.0 -63.1    187526450   0   1800      1135150
   171  0 1  94.22 10000.00 2   0.0 -63.8    188631150   0   1900      1104700
   172  0 1  95.62 10000.00 2   0.0 -64.4    189693200   0   1500      1062050
   173  0 1  94.22  9998.50 2   0.0 -65.0    190707200   0   1850      1014000
   174  0 1  95.62 10000.00 2   0.0 -66.3    192596850   0   1450      1889650
   175  0 1  94.22 10018.00 2   0.0 -66.9    193487050   0   1650       890200
   176  0 1  95.27 10018.00 2   0.0 -67.5    194352750   0   1500       865700
   177  0 1  95.27 10021.00 2   0.0 -68.1    195205700   0   1900       852950
   178  0 1  95.62 10021.00 2   0.0 -68.8    196056000   0   1650       850300
   179  0 1  94.92 10019.50 2   0.0 -69.4    196914150   0   1500       858150
