    NO  S V  AOA    FREQ    B  FMOP  AMP      TOA      PMOP  PW         dTOA  
------ -- - ------ -------- - ----- ----- ------------ --- ------ ------------
     0  0 1  94.57  9961.00 2   0.0 -70.0            0   0   1500  42949673000
     1  0 1  95.62  9958.00 2   0.0 -68.8      2045800   0   1550      2045800
     2  0 1  94.22  9961.00 2   0.0 -68.1      3135250   0   1500      1089450
     3  0 1  95.27  9961.00 2   0.0 -67.5      4259600   0   1600      1124350
     4  0 1  95.27  9968.50 2   0.0 -66.9      5405050   0   1550      1145450
     5  0 1  94.22  9970.00 2   0.0 -66.3      6553500   0   1850      1148450
     6  0 1  95.62  9970.00 2   0.0 -65.6      7685150   0   1650      1131650
     7  0 1  95.27  9970.00 2   0.0 -65.0      8783650   0   1800      1098500
     8  0 1  95.62  9968.50 2   0.0 -64.4      9838750   0   1650      1055100
     9  0 1  95.27 10000.00 2   0.0 -63.8     10845400   0   1550      1006650
    10  0 1  94.92  9998.50 2   0.0 -62.5     12725100   0   1700      1879700
    11  0 1  95.62 10000.00 2   0.0 -61.9     13611450   0   1900       886350
    12  0 1  94.92 10000.00 2   0.0 -61.3     14475300   0   1800       863850
    13  0 1  94.92 10019.50 2   0.0 -60.6     15327600   0   1450       852300
    14  0 1  95.62 10018.00 2   0.0 -60.0     16177250   0   1900       849650
    15  0 1  95.27 10021.00 2   0.0 -59.4     17037550   0   1850       860300
    16  0 1  95.62 10021.00 2   0.0 -58.8     17916500   0   1850       878950
    17  0 1  94.57 10019.50 2   0.0 -58.1     18824950   0   1800       908450
    18  0 1  94.57 10018.00 2   0.0 -57.5     19770100   0   1700       945150
    19  0 1  94.92 10021.00 2   0.0 -56.6     21794050   0   1500      2023950
    20  0 1  94.57 10019.50 2   0.0 -55.9     22874000   0   1850      1079950
    21  0 1  95.62 10019.50 2   0.0 -55.3     23991450   0   1800      1117450
    22  0 1  95.27  9979.00 2   0.0 -54.7     25133250   0   1600      1141800
    23  0 1  95.62  9979.00 2   0.0 -54.1     26282300   0   1450      1149050
    24  0 1  95.27  9979.00 2   0.0 -53.4     27419150   0   1450      1136850
    25  0 1  95.27  9979.00 2   0.0 -53.1     28527450   0   1600      1108300
    26  0 1  94.22  9979.00 2   0.0 -52.5     29593300   0   1750      1065850
    27  0 1  94.22 10030.00 2   0.0 -51.9     30612600   0   1650      1019300
    28  0 1  94.57 10030.00 2   0.0 -50.6     32511850   0   1550      1899250
    29  0 1  95.27 10028.50 2   0.0 -50.3     33404450   0   1500       892600
    30  0 1  94.57 10028.50 2   0.0 -49.7     34272700   0   1600       868250
    31  0 1  95.62 10030.00 2   0.0 -49.1     35125300   0   1800       852600
    32  0 1  94.22 10028.50 2   0.0 -48.4     35975400   0   1500       850100
    33  0 1  95.27 10030.00 2   0.0 -48.1     36831050   0   1650       855650
    34  0 1  94.92 10028.50 2   0.0 -47.5     37704800   0   1750       873750
    35  0 1  95.62 10028.50 2   0.0 -46.9     38604800   0   1650       900000
    36  0 1  94.22  9970.00 2   0.0 -46.6     39540550   0   1550       935750
    37  0 1  95.62  9968.50 2   0.0 -45.6     41542600   0   1600      2002050
    38  0 1  94.57  9970.00 2   0.0 -45.0     42611200   0   1700      1068600
    39  0 1  95.62  9970.00 2   0.0 -44.4     43720150   0   1850      1108950
    40  0 1  95.27 10000.00 2   0.0 -44.1     44858250   0   1900      1138100
    41  0 1  94.57 10000.00 2   0.0 -43.4     46007350   0   1600      1149100
    42  0 1  94.22 10000.00 2   0.0 -43.1     47149150   0   1900      1141800
    43  0 1  94.92  9998.50 2   0.0 -42.5     48266200   0   1450      1117050
    44  0 1  94.22  9998.50 2   0.0 -42.2     49342850   0   1900      1076650
    45  0 1  94.57 10021.00 2   0.0 -41.6     50372950   0   1550      1030100
    46  0 1  94.92 10021.00 2   0.0 -40.9     52292950   0   1450      1920000
    47  0 1  94.57 10021.00 2   0.0 -40.3     53193850   0   1750       900900
    48  0 1  94.57 10018.00 2   0.0 -40.0     54067050   0   1550       873200
    49  0 1  95.62  9979.00 2   0.0 -39.7     54923050   0   1600       856000
    50  0 1  94.22  9979.00 2   0.0 -39.1     55773450   0   1450       850400
    51  0 1  94.57  9980.50 2   0.0 -38.8     56627150   0   1600       853700
    52  0 1  95.62  9979.00 2   0.0 -38.4     57496450   0   1850       869300
    53  0 1  94.22  9979.00 2   0.0 -38.1     58389150   0   1850       892700
    54  0 1  95.27  9958.00 2   0.0 -37.5     59315700   0   1450       926550
    55  0 1  95.27  9959.50 2   0.0 -36.9     61296700   0   1700      1981000
    56  0 1  94.92  9961.00 2   0.0 -36.6     62355500   0   1700      1058800
    57  0 1  94.57  9961.00 2   0.0 -36.3     63456500   0   1500      1101000
    58  0 1  94.57  9968.50 2   0.0 -35.9     64588750   0   1450      1132250
    59  0 1  94.92  9968.50 2   0.0 -35.6     65736650   0   1850      1147900
    60  0 1  95.62  9968.50 2   0.0 -35.3     66882300   0   1600      1145650
    61  0 1  95.27  9970.00 2   0.0 -35.0     68006050   0   1500      1123750
    62  0 1  94.92  9970.00 2   0.0 -34.7     69093150   0   1500      1087100
    63  0 1  94.57 10000.00 2   0.0 -34.4     70134800   0   1900      1041650
    64  0 1  95.62 10000.00 2   0.0 -33.8     72075250   0   1600      1940450
    65  0 1  94.22 10000.00 2   0.0 -33.4     72982950   0   1800       907700
    66  0 1  95.27 10000.00 2   0.0 -33.4     73862350   0   1900       879400
    67  0 1  94.92 10018.00 2   0.0 -33.1     74721300   0   1500       858950
    68  0 1  95.62 10021.00 2   0.0 -32.8     75571050   0   1450       849750
    69  0 1  95.62 10019.50 2   0.0 -32.5     76422600   0   1500       851550
    70  0 1  95.27 10021.00 2   0.0 -32.5     77286150   0   1650       863550
    71  0 1  95.27 10021.00 2   0.0 -32.2     78173500   0   1550       887350
    72  0 1  94.22 10019.50 2   0.0 -31.9     79091000   0   1550       917500
    73  0 1  94.22 10021.00 2   0.0 -31.6     81050100   0   1500      1959100
    74  0 1  94.92 10018.00 2   0.0 -31.6     82097800   0   1450      1047700
    75  0 1  94.92 10021.00 2   0.0 -31.3     83189200   0   1900      1091400
    76  0 1  94.57  9979.00 2   0.0 -31.3     84315650   0   1600      1126450
    77  0 1  94.92  9979.00 2   0.0 -30.9     85461500   0   1850      1145850
    78  0 1  94.57  9979.00 2   0.0 -30.9     86609650   0   1600      1148150
    79  0 1  94.92  9980.50 2   0.0 -30.6     87740500   0   1750      1130850
    80  0 1  94.92  9979.00 2   0.0 -30.6     88837750   0   1650      1097250
    81  0 1  94.92 10028.50 2   0.0 -30.6     89891150   0   1750      1053400
    82  0 1  94.22 10028.50 2   0.0 -30.3     91853450   0   1800      1962300
    83  0 1  94.22 10028.50 2   0.0 -30.3     92769950   0   1450       916500
    84  0 1  95.62 10028.50 2   0.0 -30.3     93654800   0   1800       884850
    85  0 1  94.22 10030.00 2   0.0 -30.0     94518100   0   1800       863300
    86  0 1  95.62 10030.00 2   0.0 -30.0     95369300   0   1900       851200
    87  0 1  94.22 10030.00 2   0.0 -30.0     96219900   0   1650       850600
    88  0 1  94.92 10030.00 2   0.0 -30.0     97080250   0   1450       860350
    89  0 1  95.27 10028.50 2   0.0 -30.0     97959750   0   1550       879500
    90  0 1  94.22  9970.00 2   0.0 -30.0     98869750   0   1900       910000
    91  0 1  94.57  9970.00 2   0.0 -30.0    100807750   0   1900      1938000
    92  0 1  94.92  9968.50 2   0.0 -30.0    101844800   0   1750      1037050
    93  0 1  94.57  9970.00 2   0.0 -30.0    102926400   0   1500      1081600
    94  0 1  94.92 10000.00 2   0.0 -30.0    104045000   0   1700      1118600
    95  0 1  94.22  9998.50 2   0.0 -30.3    105187650   0   1450      1142650
    96  0 1  94.92  9998.50 2   0.0 -30.3    106336450   0   1650      1148800
    97  0 1  94.57 10000.00 2   0.0 -30.3    107472050   0   1550      1135600
    98  0 1  94.22  9998.50 2   0.0 -30.3    108577650   0   1500      1105600
    99  0 1  95.62 10021.00 2   0.0 -30.6    109641550   0   1850      1063900
   100  0 1  95.62 10019.50 2   0.0 -30.6    111626000   0   1750      1984450
   101  0 1  94.92 10019.50 2   0.0 -30.9    112552300   0   1750       926300
   102  0 1  94.57 10019.50 2   0.0 -30.9    113444150   0   1650       891850
   103  0 1  94.92  9980.50 2   0.0 -31.3    114311000   0   1850       866850
   104  0 1  95.27  9979.00 2   0.0 -31.3    115164200   0   1650       853200
   105  0 1  94.92  9980.50 2   0.0 -31.6    116014100   0   1500       849900
   106  0 1  94.57  9980.50 2   0.0 -31.6    116870800   0   1500       856700
   107  0 1  95.62  9980.50 2   0.0 -31.9    117745700   0   1650       874900
   108  0 1  94.92  9958.00 2   0.0 -31.9    118648000   0   1700       902300
   109  0 1  95.62  9961.00 2   0.0 -32.5    120565850   0   1500      1917850
   110  0 1  94.22  9958.00 2   0.0 -32.5    121592000   0   1450      1026150
   111  0 1  95.27  9959.50 2   0.0 -32.8    122663250   0   1550      1071250
   112  0 1  95.27  9968.50 2   0.0 -33.1    123774500   0   1800      1111250
   113  0 1  94.22  9970.00 2   0.0 -33.4    124913800   0   1450      1139300
   114  0 1  94.22  9970.00 2   0.0 -33.4    126063000   0   1850      1149200
   115  0 1  94.57  9970.00 2   0.0 -33.8    127204450   0   1800      1141450
   116  0 1  94.57  9968.50 2   0.0 -34.1    128319600   0   1500      1115150
   117  0 1  94.92 10000.00 2   0.0 -34.4    129394700   0   1550      1075100
   118  0 1  95.27  9998.50 2   0.0 -35.0    131402050   0   1750      2007350
   119  0 1  94.22  9998.50 2   0.0 -35.3    132337600   0   1650       935550
   120  0 1  95.62  9998.50 2   0.0 -35.6    133237000   0   1900       899400
   121  0 1  94.22 10021.00 2   0.0 -35.9    134108750   0   1850       871750
   122  0 1  94.92 10021.00 2   0.0 -36.3    134964150   0   1500       855400
   123  0 1  94.57 10021.00 2   0.0 -36.6    135813650   0   1700       849500
   124  0 1  95.62 10021.00 2   0.0 -36.9    136667750   0   1450       854100
   125  0 1  95.62 10021.00 2   0.0 -37.2    137538200   0   1850       870450
   126  0 1  94.22 10018.00 2   0.0 -37.5    138433050   0   1850       894850
   127  0 1  95.62 10021.00 2   0.0 -38.4    140332200   0   1450      1899150
   128  0 1  94.92 10021.00 2   0.0 -38.8    141347450   0   1500      1015250
   129  0 1  94.92 10021.00 2   0.0 -39.1    142408850   0   1850      1061400
   130  0 1  95.62  9979.00 2   0.0 -39.7    143510650   0   1900      1101800
   131  0 1  94.57  9979.00 2   0.0 -40.0    144643350   0   1850      1132700
   132  0 1  94.92  9979.00 2   0.0 -40.3    145792250   0   1500      1148900
   133  0 1  94.57  9979.00 2   0.0 -40.9    146937100   0   1550      1144850
   134  0 1  95.27  9980.50 2   0.0 -41.3    148060250   0   1900      1123150
   135  0 1  94.57 10030.00 2   0.0 -41.6    149145500   0   1450      1085250
   136  0 1  95.62 10028.50 2   0.0 -42.5    151175850   0   1650      2030350
   137  0 1  95.62 10030.00 2   0.0 -43.1    152120800   0   1700       944950
   138  0 1  94.22 10030.00 2   0.0 -43.4    153028200   0   1450       907400
   139  0 1  94.57 10030.00 2   0.0 -44.1    153905350   0   1800       877150
   140  0 1  94.22 10030.00 2   0.0 -44.4    154763200   0   1700       857850
   141  0 1  95.27 10028.50 2   0.0 -45.0    155613100   0   1850       849900
   142  0 1  94.22 10030.00 2   0.0 -45.6    156464900   0   1500       851800
   143  0 1  95.27 10030.00 2   0.0 -45.9    157329900   0   1550       865000
   144  0 1  94.22  9968.50 2   0.0 -46.6    158217800   0   1800       887900
   145  0 1  94.92  9970.00 2   0.0 -47.5    160097200   0   1600      1879400
   146  0 1  94.92  9968.50 2   0.0 -48.1    161100950   0   1600      1003750
   147  0 1  94.92  9970.00 2   0.0 -48.4    162151050   0   1550      1050100
   148  0 1  95.27 10000.00 2   0.0 -49.1    163244400   0   1900      1093350
   149  0 1  94.92 10000.00 2   0.0 -49.7    164371650   0   1550      1127250
   150  0 1  95.27 10000.00 2   0.0 -50.3    165518950   0   1900      1147300
   151  0 1  95.62 10000.00 2   0.0 -50.6    166666600   0   1700      1147650
   152  0 1  95.62 10000.00 2   0.0 -51.3    167795100   0   1700      1128500
   153  0 1  95.62 10019.50 2   0.0 -51.9    168890550   0   1900      1095450
   154  0 1  94.92 10018.00 2   0.0 -53.1    170943550   0   1550      2053000
   155  0 1  95.27 10018.00 2   0.0 -53.4    171899250   0   1700       955700
   156  0 1  94.57 10019.50 2   0.0 -54.1    172813950   0   1450       914700
   157  0 1  94.92  9979.00 2   0.0 -54.7    173697900   0   1700       883950
   158  0 1  94.22  9979.00 2   0.0 -55.3    174560300   0   1900       862400
   159  0 1  94.22  9980.50 2   0.0 -55.9    175411200   0   1700       850900
   160  0 1  94.22  9979.00 2   0.0 -56.6    176262400   0   1900       851200
   161  0 1  95.27  9979.00 2   0.0 -57.2    177123200   0   1800       860800
   162  0 1  95.27  9958.00 2   0.0 -57.5    178005550   0   1500       882350
   163  0 1  94.92  9958.00 2   0.0 -58.8    179866700   0   1500      1861150
   164  0 1  95.62  9959.50 2   0.0 -59.4    180859500   0   1750       992800
   165  0 1  95.27  9959.50 2   0.0 -60.0    181899900   0   1500      1040400
   166  0 1  95.62  9970.00 2   0.0 -60.6    182984150   0   1850      1084250
   167  0 1  95.27  9970.00 2   0.0 -61.3    184104050   0   1450      1119900
   168  0 1  94.22  9968.50 2   0.0 -61.9    185248250   0   1650      1144200
   169  0 1  95.27  9970.00 2   0.0 -62.5    186397550   0   1850      1149300
   170  0 1  94.22  9970.00 2   0.0 -63.1    187532350   0   1600      1134800
   171  0 1  94.22 10000.00 2   0.0 -63.8    188636100   0   1700      1103750
   172  0 1  95.62 10000.00 2   0.0 -65.0    190711400   0   1550      2075300
   173  0 1  95.27 10000.00 2   0.0 -65.6    191677250   0   1500       965850
   174  0 1  94.22  9998.50 2   0.0 -66.3    192601550   0   1900       924300
   175  0 1  94.92 10019.50 2   0.0 -66.9    193491950   0   1650       890400
   176  0 1  94.92 10021.00 2   0.0 -67.5    194358050   0   1650       866100
   177  0 1  95.27 10021.00 2   0.0 -68.1    195210650   0   1900       852600
   178  0 1  94.22 10021.00 2   0.0 -68.8    196060650   0   1650       850000
   179  0 1  94.92 10021.00 2   0.0 -69.4    196918900   0   1450       858250
