    NO  S V  AOA    FREQ    B  FMOP  AMP      TOA      PMOP  PW         dTOA  
------ -- - ------ -------- - ----- ----- ------------ --- ------ ------------
     0  0 1  95.27  9970.00 2   0.0 -70.0            0   0   1500  42949673000
     1  0 1  94.57  9970.00 2   0.0 -69.4       998850   0   1250       998850
     2  0 1  94.57  9970.00 2   0.0 -68.8      1986050   0   1500       987200
     3  0 1  94.92  9968.50 2   0.0 -68.1      3055700   0   1500      1069650
     4  0 1  94.57  9979.00 2   0.0 -67.5      4147550   0   1200      1091850
     5  0 1  95.62  9980.50 2   0.0 -66.9      5222850   0   1250      1075300
     6  0 1  94.57  9979.00 2   0.0 -66.3      6315050   0   1250      1092200
     7  0 1  94.57  9980.50 2   0.0 -65.6      7247800   0   1300       932750
     8  0 1  94.57  9991.00 2   0.0 -64.4      9238850   0   1250      1991050
     9  0 1  94.22  9988.00 2   0.0 -63.8     10317900   0   1600      1079050
    10  0 1  94.92  9991.00 2   0.0 -63.1     11338550   0   1250      1020650
    11  0 1  95.62 10000.00 2   0.0 -62.5     12207800   0   1300       869250
    12  0 1  94.92 10000.00 2   0.0 -61.9     13258450   0   1250      1050650
    13  0 1  94.22  9998.50 2   0.0 -61.3     14144200   0   1450       885750
    14  0 1  95.27 10000.00 2   0.0 -60.6     15202300   0   1250      1058100
    15  0 1  95.27 10009.00 2   0.0 -60.0     16307950   0   1200      1105650
    16  0 1  95.27 10009.00 2   0.0 -59.4     17181250   0   1500       873300
    17  0 1  94.22 10009.00 2   0.0 -58.1     19177650   0   1450      1996400
    18  0 1  94.57 10018.00 2   0.0 -57.5     20276800   0   1450      1099150
    19  0 1  95.62 10018.00 2   0.0 -57.2     21346850   0   1150      1070050
    20  0 1  94.22 10019.50 2   0.0 -56.6     22382100   0   1400      1035250
    21  0 1  94.57 10019.50 2   0.0 -55.9     23368600   0   1300       986500
    22  0 1  94.22 10030.00 2   0.0 -55.3     24249000   0   1350       880400
    23  0 1  95.62 10030.00 2   0.0 -54.7     25260200   0   1300      1011200
    24  0 1  95.27 10028.50 2   0.0 -54.1     26111100   0   1500       850900
    25  0 1  95.62 10030.00 2   0.0 -53.4     27210650   0   1150      1099550
    26  0 1  95.62 10039.00 2   0.0 -52.5     29175550   0   1450      1964900
    27  0 1  95.62 10040.50 2   0.0 -51.9     30045050   0   1550       869500
    28  0 1  94.92 10040.50 2   0.0 -51.3     31022400   0   1450       977350
    29  0 1  94.57  9949.00 2   0.0 -50.6     32056050   0   1600      1033650
    30  0 1  95.62  9949.00 2   0.0 -50.3     33136450   0   1250      1080400
    31  0 1  94.57  9950.50 2   0.0 -49.7     34059200   0   1150       922750
    32  0 1  95.27  9949.00 2   0.0 -49.1     35023100   0   1250       963900
    33  0 1  95.27  9958.00 2   0.0 -48.4     36100900   0   1450      1077800
    34  0 1  95.62  9958.00 2   0.0 -48.1     37005050   0   1250       904150
    35  0 1  94.22  9961.00 2   0.0 -46.9     38971050   0   1400      1966000
    36  0 1  95.62  9968.50 2   0.0 -46.6     40001800   0   1600      1030750
    37  0 1  95.62  9970.00 2   0.0 -45.9     41059750   0   1350      1057950
    38  0 1  94.57  9970.00 2   0.0 -45.6     42059450   0   1550       999700
    39  0 1  94.57  9970.00 2   0.0 -45.0     42995050   0   1350       935600
    40  0 1  95.62  9979.00 2   0.0 -44.4     44033750   0   1600      1038700
    41  0 1  94.22  9979.00 2   0.0 -44.1     45174800   0   1250      1141050
    42  0 1  94.92  9979.00 2   0.0 -43.4     46129200   0   1600       954400
    43  0 1  94.22  9979.00 2   0.0 -43.1     47118200   0   1200       989000
    44  0 1  95.27  9988.00 2   0.0 -42.2     49184500   0   1450      2066300
    45  0 1  94.92  9988.00 2   0.0 -41.6     50093250   0   1500       908750
    46  0 1  95.27  9988.00 2   0.0 -41.3     51157850   0   1450      1064600
    47  0 1  94.92 10000.00 2   0.0 -40.9     52186850   0   1450      1029000
    48  0 1  95.62 10000.00 2   0.0 -40.3     53147450   0   1500       960600
    49  0 1  94.92 10000.00 2   0.0 -40.0     54276400   0   1150      1128950
    50  0 1  95.62  9998.50 2   0.0 -39.7     55148850   0   1200       872450
    51  0 1  94.57 10009.00 2   0.0 -39.1     56146000   0   1550       997150
    52  0 1  94.22 10010.50 2   0.0 -38.8     57223200   0   1150      1077200
    53  0 1  95.27 10010.50 2   0.0 -38.1     59159550   0   1400      1936350
    54  0 1  95.62 10019.50 2   0.0 -37.5     60057950   0   1250       898400
    55  0 1  95.62 10021.00 2   0.0 -37.2     60983750   0   1150       925800
    56  0 1  94.92 10019.50 2   0.0 -36.9     61982850   0   1600       999100
    57  0 1  95.62 10019.50 2   0.0 -36.6     62917850   0   1350       935000
    58  0 1  94.22 10030.00 2   0.0 -36.3     63902450   0   1150       984600
    59  0 1  95.27 10028.50 2   0.0 -35.9     64948900   0   1500      1046450
    60  0 1  95.62 10030.00 2   0.0 -35.6     65852800   0   1400       903900
    61  0 1  94.57 10028.50 2   0.0 -35.3     66912950   0   1350      1060150
    62  0 1  95.27 10039.00 2   0.0 -34.7     69144100   0   1600      2231150
    63  0 1  94.92 10039.00 2   0.0 -34.4     70131300   0   1450       987200
    64  0 1  94.22 10039.00 2   0.0 -34.1     71144650   0   1600      1013350
    65  0 1  94.57  9949.00 2   0.0 -33.8     72134650   0   1150       990000
    66  0 1  95.27  9949.00 2   0.0 -33.4     73000650   0   1250       866000
    67  0 1  94.22  9950.50 2   0.0 -33.4     73987100   0   1400       986450
    68  0 1  95.62  9949.00 2   0.0 -33.1     75069550   0   1250      1082450
    69  0 1  95.27  9958.00 2   0.0 -32.8     76177000   0   1150      1107450
    70  0 1  95.27  9959.50 2   0.0 -32.5     77100100   0   1150       923100
    71  0 1  95.62  9958.00 2   0.0 -32.2     79186800   0   1300      2086700
    72  0 1  94.92  9968.50 2   0.0 -31.9     80288800   0   1500      1102000
    73  0 1  94.92  9970.00 2   0.0 -31.9     81379300   0   1250      1090500
    74  0 1  94.22  9970.00 2   0.0 -31.6     82433950   0   1250      1054650
    75  0 1  95.62  9970.00 2   0.0 -31.6     83509850   0   1450      1075900
    76  0 1  94.57  9979.00 2   0.0 -31.3     84480350   0   1200       970500
    77  0 1  95.27  9979.00 2   0.0 -31.3     85497050   0   1450      1016700
    78  0 1  95.27  9979.00 2   0.0 -30.9     86496300   0   1200       999250
    79  0 1  94.22  9979.00 2   0.0 -30.9     87543950   0   1200      1047650
    80  0 1  94.22  9988.00 2   0.0 -30.6     89801550   0   1200      2257600
    81  0 1  95.62  9989.50 2   0.0 -30.6     90918250   0   1400      1116700
    82  0 1  94.22  9989.50 2   0.0 -30.3     92055800   0   1450      1137550
    83  0 1  95.27 10000.00 2   0.0 -30.3     93202500   0   1350      1146700
    84  0 1  94.92  9998.50 2   0.0 -30.3     94145700   0   1550       943200
    85  0 1  94.57 10000.00 2   0.0 -30.3     95227950   0   1400      1082250
    86  0 1  94.22 10000.00 2   0.0 -30.0     96097100   0   1150       869150
    87  0 1  94.92 10009.00 2   0.0 -30.0     97053400   0   1350       956300
    88  0 1  94.22 10009.00 2   0.0 -30.0     98122550   0   1150      1069150
    89  0 1  94.22 10009.00 2   0.0 -30.0    100091150   0   1550      1968600
    90  0 1  94.92 10018.00 2   0.0 -30.0    101175000   0   1450      1083850
    91  0 1  94.92 10019.50 2   0.0 -30.0    102104650   0   1200       929650
    92  0 1  95.27 10018.00 2   0.0 -30.0    103248550   0   1200      1143900
    93  0 1  95.62 10019.50 2   0.0 -30.0    104377900   0   1400      1129350
    94  0 1  95.27 10030.00 2   0.0 -30.0    105359450   0   1400       981550
    95  0 1  94.57 10030.00 2   0.0 -30.0    106412500   0   1250      1053050
    96  0 1  95.62 10028.50 2   0.0 -30.3    107420250   0   1450      1007750
    97  0 1  94.57 10028.50 2   0.0 -30.3    108351600   0   1200       931350
    98  0 1  94.92 10039.00 2   0.0 -30.3    110474150   0   1300      2122550
    99  0 1  94.92 10040.50 2   0.0 -30.6    111531950   0   1450      1057800
   100  0 1  94.22 10040.50 2   0.0 -30.6    112600250   0   1200      1068300
   101  0 1  94.22  9950.50 2   0.0 -30.6    113744750   0   1300      1144500
   102  0 1  94.22  9950.50 2   0.0 -30.9    114833650   0   1150      1088900
   103  0 1  94.92  9950.50 2   0.0 -30.9    115697650   0   1400       864000
   104  0 1  95.62  9950.50 2   0.0 -31.3    116790650   0   1450      1093000
   105  0 1  95.27  9958.00 2   0.0 -31.3    117928250   0   1400      1137600
   106  0 1  95.27  9958.00 2   0.0 -31.6    119011550   0   1350      1083300
   107  0 1  95.62  9958.00 2   0.0 -31.9    120842500   0   1600      1830950
   108  0 1  95.62  9970.00 2   0.0 -31.9    121758650   0   1200       916150
   109  0 1  95.27  9970.00 2   0.0 -32.2    122892850   0   1150      1134200
   110  0 1  94.92  9968.50 2   0.0 -32.5    123781050   0   1350       888200
   111  0 1  94.92  9968.50 2   0.0 -32.5    124816050   0   1150      1035000
   112  0 1  94.22  9979.00 2   0.0 -32.8    125834600   0   1250      1018550
   113  0 1  94.57  9979.00 2   0.0 -33.1    126814600   0   1500       980000
   114  0 1  95.62  9979.00 2   0.0 -33.4    127777750   0   1450       963150
   115  0 1  94.57  9980.50 2   0.0 -33.4    128753250   0   1200       975500
   116  0 1  94.22  9991.00 2   0.0 -34.1    130786050   0   1600      2032800
   117  0 1  94.57  9989.50 2   0.0 -34.4    131866100   0   1200      1080050
   118  0 1  94.92  9991.00 2   0.0 -34.7    132856500   0   1350       990400
   119  0 1  94.22 10000.00 2   0.0 -35.0    133785050   0   1300       928550
   120  0 1  94.57 10000.00 2   0.0 -35.3    134929100   0   1200      1144050
   121  0 1  94.92 10000.00 2   0.0 -35.6    135844800   0   1250       915700
   122  0 1  94.92  9998.50 2   0.0 -35.9    136939600   0   1500      1094800
   123  0 1  95.27 10009.00 2   0.0 -36.3    138008600   0   1150      1069000
   124  0 1  95.27 10009.00 2   0.0 -36.6    138911100   0   1200       902500
   125  0 1  95.27 10009.00 2   0.0 -37.2    140790050   0   1250      1878950
   126  0 1  94.92 10019.50 2   0.0 -37.5    141863500   0   1600      1073450
   127  0 1  94.22 10018.00 2   0.0 -38.1    142909300   0   1400      1045800
   128  0 1  95.27 10019.50 2   0.0 -38.4    143924450   0   1500      1015150
   129  0 1  94.57 10019.50 2   0.0 -38.8    144999300   0   1500      1074850
   130  0 1  95.27 10028.50 2   0.0 -39.1    146138300   0   1550      1139000
   131  0 1  94.92 10028.50 2   0.0 -39.7    147021850   0   1600       883550
   132  0 1  94.57 10030.00 2   0.0 -40.0    148085150   0   1450      1063300
   133  0 1  94.57 10028.50 2   0.0 -40.3    148979000   0   1500       893850
   134  0 1  94.57 10039.00 2   0.0 -41.3    150925000   0   1400      1946000
   135  0 1  94.22 10040.50 2   0.0 -41.6    151818700   0   1200       893700
   136  0 1  94.57 10039.00 2   0.0 -42.2    152764750   0   1550       946050
   137  0 1  95.27  9949.00 2   0.0 -42.5    153806300   0   1350      1041550
   138  0 1  95.62  9949.00 2   0.0 -43.1    154930650   0   1600      1124350
   139  0 1  94.92  9949.00 2   0.0 -43.4    155927450   0   1200       996800
   140  0 1  94.57  9949.00 2   0.0 -44.1    156980600   0   1350      1053150
   141  0 1  94.57  9959.50 2   0.0 -44.4    158037950   0   1550      1057350
   142  0 1  94.92  9958.00 2   0.0 -45.0    159039400   0   1350      1001450
   143  0 1  94.57  9959.50 2   0.0 -45.9    161163850   0   1450      2124450
   144  0 1  94.92  9968.50 2   0.0 -46.6    162015000   0   1150       851150
   145  0 1  94.57  9970.00 2   0.0 -46.9    163156400   0   1550      1141400
   146  0 1  94.22  9970.00 2   0.0 -47.5    164289450   0   1200      1133050
   147  0 1  94.57  9968.50 2   0.0 -48.1    165206500   0   1550       917050
   148  0 1  94.92  9980.50 2   0.0 -48.4    166093400   0   1250       886900
   149  0 1  94.57  9980.50 2   0.0 -49.1    167089450   0   1150       996050
   150  0 1  94.92  9979.00 2   0.0 -49.7    168121150   0   1350      1031700
   151  0 1  95.27  9979.00 2   0.0 -50.3    169151650   0   1550      1030500
   152  0 1  95.27  9988.00 2   0.0 -51.3    171201250   0   1300      2049600
   153  0 1  94.92  9989.50 2   0.0 -51.9    172131700   0   1250       930450
   154  0 1  94.57  9991.00 2   0.0 -52.5    173002900   0   1400       871200
   155  0 1  95.27 10000.00 2   0.0 -53.1    174024950   0   1350      1022050
   156  0 1  94.22  9998.50 2   0.0 -53.4    175108450   0   1500      1083500
   157  0 1  94.92 10000.00 2   0.0 -54.1    176129100   0   1350      1020650
   158  0 1  94.92  9998.50 2   0.0 -54.7    177144500   0   1450      1015400
   159  0 1  94.92 10010.50 2   0.0 -55.3    178149550   0   1350      1005050
   160  0 1  94.92 10009.00 2   0.0 -55.9    179145500   0   1600       995950
   161  0 1  94.22 10009.00 2   0.0 -57.2    181144100   0   1600      1998600
   162  0 1  94.57 10021.00 2   0.0 -57.5    182216050   0   1300      1071950
   163  0 1  95.27 10019.50 2   0.0 -58.1    183364150   0   1500      1148100
   164  0 1  95.62 10021.00 2   0.0 -58.8    184443550   0   1350      1079400
   165  0 1  94.92 10019.50 2   0.0 -59.4    185447150   0   1350      1003600
   166  0 1  94.22 10030.00 2   0.0 -60.0    186582450   0   1300      1135300
   167  0 1  95.27 10030.00 2   0.0 -60.6    187467550   0   1600       885100
   168  0 1  94.57 10030.00 2   0.0 -61.3    188356900   0   1350       889350
   169  0 1  95.62 10030.00 2   0.0 -61.9    189425900   0   1200      1069000
   170  0 1  94.57 10040.50 2   0.0 -63.1    191401650   0   1200      1975750
   171  0 1  95.27 10039.00 2   0.0 -63.8    192322550   0   1550       920900
   172  0 1  95.27 10040.50 2   0.0 -64.4    193288400   0   1600       965850
   173  0 1  94.22  9950.50 2   0.0 -65.0    194407450   0   1450      1119050
   174  0 1  95.27  9950.50 2   0.0 -65.6    195533200   0   1150      1125750
   175  0 1  94.22  9949.00 2   0.0 -66.3    196418650   0   1250       885450
   176  0 1  94.22  9950.50 2   0.0 -66.9    197348950   0   1200       930300
   177  0 1  94.92  9961.00 2   0.0 -67.5    198470800   0   1200      1121850
   178  0 1  95.27  9958.00 2   0.0 -68.1    199499300   0   1500      1028500
   179  0 1  94.92  9958.00 2   0.0 -69.4    201464200   0   1550      1964900
