    NO  S V  AOA    FREQ    B  FMOP  AMP      TOA      PMOP  PW         dTOA  
------ -- - ------ -------- - ----- ----- ------------ --- ------ ------------
     0  0 1  94.22  9970.00 2   0.0 -70.0            0   0   1300  42949673000
     1  0 1  95.62  9970.00 2   0.0 -69.4       963900   0   1400       963900
     2  0 1  95.62  9970.00 2   0.0 -68.8      1884200   0   1150       920300
     3  0 1  95.62  9970.00 2   0.0 -68.1      2966800   0   1150      1082600
     4  0 1  95.62  9980.50 2   0.0 -66.9      5100650   0   1600      2133850
     5  0 1  95.27  9979.00 2   0.0 -66.3      6014150   0   1150       913500
     6  0 1  94.57  9979.00 2   0.0 -65.6      6912800   0   1200       898650
     7  0 1  95.27  9989.50 2   0.0 -65.0      7986050   0   1200      1073250
     8  0 1  95.62  9991.00 2   0.0 -64.4      8845150   0   1400       859100
     9  0 1  94.57  9989.50 2   0.0 -63.8      9882350   0   1400      1037200
    10  0 1  94.22  9988.00 2   0.0 -63.1     11026400   0   1150      1144050
    11  0 1  94.22 10000.00 2   0.0 -62.5     11986900   0   1400       960500
    12  0 1  95.27 10000.00 2   0.0 -61.9     13081750   0   1300      1094850
    13  0 1  95.27  9998.50 2   0.0 -60.6     15065150   0   1600      1983400
    14  0 1  94.57 10009.00 2   0.0 -60.0     16145600   0   1350      1080450
    15  0 1  95.62 10010.50 2   0.0 -59.4     17219900   0   1200      1074300
    16  0 1  95.62 10009.00 2   0.0 -58.8     18351300   0   1450      1131400
    17  0 1  95.27 10010.50 2   0.0 -58.1     19234700   0   1250       883400
    18  0 1  95.27 10018.00 2   0.0 -57.5     20214250   0   1600       979550
    19  0 1  95.27 10018.00 2   0.0 -57.2     21128750   0   1150       914500
    20  0 1  94.22 10018.00 2   0.0 -56.6     22193300   0   1250      1064550
    21  0 1  95.27 10019.50 2   0.0 -55.9     23073000   0   1200       879700
    22  0 1  94.92 10028.50 2   0.0 -54.7     25069000   0   1200      1996000
    23  0 1  94.92 10030.00 2   0.0 -54.1     25947050   0   1400       878050
    24  0 1  94.92 10030.00 2   0.0 -53.4     26816850   0   1150       869800
    25  0 1  94.22 10039.00 2   0.0 -53.1     27789850   0   1550       973000
    26  0 1  94.22 10040.50 2   0.0 -52.5     28842600   0   1150      1052750
    27  0 1  94.57 10039.00 2   0.0 -51.9     29715700   0   1600       873100
    28  0 1  94.22 10039.00 2   0.0 -51.3     30844050   0   1300      1128350
    29  0 1  94.92  9949.00 2   0.0 -50.6     31718950   0   1550       874900
    30  0 1  94.22  9949.00 2   0.0 -50.3     32785550   0   1400      1066600
    31  0 1  94.57  9950.50 2   0.0 -49.1     34676000   0   1400      1890450
    32  0 1  94.22  9961.00 2   0.0 -48.4     35733300   0   1200      1057300
    33  0 1  95.62  9961.00 2   0.0 -48.1     36673950   0   1550       940650
    34  0 1  95.62  9959.50 2   0.0 -47.5     37586700   0   1200       912750
    35  0 1  95.62  9961.00 2   0.0 -46.9     38468100   0   1300       881400
    36  0 1  95.27  9968.50 2   0.0 -46.6     39440900   0   1400       972800
    37  0 1  95.27  9970.00 2   0.0 -45.9     40314450   0   1500       873550
    38  0 1  94.57  9968.50 2   0.0 -45.6     41164450   0   1450       850000
    39  0 1  94.22  9970.00 2   0.0 -45.0     42248050   0   1350      1083600
    40  0 1  94.92  9979.00 2   0.0 -44.1     44174600   0   1400      1926550
    41  0 1  95.62  9980.50 2   0.0 -43.4     45292950   0   1550      1118350
    42  0 1  94.57  9980.50 2   0.0 -43.1     46161700   0   1500       868750
    43  0 1  94.22  9989.50 2   0.0 -42.5     47128200   0   1600       966500
    44  0 1  95.27  9988.00 2   0.0 -42.2     48083900   0   1200       955700
    45  0 1  95.62  9989.50 2   0.0 -41.6     49024750   0   1200       940850
    46  0 1  94.22  9989.50 2   0.0 -41.3     50068050   0   1500      1043300
    47  0 1  95.62 10000.00 2   0.0 -40.9     51106700   0   1550      1038650
    48  0 1  94.57 10000.00 2   0.0 -40.3     52105200   0   1250       998500
    49  0 1  94.22 10000.00 2   0.0 -39.7     53930200   0   1250      1825000
    50  0 1  94.92 10010.50 2   0.0 -39.1     54840150   0   1150       909950
    51  0 1  95.27 10009.00 2   0.0 -38.8     55958750   0   1300      1118600
    52  0 1  94.57 10009.00 2   0.0 -38.4     56882150   0   1600       923400
    53  0 1  94.92 10010.50 2   0.0 -38.1     57783300   0   1300       901150
    54  0 1  95.27 10021.00 2   0.0 -37.5     58771700   0   1600       988400
    55  0 1  94.92 10018.00 2   0.0 -37.2     59773300   0   1300      1001600
    56  0 1  95.62 10021.00 2   0.0 -36.9     60747200   0   1350       973900
    57  0 1  94.22 10018.00 2   0.0 -36.6     61708250   0   1250       961050
    58  0 1  94.22 10028.50 2   0.0 -35.9     63690400   0   1150      1982150
    59  0 1  94.92 10030.00 2   0.0 -35.6     64687050   0   1300       996650
    60  0 1  94.22 10030.00 2   0.0 -35.3     65559600   0   1200       872550
    61  0 1  94.92 10039.00 2   0.0 -35.0     66431550   0   1150       871950
    62  0 1  94.57 10039.00 2   0.0 -34.7     67340950   0   1250       909400
    63  0 1  94.57 10039.00 2   0.0 -34.4     68211050   0   1300       870100
    64  0 1  95.27 10039.00 2   0.0 -34.1     69196150   0   1500       985100
    65  0 1  95.62  9949.00 2   0.0 -33.8     70269650   0   1200      1073500
    66  0 1  95.62  9949.00 2   0.0 -33.4     71385350   0   1400      1115700
    67  0 1  94.22  9949.00 2   0.0 -33.1     73508100   0   1600      2122750
    68  0 1  94.92  9961.00 2   0.0 -32.8     74537350   0   1200      1029250
    69  0 1  94.92  9959.50 2   0.0 -32.5     75635550   0   1600      1098200
    70  0 1  95.27  9959.50 2   0.0 -32.5     76513250   0   1150       877700
    71  0 1  94.22  9959.50 2   0.0 -32.2     77651600   0   1500      1138350
    72  0 1  94.57  9970.00 2   0.0 -31.9     78731500   0   1150      1079900
    73  0 1  95.62  9968.50 2   0.0 -31.9     79830200   0   1400      1098700
    74  0 1  94.22  9970.00 2   0.0 -31.6     80925500   0   1550      1095300
    75  0 1  95.27  9968.50 2   0.0 -31.6     82058250   0   1350      1132750
    76  0 1  94.57  9979.00 2   0.0 -31.3     84153550   0   1450      2095300
    77  0 1  95.27  9980.50 2   0.0 -30.9     85113850   0   1550       960300
    78  0 1  94.22  9979.00 2   0.0 -30.9     86072100   0   1450       958250
    79  0 1  94.57  9988.00 2   0.0 -30.6     87035750   0   1300       963650
    80  0 1  94.22  9989.50 2   0.0 -30.6     87953400   0   1400       917650
    81  0 1  95.62  9989.50 2   0.0 -30.6     88944900   0   1150       991500
    82  0 1  95.27  9989.50 2   0.0 -30.3     89800350   0   1250       855450
    83  0 1  94.22 10000.00 2   0.0 -30.3     90948750   0   1150      1148400
    84  0 1  94.22  9998.50 2   0.0 -30.3     91987750   0   1150      1039000
    85  0 1  95.62  9998.50 2   0.0 -30.0     93950700   0   1600      1962950
    86  0 1  94.22 10009.00 2   0.0 -30.0     94822200   0   1350       871500
    87  0 1  94.57 10009.00 2   0.0 -30.0     95934300   0   1600      1112100
    88  0 1  94.22 10009.00 2   0.0 -30.0     96799550   0   1250       865250
    89  0 1  95.27 10010.50 2   0.0 -30.0     97814350   0   1200      1014800
    90  0 1  94.57 10021.00 2   0.0 -30.0     98875450   0   1400      1061100
    91  0 1  94.92 10019.50 2   0.0 -30.0     99747850   0   1300       872400
    92  0 1  94.57 10019.50 2   0.0 -30.0    100715350   0   1500       967500
    93  0 1  94.92 10018.00 2   0.0 -30.0    101757950   0   1450      1042600
    94  0 1  95.27 10030.00 2   0.0 -30.0    103571050   0   1300      1813100
    95  0 1  94.57 10028.50 2   0.0 -30.3    104541300   0   1250       970250
    96  0 1  94.57 10030.00 2   0.0 -30.3    105436100   0   1400       894800
    97  0 1  95.62 10039.00 2   0.0 -30.3    106517350   0   1450      1081250
    98  0 1  94.57 10039.00 2   0.0 -30.3    107481000   0   1250       963650
    99  0 1  95.62 10040.50 2   0.0 -30.6    108412450   0   1550       931450
   100  0 1  94.22 10039.00 2   0.0 -30.6    109556250   0   1250      1143800
   101  0 1  95.27  9949.00 2   0.0 -30.6    110652000   0   1150      1095750
   102  0 1  95.62  9949.00 2   0.0 -30.9    111608050   0   1150       956050
   103  0 1  95.27  9949.00 2   0.0 -31.3    113643200   0   1150      2035150
   104  0 1  95.27  9958.00 2   0.0 -31.3    114704250   0   1450      1061050
   105  0 1  94.92  9959.50 2   0.0 -31.6    115746600   0   1200      1042350
   106  0 1  95.27  9958.00 2   0.0 -31.6    116829150   0   1150      1082550
   107  0 1  94.92  9961.00 2   0.0 -31.9    117818250   0   1500       989100
   108  0 1  95.62  9970.00 2   0.0 -31.9    118713300   0   1400       895050
   109  0 1  94.92  9970.00 2   0.0 -32.2    119630150   0   1150       916850
   110  0 1  94.92  9968.50 2   0.0 -32.5    120529650   0   1550       899500
   111  0 1  95.62  9970.00 2   0.0 -32.5    121658900   0   1450      1129250
   112  0 1  95.62  9979.00 2   0.0 -33.1    123656800   0   1400      1997900
   113  0 1  94.22  9979.00 2   0.0 -33.4    124781350   0   1350      1124550
   114  0 1  95.27  9979.00 2   0.0 -33.4    125780200   0   1550       998850
   115  0 1  95.62  9991.00 2   0.0 -33.8    126906200   0   1150      1126000
   116  0 1  95.62  9989.50 2   0.0 -34.1    127792450   0   1550       886250
   117  0 1  94.22  9988.00 2   0.0 -34.4    128750000   0   1500       957550
   118  0 1  94.57  9989.50 2   0.0 -34.7    129888400   0   1500      1138400
   119  0 1  94.92 10000.00 2   0.0 -35.0    130842900   0   1200       954500
   120  0 1  94.92 10000.00 2   0.0 -35.3    131839350   0   1150       996450
   121  0 1  94.22 10000.00 2   0.0 -35.9    133921500   0   1350      2082150
   122  0 1  95.62 10010.50 2   0.0 -36.3    134862750   0   1450       941250
   123  0 1  94.57 10009.00 2   0.0 -36.6    135833650   0   1550       970900
   124  0 1  95.62 10009.00 2   0.0 -36.9    136742150   0   1500       908500
   125  0 1  94.22 10010.50 2   0.0 -37.2    137661600   0   1250       919450
   126  0 1  95.27 10019.50 2   0.0 -37.5    138639450   0   1400       977850
   127  0 1  95.62 10018.00 2   0.0 -38.1    139778450   0   1150      1139000
   128  0 1  95.62 10019.50 2   0.0 -38.4    140797250   0   1350      1018800
   129  0 1  94.22 10018.00 2   0.0 -38.8    141647150   0   1300       849900
   130  0 1  94.57 10030.00 2   0.0 -39.7    143867650   0   1150      2220500
   131  0 1  94.57 10030.00 2   0.0 -40.0    144786400   0   1150       918750
   132  0 1  94.92 10030.00 2   0.0 -40.3    145736450   0   1350       950050
   133  0 1  94.92 10039.00 2   0.0 -40.9    146683550   0   1300       947100
   134  0 1  94.22 10040.50 2   0.0 -41.3    147759050   0   1600      1075500
   135  0 1  94.92 10039.00 2   0.0 -41.6    148783500   0   1500      1024450
   136  0 1  94.57 10040.50 2   0.0 -42.2    149666600   0   1250       883100
   137  0 1  94.92  9949.00 2   0.0 -42.5    150592600   0   1400       926000
   138  0 1  94.57  9950.50 2   0.0 -43.1    151559900   0   1400       967300
   139  0 1  94.22  9949.00 2   0.0 -44.1    153342450   0   1350      1782550
   140  0 1  95.62  9959.50 2   0.0 -44.4    154448300   0   1250      1105850
   141  0 1  95.27  9961.00 2   0.0 -45.0    155493150   0   1400      1044850
   142  0 1  94.92  9958.00 2   0.0 -45.6    156523500   0   1600      1030350
   143  0 1  94.92  9961.00 2   0.0 -45.9    157586900   0   1400      1063400
   144  0 1  94.22  9968.50 2   0.0 -46.6    158501250   0   1550       914350
   145  0 1  95.27  9970.00 2   0.0 -46.9    159378850   0   1250       877600
   146  0 1  95.62  9970.00 2   0.0 -47.5    160295100   0   1500       916250
   147  0 1  95.27  9968.50 2   0.0 -48.1    161246800   0   1600       951700
   148  0 1  94.22  9980.50 2   0.0 -49.1    163201300   0   1500      1954500
   149  0 1  94.92  9979.00 2   0.0 -49.7    164060950   0   1150       859650
   150  0 1  94.92  9979.00 2   0.0 -50.3    164951300   0   1600       890350
   151  0 1  94.92  9991.00 2   0.0 -50.6    165915600   0   1500       964300
   152  0 1  95.27  9991.00 2   0.0 -51.3    167063400   0   1150      1147800
   153  0 1  94.57  9991.00 2   0.0 -51.9    168196900   0   1500      1133500
   154  0 1  94.57  9988.00 2   0.0 -52.5    169166600   0   1500       969700
   155  0 1  94.22 10000.00 2   0.0 -53.1    170027200   0   1500       860600
   156  0 1  94.22 10000.00 2   0.0 -53.4    171000100   0   1450       972900
   157  0 1  94.92 10000.00 2   0.0 -54.7    173013200   0   1400      2013100
   158  0 1  94.92 10009.00 2   0.0 -55.3    174080550   0   1450      1067350
   159  0 1  94.57 10009.00 2   0.0 -55.9    174998800   0   1200       918250
   160  0 1  94.57 10009.00 2   0.0 -56.6    175863500   0   1350       864700
   161  0 1  94.22 10009.00 2   0.0 -57.2    176856550   0   1500       993050
   162  0 1  94.22 10018.00 2   0.0 -57.5    177909600   0   1550      1053050
   163  0 1  95.62 10021.00 2   0.0 -58.1    178922250   0   1250      1012650
   164  0 1  95.27 10021.00 2   0.0 -58.8    179932500   0   1500      1010250
   165  0 1  94.57 10018.00 2   0.0 -59.4    180896400   0   1150       963900
   166  0 1  94.92 10030.00 2   0.0 -60.6    182617900   0   1300      1721500
   167  0 1  94.92 10028.50 2   0.0 -61.3    183628300   0   1350      1010400
   168  0 1  94.22 10030.00 2   0.0 -61.9    184506150   0   1450       877850
   169  0 1  94.22 10040.50 2   0.0 -62.5    185388900   0   1200       882750
   170  0 1  94.57 10039.00 2   0.0 -63.1    186336000   0   1350       947100
   171  0 1  94.22 10040.50 2   0.0 -63.8    187259950   0   1150       923950
   172  0 1  94.57 10039.00 2   0.0 -64.4    188186750   0   1200       926800
   173  0 1  94.57  9949.00 2   0.0 -65.0    189124850   0   1250       938100
   174  0 1  94.22  9949.00 2   0.0 -65.6    190051600   0   1500       926750
   175  0 1  95.27  9949.00 2   0.0 -66.9    192056950   0   1200      2005350
   176  0 1  95.62  9958.00 2   0.0 -67.5    192953450   0   1150       896500
   177  0 1  95.62  9961.00 2   0.0 -68.1    193873550   0   1450       920100
   178  0 1  94.92  9959.50 2   0.0 -68.8    194982700   0   1600      1109150
   179  0 1  95.62  9958.00 2   0.0 -69.4    196007500   0   1200      1024800
