    NO  S V  AOA    FREQ    B  FMOP  AMP      TOA      PMOP  PW         dTOA  
------ -- - ------ -------- - ----- ----- ------------ --- ------ ------------
     0  0 1  94.22 10000.00 2   0.0 -70.0            0   0    850  42949673000
     1  0 1  95.27 10004.50 2   0.0 -69.4       999650   0   1150       999650
     2  0 1  94.57 10012.00 2   0.0 -68.8      1999250   0    800       999600
     3  0 1  95.62 10018.00 2   0.0 -68.1      2999600   0   1100      1000350
     4  0 1  95.27 10024.00 2   0.0 -67.5      3999250   0    900       999650
     5  0 1  94.22 10034.50 2   0.0 -66.3      5999050   0    800      1999800
     6  0 1  95.27 10039.00 2   0.0 -65.6      6999000   0   1200       999950
     7  0 1  94.57 10042.00 2   0.0 -65.0      7999050   0   1100      1000050
     8  0 1  95.62 10046.50 2   0.0 -64.4      8999100   0   1200      1000050
     9  0 1  95.27 10046.50 2   0.0 -63.8      9998700   0    850       999600
    10  0 1  95.62 10049.50 2   0.0 -63.1     10999100   0   1200      1000400
    11  0 1  94.22 10048.00 2   0.0 -62.5     11998950   0    850       999850
    12  0 1  94.92 10049.50 2   0.0 -61.9     12998750   0   1100       999800
    13  0 1  95.27 10048.00 2   0.0 -61.3     13998550   0   1000       999800
    14  0 1  94.22 10042.00 2   0.0 -60.0     15998300   0    750      1999750
    15  0 1  95.27 10039.00 2   0.0 -59.4     16997850   0    750       999550
    16  0 1  94.57 10031.50 2   0.0 -58.8     17997450   0    750       999600
    17  0 1  94.92 10028.50 2   0.0 -58.1     18997450   0    800      1000000
    18  0 1  95.27 10021.00 2   0.0 -57.5     19997500   0    750      1000050
    19  0 1  94.92 10015.00 2   0.0 -57.2     20997900   0    800      1000400
    20  0 1  94.92 10009.00 2   0.0 -56.6     21997800   0    850       999900
    21  0 1  94.57 10003.00 2   0.0 -55.9     22998100   0    950      1000300
    22  0 1  94.92  9994.00 2   0.0 -55.3     23997900   0   1150       999800
    23  0 1  94.92  9983.50 2   0.0 -54.1     25997750   0    800      1999850
    24  0 1  94.57  9977.50 2   0.0 -53.4     26997850   0    850      1000100
    25  0 1  95.62  9970.00 2   0.0 -53.1     27998200   0    900      1000350
    26  0 1  94.57  9965.50 2   0.0 -52.5     28997750   0   1050       999550
    27  0 1  94.92  9961.00 2   0.0 -51.9     29997900   0    850      1000150
    28  0 1  94.57  9956.50 2   0.0 -51.3     30997850   0    950       999950
    29  0 1  95.27  9955.00 2   0.0 -50.6     31997700   0   1000       999850
    30  0 1  95.62  9950.50 2   0.0 -50.3     32998150   0    950      1000450
    31  0 1  94.92  9949.00 2   0.0 -49.7     33998150   0   1100      1000000
    32  0 1  94.92  9949.00 2   0.0 -48.4     35997800   0    950      1999650
    33  0 1  94.57  9949.00 2   0.0 -48.1     36997400   0    750       999600
    34  0 1  94.57  9953.50 2   0.0 -47.5     37997750   0   1000      1000350
    35  0 1  94.57  9956.50 2   0.0 -46.9     38997300   0    950       999550
    36  0 1  95.62  9959.50 2   0.0 -46.6     39997300   0    750      1000000
    37  0 1  94.92  9962.50 2   0.0 -45.9     40997600   0   1000      1000300
    38  0 1  94.92  9968.50 2   0.0 -45.6     41997700   0    800      1000100
    39  0 1  95.27  9974.50 2   0.0 -45.0     42998150   0   1200      1000450
    40  0 1  95.27  9980.50 2   0.0 -44.4     43998250   0   1050      1000100
    41  0 1  94.22  9991.00 2   0.0 -43.4     45998350   0    750      2000100
    42  0 1  94.92 10000.00 2   0.0 -43.1     46997950   0    800       999600
    43  0 1  94.22 10006.00 2   0.0 -42.5     47998150   0   1200      1000200
    44  0 1  94.92 10013.50 2   0.0 -42.2     48997800   0   1100       999650
    45  0 1  95.62 10018.00 2   0.0 -41.6     49997500   0    800       999700
    46  0 1  94.57 10025.50 2   0.0 -41.3     50997050   0   1050       999550
    47  0 1  94.57 10028.50 2   0.0 -40.9     51997250   0    850      1000200
    48  0 1  95.27 10033.00 2   0.0 -40.3     52997450   0    850      1000200
    49  0 1  94.57 10040.50 2   0.0 -40.0     53997400   0   1000       999950
    50  0 1  95.62 10046.50 2   0.0 -39.1     55998100   0   1000      2000700
    51  0 1  95.62 10048.00 2   0.0 -38.8     56997850   0   1000       999750
    52  0 1  94.57 10048.00 2   0.0 -38.4     57997550   0    800       999700
    53  0 1  95.62 10048.00 2   0.0 -38.1     58998000   0    750      1000450
    54  0 1  95.27 10048.00 2   0.0 -37.5     59997500   0   1050       999500
    55  0 1  95.27 10045.00 2   0.0 -37.2     60997100   0    900       999600
    56  0 1  94.92 10045.00 2   0.0 -36.9     61996750   0   1150       999650
    57  0 1  95.62 10042.00 2   0.0 -36.6     62996700   0   1150       999950
    58  0 1  94.57 10037.50 2   0.0 -36.3     63997100   0   1050      1000400
    59  0 1  95.62 10027.00 2   0.0 -35.6     65996700   0   1050      1999600
    60  0 1  94.57 10022.50 2   0.0 -35.3     66996700   0    800      1000000
    61  0 1  95.62 10015.00 2   0.0 -35.0     67996250   0   1000       999550
    62  0 1  95.27 10009.00 2   0.0 -34.7     68996350   0   1100      1000100
    63  0 1  95.27 10003.00 2   0.0 -34.4     69996700   0   1150      1000350
    64  0 1  94.22  9997.00 2   0.0 -34.1     70996750   0   1100      1000050
    65  0 1  95.27  9991.00 2   0.0 -33.8     71996550   0   1150       999800
    66  0 1  94.22  9983.50 2   0.0 -33.4     72996600   0   1200      1000050
    67  0 1  95.27  9976.00 2   0.0 -33.4     73997000   0    800      1000400
    68  0 1  95.62  9967.00 2   0.0 -32.8     75996750   0   1100      1999750
    69  0 1  95.27  9961.00 2   0.0 -32.5     76996450   0    800       999700
    70  0 1  95.62  9958.00 2   0.0 -32.5     77996250   0    850       999800
    71  0 1  95.27  9953.50 2   0.0 -32.2     78995800   0    800       999550
    72  0 1  95.27  9950.50 2   0.0 -31.9     79995650   0    750       999850
    73  0 1  95.27  9949.00 2   0.0 -31.9     80995900   0   1050      1000250
    74  0 1  94.57  9950.50 2   0.0 -31.6     81995550   0    800       999650
    75  0 1  94.92  9949.00 2   0.0 -31.6     82995650   0    750      1000100
    76  0 1  94.22  9952.00 2   0.0 -31.3     83995600   0   1100       999950
    77  0 1  95.62  9955.00 2   0.0 -30.9     85995650   0   1200      2000050
    78  0 1  94.57  9958.00 2   0.0 -30.9     86995700   0    850      1000050
    79  0 1  95.62  9964.00 2   0.0 -30.6     87995900   0   1150      1000200
    80  0 1  94.92  9967.00 2   0.0 -30.6     88996300   0    850      1000400
    81  0 1  95.27  9974.50 2   0.0 -30.6     89996400   0    800      1000100
    82  0 1  95.27  9979.00 2   0.0 -30.3     90996050   0    800       999650
    83  0 1  94.57  9985.00 2   0.0 -30.3     91996200   0    950      1000150
    84  0 1  94.22  9991.00 2   0.0 -30.3     92996450   0    800      1000250
    85  0 1  94.22  9997.00 2   0.0 -30.3     93996050   0    800       999600
    86  0 1  94.57 10013.50 2   0.0 -30.0     95996400   0    750      2000350
    87  0 1  94.57 10018.00 2   0.0 -30.0     96996050   0    800       999650
    88  0 1  94.92 10024.00 2   0.0 -30.0     97996000   0   1100       999950
    89  0 1  95.62 10028.50 2   0.0 -30.0     98996050   0   1200      1000050
    90  0 1  95.62 10036.00 2   0.0 -30.0     99996300   0    750      1000250
    91  0 1  94.92 10040.50 2   0.0 -30.0    100996150   0   1100       999850
    92  0 1  94.22 10043.50 2   0.0 -30.0    101996500   0    850      1000350
    93  0 1  94.92 10045.00 2   0.0 -30.0    102996050   0   1100       999550
    94  0 1  94.57 10046.50 2   0.0 -30.0    103996100   0   1000      1000050
    95  0 1  94.57 10048.00 2   0.0 -30.3    105996900   0    900      2000800
    96  0 1  94.57 10048.00 2   0.0 -30.3    106997200   0   1200      1000300
    97  0 1  95.62 10048.00 2   0.0 -30.3    107997600   0    900      1000400
    98  0 1  95.27 10045.00 2   0.0 -30.3    108997300   0    750       999700
    99  0 1  95.62 10040.50 2   0.0 -30.6    109997000   0    750       999700
   100  0 1  95.62 10037.50 2   0.0 -30.6    110996700   0   1150       999700
   101  0 1  95.27 10033.00 2   0.0 -30.6    111997050   0   1000      1000350
   102  0 1  95.27 10027.00 2   0.0 -30.9    112996550   0   1050       999500
   103  0 1  94.92 10021.00 2   0.0 -30.9    113996250   0   1150       999700
   104  0 1  95.62 10007.50 2   0.0 -31.3    115996150   0    750      1999900
   105  0 1  94.57 10003.00 2   0.0 -31.6    116995650   0    800       999500
   106  0 1  95.27  9997.00 2   0.0 -31.6    117995800   0    900      1000150
   107  0 1  94.92  9991.00 2   0.0 -31.9    118995900   0    750      1000100
   108  0 1  95.27  9983.50 2   0.0 -31.9    119995850   0   1000       999950
   109  0 1  95.62  9976.00 2   0.0 -32.2    120996150   0    800      1000300
   110  0 1  94.22  9971.50 2   0.0 -32.5    121996550   0   1050      1000400
   111  0 1  94.92  9967.00 2   0.0 -32.5    122996300   0    850       999750
   112  0 1  95.62  9959.50 2   0.0 -32.8    123996750   0    900      1000450
   113  0 1  95.62  9952.00 2   0.0 -33.4    125996550   0    850      1999800
   114  0 1  94.22  9952.00 2   0.0 -33.4    126996850   0   1150      1000300
   115  0 1  94.92  9949.00 2   0.0 -33.8    127997250   0    800      1000400
   116  0 1  94.57  9949.00 2   0.0 -34.1    128997700   0   1200      1000450
   117  0 1  94.22  9950.50 2   0.0 -34.4    129997400   0    800       999700
   118  0 1  94.57  9950.50 2   0.0 -34.7    130997400   0   1000      1000000
   119  0 1  94.92  9952.00 2   0.0 -35.0    131997400   0    900      1000000
   120  0 1  95.62  9956.50 2   0.0 -35.3    132997650   0    850      1000250
   121  0 1  94.22  9958.00 2   0.0 -35.6    133997900   0   1150      1000250
   122  0 1  95.27  9967.00 2   0.0 -36.3    135997900   0   1100      2000000
   123  0 1  95.27  9973.00 2   0.0 -36.6    136998150   0    800      1000250
   124  0 1  94.92  9979.00 2   0.0 -36.9    137997900   0    750       999750
   125  0 1  94.92  9986.50 2   0.0 -37.2    138998000   0   1100      1000100
   126  0 1  94.92  9991.00 2   0.0 -37.5    139997600   0   1050       999600
   127  0 1  95.27  9998.50 2   0.0 -38.1    140997150   0    800       999550
   128  0 1  95.62 10006.00 2   0.0 -38.4    141997350   0    750      1000200
   129  0 1  95.27 10012.00 2   0.0 -38.8    142997500   0    800      1000150
   130  0 1  94.22 10018.00 2   0.0 -39.1    143997200   0   1050       999700
   131  0 1  94.57 10028.50 2   0.0 -40.0    145997350   0    900      2000150
   132  0 1  95.62 10034.50 2   0.0 -40.3    146997300   0    850       999950
   133  0 1  94.22 10039.00 2   0.0 -40.9    147996950   0    950       999650
   134  0 1  94.57 10042.00 2   0.0 -41.3    148997350   0    950      1000400
   135  0 1  94.57 10045.00 2   0.0 -41.6    149996900   0    750       999550
   136  0 1  95.27 10046.50 2   0.0 -42.2    150996500   0   1050       999600
   137  0 1  94.92 10049.50 2   0.0 -42.5    151996250   0   1050       999750
   138  0 1  94.22 10048.00 2   0.0 -43.1    152996100   0    850       999850
   139  0 1  94.57 10048.00 2   0.0 -43.4    153996450   0    750      1000350
   140  0 1  94.57 10043.50 2   0.0 -44.4    155996900   0    850      2000450
   141  0 1  94.92 10042.00 2   0.0 -45.0    156996900   0   1050      1000000
   142  0 1  94.22 10039.00 2   0.0 -45.6    157996600   0    950       999700
   143  0 1  95.62 10033.00 2   0.0 -45.9    158996250   0    850       999650
   144  0 1  95.62 10027.00 2   0.0 -46.6    159996700   0    750      1000450
   145  0 1  94.57 10021.00 2   0.0 -46.9    160996950   0    950      1000250
   146  0 1  95.62 10016.50 2   0.0 -47.5    161997000   0    800      1000050
   147  0 1  95.62 10009.00 2   0.0 -48.1    162997200   0    850      1000200
   148  0 1  94.92 10003.00 2   0.0 -48.4    163997200   0   1050      1000000
   149  0 1  94.22  9988.00 2   0.0 -49.7    165997850   0   1050      2000650
   150  0 1  94.92  9982.00 2   0.0 -50.3    166998000   0    950      1000150
   151  0 1  95.62  9976.00 2   0.0 -50.6    167997850   0    850       999850
   152  0 1  94.92  9970.00 2   0.0 -51.3    168997600   0    750       999750
   153  0 1  94.22  9965.50 2   0.0 -51.9    169997200   0    850       999600
   154  0 1  95.62  9961.00 2   0.0 -52.5    170997550   0    800      1000350
   155  0 1  94.57  9955.00 2   0.0 -53.1    171997800   0    750      1000250
   156  0 1  94.22  9953.50 2   0.0 -53.4    172997300   0    800       999500
   157  0 1  95.62  9950.50 2   0.0 -54.1    173997700   0   1200      1000400
   158  0 1  94.57  9949.00 2   0.0 -55.3    175997000   0    850      1999300
   159  0 1  94.22  9949.00 2   0.0 -55.9    176996550   0    750       999550
   160  0 1  95.27  9949.00 2   0.0 -56.6    177997000   0   1150      1000450
   161  0 1  95.62  9952.00 2   0.0 -57.2    178997300   0    750      1000300
   162  0 1  94.92  9956.50 2   0.0 -57.5    179997100   0    750       999800
   163  0 1  94.22  9958.00 2   0.0 -58.1    180997500   0    900      1000400
   164  0 1  95.27  9964.00 2   0.0 -58.8    181997500   0    800      1000000
   165  0 1  95.27  9967.00 2   0.0 -59.4    182997850   0    850      1000350
   166  0 1  95.62  9973.00 2   0.0 -60.0    183998050   0   1150      1000200
   167  0 1  94.22  9985.00 2   0.0 -61.3    185998450   0   1000      2000400
   168  0 1  95.62  9992.50 2   0.0 -61.9    186998700   0    850      1000250
   169  0 1  94.22  9997.00 2   0.0 -62.5    187998500   0    900       999800
   170  0 1  94.57 10006.00 2   0.0 -63.1    188998350   0    850       999850
   171  0 1  95.27 10012.00 2   0.0 -63.8    189997950   0   1100       999600
   172  0 1  94.22 10018.00 2   0.0 -64.4    190997600   0   1050       999650
   173  0 1  94.57 10024.00 2   0.0 -65.0    191997200   0    850       999600
   174  0 1  94.57 10030.00 2   0.0 -65.6    192996900   0    850       999700
   175  0 1  94.22 10036.00 2   0.0 -66.3    193996800   0    950       999900
   176  0 1  95.62 10043.50 2   0.0 -67.5    195996300   0    800      1999500
   177  0 1  94.92 10045.00 2   0.0 -68.1    196996700   0    750      1000400
   178  0 1  94.57 10048.00 2   0.0 -68.8    197996250   0   1200       999550
   179  0 1  94.22 10048.00 2   0.0 -69.4    198996450   0    950      1000200
