    NO  S V  AOA    FREQ    B  FMOP  AMP      TOA      PMOP  PW         dTOA  
------ -- - ------ -------- - ----- ----- ------------ --- ------ ------------
     0  0 1  94.22  9998.50 2   0.0 -70.0            0   0   1100  42949673000
     1  0 1  95.27 10006.00 2   0.0 -69.4       999650   0    800       999650
     2  0 1  94.92 10018.00 2   0.0 -68.1      2999900   0   1200      2000250
     3  0 1  95.62 10024.00 2   0.0 -67.5      4000000   0    900      1000100
     4  0 1  95.27 10030.00 2   0.0 -66.9      4999950   0   1150       999950
     5  0 1  94.22 10036.00 2   0.0 -66.3      5999500   0    850       999550
     6  0 1  95.27 10039.00 2   0.0 -65.6      6999600   0   1000      1000100
     7  0 1  95.62 10042.00 2   0.0 -65.0      7999650   0    850      1000050
     8  0 1  95.62 10046.50 2   0.0 -64.4      9000050   0    800      1000400
     9  0 1  95.27 10046.50 2   0.0 -63.8     10000400   0    750      1000350
    10  0 1  95.62 10049.50 2   0.0 -63.1     11000800   0    800      1000400
    11  0 1  95.27 10048.00 2   0.0 -61.9     13000950   0    750      2000150
    12  0 1  95.27 10046.50 2   0.0 -61.3     14001200   0   1150      1000250
    13  0 1  95.27 10043.50 2   0.0 -60.6     15001400   0   1200      1000200
    14  0 1  95.62 10042.00 2   0.0 -60.0     16001200   0    750       999800
    15  0 1  95.27 10039.00 2   0.0 -59.4     17001450   0    850      1000250
    16  0 1  94.92 10031.50 2   0.0 -58.8     18001850   0    900      1000400
    17  0 1  94.92 10028.50 2   0.0 -58.1     19002100   0    800      1000250
    18  0 1  94.92 10021.00 2   0.0 -57.5     20001850   0    750       999750
    19  0 1  95.27 10015.00 2   0.0 -57.2     21001850   0   1000      1000000
    20  0 1  94.92 10003.00 2   0.0 -55.9     23000900   0    850      1999050
    21  0 1  94.22  9994.00 2   0.0 -55.3     24000950   0    950      1000050
    22  0 1  94.92  9988.00 2   0.0 -54.7     25000550   0    750       999600
    23  0 1  95.27  9983.50 2   0.0 -54.1     26000200   0   1200       999650
    24  0 1  94.57  9976.00 2   0.0 -53.4     26999700   0   1200       999500
    25  0 1  94.92  9971.50 2   0.0 -53.1     27999900   0   1150      1000200
    26  0 1  94.22  9965.50 2   0.0 -52.5     29000300   0   1100      1000400
    27  0 1  94.57  9959.50 2   0.0 -51.9     30000500   0    950      1000200
    28  0 1  94.22  9958.00 2   0.0 -51.3     31000550   0    900      1000050
    29  0 1  94.92  9952.00 2   0.0 -50.3     33000400   0   1000      1999850
    30  0 1  95.27  9949.00 2   0.0 -49.7     34000650   0   1100      1000250
    31  0 1  95.27  9950.50 2   0.0 -49.1     35000850   0    750      1000200
    32  0 1  95.62  9949.00 2   0.0 -48.4     36000700   0   1100       999850
    33  0 1  94.57  9949.00 2   0.0 -48.1     37001000   0    800      1000300
    34  0 1  94.22  9953.50 2   0.0 -47.5     38001200   0   1100      1000200
    35  0 1  94.57  9955.00 2   0.0 -46.9     39001600   0   1150      1000400
    36  0 1  94.92  9958.00 2   0.0 -46.6     40001350   0    900       999750
    37  0 1  95.62  9964.00 2   0.0 -45.9     41001050   0    950       999700
    38  0 1  94.92  9973.00 2   0.0 -45.0     43001150   0    800      2000100
    39  0 1  95.62  9979.00 2   0.0 -44.4     44001600   0    800      1000450
    40  0 1  94.22  9986.50 2   0.0 -44.1     45001500   0    900       999900
    41  0 1  95.27  9992.50 2   0.0 -43.4     46001300   0    750       999800
    42  0 1  95.27 10000.00 2   0.0 -43.1     47001250   0    750       999950
    43  0 1  95.62 10006.00 2   0.0 -42.5     48001050   0    900       999800
    44  0 1  94.57 10012.00 2   0.0 -42.2     49001300   0    750      1000250
    45  0 1  94.92 10018.00 2   0.0 -41.6     50001000   0   1200       999700
    46  0 1  95.62 10024.00 2   0.0 -41.3     51001400   0    950      1000400
    47  0 1  94.22 10033.00 2   0.0 -40.3     53002100   0   1000      2000700
    48  0 1  95.27 10039.00 2   0.0 -40.0     54001650   0    750       999550
    49  0 1  94.22 10042.00 2   0.0 -39.7     55001350   0    800       999700
    50  0 1  94.57 10045.00 2   0.0 -39.1     56001650   0    900      1000300
    51  0 1  94.57 10048.00 2   0.0 -38.8     57001350   0   1050       999700
    52  0 1  94.22 10048.00 2   0.0 -38.4     58001750   0   1050      1000400
    53  0 1  94.57 10049.50 2   0.0 -38.1     59001700   0    800       999950
    54  0 1  94.92 10049.50 2   0.0 -37.5     60002050   0   1200      1000350
    55  0 1  95.27 10046.50 2   0.0 -37.2     61001550   0    950       999500
    56  0 1  95.27 10040.50 2   0.0 -36.6     63001300   0    750      1999750
    57  0 1  95.62 10037.50 2   0.0 -36.3     64001350   0    800      1000050
    58  0 1  95.27 10033.00 2   0.0 -35.9     65001200   0    950       999850
    59  0 1  95.62 10027.00 2   0.0 -35.6     66001200   0   1150      1000000
    60  0 1  94.57 10021.00 2   0.0 -35.3     67001300   0    850      1000100
    61  0 1  94.22 10016.50 2   0.0 -35.0     68001600   0   1100      1000300
    62  0 1  95.27 10009.00 2   0.0 -34.7     69001450   0   1100       999850
    63  0 1  94.22 10001.50 2   0.0 -34.4     70001800   0   1000      1000350
    64  0 1  94.22  9994.00 2   0.0 -34.1     71002100   0    750      1000300
    65  0 1  94.57  9982.00 2   0.0 -33.4     73001900   0   1150      1999800
    66  0 1  94.92  9977.50 2   0.0 -33.4     74002350   0   1100      1000450
    67  0 1  94.22  9970.00 2   0.0 -33.1     75002000   0    900       999650
    68  0 1  94.22  9967.00 2   0.0 -32.8     76001500   0   1000       999500
    69  0 1  95.62  9959.50 2   0.0 -32.5     77001200   0    950       999700
    70  0 1  95.27  9958.00 2   0.0 -32.5     78000800   0    750       999600
    71  0 1  94.57  9953.50 2   0.0 -32.2     79000550   0   1100       999750
    72  0 1  94.22  9952.00 2   0.0 -31.9     80000150   0   1050       999600
    73  0 1  95.27  9949.00 2   0.0 -31.9     80999850   0   1200       999700
    74  0 1  95.27  9949.00 2   0.0 -31.6     82999850   0    900      2000000
    75  0 1  94.92  9949.00 2   0.0 -31.3     83999850   0    900      1000000
    76  0 1  95.62  9952.00 2   0.0 -31.3     85000150   0    950      1000300
    77  0 1  95.62  9956.50 2   0.0 -30.9     85999750   0    850       999600
    78  0 1  94.22  9958.00 2   0.0 -30.9     86999300   0   1150       999550
    79  0 1  95.62  9962.50 2   0.0 -30.6     87998850   0    900       999550
    80  0 1  94.57  9970.00 2   0.0 -30.6     88998850   0   1200      1000000
    81  0 1  94.57  9974.50 2   0.0 -30.6     89999200   0    850      1000350
    82  0 1  94.22  9979.00 2   0.0 -30.3     90999400   0   1200      1000200
    83  0 1  94.57  9992.50 2   0.0 -30.3     92999350   0    900      1999950
    84  0 1  95.62  9997.00 2   0.0 -30.3     93999700   0   1050      1000350
    85  0 1  94.57 10004.50 2   0.0 -30.0     94999300   0    950       999600
    86  0 1  94.92 10012.00 2   0.0 -30.0     95998900   0    800       999600
    87  0 1  94.22 10018.00 2   0.0 -30.0     96998700   0    850       999800
    88  0 1  95.62 10025.50 2   0.0 -30.0     97998950   0    850      1000250
    89  0 1  95.62 10030.00 2   0.0 -30.0     98999000   0    800      1000050
    90  0 1  94.57 10036.00 2   0.0 -30.0     99998550   0   1150       999550
    91  0 1  94.92 10040.50 2   0.0 -30.0    100998800   0    850      1000250
    92  0 1  95.27 10046.50 2   0.0 -30.0    102999000   0    850      2000200
    93  0 1  95.62 10048.00 2   0.0 -30.0    103999300   0   1000      1000300
    94  0 1  95.62 10048.00 2   0.0 -30.0    104999650   0    900      1000350
    95  0 1  95.62 10048.00 2   0.0 -30.3    105999400   0    900       999750
    96  0 1  95.27 10048.00 2   0.0 -30.3    106999850   0    850      1000450
    97  0 1  94.57 10046.50 2   0.0 -30.3    108000050   0    900      1000200
    98  0 1  94.57 10045.00 2   0.0 -30.3    109000050   0    750      1000000
    99  0 1  95.62 10042.00 2   0.0 -30.6    110000050   0   1150      1000000
   100  0 1  94.57 10037.50 2   0.0 -30.6    111000400   0    750      1000350
   101  0 1  95.62 10027.00 2   0.0 -30.9    113000650   0    900      2000250
   102  0 1  95.27 10021.00 2   0.0 -30.9    114000450   0   1200       999800
   103  0 1  94.57 10016.50 2   0.0 -31.3    115000550   0   1150      1000100
   104  0 1  95.62 10009.00 2   0.0 -31.3    116000300   0    800       999750
   105  0 1  94.22 10001.50 2   0.0 -31.6    117000750   0    850      1000450
   106  0 1  94.22  9995.50 2   0.0 -31.6    118000250   0   1200       999500
   107  0 1  95.62  9988.00 2   0.0 -31.9    118999900   0    800       999650
   108  0 1  94.22  9982.00 2   0.0 -31.9    119999550   0    900       999650
   109  0 1  94.22  9977.50 2   0.0 -32.2    120999900   0    850      1000350
   110  0 1  95.62  9964.00 2   0.0 -32.5    122999850   0    750      1999950
   111  0 1  94.92  9961.00 2   0.0 -32.8    124000250   0    800      1000400
   112  0 1  95.62  9958.00 2   0.0 -33.1    125000250   0   1050      1000000
   113  0 1  95.62  9952.00 2   0.0 -33.4    126000400   0    800      1000150
   114  0 1  94.92  9952.00 2   0.0 -33.4    127000600   0    750      1000200
   115  0 1  94.57  9949.00 2   0.0 -33.8    128000950   0   1200      1000350
   116  0 1  94.92  9949.00 2   0.0 -34.1    129001200   0    850      1000250
   117  0 1  94.57  9950.50 2   0.0 -34.4    130001350   0    900      1000150
   118  0 1  95.62  9949.00 2   0.0 -34.7    131001350   0    750      1000000
   119  0 1  94.57  9955.00 2   0.0 -35.3    133001500   0    750      2000150
   120  0 1  94.57  9959.50 2   0.0 -35.6    134001450   0   1200       999950
   121  0 1  95.27  9962.50 2   0.0 -35.9    135001750   0   1100      1000300
   122  0 1  95.27  9967.00 2   0.0 -36.3    136001650   0    800       999900
   123  0 1  95.27  9974.50 2   0.0 -36.6    137001700   0   1150      1000050
   124  0 1  95.27  9979.00 2   0.0 -36.9    138001800   0    900      1000100
   125  0 1  94.22  9985.00 2   0.0 -37.2    139001900   0    850      1000100
   126  0 1  95.27  9992.50 2   0.0 -37.5    140001700   0   1100       999800
   127  0 1  94.22 10000.00 2   0.0 -38.1    141002000   0    800      1000300
   128  0 1  94.22 10012.00 2   0.0 -38.8    143001950   0   1050      1999950
   129  0 1  95.27 10019.50 2   0.0 -39.1    144001900   0   1200       999950
   130  0 1  95.27 10024.00 2   0.0 -39.7    145002250   0   1100      1000350
   131  0 1  95.62 10030.00 2   0.0 -40.0    146002050   0    750       999800
   132  0 1  94.22 10034.50 2   0.0 -40.3    147002450   0    900      1000400
   133  0 1  94.57 10039.00 2   0.0 -40.9    148002050   0    850       999600
   134  0 1  95.27 10042.00 2   0.0 -41.3    149002500   0   1150      1000450
   135  0 1  94.57 10045.00 2   0.0 -41.6    150002150   0    950       999650
   136  0 1  95.27 10048.00 2   0.0 -42.2    151002550   0   1200      1000400
   137  0 1  94.92 10048.00 2   0.0 -43.1    153003200   0    850      2000650
   138  0 1  94.22 10049.50 2   0.0 -43.4    154002700   0   1100       999500
   139  0 1  95.27 10045.00 2   0.0 -44.1    155002200   0    900       999500
   140  0 1  94.22 10043.50 2   0.0 -44.4    156002100   0   1000       999900
   141  0 1  94.92 10042.00 2   0.0 -45.0    157002550   0   1100      1000450
   142  0 1  94.57 10039.00 2   0.0 -45.6    158002500   0   1150       999950
   143  0 1  95.62 10033.00 2   0.0 -45.9    159002500   0   1200      1000000
   144  0 1  94.92 10028.50 2   0.0 -46.6    160002700   0    750      1000200
   145  0 1  94.22 10021.00 2   0.0 -46.9    161002200   0   1100       999500
   146  0 1  95.62 10009.00 2   0.0 -48.1    163001750   0   1000      1999550
   147  0 1  95.27 10001.50 2   0.0 -48.4    164002150   0   1150      1000400
   148  0 1  94.57  9995.50 2   0.0 -49.1    165002550   0   1100      1000400
   149  0 1  95.27  9988.00 2   0.0 -49.7    166002750   0    900      1000200
   150  0 1  94.57  9982.00 2   0.0 -50.3    167002750   0   1150      1000000
   151  0 1  95.27  9976.00 2   0.0 -50.6    168002950   0    950      1000200
   152  0 1  95.27  9971.50 2   0.0 -51.3    169003350   0   1000      1000400
   153  0 1  95.62  9967.00 2   0.0 -51.9    170003050   0   1200       999700
   154  0 1  95.27  9961.00 2   0.0 -52.5    171002650   0   1100       999600
   155  0 1  94.92  9953.50 2   0.0 -53.4    173002350   0    900      1999700
   156  0 1  95.27  9950.50 2   0.0 -54.1    174002200   0   1050       999850
   157  0 1  94.22  9950.50 2   0.0 -54.7    175002200   0    750      1000000
   158  0 1  95.27  9949.00 2   0.0 -55.3    176001900   0    750       999700
   159  0 1  95.27  9950.50 2   0.0 -55.9    177001450   0    750       999550
   160  0 1  94.92  9952.00 2   0.0 -56.6    178001750   0   1000      1000300
   161  0 1  94.57  9952.00 2   0.0 -57.2    179001500   0    750       999750
   162  0 1  94.22  9955.00 2   0.0 -57.5    180001000   0   1100       999500
   163  0 1  94.57  9959.50 2   0.0 -58.1    181000850   0   1200       999850
   164  0 1  94.57  9967.00 2   0.0 -59.4    183000500   0    800      1999650
   165  0 1  94.57  9973.00 2   0.0 -60.0    184000750   0    800      1000250
   166  0 1  95.27  9980.50 2   0.0 -60.6    185000600   0   1200       999850
   167  0 1  95.62  9985.00 2   0.0 -61.3    186000400   0   1100       999800
   168  0 1  95.62  9994.00 2   0.0 -61.9    186999950   0   1000       999550
   169  0 1  94.57  9997.00 2   0.0 -62.5    187999800   0    900       999850
   170  0 1  94.92 10004.50 2   0.0 -63.1    189000150   0   1200      1000350
   171  0 1  95.27 10012.00 2   0.0 -63.8    190000550   0    850      1000400
   172  0 1  95.62 10018.00 2   0.0 -64.4    191000400   0   1200       999850
   173  0 1  95.27 10030.00 2   0.0 -65.6    193000700   0    750      2000300
   174  0 1  94.22 10033.00 2   0.0 -66.3    194001000   0   1200      1000300
   175  0 1  94.92 10039.00 2   0.0 -66.9    195000950   0   1000       999950
   176  0 1  95.27 10042.00 2   0.0 -67.5    196000800   0   1150       999850
   177  0 1  94.22 10045.00 2   0.0 -68.1    197000350   0    800       999550
   178  0 1  94.92 10046.50 2   0.0 -68.8    198000100   0   1050       999750
   179  0 1  95.27 10048.00 2   0.0 -69.4    198999600   0    850       999500
