    NO  S V  AOA    FREQ    B  FMOP  AMP      TOA      PMOP  PW         dTOA  
------ -- - ------ -------- - ----- ----- ------------ --- ------ ------------
     0  0 1   9.84  5247.50 1   0.0 -70.0            0   0   1950  42949673000
     1  0 1   9.84  5251.25 1   0.0 -63.8       498550   0   2000       498550
     2  0 1   9.84  5231.25 1   0.0 -51.9      1500350   0   1950      1001800
     3  0 1   9.84  5246.25 1   0.0 -46.6      2002600   0   2000       502250
     4  0 1   9.84  5233.75 1   0.0 -41.6      2500450   0   1950       497850
     5  0 1   9.84  5247.50 1   0.0 -37.5      3000900   0   1950       500450
     6  0 1   9.84  5268.75 1   0.0 -34.4      3501800   0   1950       500900
     7  0 1   9.84  5252.50 1   0.0 -31.9      4001350   0   1950       499550
     8  0 1   9.84  5238.75 1   0.0 -30.6      4499600   0   1950       498250
     9  0 1   9.84  5246.25 1   0.0 -30.0      4997850   0   2000       498250
    10  0 1   9.84  5242.50 1   0.0 -30.6      5498300   0   1950       500450
    11  0 1   9.84  5233.75 1   0.0 -34.4      6500250   0   1950      1001950
    12  0 1   9.84  5268.75 1   0.0 -37.5      6999400   0   1950       499150
    13  0 1   9.84  5235.00 1   0.0 -41.6      7500000   0   2000       500600
    14  0 1   9.84  5233.75 1   0.0 -46.6      8001400   0   2000       501400
    15  0 1   9.84  5255.00 1   0.0 -51.9      8500100   0   2000       498700
    16  0 1   9.84  5235.00 1   0.0 -57.5      9000850   0   2000       500750
    17  0 1   9.84  5258.75 1   0.0 -63.8      9502550   0   1950       501700
