    NO  S V  AOA    FREQ    B  FMOP  AMP      TOA      PMOP  PW         dTOA  
------ -- - ------ -------- - ----- ----- ------------ --- ------ ------------
     0  0 1   9.84  5241.25 1   0.0 -70.0            0   0   2000  42949673000
     1  0 1   9.84  5261.25 1   0.0 -63.8       498350   0   1950       498350
     2  0 1   9.84  5255.00 1   0.0 -57.5       999600   0   1950       501250
     3  0 1   9.84  5265.00 1   0.0 -51.9      1498200   0   1950       498600
     4  0 1   9.84  5256.25 1   0.0 -46.6      1996700   0   2000       498500
     5  0 1   9.84  5263.75 1   0.0 -41.6      2497800   0   2000       501100
     6  0 1   9.84  5266.25 1   0.0 -37.5      2998000   0   1950       500200
     7  0 1   9.84  5240.00 1   0.0 -34.4      3496300   0   1950       498300
     8  0 1   9.84  5247.50 1   0.0 -31.9      3998250   0   2000       501950
     9  0 1   9.84  5242.50 1   0.0 -30.0      4997050   0   1950       998800
    10  0 1   9.84  5251.25 1   0.0 -30.6      5498250   0   2000       501200
    11  0 1   9.84  5243.75 1   0.0 -31.9      5999350   0   2000       501100
    12  0 1   9.84  5243.75 1   0.0 -34.4      6497200   0   2000       497850
    13  0 1   9.84  5251.25 1   0.0 -37.5      6999450   0   2000       502250
    14  0 1   9.84  5255.00 1   0.0 -41.6      7499900   0   1950       500450
    15  0 1   9.84  5261.25 1   0.0 -46.6      8001000   0   2000       501100
    16  0 1   9.84  5240.00 1   0.0 -51.9      8499900   0   1950       498900
    17  0 1   9.84  5265.00 1   0.0 -57.5      8999150   0   2000       499250
