    NO  S V  AOA    FREQ    B  FMOP  AMP      TOA      PMOP  PW         dTOA  
------ -- - ------ -------- - ----- ----- ------------ --- ------ ------------
     0  0 1   9.84  5268.75 1   0.0 -70.0            0   0   1950  42949673000
     1  0 1   9.84  5237.50 1   0.0 -63.8       501950   0   1950       501950
     2  0 1   9.84  5261.25 1   0.0 -57.5      1004200   0   1950       502250
     3  0 1   9.84  5268.75 1   0.0 -51.9      1503450   0   2000       499250
     4  0 1   9.84  5231.25 1   0.0 -46.6      2002450   0   2000       499000
     5  0 1   9.84  5241.25 1   0.0 -41.6      2502100   0   1950       499650
     6  0 1   9.84  5251.25 1   0.0 -37.5      3000750   0   2000       498650
     7  0 1   9.84  5265.00 1   0.0 -31.9      4002000   0   1950      1001250
     8  0 1   9.84  5265.00 1   0.0 -30.6      4502100   0   1950       500100
     9  0 1   9.84  5236.25 1   0.0 -30.0      5000400   0   2000       498300
    10  0 1   9.84  5230.00 1   0.0 -30.6      5498950   0   2000       498550
    11  0 1   9.84  5246.25 1   0.0 -31.9      5999700   0   1950       500750
    12  0 1   9.84  5252.50 1   0.0 -34.4      6498750   0   1950       499050
    13  0 1   9.84  5231.25 1   0.0 -37.5      6999350   0   1950       500600
    14  0 1   9.84  5265.00 1   0.0 -41.6      7498950   0   1950       499600
    15  0 1   9.84  5265.00 1   0.0 -46.6      7999900   0   2000       500950
    16  0 1   9.84  5232.50 1   0.0 -57.5      8999400   0   1950       999500
    17  0 1   9.84  5250.00 1   0.0 -63.8      9500350   0   1950       500950
