    NO  S V  AOA    FREQ    B  FMOP  AMP      TOA      PMOP  PW         dTOA  
------ -- - ------ -------- - ----- ----- ------------ --- ------ ------------
     0  0 1  94.92 10021.00 2   0.0 -70.0            0   0   1500  42949673000
     1  0 1  94.92 10021.00 2   0.0 -67.5      2046450   0   1500      2046450
     2  0 1  94.92 10021.00 2   0.0 -66.3      3135350   0   1550      1088900
     3  0 1  94.57 10021.00 2   0.0 -65.0      4259650   0   1650      1124300
     4  0 1  94.92 10019.50 2   0.0 -63.8      5404450   0   1850      1144800
     5  0 1  95.62 10021.00 2   0.0 -62.5      6552600   0   1600      1148150
     6  0 1  94.92 10021.00 2   0.0 -61.3      7684300   0   1500      1131700
     7  0 1  94.57 10021.00 2   0.0 -60.0      8783400   0   1550      1099100
     8  0 1  95.62 10021.00 2   0.0 -58.8      9838750   0   1600      1055350
     9  0 1  94.57 10021.00 2   0.0 -57.5     10845300   0   1750      1006550
    10  0 1  94.57 10021.00 2   0.0 -55.3     12724400   0   1650      1879100
    11  0 1  95.27 10021.00 2   0.0 -54.1     13610250   0   1700       885850
    12  0 1  95.62 10019.50 2   0.0 -53.1     14474700   0   1650       864450
    13  0 1  94.92 10021.00 2   0.0 -51.9     15326700   0   1800       852000
    14  0 1  94.57 10019.50 2   0.0 -50.6     16176450   0   1500       849750
    15  0 1  94.92 10019.50 2   0.0 -49.7     17036350   0   1650       859900
    16  0 1  94.57 10019.50 2   0.0 -48.4     17914950   0   1450       878600
    17  0 1  94.57 10021.00 2   0.0 -47.5     18823300   0   1700       908350
    18  0 1  94.57 10021.00 2   0.0 -46.6     19767850   0   1650       944550
    19  0 1  94.92 10019.50 2   0.0 -44.4     21792150   0   1700      2024300
    20  0 1  94.92 10021.00 2   0.0 -43.4     22872250   0   1500      1080100
    21  0 1  95.27 10021.00 2   0.0 -42.5     23989700   0   1900      1117450
    22  0 1  95.27 10021.00 2   0.0 -41.6     25131800   0   1750      1142100
    23  0 1  95.27 10021.00 2   0.0 -40.9     26281150   0   1550      1149350
    24  0 1  94.22 10019.50 2   0.0 -40.0     27418900   0   1450      1137750
    25  0 1  94.92 10021.00 2   0.0 -39.1     28526500   0   1500      1107600
    26  0 1  94.22 10021.00 2   0.0 -38.4     29592700   0   1900      1066200
    27  0 1  94.92 10021.00 2   0.0 -37.5     30611350   0   1800      1018650
    28  0 1  94.57 10021.00 2   0.0 -36.3     32509600   0   1750      1898250
    29  0 1  94.57 10019.50 2   0.0 -35.6     33402800   0   1550       893200
    30  0 1  95.27 10019.50 2   0.0 -35.0     34271000   0   1550       868200
    31  0 1  94.57 10021.00 2   0.0 -34.4     35123950   0   1700       852950
    32  0 1  94.92 10021.00 2   0.0 -33.8     35974400   0   1800       850450
    33  0 1  95.62 10021.00 2   0.0 -33.4     36830650   0   1700       856250
    34  0 1  95.62 10021.00 2   0.0 -32.8     37704400   0   1700       873750
    35  0 1  94.57 10019.50 2   0.0 -32.5     38604100   0   1500       899700
    36  0 1  95.62 10019.50 2   0.0 -31.9     39540550   0   1450       936450
    37  0 1  95.27 10019.50 2   0.0 -31.3     41541650   0   1600      2001100
    38  0 1  94.92 10021.00 2   0.0 -30.9     42610300   0   1850      1068650
    39  0 1  95.62 10021.00 2   0.0 -30.6     43719250   0   1850      1108950
    40  0 1  94.57 10021.00 2   0.0 -30.6     44857650   0   1750      1138400
    41  0 1  94.57 10019.50 2   0.0 -30.3     46006200   0   1850      1148550
    42  0 1  95.62 10019.50 2   0.0 -30.3     47148250   0   1750      1142050
    43  0 1  94.57 10021.00 2   0.0 -30.0     48265250   0   1500      1117000
    44  0 1  95.62 10021.00 2   0.0 -30.0     49341800   0   1700      1076550
    45  0 1  95.27 10021.00 2   0.0 -30.0     50371900   0   1800      1030100
    46  0 1  94.22 10021.00 2   0.0 -30.0     52292300   0   1800      1920400
    47  0 1  95.27 10021.00 2   0.0 -30.3     53193100   0   1850       900800
    48  0 1  94.22 10021.00 2   0.0 -30.3     54066150   0   1900       873050
    49  0 1  95.27 10021.00 2   0.0 -30.6     54922550   0   1500       856400
    50  0 1  95.27 10021.00 2   0.0 -30.6     55772700   0   1850       850150
    51  0 1  95.62 10021.00 2   0.0 -30.9     56626300   0   1800       853600
    52  0 1  95.27 10021.00 2   0.0 -31.3     57495000   0   1500       868700
    53  0 1  95.62 10021.00 2   0.0 -31.6     58387800   0   1550       892800
    54  0 1  95.27 10021.00 2   0.0 -31.9     59314350   0   1500       926550
    55  0 1  95.27 10021.00 2   0.0 -32.8     61294450   0   1750      1980100
    56  0 1  94.57 10021.00 2   0.0 -33.4     62353100   0   1500      1058650
    57  0 1  94.92 10019.50 2   0.0 -33.8     63454200   0   1450      1101100
    58  0 1  94.22 10021.00 2   0.0 -34.4     64586150   0   1800      1131950
    59  0 1  95.27 10021.00 2   0.0 -35.0     65734150   0   1500      1148000
    60  0 1  95.62 10021.00 2   0.0 -35.6     66880200   0   1900      1146050
    61  0 1  94.57 10019.50 2   0.0 -36.3     68004250   0   1550      1124050
    62  0 1  95.62 10021.00 2   0.0 -36.9     69092450   0   1850      1088200
    63  0 1  94.92 10019.50 2   0.0 -37.5     70134850   0   1550      1042400
    64  0 1  95.27 10021.00 2   0.0 -39.1     72074600   0   1500      1939750
    65  0 1  94.57 10019.50 2   0.0 -40.0     72983750   0   1650       909150
    66  0 1  94.22 10019.50 2   0.0 -40.9     73863000   0   1500       879250
    67  0 1  94.22 10019.50 2   0.0 -41.6     74721600   0   1500       858600
    68  0 1  94.22 10021.00 2   0.0 -42.5     75571800   0   1550       850200
    69  0 1  94.57 10021.00 2   0.0 -43.4     76423950   0   1450       852150
    70  0 1  94.57 10021.00 2   0.0 -44.4     77287600   0   1500       863650
    71  0 1  94.92 10019.50 2   0.0 -45.6     78174550   0   1800       886950
    72  0 1  95.62 10019.50 2   0.0 -46.6     79092600   0   1900       918050
    73  0 1  94.92 10021.00 2   0.0 -48.4     81051700   0   1800      1959100
    74  0 1  94.22 10021.00 2   0.0 -49.7     82100050   0   1550      1048350
    75  0 1  94.92 10019.50 2   0.0 -50.6     83190600   0   1800      1090550
    76  0 1  94.57 10019.50 2   0.0 -51.9     84316650   0   1700      1126050
    77  0 1  94.22 10021.00 2   0.0 -53.1     85463100   0   1900      1146450
    78  0 1  94.57 10019.50 2   0.0 -54.1     86611450   0   1600      1148350
    79  0 1  94.57 10021.00 2   0.0 -55.3     87742750   0   1900      1131300
    80  0 1  95.62 10021.00 2   0.0 -56.6     88840150   0   1600      1097400
    81  0 1  95.27 10021.00 2   0.0 -57.5     89892850   0   1450      1052700
    82  0 1  95.62 10021.00 2   0.0 -60.0     91855250   0   1850      1962400
    83  0 1  95.27 10021.00 2   0.0 -61.3     92772600   0   1700       917350
    84  0 1  95.27 10019.50 2   0.0 -62.5     93657100   0   1750       884500
    85  0 1  94.92 10019.50 2   0.0 -63.8     94519800   0   1850       862700
    86  0 1  94.92 10019.50 2   0.0 -65.0     95371100   0   1800       851300
    87  0 1  95.62 10019.50 2   0.0 -66.3     96221700   0   1450       850600
    88  0 1  94.57 10021.00 2   0.0 -67.5     97081200   0   1500       859500
    89  0 1  95.27 10021.00 2   0.0 -68.8     97961350   0   1600       880150
