    NO  S V  AOA    FREQ    B  FMOP  AMP      TOA      PMOP  PW         dTOA  
------ -- - ------ -------- - ----- ----- ------------ --- ------ ------------
     0  0 1  95.62 10021.00 2   0.0 -70.0            0   0   1600  42949673000
     1  0 1  95.27 10021.00 2   0.0 -68.8      1000050   0   1800      1000050
     2  0 1  94.57 10021.00 2   0.0 -67.5      2045650   0   1800      1045600
     3  0 1  94.22 10021.00 2   0.0 -66.3      3134950   0   1550      1089300
     4  0 1  94.57 10021.00 2   0.0 -63.8      5403600   0   1450      2268650
     5  0 1  94.92 10021.00 2   0.0 -62.5      6551350   0   1500      1147750
     6  0 1  95.27 10021.00 2   0.0 -61.3      7683300   0   1650      1131950
     7  0 1  94.57 10021.00 2   0.0 -60.0      8781800   0   1450      1098500
     8  0 1  94.92 10019.50 2   0.0 -58.8      9837500   0   1650      1055700
     9  0 1  94.57 10021.00 2   0.0 -57.5     10844400   0   1500      1006900
    10  0 1  95.62 10021.00 2   0.0 -56.6     11804700   0   1850       960300
    11  0 1  95.27 10019.50 2   0.0 -55.3     12724000   0   1650       919300
    12  0 1  94.57 10021.00 2   0.0 -54.1     13610300   0   1900       886300
    13  0 1  94.22 10021.00 2   0.0 -51.9     15325800   0   1700      1715500
    14  0 1  95.27 10021.00 2   0.0 -50.6     16175650   0   1900       849850
    15  0 1  94.92 10021.00 2   0.0 -49.7     17035950   0   1900       860300
    16  0 1  95.27 10021.00 2   0.0 -48.4     17914750   0   1900       878800
    17  0 1  94.92 10021.00 2   0.0 -47.5     18822850   0   1550       908100
    18  0 1  94.22 10021.00 2   0.0 -46.6     19768000   0   1500       945150
    19  0 1  94.57 10021.00 2   0.0 -45.6     20756550   0   1700       988550
    20  0 1  95.62 10021.00 2   0.0 -44.4     21791350   0   1600      1034800
    21  0 1  95.27 10021.00 2   0.0 -43.4     22871400   0   1700      1080050
    22  0 1  95.62 10021.00 2   0.0 -41.6     25129900   0   1450      2258500
    23  0 1  94.22 10019.50 2   0.0 -40.9     26278550   0   1800      1148650
    24  0 1  95.62 10021.00 2   0.0 -40.0     27416500   0   1900      1137950
    25  0 1  94.57 10021.00 2   0.0 -39.1     28524350   0   1500      1107850
    26  0 1  95.62 10021.00 2   0.0 -38.4     29591300   0   1550      1066950
    27  0 1  95.27 10021.00 2   0.0 -37.5     30610300   0   1700      1019000
    28  0 1  94.57 10021.00 2   0.0 -36.9     31580950   0   1500       970650
    29  0 1  94.57 10021.00 2   0.0 -36.3     32509100   0   1600       928150
    30  0 1  95.27 10019.50 2   0.0 -35.6     33402300   0   1750       893200
    31  0 1  95.27 10021.00 2   0.0 -34.4     35123800   0   1800      1721500
    32  0 1  95.62 10021.00 2   0.0 -33.8     35974250   0   1650       850450
    33  0 1  94.92 10021.00 2   0.0 -33.4     36829950   0   1500       855700
    34  0 1  94.92 10021.00 2   0.0 -32.8     37703500   0   1900       873550
    35  0 1  95.27 10019.50 2   0.0 -32.5     38603150   0   1800       899650
    36  0 1  94.22 10019.50 2   0.0 -31.9     39538900   0   1750       935750
    37  0 1  94.57 10021.00 2   0.0 -31.6     40517200   0   1550       978300
    38  0 1  95.62 10021.00 2   0.0 -31.3     41540900   0   1600      1023700
    39  0 1  94.92 10019.50 2   0.0 -30.9     42609750   0   1850      1068850
    40  0 1  94.57 10021.00 2   0.0 -30.6     44856150   0   1450      2246400
    41  0 1  95.62 10019.50 2   0.0 -30.3     46005250   0   1450      1149100
    42  0 1  94.92 10021.00 2   0.0 -30.3     47146750   0   1700      1141500
    43  0 1  94.22 10019.50 2   0.0 -30.0     48263500   0   1800      1116750
    44  0 1  95.62 10021.00 2   0.0 -30.0     49340250   0   1900      1076750
    45  0 1  94.22 10021.00 2   0.0 -30.0     50369900   0   1900      1029650
    46  0 1  94.57 10021.00 2   0.0 -30.0     51351850   0   1550       981950
    47  0 1  94.57 10021.00 2   0.0 -30.0     52289450   0   1600       937600
    48  0 1  94.57 10019.50 2   0.0 -30.3     53190900   0   1750       901450
    49  0 1  94.57 10021.00 2   0.0 -30.6     54919550   0   1700      1728650
    50  0 1  95.27 10019.50 2   0.0 -30.6     55769800   0   1750       850250
    51  0 1  95.27 10019.50 2   0.0 -30.9     56623300   0   1550       853500
    52  0 1  94.57 10021.00 2   0.0 -31.3     57492650   0   1850       869350
    53  0 1  95.62 10019.50 2   0.0 -31.6     58385500   0   1900       892850
    54  0 1  94.57 10021.00 2   0.0 -31.9     59312650   0   1650       927150
    55  0 1  94.92 10021.00 2   0.0 -32.5     60279750   0   1450       967100
    56  0 1  94.22 10021.00 2   0.0 -32.8     61292550   0   1800      1012800
    57  0 1  95.62 10021.00 2   0.0 -33.4     62351100   0   1450      1058550
    58  0 1  94.57 10021.00 2   0.0 -34.4     64582650   0   1700      2231550
    59  0 1  94.92 10021.00 2   0.0 -35.0     65731100   0   1700      1148450
    60  0 1  95.62 10021.00 2   0.0 -35.6     66877050   0   1500      1145950
    61  0 1  94.22 10021.00 2   0.0 -36.3     68001450   0   1500      1124400
    62  0 1  94.92 10021.00 2   0.0 -36.9     69089150   0   1750      1087700
    63  0 1  94.92 10021.00 2   0.0 -37.5     70130800   0   1700      1041650
    64  0 1  94.22 10021.00 2   0.0 -38.4     71123850   0   1650       993050
    65  0 1  94.57 10021.00 2   0.0 -39.1     72071900   0   1500       948050
    66  0 1  94.22 10021.00 2   0.0 -40.0     72980850   0   1600       908950
    67  0 1  94.22 10021.00 2   0.0 -41.6     74719050   0   1500      1738200
    68  0 1  94.57 10019.50 2   0.0 -42.5     75569150   0   1550       850100
    69  0 1  94.92 10021.00 2   0.0 -43.4     76420950   0   1900       851800
    70  0 1  94.22 10019.50 2   0.0 -44.4     77284800   0   1900       863850
    71  0 1  94.22 10021.00 2   0.0 -45.6     78171700   0   1600       886900
    72  0 1  95.27 10021.00 2   0.0 -46.6     79090000   0   1600       918300
    73  0 1  95.62 10019.50 2   0.0 -47.5     80047250   0   1450       957250
    74  0 1  94.92 10019.50 2   0.0 -48.4     81048750   0   1800      1001500
    75  0 1  94.57 10021.00 2   0.0 -49.7     82096750   0   1800      1048000
    76  0 1  94.22 10021.00 2   0.0 -51.9     84312850   0   1550      2216100
    77  0 1  94.22 10021.00 2   0.0 -53.1     85459250   0   1450      1146400
    78  0 1  94.92 10019.50 2   0.0 -54.1     86607450   0   1650      1148200
    79  0 1  94.57 10021.00 2   0.0 -55.3     87738150   0   1650      1130700
    80  0 1  95.62 10019.50 2   0.0 -56.6     88834800   0   1600      1096650
    81  0 1  95.62 10021.00 2   0.0 -57.5     89887900   0   1550      1053100
    82  0 1  95.62 10021.00 2   0.0 -58.8     90893250   0   1600      1005350
    83  0 1  94.22 10019.50 2   0.0 -60.0     91851200   0   1900       957950
    84  0 1  94.57 10021.00 2   0.0 -61.3     92768350   0   1500       917150
    85  0 1  95.62 10019.50 2   0.0 -63.8     94516200   0   1500      1747850
    86  0 1  94.92 10019.50 2   0.0 -65.0     95366900   0   1450       850700
    87  0 1  94.57 10019.50 2   0.0 -66.3     96216500   0   1600       849600
    88  0 1  94.57 10021.00 2   0.0 -67.5     97076350   0   1900       859850
    89  0 1  94.57 10021.00 2   0.0 -68.8     97955900   0   1450       879550
