    NO  S V  AOA    FREQ    B  FMOP  AMP      TOA      PMOP  PW         dTOA  
------ -- - ------ -------- - ----- ----- ------------ --- ------ ------------
     0  0 1  95.62 10019.50 2   0.0 -70.0            0   0   1450  42949673000
     1  0 1  95.62 10021.00 2   0.0 -68.8      1000050   0   1650      1000050
     2  0 1  94.57 10019.50 2   0.0 -66.3      3134600   0   1900      2134550
     3  0 1  94.92 10021.00 2   0.0 -65.0      4259000   0   1550      1124400
     4  0 1  94.22 10021.00 2   0.0 -63.8      5403750   0   1650      1144750
     5  0 1  95.62 10019.50 2   0.0 -62.5      6551950   0   1650      1148200
     6  0 1  94.22 10021.00 2   0.0 -61.3      7684000   0   1750      1132050
     7  0 1  94.22 10019.50 2   0.0 -60.0      8783350   0   1850      1099350
     8  0 1  95.27 10021.00 2   0.0 -58.8      9838250   0   1650      1054900
     9  0 1  94.22 10021.00 2   0.0 -57.5     10845300   0   1500      1007050
    10  0 1  94.57 10019.50 2   0.0 -56.6     11805500   0   1800       960200
    11  0 1  95.27 10021.00 2   0.0 -54.1     13610650   0   1550      1805150
    12  0 1  94.92 10021.00 2   0.0 -53.1     14475000   0   1450       864350
    13  0 1  95.62 10021.00 2   0.0 -51.9     15327050   0   1750       852050
    14  0 1  95.27 10021.00 2   0.0 -50.6     16176800   0   1650       849750
    15  0 1  95.62 10019.50 2   0.0 -49.7     17037050   0   1700       860250
    16  0 1  94.22 10021.00 2   0.0 -48.4     17915800   0   1450       878750
    17  0 1  95.27 10021.00 2   0.0 -47.5     18824100   0   1550       908300
    18  0 1  95.62 10021.00 2   0.0 -46.6     19768600   0   1550       944500
    19  0 1  94.92 10021.00 2   0.0 -45.6     20757500   0   1500       988900
    20  0 1  94.22 10019.50 2   0.0 -43.4     22873150   0   1700      2115650
    21  0 1  94.92 10021.00 2   0.0 -42.5     23990550   0   1700      1117400
    22  0 1  94.57 10019.50 2   0.0 -41.6     25133000   0   1500      1142450
    23  0 1  94.57 10021.00 2   0.0 -40.9     26281550   0   1650      1148550
    24  0 1  94.22 10019.50 2   0.0 -40.0     27419750   0   1650      1138200
    25  0 1  94.57 10019.50 2   0.0 -39.1     28527650   0   1500      1107900
    26  0 1  94.22 10021.00 2   0.0 -38.4     29593150   0   1550      1065500
    27  0 1  95.62 10021.00 2   0.0 -37.5     30612600   0   1750      1019450
    28  0 1  94.22 10021.00 2   0.0 -36.9     31583700   0   1500       971100
    29  0 1  95.62 10021.00 2   0.0 -35.6     33404700   0   1850      1821000
    30  0 1  94.22 10021.00 2   0.0 -35.0     34272350   0   1500       867650
    31  0 1  95.62 10019.50 2   0.0 -34.4     35125200   0   1700       852850
    32  0 1  94.57 10019.50 2   0.0 -33.8     35974700   0   1500       849500
    33  0 1  94.57 10021.00 2   0.0 -33.4     36830450   0   1700       855750
    34  0 1  94.22 10019.50 2   0.0 -32.8     37704400   0   1850       873950
    35  0 1  94.22 10021.00 2   0.0 -32.5     38604200   0   1500       899800
    36  0 1  94.57 10021.00 2   0.0 -31.9     39539900   0   1450       935700
    37  0 1  94.92 10019.50 2   0.0 -31.6     40517550   0   1800       977650
    38  0 1  94.57 10019.50 2   0.0 -30.9     42610450   0   1900      2092900
    39  0 1  95.62 10019.50 2   0.0 -30.6     43719350   0   1800      1108900
    40  0 1  95.27 10021.00 2   0.0 -30.6     44857450   0   1850      1138100
    41  0 1  94.57 10021.00 2   0.0 -30.3     46006250   0   1550      1148800
    42  0 1  94.92 10021.00 2   0.0 -30.3     47148500   0   1750      1142250
    43  0 1  95.27 10021.00 2   0.0 -30.0     48265650   0   1600      1117150
    44  0 1  94.92 10021.00 2   0.0 -30.0     49342300   0   1800      1076650
    45  0 1  94.22 10021.00 2   0.0 -30.0     50371900   0   1550      1029600
    46  0 1  95.27 10021.00 2   0.0 -30.0     51353750   0   1450       981850
    47  0 1  94.92 10019.50 2   0.0 -30.3     53192750   0   1500      1839000
    48  0 1  94.22 10021.00 2   0.0 -30.3     54065500   0   1450       872750
    49  0 1  94.57 10019.50 2   0.0 -30.6     54921150   0   1800       855650
    50  0 1  94.92 10019.50 2   0.0 -30.6     55771600   0   1600       850450
    51  0 1  94.22 10021.00 2   0.0 -30.9     56625550   0   1500       853950
    52  0 1  95.27 10021.00 2   0.0 -31.3     57494600   0   1800       869050
    53  0 1  95.27 10019.50 2   0.0 -31.6     58387800   0   1750       893200
    54  0 1  94.22 10021.00 2   0.0 -31.9     59314400   0   1600       926600
    55  0 1  94.92 10019.50 2   0.0 -32.5     60281700   0   1600       967300
    56  0 1  94.57 10019.50 2   0.0 -33.4     62353550   0   1850      2071850
    57  0 1  94.22 10019.50 2   0.0 -33.8     63454900   0   1500      1101350
    58  0 1  94.92 10021.00 2   0.0 -34.4     64586550   0   1550      1131650
    59  0 1  95.62 10019.50 2   0.0 -35.0     65734600   0   1450      1148050
    60  0 1  94.22 10021.00 2   0.0 -35.6     66880700   0   1600      1146100
    61  0 1  95.27 10021.00 2   0.0 -36.3     68004950   0   1750      1124250
    62  0 1  94.57 10019.50 2   0.0 -36.9     69092000   0   1850      1087050
    63  0 1  94.22 10021.00 2   0.0 -37.5     70134000   0   1450      1042000
    64  0 1  95.62 10019.50 2   0.0 -38.4     71126600   0   1550       992600
    65  0 1  94.22 10019.50 2   0.0 -40.0     72983350   0   1800      1856750
    66  0 1  94.22 10021.00 2   0.0 -40.9     73862250   0   1450       878900
    67  0 1  94.57 10019.50 2   0.0 -41.6     74721650   0   1800       859400
    68  0 1  95.62 10019.50 2   0.0 -42.5     75571950   0   1450       850300
    69  0 1  94.22 10019.50 2   0.0 -43.4     76423750   0   1900       851800
    70  0 1  94.92 10021.00 2   0.0 -44.4     77288050   0   1450       864300
    71  0 1  95.27 10019.50 2   0.0 -45.6     78174750   0   1600       886700
    72  0 1  95.27 10019.50 2   0.0 -46.6     79092750   0   1550       918000
    73  0 1  94.22 10021.00 2   0.0 -47.5     80049700   0   1500       956950
    74  0 1  94.57 10021.00 2   0.0 -49.7     82100250   0   1700      2050550
    75  0 1  95.27 10021.00 2   0.0 -50.6     83190850   0   1800      1090600
    76  0 1  94.92 10021.00 2   0.0 -51.9     84316900   0   1650      1126050
    77  0 1  94.57 10019.50 2   0.0 -53.1     85463000   0   1900      1146100
    78  0 1  95.62 10019.50 2   0.0 -54.1     86610800   0   1450      1147800
    79  0 1  95.27 10019.50 2   0.0 -55.3     87741750   0   1850      1130950
    80  0 1  95.27 10021.00 2   0.0 -56.6     88838600   0   1500      1096850
    81  0 1  95.27 10021.00 2   0.0 -57.5     89891250   0   1500      1052650
    82  0 1  95.27 10019.50 2   0.0 -58.8     90896500   0   1450      1005250
    83  0 1  95.27 10021.00 2   0.0 -61.3     92771200   0   1800      1874700
    84  0 1  94.22 10021.00 2   0.0 -62.5     93655800   0   1500       884600
    85  0 1  95.27 10019.50 2   0.0 -63.8     94518600   0   1600       862800
    86  0 1  94.57 10019.50 2   0.0 -65.0     95369550   0   1550       850950
    87  0 1  94.92 10021.00 2   0.0 -66.3     96220600   0   1550       851050
    88  0 1  94.57 10021.00 2   0.0 -67.5     97080300   0   1550       859700
    89  0 1  95.62 10021.00 2   0.0 -68.8     97959900   0   1800       879600
