    NO  S V  AOA    FREQ    B  FMOP  AMP      TOA      PMOP  PW         dTOA  
------ -- - ------ -------- - ----- ----- ------------ --- ------ ------------
     0  0 1  94.57 10021.00 2   0.0 -70.0            0   0   1700  42949673000
     1  0 1  95.27 10019.50 2   0.0 -68.8       999900   0   1850       999900
     2  0 1  94.57 10019.50 2   0.0 -67.5      2046350   0   1500      1046450
     3  0 1  95.27 10021.00 2   0.0 -65.0      4259400   0   1700      2213050
     4  0 1  94.22 10019.50 2   0.0 -63.8      5404350   0   1450      1144950
     5  0 1  94.92 10021.00 2   0.0 -62.5      6551900   0   1600      1147550
     6  0 1  94.92 10019.50 2   0.0 -61.3      7683550   0   1600      1131650
     7  0 1  95.27 10021.00 2   0.0 -60.0      8782200   0   1900      1098650
     8  0 1  94.92 10021.00 2   0.0 -58.8      9837500   0   1550      1055300
     9  0 1  94.92 10019.50 2   0.0 -57.5     10844850   0   1650      1007350
    10  0 1  94.92 10019.50 2   0.0 -56.6     11805000   0   1600       960150
    11  0 1  95.27 10021.00 2   0.0 -55.3     12723700   0   1450       918700
    12  0 1  94.22 10021.00 2   0.0 -53.1     14473500   0   1500      1749800
    13  0 1  94.22 10021.00 2   0.0 -51.9     15325300   0   1450       851800
    14  0 1  94.22 10019.50 2   0.0 -50.6     16175600   0   1600       850300
    15  0 1  94.22 10021.00 2   0.0 -49.7     17035350   0   1800       859750
    16  0 1  94.57 10021.00 2   0.0 -48.4     17913900   0   1800       878550
    17  0 1  95.27 10019.50 2   0.0 -47.5     18822200   0   1500       908300
    18  0 1  95.62 10021.00 2   0.0 -46.6     19767200   0   1750       945000
    19  0 1  95.62 10021.00 2   0.0 -45.6     20755950   0   1850       988750
    20  0 1  95.62 10019.50 2   0.0 -44.4     21791350   0   1550      1035400
    21  0 1  94.22 10021.00 2   0.0 -42.5     23988400   0   1850      2197050
    22  0 1  94.92 10021.00 2   0.0 -41.6     25130450   0   1750      1142050
    23  0 1  94.57 10021.00 2   0.0 -40.9     26279050   0   1750      1148600
    24  0 1  94.22 10021.00 2   0.0 -40.0     27417100   0   1800      1138050
    25  0 1  94.22 10019.50 2   0.0 -39.1     28525000   0   1650      1107900
    26  0 1  94.57 10021.00 2   0.0 -38.4     29592300   0   1500      1067300
    27  0 1  94.92 10021.00 2   0.0 -37.5     30611700   0   1550      1019400
    28  0 1  95.62 10019.50 2   0.0 -36.9     31582250   0   1450       970550
    29  0 1  94.92 10021.00 2   0.0 -36.3     32510500   0   1500       928250
    30  0 1  94.22 10021.00 2   0.0 -35.0     34270900   0   1700      1760400
    31  0 1  95.62 10021.00 2   0.0 -34.4     35123400   0   1550       852500
    32  0 1  94.92 10021.00 2   0.0 -33.8     35973400   0   1650       850000
    33  0 1  94.57 10019.50 2   0.0 -33.4     36829700   0   1700       856300
    34  0 1  94.57 10021.00 2   0.0 -32.8     37703950   0   1550       874250
    35  0 1  95.27 10021.00 2   0.0 -32.5     38604050   0   1500       900100
    36  0 1  94.57 10021.00 2   0.0 -31.9     39539700   0   1800       935650
    37  0 1  94.22 10021.00 2   0.0 -31.6     40517250   0   1850       977550
    38  0 1  94.57 10021.00 2   0.0 -31.3     41541300   0   1750      1024050
    39  0 1  94.57 10021.00 2   0.0 -30.6     43719100   0   1800      2177800
    40  0 1  94.92 10019.50 2   0.0 -30.6     44857050   0   1700      1137950
    41  0 1  94.22 10019.50 2   0.0 -30.3     46005650   0   1500      1148600
    42  0 1  94.57 10021.00 2   0.0 -30.3     47147700   0   1700      1142050
    43  0 1  95.27 10021.00 2   0.0 -30.0     48264200   0   1700      1116500
    44  0 1  94.22 10021.00 2   0.0 -30.0     49340950   0   1900      1076750
    45  0 1  94.92 10021.00 2   0.0 -30.0     50370550   0   1550      1029600
    46  0 1  94.92 10019.50 2   0.0 -30.0     51352350   0   1650       981800
    47  0 1  94.22 10019.50 2   0.0 -30.0     52289950   0   1650       937600
    48  0 1  95.62 10019.50 2   0.0 -30.3     54063650   0   1450      1773700
    49  0 1  95.27 10021.00 2   0.0 -30.6     54919750   0   1850       856100
    50  0 1  94.57 10021.00 2   0.0 -30.6     55769500   0   1800       849750
    51  0 1  95.27 10019.50 2   0.0 -30.9     56623900   0   1650       854400
    52  0 1  94.57 10019.50 2   0.0 -31.3     57492900   0   1650       869000
    53  0 1  95.27 10019.50 2   0.0 -31.6     58386000   0   1450       893100
    54  0 1  94.92 10019.50 2   0.0 -31.9     59313450   0   1850       927450
    55  0 1  95.27 10021.00 2   0.0 -32.5     60280200   0   1500       966750
    56  0 1  94.57 10019.50 2   0.0 -32.8     61293350   0   1500      1013150
    57  0 1  94.57 10019.50 2   0.0 -33.8     63453400   0   1800      2160050
    58  0 1  94.22 10019.50 2   0.0 -34.4     64584900   0   1850      1131500
    59  0 1  94.92 10021.00 2   0.0 -35.0     65732850   0   1650      1147950
    60  0 1  94.92 10019.50 2   0.0 -35.6     66878750   0   1600      1145900
    61  0 1  95.27 10019.50 2   0.0 -36.3     68003050   0   1650      1124300
    62  0 1  94.57 10019.50 2   0.0 -36.9     69091200   0   1550      1088150
    63  0 1  95.62 10021.00 2   0.0 -37.5     70133000   0   1450      1041800
    64  0 1  95.27 10021.00 2   0.0 -38.4     71126000   0   1600       993000
    65  0 1  94.57 10019.50 2   0.0 -39.1     72073750   0   1500       947750
    66  0 1  95.62 10021.00 2   0.0 -40.9     73861750   0   1550      1788000
    67  0 1  94.22 10021.00 2   0.0 -41.6     74720800   0   1850       859050
    68  0 1  94.57 10019.50 2   0.0 -42.5     75570350   0   1850       849550
    69  0 1  94.92 10019.50 2   0.0 -43.4     76422500   0   1500       852150
    70  0 1  95.62 10021.00 2   0.0 -44.4     77286000   0   1850       863500
    71  0 1  95.62 10021.00 2   0.0 -45.6     78173100   0   1750       887100
    72  0 1  94.57 10021.00 2   0.0 -46.6     79091050   0   1600       917950
    73  0 1  94.92 10021.00 2   0.0 -47.5     80047850   0   1650       956800
    74  0 1  94.92 10021.00 2   0.0 -48.4     81050100   0   1700      1002250
    75  0 1  94.92 10021.00 2   0.0 -50.6     83188650   0   1600      2138550
    76  0 1  95.27 10019.50 2   0.0 -51.9     84314850   0   1750      1126200
    77  0 1  94.92 10021.00 2   0.0 -53.1     85460350   0   1750      1145500
    78  0 1  94.57 10021.00 2   0.0 -54.1     86608250   0   1700      1147900
    79  0 1  94.22 10021.00 2   0.0 -55.3     87738800   0   1500      1130550
    80  0 1  94.57 10021.00 2   0.0 -56.6     88836050   0   1450      1097250
    81  0 1  95.62 10019.50 2   0.0 -57.5     89888700   0   1650      1052650
    82  0 1  95.62 10021.00 2   0.0 -58.8     90893300   0   1550      1004600
    83  0 1  95.27 10019.50 2   0.0 -60.0     91850950   0   1850       957650
    84  0 1  94.92 10021.00 2   0.0 -62.5     93653000   0   1850      1802050
    85  0 1  94.92 10021.00 2   0.0 -63.8     94516300   0   1900       863300
    86  0 1  94.57 10021.00 2   0.0 -65.0     95366850   0   1900       850550
    87  0 1  94.92 10021.00 2   0.0 -66.3     96216950   0   1500       850100
    88  0 1  94.57 10019.50 2   0.0 -67.5     97077300   0   1750       860350
    89  0 1  95.27 10021.00 2   0.0 -68.8     97957300   0   1650       880000
