    NO  S V  AOA    FREQ    B  FMOP  AMP      TOA      PMOP  PW         dTOA  
------ -- - ------ -------- - ----- ----- ------------ --- ------ ------------
     0  0 1  94.22 10153.00 2   0.0 -69.1       940000   0   1800  42950613000
     1  0 1  94.22  9994.00 2   0.0 -68.4      1879500   0   1750       939500
     2  0 1  94.57 10009.00 2   0.0 -67.5      2819200   0   2100       939700
     3  0 1  94.22  9850.00 2   0.0 -66.6      3758950   0   1950       939750
     4  0 1  94.22  9826.00 2   0.0 -65.9      4698550   0   2050       939600
     5  0 1  94.22 10030.00 2   0.0 -65.0      5628100   0   1750       929550
     6  0 1  95.27  9845.50 2   0.0 -64.1      6558100   0   1800       930000
     7  0 1  94.92 10117.00 2   0.0 -63.4      7487850   0   2050       929750
     8  0 1  94.92  9911.50 2   0.0 -62.5      8417350   0   1750       929500
     9  0 1  95.27  9826.00 2   0.0 -60.9     10267300   0   1650      1849950
    10  0 1  94.22  9839.50 2   0.0 -60.0     11187250   0   1700       919950
    11  0 1  95.27  9805.00 2   0.0 -59.4     12106800   0   1950       919550
    12  0 1  95.27 10141.00 2   0.0 -58.4     13026650   0   1750       919850
    13  0 1  95.62  9892.00 2   0.0 -57.5     13946200   0   2050       919550
    14  0 1  94.22  9983.50 2   0.0 -56.9     14855700   0   1950       909500
    15  0 1  94.57  9901.00 2   0.0 -55.9     15765800   0   2050       910100
    16  0 1  94.57  9997.00 2   0.0 -55.3     16676250   0   2050       910450
    17  0 1  94.92  9950.50 2   0.0 -54.4     17586300   0   1900       910050
    18  0 1  95.27  9878.50 2   0.0 -53.1     19496100   0   2050      1909800
    19  0 1  95.62  9985.00 2   0.0 -52.2     20495850   0   1900       999750
    20  0 1  95.27  9884.50 2   0.0 -51.6     21495850   0   1650      1000000
    21  0 1  94.92 10070.50 2   0.0 -50.6     22496200   0   2100      1000350
    22  0 1  95.62 10070.50 2   0.0 -50.0     23496550   0   1750      1000350
    23  0 1  94.57  9835.00 2   0.0 -49.4     24486300   0   1850       989750
    24  0 1  95.62  9883.00 2   0.0 -48.4     25476000   0   1750       989700
    25  0 1  95.62 10123.00 2   0.0 -47.8     26466450   0   1700       990450
    26  0 1  94.22 10163.50 2   0.0 -47.2     27456550   0   2000       990100
    27  0 1  95.62 10148.50 2   0.0 -45.9     29426150   0   2100      1969600
    28  0 1  94.92  9980.50 2   0.0 -45.0     30405950   0   1950       979800
    29  0 1  94.57 10135.00 2   0.0 -44.4     31385800   0   1850       979850
    30  0 1  94.92  9935.50 2   0.0 -43.8     32365750   0   1650       979950
    31  0 1  94.22 10189.00 2   0.0 -43.1     33345700   0   1650       979950
    32  0 1  94.92  9880.00 2   0.0 -42.5     34315800   0   1650       970100
    33  0 1  94.57  9808.00 2   0.0 -41.9     35285750   0   1650       969950
    34  0 1  95.27  9875.50 2   0.0 -41.6     36256100   0   1850       970350
    35  0 1  95.27  9958.00 2   0.0 -40.9     37225750   0   1700       969650
    36  0 1  94.22 10141.00 2   0.0 -39.7     39155750   0   1750      1930000
    37  0 1  94.57 10043.50 2   0.0 -39.1     40115750   0   2050       960000
    38  0 1  94.92 10007.50 2   0.0 -38.8     41075250   0   1800       959500
    39  0 1  94.92 10171.00 2   0.0 -38.1     42035600   0   1900       960350
    40  0 1  94.92  9898.00 2   0.0 -37.5     42995950   0   1700       960350
    41  0 1  94.92  9922.00 2   0.0 -37.2     43946050   0   1800       950100
    42  0 1  95.27  9824.50 2   0.0 -36.6     44896350   0   1950       950300
    43  0 1  94.22  9940.00 2   0.0 -36.3     45846550   0   2000       950200
    44  0 1  94.22 10193.50 2   0.0 -35.9     46796900   0   1700       950350
    45  0 1  95.62  9968.50 2   0.0 -35.0     48686750   0   1750      1889850
    46  0 1  95.62 10075.00 2   0.0 -34.7     49627000   0   1750       940250
    47  0 1  94.92 10117.00 2   0.0 -34.1     50567150   0   2100       940150
    48  0 1  94.22  9953.50 2   0.0 -33.8     51507100   0   1750       939950
    49  0 1  94.22  9898.00 2   0.0 -33.4     52447550   0   1750       940450
    50  0 1  94.57  9811.00 2   0.0 -33.1     53377400   0   1950       929850
    51  0 1  94.57 10114.00 2   0.0 -32.8     54307650   0   1800       930250
    52  0 1  94.57  9838.00 2   0.0 -32.5     55237700   0   1850       930050
    53  0 1  94.57 10150.00 2   0.0 -32.2     56167900   0   2000       930200
    54  0 1  95.62  9935.50 2   0.0 -31.6     58017800   0   2000      1849900
    55  0 1  94.92  9964.00 2   0.0 -31.6     58938050   0   1750       920250
    56  0 1  94.57 10018.00 2   0.0 -31.3     59858100   0   2000       920050
    57  0 1  94.92  9991.00 2   0.0 -30.9     60778150   0   1650       920050
    58  0 1  94.92 10106.50 2   0.0 -30.9     61698600   0   1750       920450
    59  0 1  95.62 10055.50 2   0.0 -30.6     62608750   0   1800       910150
    60  0 1  95.27  9832.00 2   0.0 -30.6     63519050   0   1700       910300
    61  0 1  95.27 10006.00 2   0.0 -30.3     64429250   0   2050       910200
    62  0 1  94.92  9883.00 2   0.0 -30.3     65339200   0   1900       909950
    63  0 1  95.62 10108.00 2   0.0 -30.0     67248950   0   2050      1909750
    64  0 1  95.62 10021.00 2   0.0 -30.0     68249400   0   2100      1000450
    65  0 1  94.22  9826.00 2   0.0 -30.0     69249050   0   1650       999650
    66  0 1  94.92 10111.00 2   0.0 -30.0     70249400   0   2000      1000350
    67  0 1  94.22  9853.00 2   0.0 -30.0     71248950   0   2000       999550
    68  0 1  94.92 10019.50 2   0.0 -30.0     72238750   0   2100       989800
    69  0 1  95.27 10147.00 2   0.0 -30.0     73228400   0   1750       989650
    70  0 1  95.27  9806.50 2   0.0 -30.0     74218400   0   1850       990000
    71  0 1  94.22  9935.50 2   0.0 -30.0     75208250   0   2050       989850
    72  0 1  95.27 10001.50 2   0.0 -30.3     77177750   0   1750      1969500
    73  0 1  95.62  9910.00 2   0.0 -30.3     78158200   0   2000       980450
    74  0 1  94.92 10157.50 2   0.0 -30.6     79138400   0   2100       980200
    75  0 1  95.62 10135.00 2   0.0 -30.6     80118800   0   1950       980400
    76  0 1  94.92  9859.00 2   0.0 -30.9     81099200   0   1750       980400
    77  0 1  94.92 10028.50 2   0.0 -30.9     82069550   0   1650       970350
    78  0 1  95.62  9985.00 2   0.0 -31.3     83039200   0   1900       969650
    79  0 1  94.92  9916.00 2   0.0 -31.6     84009300   0   2100       970100
    80  0 1  95.62  9808.00 2   0.0 -31.6     84979150   0   1900       969850
    81  0 1  95.62 10165.00 2   0.0 -32.2     86908950   0   1650      1929800
    82  0 1  95.62  9821.50 2   0.0 -32.5     87869400   0   1750       960450
    83  0 1  95.27 10154.50 2   0.0 -32.8     88829800   0   1700       960400
    84  0 1  94.22 10018.00 2   0.0 -33.1     89789650   0   2050       959850
    85  0 1  94.22 10039.00 2   0.0 -33.4     90749600   0   1650       959950
    86  0 1  95.62 10078.00 2   0.0 -33.8     91699800   0   1800       950200
    87  0 1  95.27 10175.50 2   0.0 -34.1     92649450   0   1950       949650
    88  0 1  95.27 10081.00 2   0.0 -34.7     93599700   0   1650       950250
    89  0 1  94.22  9925.00 2   0.0 -35.0     94549450   0   1950       949750
    90  0 1  94.57 10009.00 2   0.0 -35.9     96440050   0   1850      1890600
    91  0 1  94.92  9995.50 2   0.0 -36.3     97380050   0   1750       940000
    92  0 1  95.27  9854.50 2   0.0 -36.6     98319650   0   1750       939600
    93  0 1  94.22  9868.00 2   0.0 -37.2     99259600   0   1700       939950
    94  0 1  94.92 10180.00 2   0.0 -37.5    100200050   0   1950       940450
    95  0 1  95.27  9856.00 2   0.0 -38.1    101130150   0   2000       930100
    96  0 1  95.27  9902.50 2   0.0 -38.8    102060350   0   1750       930200
    97  0 1  95.27 10177.00 2   0.0 -39.1    102990650   0   2000       930300
    98  0 1  94.22 10052.50 2   0.0 -39.7    103920950   0   2050       930300
    99  0 1  94.57  9937.00 2   0.0 -40.9    105771250   0   1650      1850300
   100  0 1  94.22 10067.50 2   0.0 -41.6    106691400   0   1700       920150
   101  0 1  94.57  9925.00 2   0.0 -41.9    107611800   0   1750       920400
   102  0 1  94.22 10039.00 2   0.0 -42.5    108531650   0   1650       919850
   103  0 1  95.62 10066.00 2   0.0 -43.1    109451700   0   1650       920050
   104  0 1  94.92 10078.00 2   0.0 -43.8    110362150   0   2100       910450
   105  0 1  94.22 10123.00 2   0.0 -44.4    111272600   0   1850       910450
   106  0 1  95.27 10153.00 2   0.0 -45.0    112182500   0   2000       909900
   107  0 1  94.92 10055.50 2   0.0 -45.9    113092750   0   2100       910250
   108  0 1  95.62 10046.50 2   0.0 -47.2    115002700   0   1900      1909950
   109  0 1  95.27  9847.00 2   0.0 -47.8    116002400   0   1750       999700
   110  0 1  95.62 10147.00 2   0.0 -48.4    117002550   0   1750      1000150
   111  0 1  95.27  9841.00 2   0.0 -49.4    118002150   0   1900       999600
   112  0 1  94.92  9892.00 2   0.0 -50.0    119002100   0   2100       999950
   113  0 1  94.57  9947.50 2   0.0 -50.6    119992400   0   1700       990300
   114  0 1  94.92  9895.00 2   0.0 -51.6    120982050   0   2100       989650
   115  0 1  94.57 10151.50 2   0.0 -52.2    121972100   0   1650       990050
   116  0 1  94.22 10142.50 2   0.0 -53.1    122961700   0   1950       989600
   117  0 1  94.22 10105.00 2   0.0 -54.4    124931850   0   1750      1970150
   118  0 1  95.62 10034.50 2   0.0 -55.3    125912300   0   1950       980450
   119  0 1  94.22  9830.50 2   0.0 -55.9    126892300   0   2000       980000
   120  0 1  94.92 10093.00 2   0.0 -56.9    127871800   0   2100       979500
   121  0 1  95.27  9989.50 2   0.0 -57.5    128852250   0   1750       980450
   122  0 1  95.27 10168.00 2   0.0 -58.4    129822700   0   1750       970450
   123  0 1  94.92  9799.00 2   0.0 -59.4    130792600   0   1700       969900
   124  0 1  95.62  9833.50 2   0.0 -60.0    131762900   0   1650       970300
   125  0 1  94.57  9844.00 2   0.0 -60.9    132733350   0   2050       970450
   126  0 1  95.27  9811.00 2   0.0 -62.5    134663800   0   1700      1930450
   127  0 1  94.92  9988.00 2   0.0 -63.4    135623400   0   2050       959600
   128  0 1  95.27  9862.00 2   0.0 -64.1    136583600   0   1750       960200
   129  0 1  94.92 10033.00 2   0.0 -65.0    137543700   0   1700       960100
   130  0 1  94.57 10195.00 2   0.0 -65.9    138503700   0   1900       960000
   131  0 1  94.57  9937.00 2   0.0 -66.6    139453900   0   1800       950200
   132  0 1  94.22  9952.00 2   0.0 -67.5    140404100   0   1850       950200
   133  0 1  95.27 10066.00 2   0.0 -68.4    141354350   0   1700       950250
   134  0 1  95.27 10007.50 2   0.0 -69.1    142304700   0   1650       950350
