    NO  S V  AOA    FREQ    B  FMOP  AMP      TOA      PMOP  PW         dTOA  
------ -- - ------ -------- - ----- ----- ------------ --- ------ ------------
     0  0 1  95.62 10114.00 2   0.0 -69.1       960200   0   1750  42950633200
     1  0 1  95.27 10015.00 2   0.0 -68.4      1920100   0   2000       959900
     2  0 1  94.22  9959.50 2   0.0 -67.5      2879650   0   1950       959550
     3  0 1  95.62  9952.00 2   0.0 -66.6      3840100   0   1800       960450
     4  0 1  95.62  9845.50 2   0.0 -65.9      4799750   0   2000       959650
     5  0 1  94.22  9892.00 2   0.0 -65.0      5749900   0   1700       950150
     6  0 1  95.27 10018.00 2   0.0 -64.1      6700100   0   1800       950200
     7  0 1  95.62  9916.00 2   0.0 -63.4      7650450   0   1700       950350
     8  0 1  94.92 10177.00 2   0.0 -62.5      8600100   0   1950       949650
     9  0 1  95.62  9947.50 2   0.0 -60.9     10490150   0   2100      1890050
    10  0 1  94.22 10019.50 2   0.0 -60.0     11430050   0   1800       939900
    11  0 1  95.27  9850.00 2   0.0 -59.4     12370050   0   2100       940000
    12  0 1  95.62  9889.00 2   0.0 -58.4     13309550   0   1950       939500
    13  0 1  94.22 10018.00 2   0.0 -57.5     14250000   0   2100       940450
    14  0 1  95.62 10003.00 2   0.0 -56.9     15180450   0   2050       930450
    15  0 1  94.22  9890.50 2   0.0 -55.9     16110750   0   1900       930300
    16  0 1  94.92  9949.00 2   0.0 -55.3     17040550   0   1800       929800
    17  0 1  94.57 10177.00 2   0.0 -54.4     17970950   0   1900       930400
    18  0 1  94.92  9814.00 2   0.0 -53.1     19820850   0   1750      1849900
    19  0 1  95.27  9862.00 2   0.0 -52.2     20740850   0   1950       920000
    20  0 1  95.27 10063.00 2   0.0 -51.6     21661250   0   1750       920400
    21  0 1  95.27  9803.50 2   0.0 -50.6     22581050   0   1650       919800
    22  0 1  94.92 10111.00 2   0.0 -50.0     23501350   0   1850       920300
    23  0 1  94.92  9844.00 2   0.0 -49.4     24411650   0   2050       910300
    24  0 1  94.22 10027.00 2   0.0 -48.4     25321900   0   1900       910250
    25  0 1  94.22 10178.50 2   0.0 -47.8     26232300   0   1850       910400
    26  0 1  94.22  9992.50 2   0.0 -47.2     27142600   0   1650       910300
    27  0 1  94.57  9805.00 2   0.0 -45.9     29052250   0   1950      1909650
    28  0 1  95.62  9827.50 2   0.0 -45.0     30052550   0   1850      1000300
    29  0 1  94.22  9994.00 2   0.0 -44.4     31053000   0   1900      1000450
    30  0 1  95.27  9934.00 2   0.0 -43.8     32053100   0   1950      1000100
    31  0 1  94.22  9955.00 2   0.0 -43.1     33053500   0   2100      1000400
    32  0 1  95.62  9895.00 2   0.0 -42.5     34043950   0   1850       990450
    33  0 1  95.62  9826.00 2   0.0 -41.9     35033550   0   2100       989600
    34  0 1  94.92  9901.00 2   0.0 -41.6     36023500   0   1850       989950
    35  0 1  94.57 10156.00 2   0.0 -40.9     37013150   0   1650       989650
    36  0 1  95.62 10084.00 2   0.0 -39.7     38983000   0   1700      1969850
    37  0 1  94.22  9916.00 2   0.0 -39.1     39963400   0   1800       980400
    38  0 1  94.22 10069.00 2   0.0 -38.8     40943150   0   1800       979750
    39  0 1  94.92 10069.00 2   0.0 -38.1     41922850   0   1800       979700
    40  0 1  94.57  9802.00 2   0.0 -37.5     42902750   0   1850       979900
    41  0 1  94.22 10192.00 2   0.0 -37.2     43872300   0   1750       969550
    42  0 1  94.22 10054.00 2   0.0 -36.6     44841850   0   2050       969550
    43  0 1  94.57  9839.50 2   0.0 -36.3     45812200   0   2100       970350
    44  0 1  94.22  9862.00 2   0.0 -35.9     46781900   0   1900       969700
    45  0 1  94.57  9811.00 2   0.0 -35.0     48712100   0   2000      1930200
    46  0 1  95.27  9821.50 2   0.0 -34.7     49672350   0   1750       960250
    47  0 1  95.27 10042.00 2   0.0 -34.1     50632050   0   1750       959700
    48  0 1  95.27  9893.50 2   0.0 -33.8     51592350   0   1750       960300
    49  0 1  95.27  9886.00 2   0.0 -33.4     52552150   0   1700       959800
    50  0 1  95.62  9955.00 2   0.0 -33.1     53502250   0   1850       950100
    51  0 1  95.27  9932.50 2   0.0 -32.8     54451950   0   1700       949700
    52  0 1  94.92  9851.50 2   0.0 -32.5     55402150   0   1750       950200
    53  0 1  95.27 10177.00 2   0.0 -32.2     56351950   0   1650       949800
    54  0 1  94.57 10078.00 2   0.0 -31.6     58241950   0   1900      1890000
    55  0 1  95.62 10066.00 2   0.0 -31.6     59182050   0   1650       940100
    56  0 1  95.27  9899.50 2   0.0 -31.3     60122500   0   1700       940450
    57  0 1  94.57  9799.00 2   0.0 -30.9     61062000   0   2100       939500
    58  0 1  94.22  9910.00 2   0.0 -30.9     62002450   0   1800       940450
    59  0 1  94.57 10093.00 2   0.0 -30.6     62932050   0   1950       929600
    60  0 1  94.22 10195.00 2   0.0 -30.6     63862250   0   2050       930200
    61  0 1  94.22 10153.00 2   0.0 -30.3     64792600   0   1950       930350
    62  0 1  95.62 10120.00 2   0.0 -30.3     65722600   0   1700       930000
    63  0 1  94.92  9832.00 2   0.0 -30.0     67573000   0   1700      1850400
    64  0 1  94.92  9965.50 2   0.0 -30.0     68493450   0   1800       920450
    65  0 1  95.62 10082.50 2   0.0 -30.0     69413150   0   1750       919700
    66  0 1  94.57  9886.00 2   0.0 -30.0     70332800   0   1700       919650
    67  0 1  94.22  9823.00 2   0.0 -30.0     71253150   0   2100       920350
    68  0 1  95.62  9934.00 2   0.0 -30.0     72162850   0   1850       909700
    69  0 1  95.62 10079.50 2   0.0 -30.0     73072800   0   2100       909950
    70  0 1  94.22 10084.00 2   0.0 -30.0     73982600   0   2050       909800
    71  0 1  94.92  9988.00 2   0.0 -30.0     74892100   0   1750       909500
    72  0 1  95.62 10163.50 2   0.0 -30.3     76802500   0   1900      1910400
    73  0 1  95.27 10112.50 2   0.0 -30.3     77802050   0   1850       999550
    74  0 1  94.92  9980.50 2   0.0 -30.6     78801550   0   2050       999500
    75  0 1  95.62  9805.00 2   0.0 -30.6     79801050   0   2000       999500
    76  0 1  94.22  9883.00 2   0.0 -30.9     80800900   0   1850       999850
    77  0 1  95.62  9952.00 2   0.0 -30.9     81791350   0   1700       990450
    78  0 1  95.62  9892.00 2   0.0 -31.3     82781450   0   1650       990100
    79  0 1  95.62  9904.00 2   0.0 -31.6     83771450   0   2100       990000
    80  0 1  94.92  9881.50 2   0.0 -31.6     84761800   0   1650       990350
    81  0 1  95.27 10103.50 2   0.0 -32.2     86731300   0   2050      1969500
    82  0 1  94.22  9881.50 2   0.0 -32.5     87711250   0   1900       979950
    83  0 1  95.62 10042.00 2   0.0 -32.8     88690750   0   2100       979500
    84  0 1  94.22  9916.00 2   0.0 -33.1     89671100   0   1700       980350
    85  0 1  95.62  9847.00 2   0.0 -33.4     90651100   0   1950       980000
    86  0 1  94.92 10003.00 2   0.0 -33.8     91620700   0   1850       969600
    87  0 1  95.27  9886.00 2   0.0 -34.1     92590550   0   2050       969850
    88  0 1  95.27  9929.50 2   0.0 -34.7     93560600   0   1700       970050
    89  0 1  94.22  9859.00 2   0.0 -35.0     94530300   0   1950       969700
    90  0 1  95.27 10016.50 2   0.0 -35.9     96460500   0   1800      1930200
    91  0 1  94.57  9823.00 2   0.0 -36.3     97420350   0   1650       959850
    92  0 1  94.57  9902.50 2   0.0 -36.6     98380350   0   1950       960000
    93  0 1  94.57 10024.00 2   0.0 -37.2     99340400   0   2100       960050
    94  0 1  94.22 10186.00 2   0.0 -37.5    100300700   0   1650       960300
    95  0 1  94.57  9865.00 2   0.0 -38.1    101251000   0   1800       950300
    96  0 1  95.62 10043.50 2   0.0 -38.8    102200600   0   1950       949600
    97  0 1  95.27  9995.50 2   0.0 -39.1    103150800   0   2050       950200
    98  0 1  95.62 10000.00 2   0.0 -39.7    104100300   0   1950       949500
    99  0 1  95.27  9958.00 2   0.0 -40.9    105990000   0   2100      1889700
   100  0 1  95.62 10151.50 2   0.0 -41.6    106929850   0   2000       939850
   101  0 1  94.92 10081.00 2   0.0 -41.9    107869800   0   1750       939950
   102  0 1  95.62 10162.00 2   0.0 -42.5    108810150   0   1700       940350
   103  0 1  95.62  9958.00 2   0.0 -43.1    109749850   0   1950       939700
   104  0 1  94.22  9887.50 2   0.0 -43.8    110679700   0   1750       929850
   105  0 1  94.92 10016.50 2   0.0 -44.4    111609700   0   2050       930000
   106  0 1  94.92  9830.50 2   0.0 -45.0    112540000   0   1800       930300
   107  0 1  94.22 10084.00 2   0.0 -45.9    113470200   0   2100       930200
   108  0 1  95.62  9922.00 2   0.0 -47.2    115319200   0   2100      1849000
   109  0 1  94.22  9895.00 2   0.0 -47.8    116238850   0   1750       919650
   110  0 1  95.27  9991.00 2   0.0 -48.4    117159050   0   1700       920200
   111  0 1  94.92 10010.50 2   0.0 -49.4    118078650   0   1750       919600
   112  0 1  95.27  9910.00 2   0.0 -50.0    118998150   0   1650       919500
   113  0 1  95.62 10132.00 2   0.0 -50.6    119908400   0   1750       910250
   114  0 1  95.27 10184.50 2   0.0 -51.6    120818400   0   1900       910000
   115  0 1  94.92  9982.00 2   0.0 -52.2    121728350   0   1800       909950
   116  0 1  95.27 10073.50 2   0.0 -53.1    122638600   0   1800       910250
   117  0 1  94.22 10066.00 2   0.0 -54.4    124547900   0   1750      1909300
   118  0 1  94.22  9919.00 2   0.0 -55.3    125547950   0   1650      1000050
   119  0 1  95.27 10078.00 2   0.0 -55.9    126548150   0   1650      1000200
   120  0 1  94.92 10009.00 2   0.0 -56.9    127548100   0   1700       999950
   121  0 1  95.62  9989.50 2   0.0 -57.5    128548450   0   1900      1000350
   122  0 1  94.22 10165.00 2   0.0 -58.4    129538550   0   1650       990100
   123  0 1  95.27 10094.50 2   0.0 -59.4    130528050   0   2050       989500
   124  0 1  94.57 10010.50 2   0.0 -60.0    131517850   0   2100       989800
   125  0 1  95.62 10169.50 2   0.0 -60.9    132507700   0   1650       989850
   126  0 1  95.62  9823.00 2   0.0 -62.5    134477400   0   1750      1969700
   127  0 1  94.22  9802.00 2   0.0 -63.4    135456950   0   2000       979550
   128  0 1  95.62 10034.50 2   0.0 -64.1    136437350   0   1850       980400
   129  0 1  95.27  9844.00 2   0.0 -65.0    137416950   0   1900       979600
   130  0 1  94.22  9892.00 2   0.0 -65.9    138396650   0   2100       979700
   131  0 1  94.57 10027.00 2   0.0 -66.6    139366600   0   1800       969950
   132  0 1  95.27  9898.00 2   0.0 -67.5    140336400   0   1750       969800
   133  0 1  94.57 10174.00 2   0.0 -68.4    141306800   0   1650       970400
   134  0 1  95.62 10198.00 2   0.0 -69.1    142276600   0   1700       969800
