    NO  S V  AOA    FREQ    B  FMOP  AMP      TOA      PMOP  PW         dTOA  
------ -- - ------ -------- - ----- ----- ------------ --- ------ ------------
     0  0 1 199.69  5298.75 1   0.0 -70.0            0   0   3950  42949673000
     1  0 1 199.69  5300.00 1   0.0 -68.1      9201050   0   4000      9201050
     2  0 1 199.69  5300.00 1   0.0 -66.6     18801550   0   3950      9600500
     3  0 1 199.69  5298.75 1   0.0 -62.8     40206000   0   3950     21404450
     4  0 1 199.69  5298.75 1   0.0 -61.3     49408400   0   4000      9202400
     5  0 1 199.69  5298.75 1   0.0 -59.4     59009000   0   4000      9600600
     6  0 1 199.69  5300.00 1   0.0 -57.5     69611250   0   3950     10602250
     7  0 1 199.69  5400.00 1   0.0 -55.9     80411450   0   3950     10800200
     8  0 1 199.69  5400.00 1   0.0 -54.4     89609600   0   3950      9198150
     9  0 1 199.69  5398.75 1   0.0 -52.5     99211450   0   3950      9601850
    10  0 1 199.69  5400.00 1   0.0 -50.9    109809850   0   4000     10598400
    11  0 1 199.69  5398.75 1   0.0 -49.4    120608050   0   4000     10798200
    12  0 1 199.69  5400.00 1   0.0 -46.6    139406000   0   3950     18797950
    13  0 1 199.69  5400.00 1   0.0 -45.0    150006800   0   4000     10600800
    14  0 1 199.69  5498.75 1   0.0 -43.8    160807050   0   4000     10800250
    15  0 1 199.69  5500.00 1   0.0 -42.5    170008950   0   3950      9201900
    16  0 1 199.69  5500.00 1   0.0 -40.9    179609250   0   3950      9600300
    17  0 1 199.69  5498.75 1   0.0 -40.0    190211700   0   4000     10602450
    18  0 1 199.69  5500.00 1   0.0 -38.8    201009600   0   4000     10797900
    19  0 1 199.69  5498.75 1   0.0 -37.5    210210200   0   4000      9200600
    20  0 1 199.69  5498.75 1   0.0 -36.6    219809400   0   3950      9599200
    21  0 1 199.69  5598.75 1   0.0 -34.7    241211750   0   3950     21402350
    22  0 1 199.69  5600.00 1   0.0 -34.1    250411250   0   4000      9199500
    23  0 1 199.69  5600.00 1   0.0 -33.1    260012800   0   3950      9601550
    24  0 1 199.69  5600.00 1   0.0 -32.5    270615100   0   4000     10602300
    25  0 1 199.69  5600.00 1   0.0 -31.9    281415350   0   3950     10800250
    26  0 1 199.69  5600.00 1   0.0 -31.6    290613550   0   3950      9198200
    27  0 1 199.69  5600.00 1   0.0 -30.9    300216000   0   4000      9602450
    28  0 1 199.69  5598.75 1   0.0 -30.6    310817750   0   3950     10601750
    29  0 1 199.69  5700.00 1   0.0 -30.3    321619600   0   3950     10801850
    30  0 1 199.69  5700.00 1   0.0 -30.0    340417250   0   4000     18797650
    31  0 1 199.69  5698.75 1   0.0 -30.0    351019600   0   3950     10602350
    32  0 1 199.69  5700.00 1   0.0 -30.0    361819000   0   3950     10799400
    33  0 1 199.69  5698.75 1   0.0 -30.3    371018900   0   3950      9199900
    34  0 1 199.69  5698.75 1   0.0 -30.3    380621200   0   4000      9602300
    35  0 1 199.69  5700.00 1   0.0 -30.6    391220150   0   4000     10598950
    36  0 1 199.69  5798.75 1   0.0 -30.9    402017950   0   4000     10797800
    37  0 1 199.69  5800.00 1   0.0 -31.6    411216700   0   3950      9198750
    38  0 1 199.69  5798.75 1   0.0 -31.9    420817650   0   3950      9600950
    39  0 1 199.69  5800.00 1   0.0 -33.1    442215700   0   3950     21398050
    40  0 1 199.69  5798.75 1   0.0 -34.1    451417850   0   3950      9202150
    41  0 1 199.69  5800.00 1   0.0 -34.7    461015450   0   3950      9597600
    42  0 1 199.69  5800.00 1   0.0 -35.6    471614300   0   4000     10598850
    43  0 1 199.69  5200.00 1   0.0 -36.6    482416600   0   3950     10802300
    44  0 1 199.69  5200.00 1   0.0 -37.5    491616600   0   3950      9200000
    45  0 1 199.69  5200.00 1   0.0 -38.8    501215150   0   4000      9598550
    46  0 1 199.69  5200.00 1   0.0 -40.0    511816300   0   4000     10601150
    47  0 1 199.69  5200.00 1   0.0 -40.9    522616700   0   4000     10800400
    48  0 1 199.69  5198.75 1   0.0 -43.8    541420400   0   4000     18803700
    49  0 1 199.69  5200.00 1   0.0 -45.0    552021050   0   4000     10600650
    50  0 1 199.69  5300.00 1   0.0 -46.6    562821200   0   4000     10800150
    51  0 1 199.69  5300.00 1   0.0 -47.8    572023500   0   3950      9202300
    52  0 1 199.69  5300.00 1   0.0 -49.4    581624050   0   3950      9600550
    53  0 1 199.69  5300.00 1   0.0 -50.9    592224200   0   3950     10600150
    54  0 1 199.69  5298.75 1   0.0 -52.5    603026250   0   3950     10802050
    55  0 1 199.69  5300.00 1   0.0 -54.4    612225050   0   4000      9198800
    56  0 1 199.69  5298.75 1   0.0 -55.9    621825700   0   3950      9600650
    57  0 1 199.69  5400.00 1   0.0 -59.4    643227300   0   4000     21401600
    58  0 1 199.69  5400.00 1   0.0 -61.3    652425200   0   3950      9197900
    59  0 1 199.69  5398.75 1   0.0 -62.8    662023900   0   3950      9598700
    60  0 1 199.69  5398.75 1   0.0 -64.7    672624900   0   3950     10601000
    61  0 1 199.69  5398.75 1   0.0 -66.6    683423450   0   3950     10798550
    62  0 1 199.69  5398.75 1   0.0 -68.1    692624400   0   3950      9200950
