    NO  S V  AOA    FREQ    B  FMOP  AMP      TOA      PMOP  PW         dTOA  
------ -- - ------ -------- - ----- ----- ------------ --- ------ ------------
     0  0 1 199.69  5300.00 1   0.0 -70.0            0   0   4000  42949673000
     1  0 1 199.69  5300.00 1   0.0 -68.1      9198300   0   4000      9198300
     2  0 1 199.69  5298.75 1   0.0 -66.6     18800600   0   3950      9602300
     3  0 1 199.69  5300.00 1   0.0 -62.8     40198000   0   3950     21397400
     4  0 1 199.69  5300.00 1   0.0 -61.3     49398950   0   3950      9200950
     5  0 1 199.69  5300.00 1   0.0 -59.4     58998850   0   3950      9599900
     6  0 1 199.69  5300.00 1   0.0 -57.5     69596650   0   3950     10597800
     7  0 1 199.69  5398.75 1   0.0 -55.9     80396800   0   3950     10800150
     8  0 1 199.69  5398.75 1   0.0 -54.4     89595350   0   3950      9198550
     9  0 1 199.69  5398.75 1   0.0 -52.5     99193750   0   3950      9598400
    10  0 1 199.69  5400.00 1   0.0 -50.9    109792400   0   3950     10598650
    11  0 1 199.69  5398.75 1   0.0 -49.4    120590850   0   4000     10798450
    12  0 1 199.69  5400.00 1   0.0 -46.6    139389200   0   4000     18798350
    13  0 1 199.69  5400.00 1   0.0 -45.0    149988000   0   3950     10598800
    14  0 1 199.69  5500.00 1   0.0 -43.8    160789350   0   4000     10801350
    15  0 1 199.69  5500.00 1   0.0 -42.5    169988150   0   3950      9198800
    16  0 1 199.69  5500.00 1   0.0 -40.9    179590600   0   3950      9602450
    17  0 1 199.69  5500.00 1   0.0 -40.0    190189300   0   4000     10598700
    18  0 1 199.69  5500.00 1   0.0 -38.8    200987250   0   4000     10797950
    19  0 1 199.69  5500.00 1   0.0 -37.5    210188400   0   4000      9201150
    20  0 1 199.69  5500.00 1   0.0 -36.6    219786000   0   4000      9597600
    21  0 1 199.69  5600.00 1   0.0 -34.7    241188200   0   3950     21402200
    22  0 1 199.69  5598.75 1   0.0 -34.1    250388900   0   4000      9200700
    23  0 1 199.69  5600.00 1   0.0 -33.1    259987050   0   3950      9598150
    24  0 1 199.69  5598.75 1   0.0 -32.5    270589200   0   3950     10602150
    25  0 1 199.69  5600.00 1   0.0 -31.9    281386950   0   3950     10797750
    26  0 1 199.69  5598.75 1   0.0 -31.6    290585200   0   3950      9198250
    27  0 1 199.69  5600.00 1   0.0 -30.9    300183850   0   3950      9598650
    28  0 1 199.69  5600.00 1   0.0 -30.6    310784850   0   3950     10601000
    29  0 1 199.69  5698.75 1   0.0 -30.3    321587200   0   4000     10802350
    30  0 1 199.69  5698.75 1   0.0 -30.0    340388750   0   4000     18801550
    31  0 1 199.69  5698.75 1   0.0 -30.0    350986950   0   3950     10598200
    32  0 1 199.69  5698.75 1   0.0 -30.0    361784950   0   4000     10798000
    33  0 1 199.69  5700.00 1   0.0 -30.3    370987300   0   3950      9202350
    34  0 1 199.69  5700.00 1   0.0 -30.3    380588000   0   3950      9600700
    35  0 1 199.69  5698.75 1   0.0 -30.6    391186250   0   4000     10598250
    36  0 1 199.69  5800.00 1   0.0 -30.9    401984200   0   3950     10797950
    37  0 1 199.69  5798.75 1   0.0 -31.6    411182100   0   4000      9197900
    38  0 1 199.69  5800.00 1   0.0 -31.9    420783350   0   3950      9601250
    39  0 1 199.69  5798.75 1   0.0 -33.1    442186850   0   4000     21403500
    40  0 1 199.69  5800.00 1   0.0 -34.1    451384800   0   4000      9197950
    41  0 1 199.69  5800.00 1   0.0 -34.7    460986400   0   4000      9601600
    42  0 1 199.69  5800.00 1   0.0 -35.6    471584200   0   3950     10597800
    43  0 1 199.69  5200.00 1   0.0 -36.6    482382600   0   4000     10798400
    44  0 1 199.69  5200.00 1   0.0 -37.5    491584300   0   3950      9201700
    45  0 1 199.69  5200.00 1   0.0 -38.8    501185650   0   4000      9601350
    46  0 1 199.69  5200.00 1   0.0 -40.0    511787500   0   4000     10601850
    47  0 1 199.69  5200.00 1   0.0 -40.9    522589100   0   3950     10801600
    48  0 1 199.69  5200.00 1   0.0 -43.8    541387700   0   4000     18798600
    49  0 1 199.69  5198.75 1   0.0 -45.0    551989100   0   4000     10601400
    50  0 1 199.69  5298.75 1   0.0 -46.6    562790350   0   3950     10801250
    51  0 1 199.69  5300.00 1   0.0 -47.8    571992050   0   3950      9201700
    52  0 1 199.69  5300.00 1   0.0 -49.4    581591100   0   4000      9599050
    53  0 1 199.69  5298.75 1   0.0 -50.9    592192750   0   3950     10601650
    54  0 1 199.69  5298.75 1   0.0 -52.5    602991300   0   4000     10798550
    55  0 1 199.69  5298.75 1   0.0 -54.4    612190800   0   4000      9199500
    56  0 1 199.69  5300.00 1   0.0 -55.9    621791200   0   3950      9600400
    57  0 1 199.69  5400.00 1   0.0 -59.4    643191950   0   4000     21400750
    58  0 1 199.69  5400.00 1   0.0 -61.3    652391600   0   4000      9199650
    59  0 1 199.69  5398.75 1   0.0 -62.8    661990800   0   3950      9599200
    60  0 1 199.69  5398.75 1   0.0 -64.7    672592750   0   4000     10601950
    61  0 1 199.69  5400.00 1   0.0 -66.6    683390800   0   4000     10798050
    62  0 1 199.69  5400.00 1   0.0 -68.1    692592800   0   3950      9202000
