    NO  S V  AOA    FREQ    B  FMOP  AMP      TOA      PMOP  PW         dTOA  
------ -- - ------ -------- - ----- ----- ------------ --- ------ ------------
     0  0 1  95.27 10006.00 2   0.0 -70.0            0   0   1050  42949673000
     1  0 1  95.98 10006.00 2   0.0 -67.5      1000000   0   1350      1000000
     2  0 1  93.87 10006.00 2   0.0 -65.0      2009750   0   1400      1009750
     3  0 1  93.87 10004.50 2   0.0 -62.5      3030050   0   1000      1020300
     4  0 1  93.87 10006.00 2   0.0 -60.0      4059650   0   1400      1029600
     5  0 1  95.27 10006.00 2   0.0 -55.3      6069750   0   1300      2010100
     6  0 1  94.92 10006.00 2   0.0 -53.1      7090050   0   1000      1020300
     7  0 1  94.22 10006.00 2   0.0 -50.6      8120100   0   1150      1030050
     8  0 1  95.98 10006.00 2   0.0 -48.4      9119950   0    950       999850
     9  0 1  94.22 10006.00 2   0.0 -46.6     10130200   0    950      1010250
    10  0 1  93.87 10006.00 2   0.0 -44.4     11150500   0   1150      1020300
    11  0 1  93.87 10006.00 2   0.0 -42.5     12180900   0   1150      1030400
    12  0 1  93.52 10006.00 2   0.0 -40.9     13181350   0   1150      1000450
    13  0 1  93.87 10006.00 2   0.0 -39.1     14191250   0   1250      1009900
    14  0 1  93.52 10006.00 2   0.0 -36.3     16241350   0   1300      2050100
    15  0 1  93.87 10004.50 2   0.0 -35.0     17241200   0   1000       999850
    16  0 1  95.27 10006.00 2   0.0 -33.8     18251550   0   1150      1010350
    17  0 1  94.92 10006.00 2   0.0 -32.8     19271550   0   1250      1020000
    18  0 1  95.62 10004.50 2   0.0 -31.9     20301400   0   1350      1029850
    19  0 1  94.22 10006.00 2   0.0 -31.3     21301800   0   1350      1000400
    20  0 1  95.27 10004.50 2   0.0 -30.6     22311350   0    950      1009550
    21  0 1  95.27 10004.50 2   0.0 -30.3     23331150   0    950      1019800
    22  0 1  95.62 10004.50 2   0.0 -30.0     24361450   0   1100      1030300
    23  0 1  94.57 10006.00 2   0.0 -30.0     26371350   0   1050      2009900
    24  0 1  94.92 10006.00 2   0.0 -30.3     27391300   0   1300      1019950
    25  0 1  93.52 10006.00 2   0.0 -30.6     28421550   0   1000      1030250
    26  0 1  94.22 10006.00 2   0.0 -31.3     29421650   0   1250      1000100
    27  0 1  95.98 10006.00 2   0.0 -31.9     30431300   0   1100      1009650
    28  0 1  93.87 10006.00 2   0.0 -32.8     31450800   0   1100      1019500
    29  0 1  95.27 10006.00 2   0.0 -33.8     32480300   0   1350      1029500
    30  0 1  94.22 10006.00 2   0.0 -35.0     33480100   0   1100       999800
    31  0 1  94.92 10004.50 2   0.0 -36.3     34489900   0   1000      1009800
    32  0 1  95.98 10006.00 2   0.0 -39.1     36539550   0    950      2049650
    33  0 1  95.98 10006.00 2   0.0 -40.9     37539550   0   1000      1000000
    34  0 1  93.87 10004.50 2   0.0 -42.5     38549700   0   1050      1010150
    35  0 1  95.62 10006.00 2   0.0 -44.4     39569200   0   1200      1019500
    36  0 1  95.62 10004.50 2   0.0 -46.6     40599200   0   1400      1030000
    37  0 1  93.87 10006.00 2   0.0 -48.4     41599150   0   1400       999950
    38  0 1  95.98 10004.50 2   0.0 -50.6     42608900   0   1050      1009750
    39  0 1  95.62 10006.00 2   0.0 -53.1     43629350   0   1350      1020450
    40  0 1  94.22 10006.00 2   0.0 -55.3     44659300   0   1400      1029950
    41  0 1  93.87 10006.00 2   0.0 -60.0     46668600   0   1350      2009300
    42  0 1  93.87 10004.50 2   0.0 -62.5     47688550   0   1000      1019950
    43  0 1  95.98 10006.00 2   0.0 -65.0     48718150   0    950      1029600
    44  0 1  94.57 10004.50 2   0.0 -67.5     49717800   0   1350       999650
