    NO  S V  AOA    FREQ    B  FMOP  AMP      TOA      PMOP  PW         dTOA  
------ -- - ------ -------- - ----- ----- ------------ --- ------ ------------
     0  0 1  93.87 10004.50 2   0.0 -70.0            0   0   1000  42949673000
     1  0 1  94.22 10006.00 2   0.0 -67.5      1000000   0   1300      1000000
     2  0 1  93.87 10004.50 2   0.0 -65.0      2010450   0   1100      1010450
     3  0 1  94.22 10004.50 2   0.0 -62.5      3030700   0   1400      1020250
     4  0 1  95.62 10004.50 2   0.0 -60.0      4060650   0   1350      1029950
     5  0 1  94.57 10006.00 2   0.0 -55.3      6071100   0   1000      2010450
     6  0 1  95.27 10006.00 2   0.0 -53.1      7090600   0    950      1019500
     7  0 1  94.92 10006.00 2   0.0 -50.6      8120300   0   1200      1029700
     8  0 1  94.22 10004.50 2   0.0 -48.4      9119950   0   1400       999650
     9  0 1  94.22 10006.00 2   0.0 -46.6     10130350   0   1150      1010400
    10  0 1  94.92 10004.50 2   0.0 -44.4     11150600   0   1150      1020250
    11  0 1  94.57 10004.50 2   0.0 -42.5     12180900   0   1150      1030300
    12  0 1  94.57 10004.50 2   0.0 -40.9     13181000   0    950      1000100
    13  0 1  95.98 10006.00 2   0.0 -39.1     14191250   0   1350      1010250
    14  0 1  94.92 10006.00 2   0.0 -36.3     16240800   0   1100      2049550
    15  0 1  95.98 10006.00 2   0.0 -35.0     17240700   0    950       999900
    16  0 1  94.57 10006.00 2   0.0 -33.8     18250300   0   1050      1009600
    17  0 1  95.98 10006.00 2   0.0 -32.8     19270350   0   1000      1020050
    18  0 1  93.52 10006.00 2   0.0 -31.9     20300150   0   1400      1029800
    19  0 1  95.98 10006.00 2   0.0 -31.3     21300100   0   1350       999950
    20  0 1  95.62 10004.50 2   0.0 -30.6     22310000   0   1300      1009900
    21  0 1  94.57 10004.50 2   0.0 -30.3     23330450   0   1250      1020450
    22  0 1  93.87 10006.00 2   0.0 -30.0     24360450   0    950      1030000
    23  0 1  94.22 10006.00 2   0.0 -30.0     26370350   0   1000      2009900
    24  0 1  93.87 10006.00 2   0.0 -30.3     27390100   0   1200      1019750
    25  0 1  95.98 10004.50 2   0.0 -30.6     28420300   0   1050      1030200
    26  0 1  94.92 10006.00 2   0.0 -31.3     29420250   0   1200       999950
    27  0 1  93.52 10006.00 2   0.0 -31.9     30430000   0   1150      1009750
    28  0 1  93.52 10006.00 2   0.0 -32.8     31450400   0   1250      1020400
    29  0 1  94.22 10006.00 2   0.0 -33.8     32480300   0   1200      1029900
    30  0 1  94.92 10004.50 2   0.0 -35.0     33480150   0   1200       999850
    31  0 1  93.52 10006.00 2   0.0 -36.3     34489750   0   1400      1009600
    32  0 1  95.27 10004.50 2   0.0 -39.1     36539800   0   1100      2050050
    33  0 1  94.57 10006.00 2   0.0 -40.9     37540150   0   1250      1000350
    34  0 1  94.92 10006.00 2   0.0 -42.5     38550150   0   1000      1010000
    35  0 1  93.87 10006.00 2   0.0 -44.4     39570000   0   1100      1019850
    36  0 1  93.87 10006.00 2   0.0 -46.6     40599950   0   1400      1029950
    37  0 1  94.57 10006.00 2   0.0 -48.4     41599900   0   1150       999950
    38  0 1  95.27 10004.50 2   0.0 -50.6     42610100   0   1250      1010200
    39  0 1  94.92 10006.00 2   0.0 -53.1     43629850   0    950      1019750
    40  0 1  95.27 10006.00 2   0.0 -55.3     44659450   0   1000      1029600
    41  0 1  94.57 10004.50 2   0.0 -60.0     46668600   0   1200      2009150
    42  0 1  95.62 10006.00 2   0.0 -62.5     47688400   0   1400      1019800
    43  0 1  94.92 10006.00 2   0.0 -65.0     48717900   0   1250      1029500
    44  0 1  93.52 10006.00 2   0.0 -67.5     49717550   0   1050       999650
