    NO  S V  AOA    FREQ    B  FMOP  AMP      TOA      PMOP  PW         dTOA  
------ -- - ------ -------- - ----- ----- ------------ --- ------ ------------
     0  0 1  94.92 10004.50 2   0.0 -70.0            0   0   1200  42949673000
     1  0 1  94.57 10004.50 2   0.0 -67.5      1000100   0   1050      1000100
     2  0 1  95.27 10006.00 2   0.0 -65.0      2010350   0   1400      1010250
     3  0 1  94.92 10006.00 2   0.0 -60.0      4060700   0   1350      2050350
     4  0 1  94.92 10004.50 2   0.0 -57.5      5060250   0    950       999550
     5  0 1  95.62 10006.00 2   0.0 -55.3      6070600   0   1250      1010350
     6  0 1  93.52 10004.50 2   0.0 -53.1      7091000   0   1100      1020400
     7  0 1  95.62 10006.00 2   0.0 -50.6      8121200   0   1050      1030200
     8  0 1  93.87 10006.00 2   0.0 -48.4      9121050   0    950       999850
     9  0 1  94.22 10006.00 2   0.0 -46.6     10131150   0   1050      1010100
    10  0 1  94.22 10004.50 2   0.0 -44.4     11151150   0    950      1020000
    11  0 1  94.57 10004.50 2   0.0 -42.5     12181450   0   1300      1030300
    12  0 1  93.87 10004.50 2   0.0 -39.1     14191300   0   1000      2009850
    13  0 1  94.22 10006.00 2   0.0 -37.5     15211450   0   1050      1020150
    14  0 1  95.27 10006.00 2   0.0 -36.3     16241900   0   1200      1030450
    15  0 1  95.62 10006.00 2   0.0 -35.0     17241900   0   1100      1000000
    16  0 1  95.62 10004.50 2   0.0 -33.8     18252300   0   1050      1010400
    17  0 1  93.87 10006.00 2   0.0 -32.8     19272750   0   1200      1020450
    18  0 1  94.92 10004.50 2   0.0 -31.9     20302400   0   1050      1029650
    19  0 1  95.98 10004.50 2   0.0 -31.3     21302750   0   1350      1000350
    20  0 1  93.52 10006.00 2   0.0 -30.6     22312400   0   1050      1009650
    21  0 1  94.22 10004.50 2   0.0 -30.0     24362000   0   1000      2049600
    22  0 1  93.87 10006.00 2   0.0 -30.0     25362350   0   1200      1000350
    23  0 1  93.87 10006.00 2   0.0 -30.0     26371900   0   1100      1009550
    24  0 1  93.87 10004.50 2   0.0 -30.3     27391450   0   1150      1019550
    25  0 1  95.98 10004.50 2   0.0 -30.6     28421200   0   1400      1029750
    26  0 1  94.92 10006.00 2   0.0 -31.3     29421650   0    950      1000450
    27  0 1  94.22 10006.00 2   0.0 -31.9     30431600   0   1000      1009950
    28  0 1  94.57 10004.50 2   0.0 -32.8     31451450   0    950      1019850
    29  0 1  94.92 10004.50 2   0.0 -33.8     32481050   0   1350      1029600
    30  0 1  94.57 10006.00 2   0.0 -36.3     34490500   0   1400      2009450
    31  0 1  93.87 10004.50 2   0.0 -37.5     35510850   0   1250      1020350
    32  0 1  94.22 10006.00 2   0.0 -39.1     36541100   0   1350      1030250
    33  0 1  94.92 10006.00 2   0.0 -40.9     37540600   0   1250       999500
    34  0 1  95.98 10006.00 2   0.0 -42.5     38550350   0   1100      1009750
    35  0 1  94.22 10006.00 2   0.0 -44.4     39570600   0   1100      1020250
    36  0 1  94.57 10004.50 2   0.0 -46.6     40600100   0   1150      1029500
    37  0 1  94.22 10006.00 2   0.0 -48.4     41600100   0   1100      1000000
    38  0 1  95.27 10004.50 2   0.0 -50.6     42610250   0   1100      1010150
    39  0 1  95.98 10006.00 2   0.0 -55.3     44660700   0   1200      2050450
    40  0 1  95.27 10006.00 2   0.0 -57.5     45660900   0   1250      1000200
    41  0 1  95.98 10006.00 2   0.0 -60.0     46671000   0   1100      1010100
    42  0 1  95.62 10006.00 2   0.0 -62.5     47691100   0    950      1020100
    43  0 1  93.52 10006.00 2   0.0 -65.0     48720800   0   1150      1029700
    44  0 1  95.98 10006.00 2   0.0 -67.5     49720700   0   1100       999900
