    NO  S V  AOA    FREQ    B  FMOP  AMP      TOA      PMOP  PW         dTOA  
------ -- - ------ -------- - ----- ----- ------------ --- ------ ------------
     0  0 1  95.98 10006.00 2   0.0 -70.0            0   0   1050  42949673000
     1  0 1  94.57 10006.00 2   0.0 -65.0      2010200   0   1250      2010200
     2  0 1  93.87 10006.00 2   0.0 -62.5      3030650   0   1400      1020450
     3  0 1  93.87 10006.00 2   0.0 -60.0      4060600   0   1350      1029950
     4  0 1  93.87 10006.00 2   0.0 -57.5      5060400   0   1300       999800
     5  0 1  93.52 10006.00 2   0.0 -55.3      6070300   0   1250      1009900
     6  0 1  93.52 10006.00 2   0.0 -53.1      7090150   0   1000      1019850
     7  0 1  94.22 10006.00 2   0.0 -50.6      8120200   0   1350      1030050
     8  0 1  94.22 10004.50 2   0.0 -48.4      9120050   0    950       999850
     9  0 1  94.92 10004.50 2   0.0 -46.6     10130100   0   1250      1010050
    10  0 1  94.22 10006.00 2   0.0 -42.5     12180200   0   1300      2050100
    11  0 1  95.27 10006.00 2   0.0 -40.9     13180400   0   1250      1000200
    12  0 1  93.52 10006.00 2   0.0 -39.1     14190550   0    950      1010150
    13  0 1  93.87 10006.00 2   0.0 -37.5     15210800   0   1300      1020250
    14  0 1  94.22 10004.50 2   0.0 -36.3     16240500   0   1050      1029700
    15  0 1  94.22 10006.00 2   0.0 -35.0     17240450   0   1150       999950
    16  0 1  95.27 10006.00 2   0.0 -33.8     18250050   0   1100      1009600
    17  0 1  95.62 10004.50 2   0.0 -32.8     19269650   0   1150      1019600
    18  0 1  94.92 10006.00 2   0.0 -31.9     20299850   0    950      1030200
    19  0 1  94.92 10006.00 2   0.0 -30.6     22310100   0   1300      2010250
    20  0 1  95.98 10006.00 2   0.0 -30.3     23330250   0   1400      1020150
    21  0 1  93.52 10006.00 2   0.0 -30.0     24360550   0   1150      1030300
    22  0 1  93.52 10006.00 2   0.0 -30.0     25360550   0   1050      1000000
    23  0 1  95.62 10006.00 2   0.0 -30.0     26370100   0    950      1009550
    24  0 1  95.27 10004.50 2   0.0 -30.3     27390100   0   1000      1020000
    25  0 1  95.98 10004.50 2   0.0 -30.6     28420200   0   1350      1030100
    26  0 1  94.57 10006.00 2   0.0 -31.3     29420600   0   1250      1000400
    27  0 1  94.57 10006.00 2   0.0 -31.9     30430350   0   1350      1009750
    28  0 1  94.57 10006.00 2   0.0 -33.8     32480350   0   1100      2050000
    29  0 1  94.92 10004.50 2   0.0 -35.0     33480550   0   1050      1000200
    30  0 1  95.27 10006.00 2   0.0 -36.3     34490850   0   1400      1010300
    31  0 1  94.92 10004.50 2   0.0 -37.5     35510750   0   1150      1019900
    32  0 1  94.92 10004.50 2   0.0 -39.1     36541150   0   1100      1030400
    33  0 1  95.27 10006.00 2   0.0 -40.9     37541150   0   1300      1000000
    34  0 1  95.27 10006.00 2   0.0 -42.5     38550650   0   1000      1009500
    35  0 1  95.98 10004.50 2   0.0 -44.4     39570500   0   1150      1019850
    36  0 1  94.92 10004.50 2   0.0 -46.6     40600850   0   1200      1030350
    37  0 1  94.92 10004.50 2   0.0 -50.6     42610650   0    950      2009800
    38  0 1  94.92 10006.00 2   0.0 -53.1     43630350   0    950      1019700
    39  0 1  94.22 10006.00 2   0.0 -55.3     44660150   0   1100      1029800
    40  0 1  94.22 10006.00 2   0.0 -57.5     45660350   0   1000      1000200
    41  0 1  94.57 10006.00 2   0.0 -60.0     46669850   0   1350      1009500
    42  0 1  94.22 10006.00 2   0.0 -62.5     47689700   0   1150      1019850
    43  0 1  93.87 10004.50 2   0.0 -65.0     48719250   0   1250      1029550
    44  0 1  93.52 10006.00 2   0.0 -67.5     49718900   0   1300       999650
