    NO  S V  AOA    FREQ    B  FMOP  AMP      TOA      PMOP  PW         dTOA  
------ -- - ------ -------- - ----- ----- ------------ --- ------ ------------
     0  0 1  94.92  5260.00 1   0.0 -70.0            0   0   1950  42949673000
     1  0 1  94.92  5230.00 1   0.0 -67.5       467750   0   1950       467750
     2  0 1  94.92  5237.50 1   0.0 -65.0       937800   0   2000       470050
     3  0 1  94.92  5260.00 1   0.0 -62.5      1409100   0   1950       471300
     4  0 1  94.92  5243.75 1   0.0 -60.0      1879900   0   1950       470800
     5  0 1  94.92  5243.75 1   0.0 -57.5      2348100   0   2000       468200
     6  0 1  94.92  5250.00 1   0.0 -55.3      2878000   0   1950       529900
     7  0 1  94.92  5267.50 1   0.0 -53.1      3409600   0   1950       531600
     8  0 1  94.92  5245.00 1   0.0 -50.6      3939700   0   1950       530100
     9  0 1  94.92  5245.00 1   0.0 -46.6      4996650   0   2000      1056950
    10  0 1  94.92  5263.75 1   0.0 -44.4      5567100   0   1950       570450
    11  0 1  94.92  5232.50 1   0.0 -42.5      6135700   0   1950       568600
    12  0 1  94.92  5255.00 1   0.0 -40.9      6705850   0   1950       570150
    13  0 1  94.92  5240.00 1   0.0 -39.1      7274650   0   2000       568800
    14  0 1  94.92  5245.00 1   0.0 -37.5      7845200   0   2000       570550
    15  0 1  94.92  5230.00 1   0.0 -36.3      8283500   0   1950       438300
    16  0 1  94.92  5260.00 1   0.0 -35.0      8724650   0   1950       441150
    17  0 1  94.92  5250.00 1   0.0 -33.8      9166200   0   1950       441550
    18  0 1  94.92  5265.00 1   0.0 -31.9     10047400   0   1950       881200
    19  0 1  94.92  5260.00 1   0.0 -31.3     10517250   0   1950       469850
    20  0 1  94.92  5260.00 1   0.0 -30.6     10988350   0   1950       471100
    21  0 1  94.92  5247.50 1   0.0 -30.3     11459100   0   2000       470750
    22  0 1  94.92  5257.50 1   0.0 -30.0     11926900   0   2000       467800
    23  0 1  94.92  5266.25 1   0.0 -30.0     12397950   0   1950       471050
    24  0 1  94.92  5238.75 1   0.0 -30.0     12926450   0   2000       528500
    25  0 1  94.92  5238.75 1   0.0 -30.3     13454400   0   1950       527950
    26  0 1  94.92  5255.00 1   0.0 -30.6     13982750   0   2000       528350
    27  0 1  94.92  5268.75 1   0.0 -31.9     15042050   0   2000      1059300
    28  0 1  94.92  5250.00 1   0.0 -32.8     15613850   0   1950       571800
    29  0 1  94.92  5245.00 1   0.0 -33.8     16184900   0   2000       571050
    30  0 1  94.92  5240.00 1   0.0 -35.0     16753300   0   1950       568400
    31  0 1  94.92  5256.25 1   0.0 -36.3     17325150   0   1950       571850
    32  0 1  94.92  5263.75 1   0.0 -37.5     17895650   0   1950       570500
    33  0 1  94.92  5257.50 1   0.0 -39.1     18335750   0   2000       440100
    34  0 1  94.92  5260.00 1   0.0 -40.9     18777500   0   1950       441750
    35  0 1  94.92  5236.25 1   0.0 -42.5     19218850   0   1950       441350
    36  0 1  94.92  5265.00 1   0.0 -46.6     20096400   0   2000       877550
    37  0 1  94.92  5241.25 1   0.0 -48.4     20566250   0   2000       469850
    38  0 1  94.92  5241.25 1   0.0 -50.6     21038100   0   1950       471850
    39  0 1  94.92  5237.50 1   0.0 -53.1     21505650   0   2000       467550
    40  0 1  94.92  5232.50 1   0.0 -55.3     21975800   0   1950       470150
    41  0 1  94.92  5233.75 1   0.0 -57.5     22444550   0   2000       468750
    42  0 1  94.92  5245.00 1   0.0 -60.0     22975650   0   1950       531100
    43  0 1  94.92  5228.75 1   0.0 -62.5     23507800   0   2000       532150
    44  0 1  94.92  5238.75 1   0.0 -65.0     24035850   0   1950       528050
