    NO  S V  AOA    FREQ    B  FMOP  AMP      TOA      PMOP  PW         dTOA  
------ -- - ------ -------- - ----- ----- ------------ --- ------ ------------
     0  0 1  94.92  5232.50 1   0.0 -70.0            0   0   1950  42949673000
     1  0 1  94.92  5246.25 1   0.0 -67.5       442400   0   1950       442400
     2  0 1  94.92  5251.25 1   0.0 -65.0       883300   0   2000       440900
     3  0 1  94.92  5245.00 1   0.0 -62.5      1324550   0   2000       441250
     4  0 1  94.92  5257.50 1   0.0 -60.0      1762200   0   1950       437650
     5  0 1  94.92  5232.50 1   0.0 -57.5      2201700   0   1950       439500
     6  0 1  94.92  5266.25 1   0.0 -55.3      2669550   0   1950       467850
     7  0 1  94.92  5250.00 1   0.0 -53.1      3137800   0   2000       468250
     8  0 1  94.92  5258.75 1   0.0 -48.4      4075850   0   2000       938050
     9  0 1  94.92  5243.75 1   0.0 -46.6      4546750   0   2000       470900
    10  0 1  94.92  5248.75 1   0.0 -44.4      5079200   0   1950       532450
    11  0 1  94.92  5242.50 1   0.0 -42.5      5607450   0   2000       528250
    12  0 1  94.92  5250.00 1   0.0 -40.9      6135150   0   2000       527700
    13  0 1  94.92  5245.00 1   0.0 -39.1      6664550   0   2000       529400
    14  0 1  94.92  5232.50 1   0.0 -37.5      7192750   0   1950       528200
    15  0 1  94.92  5248.75 1   0.0 -36.3      7763900   0   2000       571150
    16  0 1  94.92  5266.25 1   0.0 -35.0      8335950   0   2000       572050
    17  0 1  94.92  5241.25 1   0.0 -32.8      9472550   0   2000      1136600
    18  0 1  94.92  5255.00 1   0.0 -31.9     10041450   0   1950       568900
    19  0 1  94.92  5235.00 1   0.0 -31.3     10481650   0   1950       440200
    20  0 1  94.92  5245.00 1   0.0 -30.6     10924000   0   1950       442350
    21  0 1  94.92  5230.00 1   0.0 -30.3     11362800   0   1950       438800
    22  0 1  94.92  5243.75 1   0.0 -30.0     11801600   0   2000       438800
    23  0 1  94.92  5233.75 1   0.0 -30.0     12244000   0   2000       442400
    24  0 1  94.92  5232.50 1   0.0 -30.0     12712450   0   1950       468450
    25  0 1  94.92  5243.75 1   0.0 -30.3     13181050   0   2000       468600
    26  0 1  94.92  5263.75 1   0.0 -31.3     14124350   0   1950       943300
    27  0 1  94.92  5242.50 1   0.0 -31.9     14595850   0   2000       471500
    28  0 1  94.92  5245.00 1   0.0 -32.8     15125150   0   1950       529300
    29  0 1  94.92  5241.25 1   0.0 -33.8     15653500   0   2000       528350
    30  0 1  94.92  5260.00 1   0.0 -35.0     16181400   0   1950       527900
    31  0 1  94.92  5251.25 1   0.0 -36.3     16710650   0   2000       529250
    32  0 1  94.92  5270.00 1   0.0 -37.5     17240800   0   1950       530150
    33  0 1  94.92  5238.75 1   0.0 -39.1     17813050   0   2000       572250
    34  0 1  94.92  5262.50 1   0.0 -40.9     18383950   0   2000       570900
    35  0 1  94.92  5248.75 1   0.0 -44.4     19523950   0   1950      1140000
    36  0 1  94.92  5235.00 1   0.0 -46.6     20095550   0   2000       571600
    37  0 1  94.92  5245.00 1   0.0 -48.4     20534050   0   2000       438500
    38  0 1  94.92  5240.00 1   0.0 -50.6     20972450   0   2000       438400
    39  0 1  94.92  5235.00 1   0.0 -53.1     21411750   0   2000       439300
    40  0 1  94.92  5241.25 1   0.0 -55.3     21853750   0   2000       442000
    41  0 1  94.92  5236.25 1   0.0 -57.5     22294350   0   2000       440600
    42  0 1  94.92  5252.50 1   0.0 -60.0     22764250   0   1950       469900
    43  0 1  94.92  5245.00 1   0.0 -62.5     23234550   0   1950       470300
    44  0 1  94.92  5245.00 1   0.0 -67.5     24173300   0   1950       938750
