    NO  S V  AOA    FREQ    B  FMOP  AMP      TOA      PMOP  PW         dTOA  
------ -- - ------ -------- - ----- ----- ------------ --- ------ ------------
     0  0 1  94.22  9958.00 2   0.0 -70.0            0   0   1150  42949673000
     1  0 1  95.27  9959.50 2   0.0 -69.4       980050   0   1250       980050
     2  0 1  94.92  9961.00 2   0.0 -68.8      2020250   0   1150      1040200
     3  0 1  95.27  9958.00 2   0.0 -68.1      3000250   0   1300       980000
     4  0 1  94.22  9961.00 2   0.0 -67.5      4040600   0   1050      1040350
     5  0 1  95.27  9959.50 2   0.0 -66.3      6060950   0   1100      2020350
     6  0 1  94.57  9961.00 2   0.0 -65.6      7101000   0   1100      1040050
     7  0 1  94.92  9970.00 2   0.0 -65.0      8071150   0   1150       970150
     8  0 1  94.92  9968.50 2   0.0 -64.4      8070900   0   1050 214748364550
     9  0 1  94.57  9968.50 2   0.0 -63.8      8070900   0   1050            0
    10  0 1  94.57  9968.50 2   0.0 -63.1      9050850   0   1200       979950
    11  0 1  94.22  9970.00 2   0.0 -62.5     10091300   0   1150      1040450
    12  0 1  94.57  9970.00 2   0.0 -61.9     11071650   0   1100       980350
    13  0 1  94.22  9968.50 2   0.0 -61.3     12111250   0   1100      1039600
    14  0 1  94.22 10000.00 2   0.0 -60.0     14130750   0   1350      2019500
    15  0 1  95.27  9998.50 2   0.0 -59.4     15171050   0   1300      1040300
    16  0 1  94.57  9998.50 2   0.0 -58.8     16140700   0   1050       969650
    17  0 1  94.22  9998.50 2   0.0 -58.1     16141150   0   1250          450
    18  0 1  94.22 10000.00 2   0.0 -57.5     16140950   0   1250 214748364600
    19  0 1  95.62  9998.50 2   0.0 -57.2     17120750   0   1500       979800
    20  0 1  95.27  9998.50 2   0.0 -56.6     18160950   0   1400      1040200
    21  0 1  94.57 10000.00 2   0.0 -55.9     19140700   0   1150       979750
    22  0 1  94.57 10018.00 2   0.0 -55.3     20180600   0   1150      1039900
    23  0 1  95.27 10019.50 2   0.0 -54.1     22200200   0   1300      2019600
    24  0 1  94.92 10021.00 2   0.0 -53.4     23240100   0   1150      1039900
    25  0 1  94.92 10018.00 2   0.0 -53.1     24209850   0   1100       969750
    26  0 1  95.27 10021.00 2   0.0 -52.5     24210000   0   1300          150
    27  0 1  94.22 10021.00 2   0.0 -51.9     24209700   0   1300 214748364500
    28  0 1  94.57 10021.00 2   0.0 -51.3     25189250   0   1400       979550
    29  0 1  95.62 10019.50 2   0.0 -50.6     26229450   0   1050      1040200
    30  0 1  95.62 10019.50 2   0.0 -50.3     27209100   0   1450       979650
    31  0 1  94.57 10019.50 2   0.0 -49.7     28249050   0   1350      1039950
    32  0 1  94.22 10019.50 2   0.0 -48.4     30268500   0   1450      2019450
    33  0 1  94.92 10018.00 2   0.0 -48.1     31308200   0   1450      1039700
    34  0 1  94.22 10018.00 2   0.0 -47.5     32278500   0   1150       970300
    35  0 1  94.22 10018.00 2   0.0 -46.9     32278800   0   1500          300
    36  0 1  94.57  9979.00 2   0.0 -46.6     32278500   0   1150 214748364500
    37  0 1  94.57  9979.00 2   0.0 -45.9     33258300   0   1450       979800
    38  0 1  94.92  9979.00 2   0.0 -45.6     34298500   0   1250      1040200
    39  0 1  94.57  9980.50 2   0.0 -45.0     35278250   0   1400       979750
    40  0 1  94.57  9979.00 2   0.0 -44.4     36318500   0   1200      1040250
    41  0 1  95.62  9979.00 2   0.0 -43.4     38338300   0   1100      2019800
    42  0 1  94.57  9980.50 2   0.0 -43.1     39378550   0   1150      1040250
    43  0 1  94.57 10028.50 2   0.0 -42.5     40348150   0   1050       969600
    44  0 1  95.27 10030.00 2   0.0 -42.2     40348400   0   1450          250
    45  0 1  94.92 10028.50 2   0.0 -41.6     40348750   0   1150          350
    46  0 1  94.92 10030.00 2   0.0 -41.3     41328850   0   1150       980100
    47  0 1  94.57 10030.00 2   0.0 -40.9     42369100   0   1150      1040250
    48  0 1  94.22 10030.00 2   0.0 -40.3     43349000   0   1450       979900
    49  0 1  94.92 10030.00 2   0.0 -40.0     44388900   0   1250      1039900
    50  0 1  94.22  9979.00 2   0.0 -39.1     46409200   0   1200      2020300
    51  0 1  95.27  9980.50 2   0.0 -38.8     47449350   0   1450      1040150
    52  0 1  94.57  9979.00 2   0.0 -38.4     48419550   0   1100       970200
    53  0 1  94.57  9979.00 2   0.0 -38.1     48419950   0   1350          400
    54  0 1  95.27  9979.00 2   0.0 -37.5     48419600   0   1250 214748364450
    55  0 1  94.57  9979.00 2   0.0 -37.2     49399250   0   1200       979650
    56  0 1  95.62  9979.00 2   0.0 -36.9     50439500   0   1150      1040250
    57  0 1  94.92  9979.00 2   0.0 -36.6     51419100   0   1100       979600
    58  0 1  94.57  9961.00 2   0.0 -36.3     52458800   0   1050      1039700
    59  0 1  94.22  9958.00 2   0.0 -35.6     54478300   0   1150      2019500
    60  0 1  95.27  9959.50 2   0.0 -35.3     55517800   0   1100      1039500
    61  0 1  94.22  9958.00 2   0.0 -35.0     56487450   0   1200       969650
    62  0 1  95.62  9958.00 2   0.0 -34.7     56487150   0   1050 214748364500
    63  0 1  95.27  9958.00 2   0.0 -34.4     56487100   0   1500 214748364750
    64  0 1  94.92  9958.00 2   0.0 -34.1     57466700   0   1050       979600
    65  0 1  94.92  9970.00 2   0.0 -33.8     58506800   0   1050      1040100
    66  0 1  94.22  9970.00 2   0.0 -33.4     59486350   0   1150       979550
    67  0 1  95.62  9968.50 2   0.0 -33.4     60526600   0   1100      1040250
    68  0 1  94.92  9968.50 2   0.0 -32.8     62546450   0   1100      2019850
    69  0 1  94.57  9970.00 2   0.0 -32.5     63586100   0   1200      1039650
    70  0 1  94.22  9970.00 2   0.0 -32.5     64556450   0   1450       970350
    71  0 1  95.27  9970.00 2   0.0 -32.2     64556650   0   1300          200
    72  0 1  94.57 10000.00 2   0.0 -31.9     64556150   0   1450 214748364300
    73  0 1  94.57  9998.50 2   0.0 -31.9     65536000   0   1100       979850
    74  0 1  94.57  9998.50 2   0.0 -31.6     66576450   0   1450      1040450
    75  0 1  95.27 10000.00 2   0.0 -31.6     67556850   0   1050       980400
    76  0 1  95.62 10000.00 2   0.0 -31.3     68597000   0   1400      1040150
    77  0 1  94.92 10000.00 2   0.0 -30.9     70617450   0   1150      2020450
    78  0 1  94.22 10000.00 2   0.0 -30.9     71657600   0   1400      1040150
    79  0 1  94.57 10021.00 2   0.0 -30.6     72627700   0   1400       970100
    80  0 1  95.27 10021.00 2   0.0 -30.6     72628100   0   1050          400
    81  0 1  94.57 10021.00 2   0.0 -30.6     72628300   0   1150          200
    82  0 1  95.27 10019.50 2   0.0 -30.3     73608500   0   1350       980200
    83  0 1  94.92 10021.00 2   0.0 -30.3     74648500   0   1450      1040000
    84  0 1  94.92 10018.00 2   0.0 -30.3     75628950   0   1100       980450
    85  0 1  94.92 10021.00 2   0.0 -30.3     76668650   0   1400      1039700
    86  0 1  95.62 10021.00 2   0.0 -30.0     78688450   0   1100      2019800
    87  0 1  94.22 10018.00 2   0.0 -30.0     79728650   0   1500      1040200
    88  0 1  94.57 10019.50 2   0.0 -30.0     80698700   0   1100       970050
    89  0 1  94.22 10019.50 2   0.0 -30.0     80698250   0   1150 214748364350
    90  0 1  94.92 10021.00 2   0.0 -30.0     80697950   0   1400 214748364500
    91  0 1  95.62 10019.50 2   0.0 -30.0     81677500   0   1200       979550
    92  0 1  95.62 10021.00 2   0.0 -30.0     82717350   0   1150      1039850
    93  0 1  95.27 10019.50 2   0.0 -30.0     83697550   0   1250       980200
    94  0 1  94.22  9979.00 2   0.0 -30.0     84737700   0   1500      1040150
    95  0 1  94.92  9979.00 2   0.0 -30.3     86758200   0   1250      2020500
    96  0 1  94.22  9980.50 2   0.0 -30.3     87798450   0   1450      1040250
    97  0 1  94.22  9979.00 2   0.0 -30.3     88768600   0   1050       970150
    98  0 1  94.92  9979.00 2   0.0 -30.3     88768350   0   1450 214748364550
    99  0 1  94.57  9980.50 2   0.0 -30.6     88768650   0   1200          300
   100  0 1  94.57  9979.00 2   0.0 -30.6     89748300   0   1200       979650
   101  0 1  95.62 10030.00 2   0.0 -30.6     90788500   0   1050      1040200
   102  0 1  95.62 10028.50 2   0.0 -30.9     91768750   0   1050       980250
   103  0 1  94.92 10030.00 2   0.0 -30.9     92809000   0   1400      1040250
   104  0 1  94.57 10030.00 2   0.0 -31.3     94829450   0   1450      2020450
   105  0 1  94.92 10030.00 2   0.0 -31.6     95869400   0   1450      1039950
   106  0 1  94.22 10028.50 2   0.0 -31.6     96838900   0   1300       969500
   107  0 1  95.27 10030.00 2   0.0 -31.9     96838550   0   1400 214748364450
   108  0 1  94.22  9979.00 2   0.0 -31.9     96839000   0   1250          450
   109  0 1  94.92  9979.00 2   0.0 -32.2     97819300   0   1150       980300
   110  0 1  94.22  9979.00 2   0.0 -32.5     98858950   0   1150      1039650
   111  0 1  95.62  9979.00 2   0.0 -32.5     99839350   0   1400       980400
   112  0 1  94.92  9980.50 2   0.0 -32.8    100879350   0   1450      1040000
   113  0 1  94.57  9979.00 2   0.0 -33.4    102899050   0   1450      2019700
   114  0 1  95.62  9979.00 2   0.0 -33.4    103938700   0   1500      1039650
   115  0 1  95.62  9961.00 2   0.0 -33.8    104908650   0   1300       969950
   116  0 1  94.22  9959.50 2   0.0 -34.1    104908850   0   1500          200
   117  0 1  95.27  9961.00 2   0.0 -34.4    104908600   0   1450 214748364550
   118  0 1  95.62  9961.00 2   0.0 -34.7    105888800   0   1500       980200
   119  0 1  95.62  9959.50 2   0.0 -35.0    106928750   0   1200      1039950
   120  0 1  95.62  9959.50 2   0.0 -35.3    107908600   0   1350       979850
   121  0 1  95.27  9961.00 2   0.0 -35.6    108948200   0   1050      1039600
   122  0 1  94.57  9970.00 2   0.0 -36.3    110968650   0   1050      2020450
   123  0 1  94.92  9970.00 2   0.0 -36.6    112008600   0   1150      1039950
   124  0 1  95.27  9970.00 2   0.0 -36.9    112978350   0   1100       969750
   125  0 1  94.57  9970.00 2   0.0 -37.2    112978550   0   1400          200
   126  0 1  94.92  9970.00 2   0.0 -37.5    112978850   0   1100          300
   127  0 1  94.92  9968.50 2   0.0 -38.1    113959150   0   1100       980300
   128  0 1  95.27  9968.50 2   0.0 -38.4    114999250   0   1150      1040100
   129  0 1  95.27  9968.50 2   0.0 -38.8    115979550   0   1100       980300
   130  0 1  94.57 10000.00 2   0.0 -39.1    117019300   0   1200      1039750
   131  0 1  94.92  9998.50 2   0.0 -40.0    119039750   0   1400      2020450
   132  0 1  95.62  9998.50 2   0.0 -40.3    120079500   0   1450      1039750
   133  0 1  94.22  9998.50 2   0.0 -40.9    121049600   0   1200       970100
   134  0 1  95.27  9998.50 2   0.0 -41.3    121049800   0   1200          200
   135  0 1  95.27  9998.50 2   0.0 -41.6    121050150   0   1400          350
   136  0 1  94.92  9998.50 2   0.0 -42.2    122029950   0   1150       979800
   137  0 1  94.92 10021.00 2   0.0 -42.5    123070050   0   1050      1040100
   138  0 1  95.27 10019.50 2   0.0 -43.1    124050100   0   1250       980050
   139  0 1  94.57 10021.00 2   0.0 -43.4    125090050   0   1100      1039950
   140  0 1  95.62 10021.00 2   0.0 -44.4    127109950   0   1450      2019900
   141  0 1  94.22 10019.50 2   0.0 -45.0    128150300   0   1100      1040350
   142  0 1  94.22 10018.00 2   0.0 -45.6    129120400   0   1100       970100
   143  0 1  94.22 10019.50 2   0.0 -45.9    129120250   0   1400 214748364650
   144  0 1  94.92 10018.00 2   0.0 -46.6    129120300   0   1500           50
   145  0 1  95.27 10018.00 2   0.0 -46.9    130099900   0   1450       979600
   146  0 1  95.62 10019.50 2   0.0 -47.5    131139400   0   1300      1039500
   147  0 1  94.92 10018.00 2   0.0 -48.1    132119550   0   1500       980150
   148  0 1  94.22 10019.50 2   0.0 -48.4    133160000   0   1300      1040450
   149  0 1  94.92 10018.00 2   0.0 -49.7    135180350   0   1050      2020350
   150  0 1  94.22 10018.00 2   0.0 -50.3    136220800   0   1400      1040450
   151  0 1  94.92  9979.00 2   0.0 -50.6    137191200   0   1100       970400
   152  0 1  94.92  9979.00 2   0.0 -51.3    137191600   0   1150          400
   153  0 1  95.62  9980.50 2   0.0 -51.9    137191400   0   1500 214748364600
   154  0 1  94.92  9980.50 2   0.0 -52.5    138171600   0   1300       980200
   155  0 1  95.62  9979.00 2   0.0 -53.1    139211300   0   1250      1039700
   156  0 1  95.62  9979.00 2   0.0 -53.4    140191400   0   1350       980100
   157  0 1  94.22  9979.00 2   0.0 -54.1    141231550   0   1350      1040150
   158  0 1  95.27 10030.00 2   0.0 -55.3    143251350   0   1350      2019800
   159  0 1  94.22 10030.00 2   0.0 -55.9    144290850   0   1100      1039500
   160  0 1  94.22 10030.00 2   0.0 -56.6    145260800   0   1350       969950
   161  0 1  94.22 10028.50 2   0.0 -57.2    145261200   0   1250          400
   162  0 1  94.57 10030.00 2   0.0 -57.5    145260750   0   1150 214748364350
   163  0 1  95.62 10030.00 2   0.0 -58.1    146240600   0   1150       979850
   164  0 1  94.22 10030.00 2   0.0 -58.8    147280850   0   1050      1040250
   165  0 1  94.92 10030.00 2   0.0 -59.4    148261200   0   1200       980350
   166  0 1  94.92  9980.50 2   0.0 -60.0    149301200   0   1450      1040000
   167  0 1  94.57  9980.50 2   0.0 -61.3    151321350   0   1500      2020150
   168  0 1  95.27  9979.00 2   0.0 -61.9    152361350   0   1050      1040000
   169  0 1  94.57  9980.50 2   0.0 -62.5    153331150   0   1450       969800
   170  0 1  95.27  9979.00 2   0.0 -63.1    153330850   0   1500 214748364500
   171  0 1  95.27  9979.00 2   0.0 -63.8    153330350   0   1300 214748364300
   172  0 1  94.92  9979.00 2   0.0 -64.4    154310450   0   1100       980100
   173  0 1  95.62  9958.00 2   0.0 -65.0    155350850   0   1200      1040400
   174  0 1  95.62  9959.50 2   0.0 -65.6    156330500   0   1150       979650
   175  0 1  95.27  9961.00 2   0.0 -66.3    157370400   0   1300      1039900
   176  0 1  94.57  9961.00 2   0.0 -67.5    159389950   0   1100      2019550
   177  0 1  94.22  9959.50 2   0.0 -68.1    160430150   0   1100      1040200
   178  0 1  95.62  9959.50 2   0.0 -68.8    161399950   0   1100       969800
   179  0 1  94.92  9959.50 2   0.0 -69.4    161400100   0   1050          150
