    NO  S V  AOA    FREQ    B  FMOP  AMP      TOA      PMOP  PW         dTOA  
------ -- - ------ -------- - ----- ----- ------------ --- ------ ------------
     0  0 1  95.62  9959.50 2   0.0 -70.0            0   0   1050  42949673000
     1  0 1  95.62  9961.00 2   0.0 -68.8      2020700   0   1050      2020700
     2  0 1  94.92  9958.00 2   0.0 -68.1      3001150   0   1300       980450
     3  0 1  94.57  9958.00 2   0.0 -67.5      4041050   0   1350      1039900
     4  0 1  95.27  9958.00 2   0.0 -66.9      5081050   0   1200      1040000
     5  0 1  94.22  9958.00 2   0.0 -66.3      6061050   0   1500       980000
     6  0 1  95.27  9958.00 2   0.0 -65.6      7101400   0   1350      1040350
     7  0 1  94.92  9970.00 2   0.0 -65.0      8070950   0   1450       969550
     8  0 1  94.22  9970.00 2   0.0 -64.4      8071250   0   1100          300
     9  0 1  95.27  9968.50 2   0.0 -63.8      8071000   0   1200 214748364550
    10  0 1  95.62  9970.00 2   0.0 -62.5     10090850   0   1300      2019850
    11  0 1  94.57  9970.00 2   0.0 -61.9     11070950   0   1050       980100
    12  0 1  95.27  9968.50 2   0.0 -61.3     12110800   0   1500      1039850
    13  0 1  95.62  9968.50 2   0.0 -60.6     13151200   0   1300      1040400
    14  0 1  94.92 10000.00 2   0.0 -60.0     14130700   0   1350       979500
    15  0 1  95.62 10000.00 2   0.0 -59.4     15170900   0   1050      1040200
    16  0 1  95.62  9998.50 2   0.0 -58.8     16141300   0   1350       970400
    17  0 1  95.27 10000.00 2   0.0 -58.1     16141400   0   1250          100
    18  0 1  95.62 10000.00 2   0.0 -57.5     16141450   0   1050           50
    19  0 1  95.62 10000.00 2   0.0 -56.6     18161950   0   1250      2020500
    20  0 1  94.22  9998.50 2   0.0 -55.9     19141600   0   1450       979650
    21  0 1  94.22 10021.00 2   0.0 -55.3     20181850   0   1150      1040250
    22  0 1  94.22 10021.00 2   0.0 -54.7     21222000   0   1450      1040150
    23  0 1  94.57 10019.50 2   0.0 -54.1     22201800   0   1500       979800
    24  0 1  95.62 10021.00 2   0.0 -53.4     23241400   0   1200      1039600
    25  0 1  94.57 10019.50 2   0.0 -53.1     24211050   0   1450       969650
    26  0 1  95.27 10018.00 2   0.0 -52.5     24210800   0   1450 214748364550
    27  0 1  95.62 10018.00 2   0.0 -51.9     24210850   0   1500           50
    28  0 1  94.92 10021.00 2   0.0 -50.6     26231350   0   1350      2020500
    29  0 1  94.57 10019.50 2   0.0 -50.3     27211300   0   1100       979950
    30  0 1  94.92 10018.00 2   0.0 -49.7     28251550   0   1250      1040250
    31  0 1  94.57 10018.00 2   0.0 -49.1     29291350   0   1150      1039800
    32  0 1  94.22 10018.00 2   0.0 -48.4     30271250   0   1500       979900
    33  0 1  95.62 10019.50 2   0.0 -48.1     31311300   0   1350      1040050
    34  0 1  95.62 10021.00 2   0.0 -47.5     32281150   0   1150       969850
    35  0 1  94.22 10019.50 2   0.0 -46.9     32281400   0   1100          250
    36  0 1  94.57  9979.00 2   0.0 -46.6     32281150   0   1300 214748364550
    37  0 1  95.27  9980.50 2   0.0 -45.6     34301250   0   1250      2020100
    38  0 1  95.62  9979.00 2   0.0 -45.0     35281100   0   1450       979850
    39  0 1  94.22  9979.00 2   0.0 -44.4     36320600   0   1500      1039500
    40  0 1  94.57  9979.00 2   0.0 -44.1     37360600   0   1150      1040000
    41  0 1  95.27  9980.50 2   0.0 -43.4     38340950   0   1300       980350
    42  0 1  94.57  9979.00 2   0.0 -43.1     39380550   0   1200      1039600
    43  0 1  94.22 10030.00 2   0.0 -42.5     40350100   0   1250       969550
    44  0 1  94.22 10028.50 2   0.0 -42.2     40349850   0   1050 214748364550
    45  0 1  95.62 10030.00 2   0.0 -41.6     40349400   0   1100 214748364350
    46  0 1  94.92 10028.50 2   0.0 -40.9     42369550   0   1150      2020150
    47  0 1  94.92 10028.50 2   0.0 -40.3     43349150   0   1300       979600
    48  0 1  94.92 10030.00 2   0.0 -40.0     44389100   0   1050      1039950
    49  0 1  95.62 10030.00 2   0.0 -39.7     45429000   0   1300      1039900
    50  0 1  94.22  9979.00 2   0.0 -39.1     46409350   0   1250       980350
    51  0 1  95.62  9979.00 2   0.0 -38.8     47449350   0   1300      1040000
    52  0 1  94.22  9979.00 2   0.0 -38.4     48419350   0   1200       970000
    53  0 1  94.92  9979.00 2   0.0 -38.1     48419500   0   1400          150
    54  0 1  94.92  9979.00 2   0.0 -37.5     48419350   0   1100 214748364650
    55  0 1  94.57  9979.00 2   0.0 -36.9     50438750   0   1350      2019400
    56  0 1  94.92  9979.00 2   0.0 -36.6     51418550   0   1150       979800
    57  0 1  94.22  9958.00 2   0.0 -36.3     52458350   0   1100      1039800
    58  0 1  95.27  9958.00 2   0.0 -35.9     53498000   0   1050      1039650
    59  0 1  94.22  9958.00 2   0.0 -35.6     54478150   0   1500       980150
    60  0 1  94.57  9959.50 2   0.0 -35.3     55518000   0   1300      1039850
    61  0 1  95.27  9959.50 2   0.0 -35.0     56488300   0   1400       970300
    62  0 1  95.27  9961.00 2   0.0 -34.7     56488400   0   1200          100
    63  0 1  95.62  9958.00 2   0.0 -34.4     56488750   0   1450          350
    64  0 1  94.92  9968.50 2   0.0 -33.8     58509250   0   1300      2020500
    65  0 1  94.57  9970.00 2   0.0 -33.4     59489650   0   1150       980400
    66  0 1  94.22  9968.50 2   0.0 -33.4     60529250   0   1350      1039600
    67  0 1  95.62  9970.00 2   0.0 -33.1     61569400   0   1250      1040150
    68  0 1  94.92  9970.00 2   0.0 -32.8     62549600   0   1050       980200
    69  0 1  95.27  9970.00 2   0.0 -32.5     63589300   0   1400      1039700
    70  0 1  94.22  9970.00 2   0.0 -32.5     64559200   0   1200       969900
    71  0 1  94.57  9968.50 2   0.0 -32.2     64559050   0   1200 214748364650
    72  0 1  95.27  9998.50 2   0.0 -31.9     64559150   0   1300          100
    73  0 1  95.62 10000.00 2   0.0 -31.6     66578500   0   1450      2019350
    74  0 1  95.27  9998.50 2   0.0 -31.6     67558300   0   1250       979800
    75  0 1  94.92 10000.00 2   0.0 -31.3     68597800   0   1050      1039500
    76  0 1  94.92 10000.00 2   0.0 -31.3     69637600   0   1500      1039800
    77  0 1  94.57 10000.00 2   0.0 -30.9     70617600   0   1350       980000
    78  0 1  95.27 10000.00 2   0.0 -30.9     71657400   0   1500      1039800
    79  0 1  94.57 10021.00 2   0.0 -30.6     72626950   0   1300       969550
    80  0 1  94.22 10018.00 2   0.0 -30.6     72627250   0   1100          300
    81  0 1  95.27 10019.50 2   0.0 -30.6     72627100   0   1100 214748364650
    82  0 1  94.22 10021.00 2   0.0 -30.3     74647750   0   1050      2020650
    83  0 1  94.92 10021.00 2   0.0 -30.3     75627700   0   1400       979950
    84  0 1  95.62 10018.00 2   0.0 -30.3     76667300   0   1050      1039600
    85  0 1  94.57 10018.00 2   0.0 -30.0     77706850   0   1400      1039550
    86  0 1  95.27 10021.00 2   0.0 -30.0     78687300   0   1400       980450
    87  0 1  94.57 10019.50 2   0.0 -30.0     79727550   0   1350      1040250
    88  0 1  95.62 10021.00 2   0.0 -30.0     80697200   0   1050       969650
    89  0 1  94.92 10018.00 2   0.0 -30.0     80697150   0   1250 214748364750
    90  0 1  94.92 10018.00 2   0.0 -30.0     80696750   0   1500 214748364400
    91  0 1  94.57 10018.00 2   0.0 -30.0     82716650   0   1100      2019900
    92  0 1  95.62 10018.00 2   0.0 -30.0     83696900   0   1450       980250
    93  0 1  95.62  9979.00 2   0.0 -30.0     84737250   0   1450      1040350
    94  0 1  94.57  9979.00 2   0.0 -30.0     85777300   0   1350      1040050
    95  0 1  95.27  9980.50 2   0.0 -30.3     86756850   0   1200       979550
    96  0 1  95.27  9980.50 2   0.0 -30.3     87797150   0   1450      1040300
    97  0 1  95.27  9979.00 2   0.0 -30.3     88767300   0   1500       970150
    98  0 1  95.27  9979.00 2   0.0 -30.3     88767000   0   1250 214748364500
    99  0 1  94.57  9979.00 2   0.0 -30.6     88766700   0   1350 214748364500
   100  0 1  94.22 10030.00 2   0.0 -30.6     90786250   0   1450      2019550
   101  0 1  95.27 10030.00 2   0.0 -30.9     91766550   0   1100       980300
   102  0 1  94.57 10030.00 2   0.0 -30.9     92806150   0   1300      1039600
   103  0 1  94.22 10028.50 2   0.0 -31.3     93846150   0   1150      1040000
   104  0 1  94.22 10030.00 2   0.0 -31.3     94825900   0   1100       979750
   105  0 1  94.57 10028.50 2   0.0 -31.6     95865950   0   1450      1040050
   106  0 1  95.27 10030.00 2   0.0 -31.6     96835800   0   1400       969850
   107  0 1  95.27 10030.00 2   0.0 -31.9     96835950   0   1500          150
   108  0 1  94.22  9979.00 2   0.0 -31.9     96836150   0   1150          200
   109  0 1  95.62  9979.00 2   0.0 -32.5     98855950   0   1250      2019800
   110  0 1  94.57  9979.00 2   0.0 -32.5     99835600   0   1150       979650
   111  0 1  95.62  9980.50 2   0.0 -32.8    100875100   0   1300      1039500
   112  0 1  95.62  9979.00 2   0.0 -33.1    101915150   0   1500      1040050
   113  0 1  95.27  9980.50 2   0.0 -33.4    102895450   0   1200       980300
   114  0 1  94.92  9979.00 2   0.0 -33.4    103935600   0   1300      1040150
   115  0 1  95.62  9961.00 2   0.0 -33.8    104905150   0   1350       969550
   116  0 1  95.62  9959.50 2   0.0 -34.1    104904800   0   1350 214748364450
   117  0 1  94.92  9958.00 2   0.0 -34.4    104905200   0   1150          400
   118  0 1  94.57  9958.00 2   0.0 -35.0    106925050   0   1150      2019850
   119  0 1  94.57  9958.00 2   0.0 -35.3    107904600   0   1300       979550
   120  0 1  94.22  9958.00 2   0.0 -35.6    108944300   0   1500      1039700
   121  0 1  94.22  9961.00 2   0.0 -35.9    109983800   0   1050      1039500
   122  0 1  95.27  9970.00 2   0.0 -36.3    110963900   0   1250       980100
   123  0 1  94.22  9968.50 2   0.0 -36.6    112004250   0   1250      1040350
   124  0 1  94.57  9970.00 2   0.0 -36.9    112974250   0   1500       970000
   125  0 1  95.62  9970.00 2   0.0 -37.2    112973750   0   1050 214748364300
   126  0 1  95.27  9968.50 2   0.0 -37.5    112973900   0   1100          150
   127  0 1  95.27  9970.00 2   0.0 -38.4    114994600   0   1350      2020700
   128  0 1  95.27  9970.00 2   0.0 -38.8    115975050   0   1350       980450
   129  0 1  94.22 10000.00 2   0.0 -39.1    117015350   0   1050      1040300
   130  0 1  94.22  9998.50 2   0.0 -39.7    118055400   0   1250      1040050
   131  0 1  95.27 10000.00 2   0.0 -40.0    119035300   0   1200       979900
   132  0 1  94.92 10000.00 2   0.0 -40.3    120075550   0   1350      1040250
   133  0 1  95.27  9998.50 2   0.0 -40.9    121045750   0   1050       970200
   134  0 1  94.22 10000.00 2   0.0 -41.3    121045450   0   1250 214748364500
   135  0 1  94.22 10000.00 2   0.0 -41.6    121045650   0   1450          200
   136  0 1  94.22 10019.50 2   0.0 -42.5    123065500   0   1400      2019850
   137  0 1  94.57 10018.00 2   0.0 -43.1    124045550   0   1100       980050
   138  0 1  95.27 10018.00 2   0.0 -43.4    125085650   0   1300      1040100
   139  0 1  94.57 10018.00 2   0.0 -44.1    126126050   0   1300      1040400
   140  0 1  94.92 10021.00 2   0.0 -44.4    127106500   0   1200       980450
   141  0 1  95.62 10021.00 2   0.0 -45.0    128146500   0   1200      1040000
   142  0 1  95.62 10018.00 2   0.0 -45.6    129116400   0   1300       969900
   143  0 1  94.57 10021.00 2   0.0 -45.9    129116800   0   1100          400
   144  0 1  95.62 10019.50 2   0.0 -46.6    129116300   0   1150 214748364300
   145  0 1  95.27 10018.00 2   0.0 -47.5    131136300   0   1500      2020000
   146  0 1  94.22 10021.00 2   0.0 -48.1    132116400   0   1250       980100
   147  0 1  95.62 10019.50 2   0.0 -48.4    133155900   0   1350      1039500
   148  0 1  94.57 10018.00 2   0.0 -49.1    134195650   0   1100      1039750
   149  0 1  94.22 10021.00 2   0.0 -49.7    135175800   0   1150       980150
   150  0 1  95.62 10021.00 2   0.0 -50.3    136215850   0   1200      1040050
   151  0 1  94.92  9980.50 2   0.0 -50.6    137186200   0   1350       970350
   152  0 1  95.27  9980.50 2   0.0 -51.3    137186450   0   1100          250
   153  0 1  95.27  9980.50 2   0.0 -51.9    137186150   0   1250 214748364500
   154  0 1  94.22  9979.00 2   0.0 -53.1    139206100   0   1150      2019950
   155  0 1  94.92  9979.00 2   0.0 -53.4    140186050   0   1450       979950
   156  0 1  94.57  9979.00 2   0.0 -54.1    141225750   0   1050      1039700
   157  0 1  95.62  9979.00 2   0.0 -54.7    142265400   0   1050      1039650
   158  0 1  94.92 10030.00 2   0.0 -55.3    143245400   0   1300       980000
   159  0 1  95.62 10030.00 2   0.0 -55.9    144285250   0   1350      1039850
   160  0 1  94.92 10028.50 2   0.0 -56.6    145255100   0   1350       969850
   161  0 1  95.27 10030.00 2   0.0 -57.2    145255050   0   1300 214748364750
   162  0 1  94.92 10030.00 2   0.0 -57.5    145254750   0   1150 214748364500
   163  0 1  94.22 10030.00 2   0.0 -58.8    147274550   0   1050      2019800
   164  0 1  95.62 10028.50 2   0.0 -59.4    148254550   0   1150       980000
   165  0 1  94.22  9979.00 2   0.0 -60.0    149295000   0   1150      1040450
   166  0 1  95.27  9979.00 2   0.0 -60.6    150334750   0   1350      1039750
   167  0 1  95.27  9979.00 2   0.0 -61.3    151314650   0   1200       979900
   168  0 1  94.92  9979.00 2   0.0 -61.9    152354400   0   1450      1039750
   169  0 1  94.22  9979.00 2   0.0 -62.5    153324600   0   1150       970200
   170  0 1  94.92  9980.50 2   0.0 -63.1    153324400   0   1500 214748364600
   171  0 1  95.62  9979.00 2   0.0 -63.8    153324350   0   1100 214748364750
   172  0 1  94.22  9959.50 2   0.0 -65.0    155344950   0   1450      2020600
   173  0 1  94.22  9959.50 2   0.0 -65.6    156324800   0   1450       979850
   174  0 1  94.92  9961.00 2   0.0 -66.3    157364700   0   1100      1039900
   175  0 1  94.22  9959.50 2   0.0 -66.9    158405000   0   1350      1040300
   176  0 1  95.62  9959.50 2   0.0 -67.5    159384550   0   1500       979550
   177  0 1  95.27  9961.00 2   0.0 -68.1    160424950   0   1400      1040400
   178  0 1  95.27  9961.00 2   0.0 -68.8    161395000   0   1100       970050
   179  0 1  95.27  9961.00 2   0.0 -69.4    161394800   0   1300 214748364600
