    NO  S V  AOA    FREQ    B  FMOP  AMP      TOA      PMOP  PW         dTOA  
------ -- - ------ -------- - ----- ----- ------------ --- ------ ------------
     0  0 1 199.69  5298.75 1   0.0 -70.0            0   0   4000  42949673000
     1  0 1 199.69  5300.00 1   0.0 -68.1       501250   0   3950       501250
     2  0 1 199.69  5300.00 1   0.0 -66.6      1000250   0   3950       499000
     3  0 1 199.69  5298.75 1   0.0 -64.7      1501850   0   3950       501600
     4  0 1 199.69  5300.00 1   0.0 -61.3      2500300   0   4000       998450
     5  0 1 199.69  5298.75 1   0.0 -59.4      2999800   0   3950       499500
     6  0 1 199.69  5300.00 1   0.0 -57.5      3497650   0   3950       497850
     7  0 1 199.69  5400.00 1   0.0 -55.9      3997000   0   3950       499350
     8  0 1 199.69  5400.00 1   0.0 -54.4      4499100   0   4000       502100
     9  0 1 199.69  5398.75 1   0.0 -52.5      5000700   0   4000       501600
    10  0 1 199.69  5400.00 1   0.0 -50.9      5499650   0   3950       498950
    11  0 1 199.69  5400.00 1   0.0 -49.4      5997150   0   4000       497500
    12  0 1 199.69  5398.75 1   0.0 -47.8      6497500   0   4000       500350
    13  0 1 199.69  5400.00 1   0.0 -45.0      7497500   0   4000      1000000
    14  0 1 199.69  5500.00 1   0.0 -43.8      7999950   0   3950       502450
    15  0 1 199.69  5498.75 1   0.0 -42.5      8501600   0   3950       501650
    16  0 1 199.69  5498.75 1   0.0 -40.9      9001100   0   3950       499500
    17  0 1 199.69  5498.75 1   0.0 -40.0      9499100   0   3950       498000
    18  0 1 199.69  5500.00 1   0.0 -38.8      9999750   0   4000       500650
    19  0 1 199.69  5498.75 1   0.0 -37.5     10501100   0   4000       501350
    20  0 1 199.69  5498.75 1   0.0 -36.6     11001250   0   3950       500150
    21  0 1 199.69  5500.00 1   0.0 -35.6     11503050   0   4000       501800
    22  0 1 199.69  5598.75 1   0.0 -34.1     12506000   0   3950      1002950
    23  0 1 199.69  5600.00 1   0.0 -33.1     13003700   0   3950       497700
    24  0 1 199.69  5600.00 1   0.0 -32.5     13501850   0   4000       498150
    25  0 1 199.69  5598.75 1   0.0 -31.9     14003550   0   4000       501700
    26  0 1 199.69  5600.00 1   0.0 -31.6     14503700   0   4000       500150
    27  0 1 199.69  5598.75 1   0.0 -30.9     15003700   0   4000       500000
    28  0 1 199.69  5598.75 1   0.0 -30.6     15501500   0   3950       497800
    29  0 1 199.69  5700.00 1   0.0 -30.3     15999250   0   3950       497750
    30  0 1 199.69  5700.00 1   0.0 -30.3     16501700   0   3950       502450
    31  0 1 199.69  5700.00 1   0.0 -30.0     17505550   0   3950      1003850
    32  0 1 199.69  5700.00 1   0.0 -30.0     18005800   0   3950       500250
    33  0 1 199.69  5700.00 1   0.0 -30.3     18505400   0   3950       499600
    34  0 1 199.69  5700.00 1   0.0 -30.3     19005000   0   3950       499600
    35  0 1 199.69  5700.00 1   0.0 -30.6     19505850   0   4000       500850
    36  0 1 199.69  5798.75 1   0.0 -30.9     20003600   0   3950       497750
    37  0 1 199.69  5800.00 1   0.0 -31.6     20502300   0   3950       498700
    38  0 1 199.69  5800.00 1   0.0 -31.9     21001750   0   3950       499450
    39  0 1 199.69  5800.00 1   0.0 -32.5     21503850   0   3950       502100
    40  0 1 199.69  5798.75 1   0.0 -34.1     22501550   0   3950       997700
    41  0 1 199.69  5798.75 1   0.0 -34.7     22999650   0   4000       498100
    42  0 1 199.69  5798.75 1   0.0 -35.6     23499200   0   4000       499550
    43  0 1 199.69  5200.00 1   0.0 -36.6     23998400   0   3950       499200
    44  0 1 199.69  5198.75 1   0.0 -37.5     24497050   0   3950       498650
    45  0 1 199.69  5200.00 1   0.0 -38.8     24996350   0   4000       499300
    46  0 1 199.69  5200.00 1   0.0 -40.0     25498500   0   4000       502150
    47  0 1 199.69  5200.00 1   0.0 -40.9     25998200   0   4000       499700
    48  0 1 199.69  5200.00 1   0.0 -42.5     26495700   0   4000       497500
    49  0 1 199.69  5200.00 1   0.0 -45.0     27492250   0   3950       996550
    50  0 1 199.69  5300.00 1   0.0 -46.6     27991800   0   4000       499550
    51  0 1 199.69  5300.00 1   0.0 -47.8     28493300   0   4000       501500
    52  0 1 199.69  5298.75 1   0.0 -49.4     28995000   0   3950       501700
    53  0 1 199.69  5300.00 1   0.0 -50.9     29494300   0   4000       499300
    54  0 1 199.69  5300.00 1   0.0 -52.5     29992950   0   3950       498650
    55  0 1 199.69  5300.00 1   0.0 -54.4     30492450   0   4000       499500
    56  0 1 199.69  5300.00 1   0.0 -55.9     30994100   0   3950       501650
    57  0 1 199.69  5298.75 1   0.0 -57.5     31495100   0   3950       501000
    58  0 1 199.69  5400.00 1   0.0 -61.3     32497800   0   3950      1002700
    59  0 1 199.69  5400.00 1   0.0 -62.8     33000250   0   4000       502450
    60  0 1 199.69  5398.75 1   0.0 -64.7     33502300   0   4000       502050
    61  0 1 199.69  5400.00 1   0.0 -66.6     34002700   0   4000       500400
    62  0 1 199.69  5398.75 1   0.0 -68.1     34504700   0   3950       502000
