    NO  S V  AOA    FREQ    B  FMOP  AMP      TOA      PMOP  PW         dTOA  
------ -- - ------ -------- - ----- ----- ------------ --- ------ ------------
     0  0 1 199.69  5300.00 1   0.0 -70.0            0   0   4000  42949673000
     1  0 1 199.69  5298.75 1   0.0 -66.6       997550   0   3950       997550
     2  0 1 199.69  5300.00 1   0.0 -64.7      1499950   0   3950       502400
     3  0 1 199.69  5300.00 1   0.0 -62.8      2000600   0   3950       500650
     4  0 1 199.69  5298.75 1   0.0 -61.3      2500150   0   3950       499550
     5  0 1 199.69  5300.00 1   0.0 -59.4      3000400   0   3950       500250
     6  0 1 199.69  5300.00 1   0.0 -57.5      3498800   0   4000       498400
     7  0 1 199.69  5400.00 1   0.0 -55.9      3999800   0   4000       501000
     8  0 1 199.69  5400.00 1   0.0 -54.4      4499550   0   4000       499750
     9  0 1 199.69  5400.00 1   0.0 -52.5      5000300   0   4000       500750
    10  0 1 199.69  5400.00 1   0.0 -49.4      6001750   0   3950      1001450
    11  0 1 199.69  5400.00 1   0.0 -47.8      6500800   0   4000       499050
    12  0 1 199.69  5398.75 1   0.0 -46.6      6999400   0   3950       498600
    13  0 1 199.69  5400.00 1   0.0 -45.0      7500650   0   4000       501250
    14  0 1 199.69  5498.75 1   0.0 -43.8      8001200   0   4000       500550
    15  0 1 199.69  5500.00 1   0.0 -42.5      8499800   0   4000       498600
    16  0 1 199.69  5498.75 1   0.0 -40.9      8998600   0   4000       498800
    17  0 1 199.69  5500.00 1   0.0 -40.0      9499950   0   4000       501350
    18  0 1 199.69  5500.00 1   0.0 -38.8      9999650   0   4000       499700
    19  0 1 199.69  5498.75 1   0.0 -36.6     10999000   0   4000       999350
    20  0 1 199.69  5500.00 1   0.0 -35.6     11498850   0   4000       499850
    21  0 1 199.69  5600.00 1   0.0 -34.7     11998900   0   3950       500050
    22  0 1 199.69  5600.00 1   0.0 -34.1     12500250   0   4000       501350
    23  0 1 199.69  5600.00 1   0.0 -33.1     13001550   0   3950       501300
    24  0 1 199.69  5598.75 1   0.0 -32.5     13502750   0   3950       501200
    25  0 1 199.69  5598.75 1   0.0 -31.9     14000550   0   4000       497800
    26  0 1 199.69  5598.75 1   0.0 -31.6     14500450   0   3950       499900
    27  0 1 199.69  5600.00 1   0.0 -30.9     15000850   0   3950       500400
    28  0 1 199.69  5698.75 1   0.0 -30.3     16003650   0   4000      1002800
    29  0 1 199.69  5698.75 1   0.0 -30.3     16501650   0   4000       498000
    30  0 1 199.69  5698.75 1   0.0 -30.0     17002550   0   4000       500900
    31  0 1 199.69  5700.00 1   0.0 -30.0     17501200   0   3950       498650
    32  0 1 199.69  5700.00 1   0.0 -30.0     18000750   0   3950       499550
    33  0 1 199.69  5700.00 1   0.0 -30.3     18499400   0   4000       498650
    34  0 1 199.69  5700.00 1   0.0 -30.3     18998650   0   4000       499250
    35  0 1 199.69  5698.75 1   0.0 -30.6     19496600   0   4000       497950
    36  0 1 199.69  5798.75 1   0.0 -30.9     19997350   0   4000       500750
    37  0 1 199.69  5800.00 1   0.0 -31.9     20999600   0   3950      1002250
    38  0 1 199.69  5800.00 1   0.0 -32.5     21501750   0   3950       502150
    39  0 1 199.69  5798.75 1   0.0 -33.1     22004100   0   4000       502350
    40  0 1 199.69  5798.75 1   0.0 -34.1     22501600   0   3950       497500
    41  0 1 199.69  5800.00 1   0.0 -34.7     23001100   0   3950       499500
    42  0 1 199.69  5798.75 1   0.0 -35.6     23500700   0   4000       499600
    43  0 1 199.69  5200.00 1   0.0 -36.6     24000500   0   4000       499800
    44  0 1 199.69  5200.00 1   0.0 -37.5     24501550   0   3950       501050
    45  0 1 199.69  5200.00 1   0.0 -38.8     25002750   0   3950       501200
    46  0 1 199.69  5200.00 1   0.0 -40.9     26000400   0   3950       997650
    47  0 1 199.69  5200.00 1   0.0 -42.5     26500750   0   3950       500350
    48  0 1 199.69  5198.75 1   0.0 -43.8     27000750   0   4000       500000
    49  0 1 199.69  5200.00 1   0.0 -45.0     27500400   0   3950       499650
    50  0 1 199.69  5300.00 1   0.0 -46.6     28002050   0   3950       501650
    51  0 1 199.69  5300.00 1   0.0 -47.8     28504000   0   4000       501950
    52  0 1 199.69  5298.75 1   0.0 -49.4     29005850   0   3950       501850
    53  0 1 199.69  5300.00 1   0.0 -50.9     29503950   0   3950       498100
    54  0 1 199.69  5300.00 1   0.0 -52.5     30003850   0   4000       499900
    55  0 1 199.69  5300.00 1   0.0 -55.9     31002350   0   4000       998500
    56  0 1 199.69  5300.00 1   0.0 -57.5     31500450   0   4000       498100
    57  0 1 199.69  5398.75 1   0.0 -59.4     32001550   0   4000       501100
    58  0 1 199.69  5398.75 1   0.0 -61.3     32503350   0   3950       501800
    59  0 1 199.69  5400.00 1   0.0 -62.8     33000950   0   4000       497600
    60  0 1 199.69  5400.00 1   0.0 -64.7     33502250   0   3950       501300
    61  0 1 199.69  5400.00 1   0.0 -66.6     34001600   0   3950       499350
    62  0 1 199.69  5400.00 1   0.0 -68.1     34499900   0   3950       498300
