    NO  S V  AOA    FREQ    B  FMOP  AMP      TOA      PMOP  PW         dTOA  
------ -- - ------ -------- - ----- ----- ------------ --- ------ ------------
     0  0 1 199.69  5300.00 1   0.0 -70.0            0   0   4000  42949673000
     1  0 1 199.69  5298.75 1   0.0 -68.1       498900   0   3950       498900
     2  0 1 199.69  5300.00 1   0.0 -66.6      1000150   0   3950       501250
     3  0 1 199.69  5300.00 1   0.0 -62.8      1999950   0   3950       999800
     4  0 1 199.69  5298.75 1   0.0 -61.3      2497750   0   3950       497800
     5  0 1 199.69  5300.00 1   0.0 -59.4      2997950   0   3950       500200
     6  0 1 199.69  5298.75 1   0.0 -57.5      3495900   0   3950       497950
     7  0 1 199.69  5400.00 1   0.0 -55.9      3995900   0   4000       500000
     8  0 1 199.69  5398.75 1   0.0 -54.4      4496400   0   4000       500500
     9  0 1 199.69  5398.75 1   0.0 -52.5      4996200   0   4000       499800
    10  0 1 199.69  5400.00 1   0.0 -50.9      5497750   0   4000       501550
    11  0 1 199.69  5400.00 1   0.0 -49.4      5995600   0   4000       497850
    12  0 1 199.69  5400.00 1   0.0 -46.6      6996300   0   3950      1000700
    13  0 1 199.69  5400.00 1   0.0 -45.0      7496400   0   4000       500100
    14  0 1 199.69  5498.75 1   0.0 -43.8      7998500   0   3950       502100
    15  0 1 199.69  5500.00 1   0.0 -42.5      8496200   0   3950       497700
    16  0 1 199.69  5500.00 1   0.0 -40.9      8995400   0   4000       499200
    17  0 1 199.69  5500.00 1   0.0 -40.0      9492900   0   4000       497500
    18  0 1 199.69  5500.00 1   0.0 -38.8      9990750   0   3950       497850
    19  0 1 199.69  5500.00 1   0.0 -37.5     10491200   0   3950       500450
    20  0 1 199.69  5500.00 1   0.0 -36.6     10993450   0   4000       502250
    21  0 1 199.69  5600.00 1   0.0 -34.7     11990300   0   4000       996850
    22  0 1 199.69  5598.75 1   0.0 -34.1     12487800   0   4000       497500
    23  0 1 199.69  5600.00 1   0.0 -33.1     12986700   0   4000       498900
    24  0 1 199.69  5600.00 1   0.0 -32.5     13486500   0   4000       499800
    25  0 1 199.69  5598.75 1   0.0 -31.9     13987750   0   4000       501250
    26  0 1 199.69  5600.00 1   0.0 -31.6     14488050   0   4000       500300
    27  0 1 199.69  5600.00 1   0.0 -30.9     14989400   0   4000       501350
    28  0 1 199.69  5600.00 1   0.0 -30.6     15488750   0   3950       499350
    29  0 1 199.69  5698.75 1   0.0 -30.3     15989450   0   4000       500700
    30  0 1 199.69  5700.00 1   0.0 -30.0     16991650   0   4000      1002200
    31  0 1 199.69  5698.75 1   0.0 -30.0     17490350   0   4000       498700
    32  0 1 199.69  5698.75 1   0.0 -30.0     17987850   0   4000       497500
    33  0 1 199.69  5700.00 1   0.0 -30.3     18489250   0   3950       501400
    34  0 1 199.69  5700.00 1   0.0 -30.3     18988800   0   3950       499550
    35  0 1 199.69  5698.75 1   0.0 -30.6     19486450   0   3950       497650
    36  0 1 199.69  5798.75 1   0.0 -30.9     19986700   0   4000       500250
    37  0 1 199.69  5800.00 1   0.0 -31.6     20487700   0   4000       501000
    38  0 1 199.69  5800.00 1   0.0 -31.9     20990150   0   3950       502450
    39  0 1 199.69  5800.00 1   0.0 -33.1     21989800   0   3950       999650
    40  0 1 199.69  5800.00 1   0.0 -34.1     22488300   0   4000       498500
    41  0 1 199.69  5800.00 1   0.0 -34.7     22987200   0   3950       498900
    42  0 1 199.69  5800.00 1   0.0 -35.6     23486200   0   4000       499000
    43  0 1 199.69  5200.00 1   0.0 -36.6     23984650   0   4000       498450
    44  0 1 199.69  5198.75 1   0.0 -37.5     24482300   0   4000       497650
    45  0 1 199.69  5198.75 1   0.0 -38.8     24980050   0   4000       497750
    46  0 1 199.69  5198.75 1   0.0 -40.0     25478300   0   3950       498250
    47  0 1 199.69  5200.00 1   0.0 -40.9     25976750   0   3950       498450
    48  0 1 199.69  5198.75 1   0.0 -43.8     26975950   0   4000       999200
    49  0 1 199.69  5198.75 1   0.0 -45.0     27477300   0   3950       501350
    50  0 1 199.69  5300.00 1   0.0 -46.6     27974800   0   4000       497500
    51  0 1 199.69  5300.00 1   0.0 -47.8     28472350   0   3950       497550
    52  0 1 199.69  5298.75 1   0.0 -49.4     28970500   0   3950       498150
    53  0 1 199.69  5300.00 1   0.0 -50.9     29469300   0   3950       498800
    54  0 1 199.69  5300.00 1   0.0 -52.5     29968500   0   3950       499200
    55  0 1 199.69  5300.00 1   0.0 -54.4     30467050   0   3950       498550
    56  0 1 199.69  5300.00 1   0.0 -55.9     30965100   0   4000       498050
    57  0 1 199.69  5400.00 1   0.0 -59.4     31966750   0   3950      1001650
    58  0 1 199.69  5400.00 1   0.0 -61.3     32466000   0   4000       499250
    59  0 1 199.69  5398.75 1   0.0 -62.8     32968300   0   4000       502300
    60  0 1 199.69  5400.00 1   0.0 -64.7     33469650   0   4000       501350
    61  0 1 199.69  5400.00 1   0.0 -66.6     33968400   0   4000       498750
    62  0 1 199.69  5400.00 1   0.0 -68.1     34467300   0   3950       498900
