    NO  S V  AOA    FREQ    B  FMOP  AMP      TOA      PMOP  PW         dTOA  
------ -- - ------ -------- - ----- ----- ------------ --- ------ ------------
     0  0 1 199.69  5298.75 1   0.0 -70.0            0   0   3950  42949673000
     1  0 1 199.69  5298.75 1   0.0 -68.1       500600   0   3950       500600
     2  0 1 199.69  5298.75 1   0.0 -66.6       998750   0   3950       498150
     3  0 1 199.69  5300.00 1   0.0 -64.7      1498400   0   4000       499650
     4  0 1 199.69  5300.00 1   0.0 -62.8      2000000   0   3950       501600
     5  0 1 199.69  5300.00 1   0.0 -61.3      2502250   0   4000       502250
     6  0 1 199.69  5300.00 1   0.0 -59.4      3001650   0   4000       499400
     7  0 1 199.69  5298.75 1   0.0 -57.5      3503100   0   3950       501450
     8  0 1 199.69  5398.75 1   0.0 -54.4      4501150   0   4000       998050
     9  0 1 199.69  5400.00 1   0.0 -52.5      5002300   0   4000       501150
    10  0 1 199.69  5398.75 1   0.0 -50.9      5502400   0   4000       500100
    11  0 1 199.69  5398.75 1   0.0 -49.4      6002500   0   3950       500100
    12  0 1 199.69  5400.00 1   0.0 -47.8      6502400   0   3950       499900
    13  0 1 199.69  5400.00 1   0.0 -46.6      6999900   0   4000       497500
    14  0 1 199.69  5400.00 1   0.0 -45.0      7499950   0   4000       500050
    15  0 1 199.69  5498.75 1   0.0 -43.8      7998500   0   4000       498550
    16  0 1 199.69  5498.75 1   0.0 -42.5      8498250   0   3950       499750
    17  0 1 199.69  5500.00 1   0.0 -40.0      9497250   0   3950       999000
    18  0 1 199.69  5500.00 1   0.0 -38.8      9998250   0   3950       501000
    19  0 1 199.69  5500.00 1   0.0 -37.5     10499650   0   4000       501400
    20  0 1 199.69  5498.75 1   0.0 -36.6     10998650   0   4000       499000
    21  0 1 199.69  5498.75 1   0.0 -35.6     11498850   0   3950       500200
    22  0 1 199.69  5600.00 1   0.0 -34.7     12001150   0   4000       502300
    23  0 1 199.69  5598.75 1   0.0 -34.1     12499450   0   4000       498300
    24  0 1 199.69  5598.75 1   0.0 -33.1     13000550   0   4000       501100
    25  0 1 199.69  5600.00 1   0.0 -32.5     13498450   0   3950       497900
    26  0 1 199.69  5600.00 1   0.0 -31.6     14499700   0   3950      1001250
    27  0 1 199.69  5600.00 1   0.0 -30.9     14997250   0   4000       497550
    28  0 1 199.69  5600.00 1   0.0 -30.6     15495500   0   4000       498250
    29  0 1 199.69  5700.00 1   0.0 -30.3     15994700   0   3950       499200
    30  0 1 199.69  5700.00 1   0.0 -30.3     16492200   0   3950       497500
    31  0 1 199.69  5698.75 1   0.0 -30.0     16992050   0   3950       499850
    32  0 1 199.69  5700.00 1   0.0 -30.0     17490900   0   4000       498850
    33  0 1 199.69  5700.00 1   0.0 -30.0     17991250   0   4000       500350
    34  0 1 199.69  5698.75 1   0.0 -30.3     18490700   0   3950       499450
    35  0 1 199.69  5700.00 1   0.0 -30.6     19491150   0   4000      1000450
    36  0 1 199.69  5798.75 1   0.0 -30.9     19992150   0   4000       501000
    37  0 1 199.69  5800.00 1   0.0 -31.6     20492450   0   4000       500300
    38  0 1 199.69  5798.75 1   0.0 -31.9     20993550   0   3950       501100
    39  0 1 199.69  5798.75 1   0.0 -32.5     21494250   0   4000       500700
    40  0 1 199.69  5798.75 1   0.0 -33.1     21995100   0   4000       500850
    41  0 1 199.69  5800.00 1   0.0 -34.1     22496600   0   3950       501500
    42  0 1 199.69  5800.00 1   0.0 -34.7     22994550   0   4000       497950
    43  0 1 199.69  5800.00 1   0.0 -35.6     23494200   0   3950       499650
    44  0 1 199.69  5198.75 1   0.0 -37.5     24496050   0   4000      1001850
    45  0 1 199.69  5198.75 1   0.0 -38.8     24997900   0   3950       501850
    46  0 1 199.69  5200.00 1   0.0 -40.0     25500300   0   3950       502400
    47  0 1 199.69  5200.00 1   0.0 -40.9     26001500   0   3950       501200
    48  0 1 199.69  5200.00 1   0.0 -42.5     26500150   0   4000       498650
    49  0 1 199.69  5200.00 1   0.0 -43.8     27002150   0   4000       502000
    50  0 1 199.69  5198.75 1   0.0 -45.0     27501650   0   3950       499500
    51  0 1 199.69  5300.00 1   0.0 -46.6     28002000   0   4000       500350
    52  0 1 199.69  5300.00 1   0.0 -47.8     28501350   0   3950       499350
    53  0 1 199.69  5300.00 1   0.0 -50.9     29504200   0   3950      1002850
    54  0 1 199.69  5300.00 1   0.0 -52.5     30002650   0   4000       498450
    55  0 1 199.69  5300.00 1   0.0 -54.4     30503700   0   3950       501050
    56  0 1 199.69  5300.00 1   0.0 -55.9     31003150   0   4000       499450
    57  0 1 199.69  5300.00 1   0.0 -57.5     31502650   0   3950       499500
    58  0 1 199.69  5398.75 1   0.0 -59.4     32002450   0   4000       499800
    59  0 1 199.69  5398.75 1   0.0 -61.3     32502850   0   3950       500400
    60  0 1 199.69  5400.00 1   0.0 -62.8     33003350   0   4000       500500
    61  0 1 199.69  5400.00 1   0.0 -64.7     33504450   0   4000       501100
    62  0 1 199.69  5398.75 1   0.0 -68.1     34505300   0   4000      1000850
