    NO  S V  AOA    FREQ    B  FMOP  AMP      TOA      PMOP  PW         dTOA  
------ -- - ------ -------- - ----- ----- ------------ --- ------ ------------
     0  0 1 199.69  5300.00 1   0.0 -70.0            0   0   4000  42949673000
     1  0 1 199.69  5300.00 1   0.0 -68.1       497850   0   3950       497850
     2  0 1 199.69  5300.00 1   0.0 -66.6      1000050   0   3950       502200
     3  0 1 199.69  5300.00 1   0.0 -64.7      1500050   0   4000       500000
     4  0 1 199.69  5300.00 1   0.0 -62.8      1998250   0   3950       498200
     5  0 1 199.69  5300.00 1   0.0 -61.3      2499800   0   4000       501550
     6  0 1 199.69  5300.00 1   0.0 -59.4      3001250   0   4000       501450
     7  0 1 199.69  5298.75 1   0.0 -57.5      3499700   0   3950       498450
     8  0 1 199.69  5400.00 1   0.0 -54.4      4503000   0   4000      1003300
     9  0 1 199.69  5400.00 1   0.0 -52.5      5000650   0   4000       497650
    10  0 1 199.69  5400.00 1   0.0 -50.9      5499250   0   4000       498600
    11  0 1 199.69  5400.00 1   0.0 -49.4      6000500   0   4000       501250
    12  0 1 199.69  5400.00 1   0.0 -47.8      6499500   0   3950       499000
    13  0 1 199.69  5398.75 1   0.0 -46.6      6999200   0   3950       499700
    14  0 1 199.69  5400.00 1   0.0 -45.0      7500500   0   4000       501300
    15  0 1 199.69  5498.75 1   0.0 -43.8      8000850   0   3950       500350
    16  0 1 199.69  5500.00 1   0.0 -42.5      8499300   0   3950       498450
    17  0 1 199.69  5498.75 1   0.0 -40.0      9494700   0   4000       995400
    18  0 1 199.69  5500.00 1   0.0 -38.8      9994650   0   4000       499950
    19  0 1 199.69  5500.00 1   0.0 -37.5     10492950   0   3950       498300
    20  0 1 199.69  5498.75 1   0.0 -36.6     10992700   0   3950       499750
    21  0 1 199.69  5500.00 1   0.0 -35.6     11492550   0   3950       499850
    22  0 1 199.69  5600.00 1   0.0 -34.7     11990250   0   3950       497700
    23  0 1 199.69  5600.00 1   0.0 -34.1     12489150   0   4000       498900
    24  0 1 199.69  5600.00 1   0.0 -33.1     12988100   0   4000       498950
    25  0 1 199.69  5600.00 1   0.0 -32.5     13488050   0   3950       499950
    26  0 1 199.69  5598.75 1   0.0 -31.6     14487750   0   3950       999700
    27  0 1 199.69  5600.00 1   0.0 -30.9     14988300   0   4000       500550
    28  0 1 199.69  5598.75 1   0.0 -30.6     15486750   0   4000       498450
    29  0 1 199.69  5698.75 1   0.0 -30.3     15988300   0   3950       501550
    30  0 1 199.69  5698.75 1   0.0 -30.3     16487000   0   4000       498700
    31  0 1 199.69  5700.00 1   0.0 -30.0     16985500   0   4000       498500
    32  0 1 199.69  5700.00 1   0.0 -30.0     17487100   0   3950       501600
    33  0 1 199.69  5700.00 1   0.0 -30.0     17986650   0   3950       499550
    34  0 1 199.69  5698.75 1   0.0 -30.3     18485200   0   4000       498550
    35  0 1 199.69  5698.75 1   0.0 -30.6     19487600   0   4000      1002400
    36  0 1 199.69  5800.00 1   0.0 -30.9     19988450   0   4000       500850
    37  0 1 199.69  5800.00 1   0.0 -31.6     20488500   0   4000       500050
    38  0 1 199.69  5800.00 1   0.0 -31.9     20988050   0   4000       499550
    39  0 1 199.69  5800.00 1   0.0 -32.5     21486900   0   3950       498850
    40  0 1 199.69  5800.00 1   0.0 -33.1     21986550   0   4000       499650
    41  0 1 199.69  5800.00 1   0.0 -34.1     22487050   0   3950       500500
    42  0 1 199.69  5798.75 1   0.0 -34.7     22985500   0   4000       498450
    43  0 1 199.69  5798.75 1   0.0 -35.6     23485850   0   3950       500350
    44  0 1 199.69  5200.00 1   0.0 -37.5     24488250   0   3950      1002400
    45  0 1 199.69  5200.00 1   0.0 -38.8     24988950   0   3950       500700
    46  0 1 199.69  5200.00 1   0.0 -40.0     25488750   0   3950       499800
    47  0 1 199.69  5200.00 1   0.0 -40.9     25990100   0   3950       501350
    48  0 1 199.69  5200.00 1   0.0 -42.5     26491800   0   3950       501700
    49  0 1 199.69  5198.75 1   0.0 -43.8     26990850   0   3950       499050
    50  0 1 199.69  5200.00 1   0.0 -45.0     27492550   0   4000       501700
    51  0 1 199.69  5300.00 1   0.0 -46.6     27992050   0   4000       499500
    52  0 1 199.69  5300.00 1   0.0 -47.8     28491850   0   3950       499800
    53  0 1 199.69  5300.00 1   0.0 -50.9     29493000   0   3950      1001150
    54  0 1 199.69  5298.75 1   0.0 -52.5     29993800   0   4000       500800
    55  0 1 199.69  5300.00 1   0.0 -54.4     30495000   0   4000       501200
    56  0 1 199.69  5298.75 1   0.0 -55.9     30994850   0   3950       499850
    57  0 1 199.69  5300.00 1   0.0 -57.5     31494150   0   4000       499300
    58  0 1 199.69  5398.75 1   0.0 -59.4     31992900   0   3950       498750
    59  0 1 199.69  5400.00 1   0.0 -61.3     32493450   0   3950       500550
    60  0 1 199.69  5400.00 1   0.0 -62.8     32994700   0   3950       501250
    61  0 1 199.69  5398.75 1   0.0 -64.7     33492350   0   4000       497650
    62  0 1 199.69  5400.00 1   0.0 -68.1     34493900   0   4000      1001550
