    NO  S V  AOA    FREQ    B  FMOP  AMP      TOA      PMOP  PW         dTOA  
------ -- - ------ -------- - ----- ----- ------------ --- ------ ------------
     0  0 1 199.69  5300.00 1   0.0 -70.0            0   0   3950  42949673000
     1  0 1 199.69  5298.75 1   0.0 -68.1       499700   0   3950       499700
     2  0 1 199.69  5300.00 1   0.0 -66.6      1001850   0   4000       502150
     3  0 1 199.69  5300.00 1   0.0 -64.7      1503800   0   4000       501950
     4  0 1 199.69  5300.00 1   0.0 -62.8      2004050   0   3950       500250
     5  0 1 199.69  5300.00 1   0.0 -61.3      2503050   0   4000       499000
     6  0 1 199.69  5300.00 1   0.0 -59.4      3003150   0   3950       500100
     7  0 1 199.69  5298.75 1   0.0 -57.5      3503500   0   3950       500350
     8  0 1 199.69  5400.00 1   0.0 -55.9      4005950   0   3950       502450
     9  0 1 199.69  5400.00 1   0.0 -52.5      5002200   0   4000       996250
    10  0 1 199.69  5398.75 1   0.0 -50.9      5499850   0   3950       497650
    11  0 1 199.69  5400.00 1   0.0 -49.4      6000250   0   3950       500400
    12  0 1 199.69  5398.75 1   0.0 -47.8      6501400   0   3950       501150
    13  0 1 199.69  5400.00 1   0.0 -46.6      7000050   0   3950       498650
    14  0 1 199.69  5400.00 1   0.0 -45.0      7499950   0   4000       499900
    15  0 1 199.69  5500.00 1   0.0 -43.8      7999550   0   4000       499600
    16  0 1 199.69  5500.00 1   0.0 -42.5      8500200   0   3950       500650
    17  0 1 199.69  5500.00 1   0.0 -40.9      8999900   0   3950       499700
    18  0 1 199.69  5500.00 1   0.0 -38.8      9999550   0   3950       999650
    19  0 1 199.69  5500.00 1   0.0 -37.5     10499000   0   3950       499450
    20  0 1 199.69  5500.00 1   0.0 -36.6     10996750   0   4000       497750
    21  0 1 199.69  5498.75 1   0.0 -35.6     11495700   0   4000       498950
    22  0 1 199.69  5598.75 1   0.0 -34.7     11997500   0   4000       501800
    23  0 1 199.69  5598.75 1   0.0 -34.1     12498700   0   4000       501200
    24  0 1 199.69  5600.00 1   0.0 -33.1     13000700   0   4000       502000
    25  0 1 199.69  5600.00 1   0.0 -32.5     13503050   0   4000       502350
    26  0 1 199.69  5598.75 1   0.0 -31.9     14001900   0   4000       498850
    27  0 1 199.69  5600.00 1   0.0 -30.9     15004300   0   3950      1002400
    28  0 1 199.69  5598.75 1   0.0 -30.6     15505750   0   4000       501450
    29  0 1 199.69  5700.00 1   0.0 -30.3     16003900   0   3950       498150
    30  0 1 199.69  5698.75 1   0.0 -30.3     16503900   0   4000       500000
    31  0 1 199.69  5700.00 1   0.0 -30.0     17003250   0   3950       499350
    32  0 1 199.69  5700.00 1   0.0 -30.0     17505150   0   4000       501900
    33  0 1 199.69  5700.00 1   0.0 -30.0     18003700   0   3950       498550
    34  0 1 199.69  5700.00 1   0.0 -30.3     18501450   0   4000       497750
    35  0 1 199.69  5698.75 1   0.0 -30.3     19002050   0   4000       500600
    36  0 1 199.69  5800.00 1   0.0 -30.9     20003400   0   3950      1001350
    37  0 1 199.69  5798.75 1   0.0 -31.6     20504400   0   4000       501000
    38  0 1 199.69  5798.75 1   0.0 -31.9     21004850   0   3950       500450
    39  0 1 199.69  5800.00 1   0.0 -32.5     21503850   0   3950       499000
    40  0 1 199.69  5800.00 1   0.0 -33.1     22004850   0   3950       501000
    41  0 1 199.69  5798.75 1   0.0 -34.1     22504800   0   3950       499950
    42  0 1 199.69  5800.00 1   0.0 -34.7     23006600   0   3950       501800
    43  0 1 199.69  5798.75 1   0.0 -35.6     23505850   0   3950       499250
    44  0 1 199.69  5198.75 1   0.0 -36.6     24006000   0   4000       500150
    45  0 1 199.69  5198.75 1   0.0 -38.8     25008050   0   4000      1002050
    46  0 1 199.69  5200.00 1   0.0 -40.0     25507150   0   3950       499100
    47  0 1 199.69  5200.00 1   0.0 -40.9     26008950   0   3950       501800
    48  0 1 199.69  5200.00 1   0.0 -42.5     26507100   0   4000       498150
    49  0 1 199.69  5198.75 1   0.0 -43.8     27009150   0   3950       502050
    50  0 1 199.69  5200.00 1   0.0 -45.0     27510950   0   3950       501800
    51  0 1 199.69  5298.75 1   0.0 -46.6     28008850   0   4000       497900
    52  0 1 199.69  5298.75 1   0.0 -47.8     28511000   0   4000       502150
    53  0 1 199.69  5298.75 1   0.0 -49.4     29012650   0   4000       501650
    54  0 1 199.69  5300.00 1   0.0 -52.5     30012450   0   3950       999800
    55  0 1 199.69  5298.75 1   0.0 -54.4     30513950   0   3950       501500
    56  0 1 199.69  5300.00 1   0.0 -55.9     31014950   0   3950       501000
    57  0 1 199.69  5300.00 1   0.0 -57.5     31512600   0   3950       497650
    58  0 1 199.69  5398.75 1   0.0 -59.4     32010750   0   4000       498150
    59  0 1 199.69  5400.00 1   0.0 -61.3     32510550   0   3950       499800
    60  0 1 199.69  5398.75 1   0.0 -62.8     33011550   0   3950       501000
    61  0 1 199.69  5398.75 1   0.0 -64.7     33509150   0   4000       497600
    62  0 1 199.69  5400.00 1   0.0 -66.6     34008400   0   3950       499250
