    NO  S V  AOA    FREQ    B  FMOP  AMP      TOA      PMOP  PW         dTOA  
------ -- - ------ -------- - ----- ----- ------------ --- ------ ------------
     0  0 1 199.69  5300.00 1   0.0 -70.0            0   0   4000  42949673000
     1  0 1 199.69  5298.75 1   0.0 -68.1       498400   0   4000       498400
     2  0 1 199.69  5300.00 1   0.0 -66.6       999750   0   3950       501350
     3  0 1 199.69  5300.00 1   0.0 -64.7      1500250   0   3950       500500
     4  0 1 199.69  5298.75 1   0.0 -62.8      2001250   0   3950       501000
     5  0 1 199.69  5300.00 1   0.0 -61.3      2501950   0   4000       500700
     6  0 1 199.69  5300.00 1   0.0 -59.4      3003400   0   3950       501450
     7  0 1 199.69  5300.00 1   0.0 -57.5      3504550   0   4000       501150
     8  0 1 199.69  5398.75 1   0.0 -54.4      4502800   0   4000       998250
     9  0 1 199.69  5400.00 1   0.0 -52.5      5004400   0   3950       501600
    10  0 1 199.69  5400.00 1   0.0 -50.9      5503700   0   3950       499300
    11  0 1 199.69  5398.75 1   0.0 -49.4      6002750   0   3950       499050
    12  0 1 199.69  5400.00 1   0.0 -47.8      6501950   0   3950       499200
    13  0 1 199.69  5400.00 1   0.0 -46.6      7002400   0   4000       500450
    14  0 1 199.69  5400.00 1   0.0 -45.0      7504650   0   4000       502250
    15  0 1 199.69  5500.00 1   0.0 -43.8      8004100   0   3950       499450
    16  0 1 199.69  5500.00 1   0.0 -42.5      8503650   0   3950       499550
    17  0 1 199.69  5500.00 1   0.0 -40.0      9504250   0   4000      1000600
    18  0 1 199.69  5500.00 1   0.0 -38.8     10002800   0   3950       498550
    19  0 1 199.69  5498.75 1   0.0 -37.5     10501550   0   3950       498750
    20  0 1 199.69  5500.00 1   0.0 -36.6     11002500   0   3950       500950
    21  0 1 199.69  5500.00 1   0.0 -35.6     11501250   0   4000       498750
    22  0 1 199.69  5600.00 1   0.0 -34.7     12001050   0   3950       499800
    23  0 1 199.69  5600.00 1   0.0 -34.1     12499100   0   4000       498050
    24  0 1 199.69  5598.75 1   0.0 -33.1     12999800   0   3950       500700
    25  0 1 199.69  5598.75 1   0.0 -32.5     13501000   0   3950       501200
    26  0 1 199.69  5600.00 1   0.0 -31.6     14497550   0   4000       996550
    27  0 1 199.69  5598.75 1   0.0 -30.9     14996250   0   4000       498700
    28  0 1 199.69  5600.00 1   0.0 -30.6     15494000   0   3950       497750
    29  0 1 199.69  5700.00 1   0.0 -30.3     15991800   0   4000       497800
    30  0 1 199.69  5700.00 1   0.0 -30.3     16490400   0   4000       498600
    31  0 1 199.69  5700.00 1   0.0 -30.0     16989450   0   4000       499050
    32  0 1 199.69  5700.00 1   0.0 -30.0     17488350   0   4000       498900
    33  0 1 199.69  5698.75 1   0.0 -30.0     17989800   0   4000       501450
    34  0 1 199.69  5700.00 1   0.0 -30.3     18491350   0   3950       501550
    35  0 1 199.69  5700.00 1   0.0 -30.6     19492150   0   3950      1000800
    36  0 1 199.69  5798.75 1   0.0 -30.9     19993350   0   4000       501200
    37  0 1 199.69  5800.00 1   0.0 -31.6     20495650   0   3950       502300
    38  0 1 199.69  5798.75 1   0.0 -31.9     20997800   0   4000       502150
    39  0 1 199.69  5800.00 1   0.0 -32.5     21497900   0   3950       500100
    40  0 1 199.69  5798.75 1   0.0 -33.1     21997900   0   4000       500000
    41  0 1 199.69  5798.75 1   0.0 -34.1     22497250   0   4000       499350
    42  0 1 199.69  5798.75 1   0.0 -34.7     22998950   0   3950       501700
    43  0 1 199.69  5798.75 1   0.0 -35.6     23500800   0   4000       501850
    44  0 1 199.69  5200.00 1   0.0 -37.5     24499850   0   4000       999050
    45  0 1 199.69  5198.75 1   0.0 -38.8     24997500   0   3950       497650
    46  0 1 199.69  5198.75 1   0.0 -40.0     25497650   0   4000       500150
    47  0 1 199.69  5200.00 1   0.0 -40.9     25996650   0   3950       499000
    48  0 1 199.69  5200.00 1   0.0 -42.5     26494700   0   4000       498050
    49  0 1 199.69  5200.00 1   0.0 -43.8     26995950   0   3950       501250
    50  0 1 199.69  5200.00 1   0.0 -45.0     27495100   0   3950       499150
    51  0 1 199.69  5298.75 1   0.0 -46.6     27996500   0   4000       501400
    52  0 1 199.69  5300.00 1   0.0 -47.8     28497800   0   4000       501300
    53  0 1 199.69  5300.00 1   0.0 -50.9     29495550   0   3950       997750
    54  0 1 199.69  5300.00 1   0.0 -52.5     29996450   0   3950       500900
    55  0 1 199.69  5300.00 1   0.0 -54.4     30496800   0   3950       500350
    56  0 1 199.69  5298.75 1   0.0 -55.9     30998000   0   4000       501200
    57  0 1 199.69  5300.00 1   0.0 -57.5     31498000   0   4000       500000
    58  0 1 199.69  5398.75 1   0.0 -59.4     32000150   0   3950       502150
    59  0 1 199.69  5400.00 1   0.0 -61.3     32500900   0   4000       500750
    60  0 1 199.69  5398.75 1   0.0 -62.8     33000200   0   4000       499300
    61  0 1 199.69  5400.00 1   0.0 -64.7     33501050   0   4000       500850
    62  0 1 199.69  5400.00 1   0.0 -68.1     34503900   0   4000      1002850
