    NO  S V  AOA    FREQ    B  FMOP  AMP      TOA      PMOP  PW         dTOA  
------ -- - ------ -------- - ----- ----- ------------ --- ------ ------------
     0  0 1 109.69  5248.75 1   0.0 -70.0            0   0   2950  42949673000
     1  0 1 109.69  5278.75 1   0.0 -67.5       999800   0   2950       999800
     2  0 1 109.69  5290.00 1   0.0 -66.3      1499150   0   2950       499350
     3  0 1 109.69  5296.25 1   0.0 -65.0      1999850   0   3000       500700
     4  0 1 109.69  5300.00 1   0.0 -63.8      2500750   0   2950       500900
     5  0 1 109.69  5295.00 1   0.0 -62.5      2998650   0   2950       497900
     6  0 1 109.69  5288.75 1   0.0 -61.3      3498000   0   2950       499350
     7  0 1 109.69  5280.00 1   0.0 -60.0      3995550   0   2950       497550
     8  0 1 109.69  5265.00 1   0.0 -58.8      4495850   0   2950       500300
     9  0 1 109.69  5250.00 1   0.0 -57.5      4997700   0   2950       501850
    10  0 1 109.69  5220.00 1   0.0 -55.3      5994450   0   3000       996750
    11  0 1 109.69  5208.75 1   0.0 -54.1      6495650   0   2950       501200
    12  0 1 109.69  5200.00 1   0.0 -53.1      6994800   0   3000       499150
    13  0 1 109.69  5198.75 1   0.0 -51.9      7493500   0   3000       498700
    14  0 1 109.69  5202.50 1   0.0 -50.6      7993450   0   3000       499950
    15  0 1 109.69  5207.50 1   0.0 -49.7      8492150   0   2950       498700
    16  0 1 109.69  5220.00 1   0.0 -48.4      8990750   0   2950       498600
    17  0 1 109.69  5235.00 1   0.0 -47.5      9491350   0   3000       500600
    18  0 1 109.69  5248.75 1   0.0 -46.6      9991850   0   2950       500500
    19  0 1 109.69  5278.75 1   0.0 -44.4     10993550   0   3000      1001700
    20  0 1 109.69  5290.00 1   0.0 -43.4     11492600   0   3000       499050
    21  0 1 109.69  5297.50 1   0.0 -42.5     11991900   0   2950       499300
    22  0 1 109.69  5298.75 1   0.0 -41.6     12493900   0   2950       502000
    23  0 1 109.69  5296.25 1   0.0 -40.9     12993750   0   3000       499850
    24  0 1 109.69  5290.00 1   0.0 -40.0     13492500   0   3000       498750
    25  0 1 109.69  5280.00 1   0.0 -39.1     13991400   0   3000       498900
    26  0 1 109.69  5265.00 1   0.0 -38.4     14490300   0   3000       498900
    27  0 1 109.69  5250.00 1   0.0 -37.5     14989650   0   3000       499350
    28  0 1 109.69  5220.00 1   0.0 -36.3     15989600   0   2950       999950
    29  0 1 109.69  5210.00 1   0.0 -35.6     16489800   0   2950       500200
    30  0 1 109.69  5200.00 1   0.0 -35.0     16987600   0   3000       497800
    31  0 1 109.69  5200.00 1   0.0 -34.4     17490050   0   2950       502450
    32  0 1 109.69  5200.00 1   0.0 -33.8     17990600   0   3000       500550
    33  0 1 109.69  5208.75 1   0.0 -33.4     18488750   0   3000       498150
    34  0 1 109.69  5220.00 1   0.0 -32.8     18991050   0   2950       502300
    35  0 1 109.69  5233.75 1   0.0 -32.5     19490050   0   2950       499000
    36  0 1 109.69  5248.75 1   0.0 -31.9     19988300   0   3000       498250
    37  0 1 109.69  5278.75 1   0.0 -31.3     20988450   0   3000      1000150
    38  0 1 109.69  5290.00 1   0.0 -30.9     21488400   0   2950       499950
    39  0 1 109.69  5296.25 1   0.0 -30.6     21989750   0   2950       501350
    40  0 1 109.69  5300.00 1   0.0 -30.6     22491750   0   2950       502000
    41  0 1 109.69  5296.25 1   0.0 -30.3     22990150   0   2950       498400
    42  0 1 109.69  5288.75 1   0.0 -30.3     23489100   0   3000       498950
    43  0 1 109.69  5278.75 1   0.0 -30.0     23987850   0   2950       498750
    44  0 1 109.69  5263.75 1   0.0 -30.0     24486150   0   3000       498300
    45  0 1 109.69  5248.75 1   0.0 -30.0     24986000   0   3000       499850
    46  0 1 109.69  5221.25 1   0.0 -30.0     25984400   0   3000       998400
    47  0 1 109.69  5210.00 1   0.0 -30.3     26484400   0   3000       500000
    48  0 1 109.69  5200.00 1   0.0 -30.3     26985200   0   3000       500800
    49  0 1 109.69  5200.00 1   0.0 -30.6     27484950   0   3000       499750
    50  0 1 109.69  5201.25 1   0.0 -30.6     27985250   0   2950       500300
    51  0 1 109.69  5207.50 1   0.0 -30.9     28485600   0   3000       500350
    52  0 1 109.69  5218.75 1   0.0 -31.3     28986800   0   2950       501200
    53  0 1 109.69  5232.50 1   0.0 -31.6     29488800   0   3000       502000
    54  0 1 109.69  5247.50 1   0.0 -31.9     29991100   0   3000       502300
    55  0 1 109.69  5278.75 1   0.0 -32.8     30991750   0   2950      1000650
    56  0 1 109.69  5288.75 1   0.0 -33.4     31491200   0   3000       499450
    57  0 1 109.69  5295.00 1   0.0 -33.8     31989000   0   2950       497800
    58  0 1 109.69  5298.75 1   0.0 -34.4     32490800   0   2950       501800
    59  0 1 109.69  5295.00 1   0.0 -35.0     32989400   0   2950       498600
    60  0 1 109.69  5290.00 1   0.0 -35.6     33487500   0   3000       498100
    61  0 1 109.69  5280.00 1   0.0 -36.3     33987850   0   3000       500350
    62  0 1 109.69  5265.00 1   0.0 -36.9     34485950   0   2950       498100
    63  0 1 109.69  5250.00 1   0.0 -37.5     34987450   0   2950       501500
    64  0 1 109.69  5220.00 1   0.0 -39.1     35987200   0   3000       999750
    65  0 1 109.69  5210.00 1   0.0 -40.0     36487300   0   2950       500100
    66  0 1 109.69  5200.00 1   0.0 -40.9     36985750   0   3000       498450
    67  0 1 109.69  5198.75 1   0.0 -41.6     37485600   0   3000       499850
    68  0 1 109.69  5200.00 1   0.0 -42.5     37983750   0   3000       498150
    69  0 1 109.69  5207.50 1   0.0 -43.4     38483350   0   3000       499600
    70  0 1 109.69  5218.75 1   0.0 -44.4     38981900   0   3000       498550
    71  0 1 109.69  5233.75 1   0.0 -45.6     39480850   0   2950       498950
    72  0 1 109.69  5248.75 1   0.0 -46.6     39981800   0   2950       500950
    73  0 1 109.69  5277.50 1   0.0 -48.4     40983600   0   2950      1001800
    74  0 1 109.69  5288.75 1   0.0 -49.7     41481900   0   3000       498300
    75  0 1 109.69  5296.25 1   0.0 -50.6     41980550   0   3000       498650
    76  0 1 109.69  5300.00 1   0.0 -51.9     42478700   0   2950       498150
    77  0 1 109.69  5296.25 1   0.0 -53.1     42977000   0   3000       498300
    78  0 1 109.69  5290.00 1   0.0 -54.1     43478950   0   2950       501950
    79  0 1 109.69  5277.50 1   0.0 -55.3     43979000   0   2950       500050
    80  0 1 109.69  5265.00 1   0.0 -56.6     44479700   0   3000       500700
    81  0 1 109.69  5250.00 1   0.0 -57.5     44981400   0   3000       501700
    82  0 1 109.69  5220.00 1   0.0 -60.0     45980800   0   3000       999400
    83  0 1 109.69  5208.75 1   0.0 -61.3     46479400   0   2950       498600
    84  0 1 109.69  5201.25 1   0.0 -62.5     46980750   0   3000       501350
    85  0 1 109.69  5200.00 1   0.0 -63.8     47482800   0   2950       502050
    86  0 1 109.69  5202.50 1   0.0 -65.0     47983650   0   2950       500850
    87  0 1 109.69  5210.00 1   0.0 -66.3     48482350   0   2950       498700
    88  0 1 109.69  5220.00 1   0.0 -67.5     48981900   0   3000       499550
    89  0 1 109.69  5232.50 1   0.0 -68.8     49481100   0   2950       499200
