    NO  S V  AOA    FREQ    B  FMOP  AMP      TOA      PMOP  PW         dTOA  
------ -- - ------ -------- - ----- ----- ------------ --- ------ ------------
     0  0 1 109.69  5250.00 1   0.0 -70.0            0   0   3000  42949673000
     1  0 1 109.69  5265.00 1   0.0 -68.8       502400   0   3000       502400
     2  0 1 109.69  5280.00 1   0.0 -67.5      1000750   0   3000       498350
     3  0 1 109.69  5290.00 1   0.0 -66.3      1499650   0   3000       498900
     4  0 1 109.69  5295.00 1   0.0 -65.0      2001200   0   2950       501550
     5  0 1 109.69  5297.50 1   0.0 -63.8      2500250   0   2950       499050
     6  0 1 109.69  5295.00 1   0.0 -62.5      3000400   0   3000       500150
     7  0 1 109.69  5288.75 1   0.0 -61.3      3502300   0   2950       501900
     8  0 1 109.69  5277.50 1   0.0 -60.0      4001500   0   3000       499200
     9  0 1 109.69  5247.50 1   0.0 -57.5      5003300   0   2950      1001800
    10  0 1 109.69  5233.75 1   0.0 -56.6      5502150   0   2950       498850
    11  0 1 109.69  5220.00 1   0.0 -55.3      6000850   0   3000       498700
    12  0 1 109.69  5208.75 1   0.0 -54.1      6499500   0   2950       498650
    13  0 1 109.69  5201.25 1   0.0 -53.1      6998650   0   2950       499150
    14  0 1 109.69  5200.00 1   0.0 -51.9      7499450   0   2950       500800
    15  0 1 109.69  5202.50 1   0.0 -50.6      7997500   0   3000       498050
    16  0 1 109.69  5210.00 1   0.0 -49.7      8495750   0   3000       498250
    17  0 1 109.69  5220.00 1   0.0 -48.4      8995600   0   3000       499850
    18  0 1 109.69  5250.00 1   0.0 -46.6      9994300   0   2950       998700
    19  0 1 109.69  5265.00 1   0.0 -45.6     10495700   0   2950       501400
    20  0 1 109.69  5280.00 1   0.0 -44.4     10997000   0   2950       501300
    21  0 1 109.69  5290.00 1   0.0 -43.4     11495700   0   2950       498700
    22  0 1 109.69  5296.25 1   0.0 -42.5     11993800   0   2950       498100
    23  0 1 109.69  5297.50 1   0.0 -41.6     12492950   0   3000       499150
    24  0 1 109.69  5295.00 1   0.0 -40.9     12992550   0   2950       499600
    25  0 1 109.69  5290.00 1   0.0 -40.0     13490850   0   2950       498300
    26  0 1 109.69  5278.75 1   0.0 -39.1     13989650   0   3000       498800
    27  0 1 109.69  5250.00 1   0.0 -37.5     14986900   0   3000       997250
    28  0 1 109.69  5233.75 1   0.0 -36.9     15485300   0   2950       498400
    29  0 1 109.69  5220.00 1   0.0 -36.3     15986150   0   3000       500850
    30  0 1 109.69  5208.75 1   0.0 -35.6     16488400   0   2950       502250
    31  0 1 109.69  5202.50 1   0.0 -35.0     16987200   0   2950       498800
    32  0 1 109.69  5198.75 1   0.0 -34.4     17485800   0   3000       498600
    33  0 1 109.69  5200.00 1   0.0 -33.8     17988050   0   2950       502250
    34  0 1 109.69  5207.50 1   0.0 -33.4     18489900   0   2950       501850
    35  0 1 109.69  5220.00 1   0.0 -32.8     18988450   0   2950       498550
    36  0 1 109.69  5248.75 1   0.0 -31.9     19988150   0   2950       999700
    37  0 1 109.69  5265.00 1   0.0 -31.6     20489400   0   2950       501250
    38  0 1 109.69  5278.75 1   0.0 -31.3     20987650   0   2950       498250
    39  0 1 109.69  5288.75 1   0.0 -30.9     21486600   0   3000       498950
    40  0 1 109.69  5296.25 1   0.0 -30.6     21984850   0   3000       498250
    41  0 1 109.69  5297.50 1   0.0 -30.6     22485600   0   3000       500750
    42  0 1 109.69  5296.25 1   0.0 -30.3     22983300   0   3000       497700
    43  0 1 109.69  5290.00 1   0.0 -30.3     23483850   0   3000       500550
    44  0 1 109.69  5277.50 1   0.0 -30.0     23982050   0   3000       498200
    45  0 1 109.69  5250.00 1   0.0 -30.0     24981300   0   2950       999250
    46  0 1 109.69  5233.75 1   0.0 -30.0     25481300   0   2950       500000
    47  0 1 109.69  5220.00 1   0.0 -30.0     25978950   0   2950       497650
    48  0 1 109.69  5210.00 1   0.0 -30.3     26476650   0   2950       497700
    49  0 1 109.69  5201.25 1   0.0 -30.3     26978350   0   3000       501700
    50  0 1 109.69  5200.00 1   0.0 -30.6     27477300   0   3000       498950
    51  0 1 109.69  5202.50 1   0.0 -30.6     27977950   0   2950       500650
    52  0 1 109.69  5208.75 1   0.0 -30.9     28479600   0   3000       501650
    53  0 1 109.69  5220.00 1   0.0 -31.3     28981350   0   2950       501750
    54  0 1 109.69  5250.00 1   0.0 -31.9     29983450   0   3000      1002100
    55  0 1 109.69  5263.75 1   0.0 -32.5     30482600   0   2950       499150
    56  0 1 109.69  5276.25 1   0.0 -32.8     30981950   0   2950       499350
    57  0 1 109.69  5290.00 1   0.0 -33.4     31483600   0   3000       501650
    58  0 1 109.69  5295.00 1   0.0 -33.8     31983650   0   3000       500050
    59  0 1 109.69  5297.50 1   0.0 -34.4     32484750   0   3000       501100
    60  0 1 109.69  5297.50 1   0.0 -35.0     32984850   0   3000       500100
    61  0 1 109.69  5290.00 1   0.0 -35.6     33485400   0   3000       500550
    62  0 1 109.69  5277.50 1   0.0 -36.3     33985900   0   3000       500500
    63  0 1 109.69  5250.00 1   0.0 -37.5     34984350   0   3000       998450
    64  0 1 109.69  5233.75 1   0.0 -38.4     35485050   0   2950       500700
    65  0 1 109.69  5220.00 1   0.0 -39.1     35986950   0   2950       501900
    66  0 1 109.69  5207.50 1   0.0 -40.0     36486300   0   2950       499350
    67  0 1 109.69  5200.00 1   0.0 -40.9     36988200   0   3000       501900
    68  0 1 109.69  5200.00 1   0.0 -41.6     37489350   0   3000       501150
    69  0 1 109.69  5202.50 1   0.0 -42.5     37988800   0   2950       499450
    70  0 1 109.69  5207.50 1   0.0 -43.4     38491200   0   3000       502400
    71  0 1 109.69  5218.75 1   0.0 -44.4     38989500   0   2950       498300
    72  0 1 109.69  5248.75 1   0.0 -46.6     39991450   0   3000      1001950
    73  0 1 109.69  5265.00 1   0.0 -47.5     40493200   0   3000       501750
    74  0 1 109.69  5278.75 1   0.0 -48.4     40995350   0   3000       502150
    75  0 1 109.69  5290.00 1   0.0 -49.7     41495950   0   2950       500600
    76  0 1 109.69  5295.00 1   0.0 -50.6     41994500   0   3000       498550
    77  0 1 109.69  5298.75 1   0.0 -51.9     42495300   0   3000       500800
    78  0 1 109.69  5296.25 1   0.0 -53.1     42996250   0   3000       500950
    79  0 1 109.69  5288.75 1   0.0 -54.1     43494450   0   2950       498200
    80  0 1 109.69  5280.00 1   0.0 -55.3     43992150   0   3000       497700
    81  0 1 109.69  5248.75 1   0.0 -57.5     44994850   0   2950      1002700
    82  0 1 109.69  5235.00 1   0.0 -58.8     45495750   0   3000       500900
    83  0 1 109.69  5218.75 1   0.0 -60.0     45995800   0   3000       500050
    84  0 1 109.69  5208.75 1   0.0 -61.3     46496200   0   3000       500400
    85  0 1 109.69  5202.50 1   0.0 -62.5     46994550   0   2950       498350
    86  0 1 109.69  5200.00 1   0.0 -63.8     47494150   0   3000       499600
    87  0 1 109.69  5202.50 1   0.0 -65.0     47991950   0   2950       497800
    88  0 1 109.69  5208.75 1   0.0 -66.3     48490800   0   2950       498850
    89  0 1 109.69  5218.75 1   0.0 -67.5     48990650   0   3000       499850
