    NO  S V  AOA    FREQ    B  FMOP  AMP      TOA      PMOP  PW         dTOA  
------ -- - ------ -------- - ----- ----- ------------ --- ------ ------------
     0  0 1 109.69  5250.00 1   0.0 -70.0            0   0   2950  42949673000
     1  0 1 109.69  5265.00 1   0.0 -68.8       499200   0   3000       499200
     2  0 1 109.69  5280.00 1   0.0 -67.5       999850   0   3000       500650
     3  0 1 109.69  5290.00 1   0.0 -66.3      1501750   0   3000       501900
     4  0 1 109.69  5298.75 1   0.0 -63.8      2498050   0   2950       996300
     5  0 1 109.69  5296.25 1   0.0 -62.5      2998400   0   2950       500350
     6  0 1 109.69  5290.00 1   0.0 -61.3      3498250   0   2950       499850
     7  0 1 109.69  5280.00 1   0.0 -60.0      3995850   0   3000       497600
     8  0 1 109.69  5265.00 1   0.0 -58.8      4495700   0   3000       499850
     9  0 1 109.69  5248.75 1   0.0 -57.5      4998050   0   2950       502350
    10  0 1 109.69  5232.50 1   0.0 -56.6      5500050   0   2950       502000
    11  0 1 109.69  5220.00 1   0.0 -55.3      5998650   0   3000       498600
    12  0 1 109.69  5210.00 1   0.0 -54.1      6497350   0   2950       498700
    13  0 1 109.69  5200.00 1   0.0 -51.9      7497150   0   2950       999800
    14  0 1 109.69  5200.00 1   0.0 -50.6      7999300   0   3000       502150
    15  0 1 109.69  5208.75 1   0.0 -49.7      8500200   0   3000       500900
    16  0 1 109.69  5220.00 1   0.0 -48.4      9000350   0   3000       500150
    17  0 1 109.69  5232.50 1   0.0 -47.5      9500450   0   3000       500100
    18  0 1 109.69  5250.00 1   0.0 -46.6     10000350   0   2950       499900
    19  0 1 109.69  5265.00 1   0.0 -45.6     10500850   0   2950       500500
    20  0 1 109.69  5277.50 1   0.0 -44.4     11001300   0   3000       500450
    21  0 1 109.69  5290.00 1   0.0 -43.4     11499600   0   3000       498300
    22  0 1 109.69  5298.75 1   0.0 -41.6     12500550   0   3000      1000950
    23  0 1 109.69  5296.25 1   0.0 -40.9     13001400   0   3000       500850
    24  0 1 109.69  5290.00 1   0.0 -40.0     13502300   0   3000       500900
    25  0 1 109.69  5280.00 1   0.0 -39.1     14003950   0   2950       501650
    26  0 1 109.69  5265.00 1   0.0 -38.4     14502200   0   3000       498250
    27  0 1 109.69  5250.00 1   0.0 -37.5     15000200   0   3000       498000
    28  0 1 109.69  5232.50 1   0.0 -36.9     15501300   0   3000       501100
    29  0 1 109.69  5220.00 1   0.0 -36.3     16002100   0   3000       500800
    30  0 1 109.69  5207.50 1   0.0 -35.6     16500300   0   2950       498200
    31  0 1 109.69  5200.00 1   0.0 -34.4     17499450   0   3000       999150
    32  0 1 109.69  5200.00 1   0.0 -33.8     18001300   0   2950       501850
    33  0 1 109.69  5207.50 1   0.0 -33.4     18500300   0   3000       499000
    34  0 1 109.69  5218.75 1   0.0 -32.8     19001000   0   2950       500700
    35  0 1 109.69  5232.50 1   0.0 -32.5     19499000   0   3000       498000
    36  0 1 109.69  5250.00 1   0.0 -31.9     19998200   0   2950       499200
    37  0 1 109.69  5265.00 1   0.0 -31.6     20499150   0   2950       500950
    38  0 1 109.69  5280.00 1   0.0 -31.3     21001450   0   3000       502300
    39  0 1 109.69  5290.00 1   0.0 -30.9     21500400   0   2950       498950
    40  0 1 109.69  5300.00 1   0.0 -30.6     22500400   0   3000      1000000
    41  0 1 109.69  5295.00 1   0.0 -30.3     23000250   0   2950       499850
    42  0 1 109.69  5290.00 1   0.0 -30.3     23502400   0   3000       502150
    43  0 1 109.69  5278.75 1   0.0 -30.0     24002050   0   2950       499650
    44  0 1 109.69  5265.00 1   0.0 -30.0     24501500   0   2950       499450
    45  0 1 109.69  5248.75 1   0.0 -30.0     25000800   0   3000       499300
    46  0 1 109.69  5233.75 1   0.0 -30.0     25498450   0   3000       497650
    47  0 1 109.69  5218.75 1   0.0 -30.0     25999800   0   2950       501350
    48  0 1 109.69  5207.50 1   0.0 -30.3     26501100   0   3000       501300
    49  0 1 109.69  5200.00 1   0.0 -30.6     27501800   0   2950      1000700
    50  0 1 109.69  5201.25 1   0.0 -30.6     28003600   0   3000       501800
    51  0 1 109.69  5210.00 1   0.0 -30.9     28505450   0   2950       501850
    52  0 1 109.69  5220.00 1   0.0 -31.3     29005050   0   2950       499600
    53  0 1 109.69  5233.75 1   0.0 -31.6     29505550   0   2950       500500
    54  0 1 109.69  5250.00 1   0.0 -31.9     30004000   0   2950       498450
    55  0 1 109.69  5265.00 1   0.0 -32.5     30501800   0   3000       497800
    56  0 1 109.69  5277.50 1   0.0 -32.8     31001150   0   2950       499350
    57  0 1 109.69  5290.00 1   0.0 -33.4     31503600   0   3000       502450
    58  0 1 109.69  5298.75 1   0.0 -34.4     32504300   0   2950      1000700
    59  0 1 109.69  5296.25 1   0.0 -35.0     33006400   0   2950       502100
    60  0 1 109.69  5288.75 1   0.0 -35.6     33508100   0   3000       501700
    61  0 1 109.69  5280.00 1   0.0 -36.3     34006500   0   2950       498400
    62  0 1 109.69  5265.00 1   0.0 -36.9     34507400   0   3000       500900
    63  0 1 109.69  5248.75 1   0.0 -37.5     35009800   0   2950       502400
    64  0 1 109.69  5233.75 1   0.0 -38.4     35508150   0   3000       498350
    65  0 1 109.69  5220.00 1   0.0 -39.1     36007750   0   3000       499600
    66  0 1 109.69  5207.50 1   0.0 -40.0     36508450   0   2950       500700
    67  0 1 109.69  5198.75 1   0.0 -41.6     37508050   0   2950       999600
    68  0 1 109.69  5202.50 1   0.0 -42.5     38007200   0   3000       499150
    69  0 1 109.69  5210.00 1   0.0 -43.4     38507650   0   2950       500450
    70  0 1 109.69  5218.75 1   0.0 -44.4     39008700   0   2950       501050
    71  0 1 109.69  5233.75 1   0.0 -45.6     39510000   0   3000       501300
    72  0 1 109.69  5248.75 1   0.0 -46.6     40008650   0   2950       498650
    73  0 1 109.69  5263.75 1   0.0 -47.5     40508900   0   3000       500250
    74  0 1 109.69  5278.75 1   0.0 -48.4     41009350   0   3000       500450
    75  0 1 109.69  5290.00 1   0.0 -49.7     41511800   0   2950       502450
    76  0 1 109.69  5300.00 1   0.0 -51.9     42512250   0   2950      1000450
    77  0 1 109.69  5297.50 1   0.0 -53.1     43010400   0   3000       498150
    78  0 1 109.69  5290.00 1   0.0 -54.1     43508350   0   2950       497950
    79  0 1 109.69  5277.50 1   0.0 -55.3     44007300   0   2950       498950
    80  0 1 109.69  5265.00 1   0.0 -56.6     44509150   0   3000       501850
    81  0 1 109.69  5250.00 1   0.0 -57.5     45010950   0   3000       501800
    82  0 1 109.69  5232.50 1   0.0 -58.8     45509850   0   2950       498900
    83  0 1 109.69  5218.75 1   0.0 -60.0     46011700   0   3000       501850
    84  0 1 109.69  5207.50 1   0.0 -61.3     46509550   0   3000       497850
    85  0 1 109.69  5198.75 1   0.0 -63.8     47507500   0   3000       997950
    86  0 1 109.69  5202.50 1   0.0 -65.0     48005350   0   3000       497850
    87  0 1 109.69  5210.00 1   0.0 -66.3     48505100   0   2950       499750
    88  0 1 109.69  5218.75 1   0.0 -67.5     49005850   0   3000       500750
    89  0 1 109.69  5235.00 1   0.0 -68.8     49506150   0   3000       500300
