    NO  S V  AOA    FREQ    B  FMOP  AMP      TOA      PMOP  PW         dTOA  
------ -- - ------ -------- - ----- ----- ------------ --- ------ ------------
     0  0 1  94.22 10076.50 2   0.0 -70.0            0   0   1400  42949673000
     1  0 1  94.92  9908.50 2   0.0 -67.5      1104950   0   1650      1104950
     2  0 1  95.62 10003.00 2   0.0 -65.0      2083400   0   1650       978450
     3  0 1  94.22  9947.50 2   0.0 -62.5      3045750   0   1700       962350
     4  0 1  95.62 10058.50 2   0.0 -60.0      4178150   0   1700      1132400
     5  0 1  94.22  9935.50 2   0.0 -57.5      5140600   0   1600       962450
     6  0 1  94.57  9919.00 2   0.0 -55.3      6201750   0   1600      1061150
     7  0 1  95.62  9914.50 2   0.0 -53.1      7136950   0   1600       935200
     8  0 1  94.57  9922.00 2   0.0 -48.4      9257350   0   1550      2120400
     9  0 1  95.62  9970.00 2   0.0 -46.6     10442500   0   1600      1185150
    10  0 1  94.57 10063.00 2   0.0 -44.4     11493550   0   1550      1051050
    11  0 1  94.57 10069.00 2   0.0 -42.5     12275400   0   1650       781850
    12  0 1  94.92 10003.00 2   0.0 -40.9     13132550   0   1600       857150
    13  0 1  95.27  9919.00 2   0.0 -39.1     13938500   0   1700       805950
    14  0 1  94.57  9923.50 2   0.0 -37.5     14828900   0   1450       890400
    15  0 1  95.27  9952.00 2   0.0 -36.3     15792600   0   1400       963700
    16  0 1  94.57 10040.50 2   0.0 -35.0     16969000   0   1300      1176400
    17  0 1  94.57 10057.00 2   0.0 -32.8     19111400   0   1300      2142400
    18  0 1  94.22  9967.00 2   0.0 -31.9     19965500   0   1250       854100
    19  0 1  95.62 10097.50 2   0.0 -31.3     20838650   0   1250       873150
    20  0 1  94.57 10078.00 2   0.0 -30.6     21697150   0   1250       858500
    21  0 1  95.62 10015.00 2   0.0 -30.3     22935950   0   1600      1238800
    22  0 1  94.57  9962.50 2   0.0 -30.0     24021550   0   1300      1085600
    23  0 1  94.57 10088.50 2   0.0 -30.0     24781650   0   1500       760100
    24  0 1  94.92  9961.00 2   0.0 -30.0     25751300   0   1550       969650
    25  0 1  94.92  9922.00 2   0.0 -30.3     26744900   0   1550       993600
    26  0 1  95.62  9983.50 2   0.0 -31.3     28533150   0   1650      1788250
    27  0 1  95.27  9991.00 2   0.0 -31.9     29642450   0   1600      1109300
    28  0 1  94.22 10076.50 2   0.0 -32.8     30590200   0   1300       947750
    29  0 1  94.92  9985.00 2   0.0 -33.8     31621700   0   1300      1031500
    30  0 1  94.92 10012.00 2   0.0 -35.0     32770000   0   1550      1148300
    31  0 1  95.62  9935.50 2   0.0 -36.3     33771350   0   1300      1001350
    32  0 1  94.92  9935.50 2   0.0 -37.5     34684850   0   1300       913500
    33  0 1  94.92  9925.00 2   0.0 -39.1     35554600   0   1350       869750
    34  0 1  94.92 10039.00 2   0.0 -40.9     36374150   0   1600       819550
    35  0 1  94.57 10048.00 2   0.0 -44.4     38359850   0   1500      1985700
    36  0 1  94.57 10090.00 2   0.0 -46.6     39381200   0   1450      1021350
    37  0 1  94.22  9967.00 2   0.0 -48.4     40365050   0   1300       983850
    38  0 1  94.22 10004.50 2   0.0 -50.6     41590400   0   1350      1225350
    39  0 1  94.22 10043.50 2   0.0 -53.1     42718900   0   1550      1128500
    40  0 1  94.22  9943.00 2   0.0 -55.3     43830150   0   1250      1111250
    41  0 1  94.57  9940.00 2   0.0 -57.5     44650000   0   1550       819850
    42  0 1  95.27 10081.00 2   0.0 -60.0     45618800   0   1550       968800
    43  0 1  94.92  9910.00 2   0.0 -62.5     46821750   0   1250      1202950
    44  0 1  95.27  9910.00 2   0.0 -67.5     48767350   0   1250      1945600
