    NO  S V  AOA    FREQ    B  FMOP  AMP      TOA      PMOP  PW         dTOA  
------ -- - ------ -------- - ----- ----- ------------ --- ------ ------------
     0  0 1  94.92 10028.50 2   0.0 -70.0            0   0   1500  42949673000
     1  0 1  95.27 10075.00 2   0.0 -67.5       749500   0   1300       749500
     2  0 1  95.27 10027.00 2   0.0 -65.0      1709950   0   1600       960450
     3  0 1  95.62  9907.00 2   0.0 -62.5      2613100   0   1300       903150
     4  0 1  94.57  9928.00 2   0.0 -60.0      3390700   0   1450       777600
     5  0 1  94.22  9961.00 2   0.0 -57.5      4599350   0   1450      1208650
     6  0 1  94.92  9977.50 2   0.0 -55.3      5509200   0   1300       909850
     7  0 1  95.27 10001.50 2   0.0 -53.1      6374900   0   1250       865700
     8  0 1  95.27 10007.50 2   0.0 -48.4      7926950   0   1350      1552050
     9  0 1  95.27 10012.00 2   0.0 -46.6      8719600   0   1650       792650
    10  0 1  94.57  9901.00 2   0.0 -44.4      9880700   0   1300      1161100
    11  0 1  94.57 10009.00 2   0.0 -42.5     10986100   0   1300      1105400
    12  0 1  95.27  9970.00 2   0.0 -40.9     12050000   0   1600      1063900
    13  0 1  95.62 10084.00 2   0.0 -39.1     12831500   0   1300       781500
    14  0 1  94.22 10021.00 2   0.0 -37.5     13795700   0   1700       964200
    15  0 1  94.57 10024.00 2   0.0 -36.3     14810800   0   1300      1015100
    16  0 1  94.92 10078.00 2   0.0 -35.0     16000050   0   1700      1189250
    17  0 1  94.57  9947.50 2   0.0 -32.8     17621900   0   1700      1621850
    18  0 1  94.57  9902.50 2   0.0 -31.9     18775150   0   1350      1153250
    19  0 1  94.92  9985.00 2   0.0 -31.3     19601400   0   1500       826250
    20  0 1  94.92  9931.00 2   0.0 -30.6     20376050   0   1300       774650
    21  0 1  94.57 10021.00 2   0.0 -30.3     21510100   0   1300      1134050
    22  0 1  94.57 10013.50 2   0.0 -30.0     22538150   0   1650      1028050
    23  0 1  95.62 10003.00 2   0.0 -30.0     23527150   0   1300       989000
    24  0 1  94.22 10057.00 2   0.0 -30.0     24407250   0   1400       880100
    25  0 1  95.27 10051.00 2   0.0 -30.3     25219950   0   1450       812700
    26  0 1  94.57 10061.50 2   0.0 -31.3     27150350   0   1300      1930400
    27  0 1  94.22  9913.00 2   0.0 -31.9     28205650   0   1500      1055300
    28  0 1  94.92 10039.00 2   0.0 -32.8     29088750   0   1600       883100
    29  0 1  94.57 10003.00 2   0.0 -33.8     29856850   0   1450       768100
    30  0 1  95.27 10015.00 2   0.0 -35.0     30899100   0   1250      1042250
    31  0 1  95.62  9961.00 2   0.0 -36.3     31892000   0   1500       992900
    32  0 1  95.62  9908.50 2   0.0 -37.5     33008650   0   1600      1116650
    33  0 1  95.62 10021.00 2   0.0 -39.1     34088350   0   1650      1079700
    34  0 1  94.57 10027.00 2   0.0 -40.9     34876300   0   1550       787950
    35  0 1  95.62 10021.00 2   0.0 -44.4     37216500   0   1550      2340200
    36  0 1  95.27  9994.00 2   0.0 -46.6     38119700   0   1250       903200
    37  0 1  94.22 10058.50 2   0.0 -48.4     39094200   0   1350       974500
    38  0 1  95.27  9923.50 2   0.0 -50.6     40322400   0   1700      1228200
    39  0 1  94.92  9940.00 2   0.0 -53.1     41100050   0   1250       777650
    40  0 1  95.62  9962.50 2   0.0 -55.3     41943800   0   1500       843750
    41  0 1  94.57  9916.00 2   0.0 -57.5     42734200   0   1500       790400
    42  0 1  95.27 10066.00 2   0.0 -60.0     43528800   0   1700       794600
    43  0 1  94.22  9941.50 2   0.0 -62.5     44370100   0   1700       841300
    44  0 1  95.27 10081.00 2   0.0 -67.5     46542200   0   1350      2172100
