    NO  S V  AOA    FREQ    B  FMOP  AMP      TOA      PMOP  PW         dTOA  
------ -- - ------ -------- - ----- ----- ------------ --- ------ ------------
     0  0 1  95.62  9973.00 2   0.0 -70.0            0   0   1600  42949673000
     1  0 1  94.22 10054.00 2   0.0 -67.5      1244850   0   1300      1244850
     2  0 1  95.27  9932.50 2   0.0 -62.5      3080100   0   1350      1835250
     3  0 1  95.62 10036.00 2   0.0 -60.0      4028800   0   1300       948700
     4  0 1  94.92  9934.00 2   0.0 -57.5      5050400   0   1350      1021600
     5  0 1  95.27  9916.00 2   0.0 -55.3      6213600   0   1650      1163200
     6  0 1  94.22  9923.50 2   0.0 -53.1      7045200   0   1700       831600
     7  0 1  95.62 10048.00 2   0.0 -50.6      8033150   0   1250       987950
     8  0 1  94.57  9991.00 2   0.0 -48.4      8982950   0   1350       949800
     9  0 1  94.92 10042.00 2   0.0 -46.6     10005800   0   1700      1022850
    10  0 1  95.27  9940.00 2   0.0 -44.4     10808250   0   1300       802450
    11  0 1  94.22 10015.00 2   0.0 -40.9     12929300   0   1550      2121050
    12  0 1  94.57  9913.00 2   0.0 -39.1     13698600   0   1450       769300
    13  0 1  95.27  9971.50 2   0.0 -37.5     14618600   0   1650       920000
    14  0 1  95.62 10042.00 2   0.0 -36.3     15498650   0   1650       880050
    15  0 1  94.57 10088.50 2   0.0 -35.0     16444300   0   1450       945650
    16  0 1  95.27 10048.00 2   0.0 -33.8     17265950   0   1450       821650
    17  0 1  95.62 10021.00 2   0.0 -32.8     18476750   0   1350      1210800
    18  0 1  94.22 10097.50 2   0.0 -31.9     19627400   0   1300      1150650
    19  0 1  94.22  9907.00 2   0.0 -31.3     20511500   0   1550       884100
    20  0 1  95.62 10090.00 2   0.0 -30.3     22715100   0   1600      2203600
    21  0 1  95.27  9901.00 2   0.0 -30.0     23656250   0   1350       941150
    22  0 1  94.57 10058.50 2   0.0 -30.0     24776300   0   1300      1120050
    23  0 1  95.62  9907.00 2   0.0 -30.0     25997900   0   1500      1221600
    24  0 1  94.22 10090.00 2   0.0 -30.3     27015200   0   1500      1017300
    25  0 1  95.27 10070.50 2   0.0 -30.6     27973850   0   1300       958650
    26  0 1  94.92 10088.50 2   0.0 -31.3     29179200   0   1400      1205350
    27  0 1  95.27  9919.00 2   0.0 -31.9     30116450   0   1400       937250
    28  0 1  95.27  9907.00 2   0.0 -32.8     31340750   0   1350      1224300
    29  0 1  94.92 10066.00 2   0.0 -35.0     33388500   0   1500      2047750
    30  0 1  94.22 10025.50 2   0.0 -36.3     34535400   0   1450      1146900
    31  0 1  94.57 10048.00 2   0.0 -37.5     35404300   0   1250       868900
    32  0 1  94.22 10063.00 2   0.0 -39.1     36393250   0   1600       988950
    33  0 1  95.27 10000.00 2   0.0 -40.9     37488750   0   1450      1095500
    34  0 1  94.92 10028.50 2   0.0 -42.5     38498550   0   1650      1009800
    35  0 1  94.57 10037.50 2   0.0 -44.4     39514700   0   1250      1016150
    36  0 1  95.27  9982.00 2   0.0 -46.6     40651250   0   1350      1136550
    37  0 1  95.62  9901.00 2   0.0 -48.4     41649150   0   1550       997900
    38  0 1  94.22  9904.00 2   0.0 -53.1     43551300   0   1600      1902150
    39  0 1  94.22  9940.00 2   0.0 -55.3     44535550   0   1250       984250
    40  0 1  95.27  9940.00 2   0.0 -57.5     45312900   0   1650       777350
    41  0 1  94.57 10081.00 2   0.0 -60.0     46357750   0   1650      1044850
    42  0 1  94.57  9913.00 2   0.0 -62.5     47569450   0   1250      1211700
    43  0 1  94.92  9991.00 2   0.0 -65.0     48447750   0   1450       878300
    44  0 1  95.27 10051.00 2   0.0 -67.5     49424850   0   1600       977100
