    NO  S V  AOA    FREQ    B  FMOP  AMP      TOA      PMOP  PW         dTOA  
------ -- - ------ -------- - ----- ----- ------------ --- ------ ------------
     0  0 1  95.27  9994.00 2   0.0 -70.0            0   0   1900  42949673000
     1  0 1  95.62  9985.00 2   0.0 -69.4      1000000   0   1750      1000000
     2  0 1  94.92  9977.50 2   0.0 -68.8      2045900   0   1700      1045900
     3  0 1  94.22  9970.00 2   0.0 -68.1      3134800   0   1750      1088900
     4  0 1  95.62  9964.00 2   0.0 -67.5      4258500   0   1550      1123700
     5  0 1  94.22  9958.00 2   0.0 -66.9      5403600   0   1900      1145100
     6  0 1  94.22  9952.00 2   0.0 -66.3      6551800   0   1750      1148200
     7  0 1  95.62  9944.50 2   0.0 -65.6      7683800   0   1650      1132000
     8  0 1  95.62  9931.00 2   0.0 -64.4      9838450   0   1550      2154650
     9  0 1  95.27  9922.00 2   0.0 -63.8     10845650   0   1650      1007200
    10  0 1  95.62  9916.00 2   0.0 -63.1     11805650   0   1850       960000
    11  0 1  95.27  9910.00 2   0.0 -62.5     12725050   0   1550       919400
    12  0 1  95.62  9902.50 2   0.0 -61.9     13611350   0   1900       886300
    13  0 1  94.57  9895.00 2   0.0 -61.3     14475500   0   1650       864150
    14  0 1  94.57  9886.00 2   0.0 -60.6     15327150   0   1900       851650
    15  0 1  95.27  9880.00 2   0.0 -60.0     16177500   0   1750       850350
    16  0 1  94.92  9872.50 2   0.0 -59.4     17037350   0   1450       859850
    17  0 1  95.62  9860.50 2   0.0 -58.1     18824200   0   1600      1786850
    18  0 1  95.27  9853.00 2   0.0 -57.5     19768950   0   1850       944750
    19  0 1  94.22 10145.50 2   0.0 -57.2     20757850   0   1800       988900
    20  0 1  95.27 10139.50 2   0.0 -56.6     21792500   0   1600      1034650
    21  0 1  94.57 10130.50 2   0.0 -55.9     22872500   0   1750      1080000
    22  0 1  94.57 10123.00 2   0.0 -55.3     23989500   0   1700      1117000
    23  0 1  94.92 10117.00 2   0.0 -54.7     25131950   0   1600      1142450
    24  0 1  94.22 10109.50 2   0.0 -54.1     26281000   0   1850      1149050
    25  0 1  95.27 10102.00 2   0.0 -53.4     27418900   0   1900      1137900
    26  0 1  95.27 10090.00 2   0.0 -52.5     29592500   0   1550      2173600
    27  0 1  95.62 10084.00 2   0.0 -51.9     30611300   0   1500      1018800
    28  0 1  94.22 10075.00 2   0.0 -51.3     31582050   0   1800       970750
    29  0 1  94.92 10069.00 2   0.0 -50.6     32510100   0   1450       928050
    30  0 1  94.92 10060.00 2   0.0 -50.3     33403000   0   1700       892900
    31  0 1  95.27 10054.00 2   0.0 -49.7     34271000   0   1800       868000
    32  0 1  94.92 10048.00 2   0.0 -49.1     35124050   0   1850       853050
    33  0 1  95.62 10040.50 2   0.0 -48.4     35974000   0   1500       849950
    34  0 1  94.57 10033.00 2   0.0 -48.1     36829850   0   1800       855850
    35  0 1  94.22 10021.00 2   0.0 -46.9     38603700   0   1500      1773850
    36  0 1  94.92 10012.00 2   0.0 -46.6     39539800   0   1700       936100
    37  0 1  94.22 10006.00 2   0.0 -45.9     40517350   0   1500       977550
    38  0 1  95.62  9997.00 2   0.0 -45.6     41541400   0   1500      1024050
    39  0 1  94.57  9991.00 2   0.0 -45.0     42610500   0   1600      1069100
    40  0 1  94.22  9983.50 2   0.0 -44.4     43719300   0   1650      1108800
    41  0 1  94.92  9976.00 2   0.0 -44.1     44856900   0   1800      1137600
    42  0 1  94.92  9970.00 2   0.0 -43.4     46005900   0   1800      1149000
    43  0 1  94.57  9964.00 2   0.0 -43.1     47148300   0   1700      1142400
    44  0 1  95.27  9949.00 2   0.0 -42.2     49342500   0   1750      2194200
    45  0 1  95.62  9943.00 2   0.0 -41.6     50372700   0   1750      1030200
    46  0 1  94.22  9934.00 2   0.0 -41.3     51354250   0   1700       981550
    47  0 1  95.62  9928.00 2   0.0 -40.9     52292550   0   1550       938300
    48  0 1  95.27  9922.00 2   0.0 -40.3     53193900   0   1850       901350
    49  0 1  95.62  9914.50 2   0.0 -40.0     54067350   0   1900       873450
    50  0 1  94.92  9907.00 2   0.0 -39.7     54923500   0   1900       856150
    51  0 1  95.62  9899.50 2   0.0 -39.1     55773250   0   1900       849750
    52  0 1  95.62  9892.00 2   0.0 -38.8     56627650   0   1500       854400
    53  0 1  95.62  9880.00 2   0.0 -38.1     58388950   0   1800      1761300
    54  0 1  94.57  9874.00 2   0.0 -37.5     59316100   0   1600       927150
    55  0 1  95.62  9865.00 2   0.0 -37.2     60283700   0   1700       967600
    56  0 1  94.57  9859.00 2   0.0 -36.9     61296650   0   1800      1012950
    57  0 1  95.27  9851.50 2   0.0 -36.6     62356100   0   1500      1059450
    58  0 1  95.62 10144.00 2   0.0 -36.3     63457050   0   1600      1100950
    59  0 1  94.22 10136.50 2   0.0 -35.9     64588850   0   1750      1131800
    60  0 1  95.62 10132.00 2   0.0 -35.6     65737000   0   1750      1148150
    61  0 1  94.57 10124.50 2   0.0 -35.3     66882050   0   1500      1145050
    62  0 1  94.57 10108.00 2   0.0 -34.7     69092700   0   1800      2210650
    63  0 1  95.27 10103.50 2   0.0 -34.4     70135050   0   1700      1042350
    64  0 1  94.57 10096.00 2   0.0 -34.1     71128150   0   1800       993100
    65  0 1  95.27 10087.00 2   0.0 -33.8     72075100   0   1600       946950
    66  0 1  95.27 10081.00 2   0.0 -33.4     72983100   0   1900       908000
    67  0 1  94.57 10073.50 2   0.0 -33.4     73861650   0   1650       878550
    68  0 1  95.27 10069.00 2   0.0 -33.1     74720350   0   1550       858700
    69  0 1  95.27 10060.00 2   0.0 -32.8     75570800   0   1800       850450
    70  0 1  94.22 10054.00 2   0.0 -32.5     76422350   0   1500       851550
    71  0 1  94.92 10039.00 2   0.0 -32.2     78173900   0   1550      1751550
    72  0 1  94.57 10033.00 2   0.0 -31.9     79091450   0   1500       917550
    73  0 1  94.22 10025.50 2   0.0 -31.9     80048550   0   1900       957100
    74  0 1  95.27 10018.00 2   0.0 -31.6     81051000   0   1800      1002450
    75  0 1  95.27 10012.00 2   0.0 -31.6     82098700   0   1450      1047700
    76  0 1  94.57 10004.50 2   0.0 -31.3     83189200   0   1450      1090500
    77  0 1  94.57  9997.00 2   0.0 -31.3     84315300   0   1800      1126100
    78  0 1  95.62  9989.50 2   0.0 -30.9     85461000   0   1800      1145700
    79  0 1  94.57  9983.50 2   0.0 -30.9     86608600   0   1750      1147600
    80  0 1  94.57  9968.50 2   0.0 -30.6     88836150   0   1700      2227550
    81  0 1  94.92  9962.50 2   0.0 -30.6     89888800   0   1450      1052650
    82  0 1  94.92  9955.00 2   0.0 -30.3     90893800   0   1850      1005000
    83  0 1  94.92  9949.00 2   0.0 -30.3     91852150   0   1750       958350
    84  0 1  95.62  9940.00 2   0.0 -30.3     92768800   0   1550       916650
    85  0 1  94.92  9934.00 2   0.0 -30.3     93653550   0   1900       884750
    86  0 1  94.22  9926.50 2   0.0 -30.0     94517000   0   1850       863450
    87  0 1  95.27  9922.00 2   0.0 -30.0     95368300   0   1550       851300
    88  0 1  94.22  9913.00 2   0.0 -30.0     96218850   0   1800       850550
    89  0 1  94.92  9901.00 2   0.0 -30.0     97957850   0   1750      1739000
    90  0 1  94.57  9892.00 2   0.0 -30.0     98868200   0   1450       910350
    91  0 1  94.92  9884.50 2   0.0 -30.0     99815300   0   1750       947100
    92  0 1  95.62  9878.50 2   0.0 -30.0    100806650   0   1550       991350
    93  0 1  94.22  9872.50 2   0.0 -30.0    101843250   0   1600      1036600
    94  0 1  94.22  9863.50 2   0.0 -30.0    102925350   0   1500      1082100
    95  0 1  94.92  9857.50 2   0.0 -30.0    104044100   0   1600      1118750
    96  0 1  94.57  9850.00 2   0.0 -30.3    105187400   0   1550      1143300
    97  0 1  94.92 10144.00 2   0.0 -30.3    106336500   0   1800      1149100
    98  0 1  94.92 10129.00 2   0.0 -30.3    108579000   0   1450      2242500
    99  0 1  95.62 10121.50 2   0.0 -30.6    109642800   0   1700      1063800
   100  0 1  94.57 10114.00 2   0.0 -30.6    110659150   0   1750      1016350
   101  0 1  94.92 10108.00 2   0.0 -30.6    111627800   0   1550       968650
   102  0 1  95.27 10100.50 2   0.0 -30.9    112553550   0   1500       925750
   103  0 1  94.22 10093.00 2   0.0 -30.9    113445900   0   1850       892350
   104  0 1  94.22 10087.00 2   0.0 -31.3    114313150   0   1750       867250
   105  0 1  94.92 10081.00 2   0.0 -31.3    115165900   0   1750       852750
   106  0 1  94.22 10075.00 2   0.0 -31.6    116016150   0   1550       850250
   107  0 1  94.57 10060.00 2   0.0 -31.9    117748200   0   1750      1732050
   108  0 1  95.27 10054.00 2   0.0 -31.9    118650000   0   1800       901800
   109  0 1  95.62 10045.00 2   0.0 -32.2    119588250   0   1650       938250
   110  0 1  95.27 10039.00 2   0.0 -32.5    120568350   0   1450       980100
   111  0 1  95.62 10030.00 2   0.0 -32.5    121594700   0   1650      1026350
   112  0 1  94.22 10024.00 2   0.0 -32.8    122666850   0   1850      1072150
   113  0 1  94.57 10016.50 2   0.0 -33.1    123778250   0   1450      1111400
   114  0 1  94.57 10012.00 2   0.0 -33.4    124917500   0   1500      1139250
   115  0 1  94.92 10004.50 2   0.0 -33.4    126066950   0   1900      1149450
   116  0 1  95.27  9989.50 2   0.0 -34.1    128323200   0   1750      2256250
   117  0 1  95.62  9982.00 2   0.0 -34.4    129398550   0   1550      1075350
   118  0 1  94.92  9976.00 2   0.0 -34.7    130426350   0   1450      1027800
   119  0 1  95.62  9968.50 2   0.0 -35.0    131405700   0   1900       979350
   120  0 1  94.92  9961.00 2   0.0 -35.3    132340500   0   1900       934800
   121  0 1  94.57  9955.00 2   0.0 -35.6    133239450   0   1550       898950
   122  0 1  94.92  9949.00 2   0.0 -35.9    134111250   0   1600       871800
   123  0 1  94.92  9940.00 2   0.0 -36.3    134965900   0   1600       854650
   124  0 1  95.27  9934.00 2   0.0 -36.6    135816200   0   1600       850300
   125  0 1  95.27  9919.00 2   0.0 -37.2    137539450   0   1900      1723250
   126  0 1  95.27  9911.50 2   0.0 -37.5    138434750   0   1900       895300
   127  0 1  95.62  9907.00 2   0.0 -38.1    139363350   0   1550       928600
   128  0 1  95.62  9898.00 2   0.0 -38.4    140332950   0   1700       969600
   129  0 1  95.27  9892.00 2   0.0 -38.8    141347650   0   1800      1014700
   130  0 1  94.22  9884.50 2   0.0 -39.1    142408400   0   1450      1060750
   131  0 1  94.57  9877.00 2   0.0 -39.7    143510700   0   1650      1102300
   132  0 1  94.22  9871.00 2   0.0 -40.0    144643250   0   1500      1132550
   133  0 1  95.62  9865.00 2   0.0 -40.3    145792700   0   1850      1149450
   134  0 1  95.27  9848.50 2   0.0 -41.3    148061000   0   1900      2268300
   135  0 1  94.57 10142.50 2   0.0 -41.6    149145500   0   1850      1084500
   136  0 1  95.62 10135.00 2   0.0 -42.2    150184850   0   1550      1039350
   137  0 1  94.92 10127.50 2   0.0 -42.5    151175700   0   1600       990850
   138  0 1  94.22 10120.00 2   0.0 -43.1    152120450   0   1750       944750
   139  0 1  95.62 10115.50 2   0.0 -43.4    153027700   0   1500       907250
   140  0 1  94.57 10106.50 2   0.0 -44.1    153904850   0   1700       877150
   141  0 1  94.57 10100.50 2   0.0 -44.4    154762450   0   1850       857600
   142  0 1  95.27 10094.50 2   0.0 -45.0    155612400   0   1650       849950
   143  0 1  94.92 10078.00 2   0.0 -45.9    157329650   0   1550      1717250
   144  0 1  94.22 10073.50 2   0.0 -46.6    158218000   0   1700       888350
   145  0 1  94.92 10066.00 2   0.0 -46.9    159138200   0   1700       920200
   146  0 1  94.22 10057.00 2   0.0 -47.5    160097050   0   1450       958850
   147  0 1  95.27 10051.00 2   0.0 -48.1    161100800   0   1500      1003750
   148  0 1  94.22 10045.00 2   0.0 -48.4    162151150   0   1900      1050350
   149  0 1  94.57 10036.00 2   0.0 -49.1    163244050   0   1900      1092900
   150  0 1  95.27 10030.00 2   0.0 -49.7    164371500   0   1750      1127450
   151  0 1  95.27 10024.00 2   0.0 -50.3    165518550   0   1650      1147050
   152  0 1  95.62 10009.00 2   0.0 -51.3    167795550   0   1850      2277000
   153  0 1  95.62 10003.00 2   0.0 -51.9    168890900   0   1900      1095350
   154  0 1  94.22  9995.50 2   0.0 -52.5    169942150   0   1600      1051250
   155  0 1  94.92  9988.00 2   0.0 -53.1    170944050   0   1850      1001900
   156  0 1  95.27  9982.00 2   0.0 -53.4    171900350   0   1550       956300
   157  0 1  94.92  9973.00 2   0.0 -54.1    172815800   0   1850       915450
   158  0 1  94.92  9967.00 2   0.0 -54.7    173698700   0   1750       882900
   159  0 1  95.27  9959.50 2   0.0 -55.3    174561050   0   1850       862350
   160  0 1  94.92  9952.00 2   0.0 -55.9    175411750   0   1850       850700
   161  0 1  94.22  9940.00 2   0.0 -57.2    177123650   0   1800      1711900
   162  0 1  95.62  9931.00 2   0.0 -57.5    178005850   0   1500       882200
   163  0 1  95.27  9925.00 2   0.0 -58.1    178918000   0   1700       912150
   164  0 1  95.27  9919.00 2   0.0 -58.8    179866500   0   1500       948500
   165  0 1  95.62  9910.00 2   0.0 -59.4    180859200   0   1850       992700
   166  0 1  95.27  9905.50 2   0.0 -60.0    181898000   0   1700      1038800
   167  0 1  94.22  9898.00 2   0.0 -60.6    182982300   0   1550      1084300
   168  0 1  94.92  9889.00 2   0.0 -61.3    184102700   0   1450      1120400
   169  0 1  95.27  9883.00 2   0.0 -61.9    185247050   0   1800      1144350
   170  0 1  95.62  9869.50 2   0.0 -63.1    187531000   0   1700      2283950
   171  0 1  95.62  9862.00 2   0.0 -63.8    188635700   0   1550      1104700
   172  0 1  94.57  9856.00 2   0.0 -64.4    189698150   0   1800      1062450
   173  0 1  94.57 10148.50 2   0.0 -65.0    190712000   0   1600      1013850
   174  0 1  94.57 10141.00 2   0.0 -65.6    191677700   0   1550       965700
   175  0 1  94.22 10135.00 2   0.0 -66.3    192601700   0   1700       924000
   176  0 1  94.22 10127.50 2   0.0 -66.9    193491250   0   1750       889550
   177  0 1  95.62 10120.00 2   0.0 -67.5    194356900   0   1550       865650
   178  0 1  94.92 10114.00 2   0.0 -68.1    195209400   0   1900       852500
   179  0 1  94.22 10099.00 2   0.0 -69.4    196916850   0   1850      1707450
