    NO  S V  AOA    FREQ    B  FMOP  AMP      TOA      PMOP  PW         dTOA  
------ -- - ------ -------- - ----- ----- ------------ --- ------ ------------
     0  0 1  94.22  9994.00 2   0.0 -70.0            0   0   1750  42949673000
     1  0 1  94.22  9985.00 2   0.0 -69.4      1000450   0   1550      1000450
     2  0 1  94.57  9971.50 2   0.0 -68.1      3135950   0   1900      2135500
     3  0 1  94.92  9965.50 2   0.0 -67.5      4260850   0   1550      1124900
     4  0 1  94.92  9958.00 2   0.0 -66.9      5406150   0   1500      1145300
     5  0 1  95.27  9950.50 2   0.0 -66.3      6553800   0   1900      1147650
     6  0 1  94.92  9943.00 2   0.0 -65.6      7685600   0   1700      1131800
     7  0 1  95.62  9935.50 2   0.0 -65.0      8784200   0   1850      1098600
     8  0 1  94.92  9931.00 2   0.0 -64.4      9839350   0   1850      1055150
     9  0 1  95.62  9922.00 2   0.0 -63.8     10846100   0   1900      1006750
    10  0 1  94.22  9914.50 2   0.0 -63.1     11805600   0   1800       959500
    11  0 1  95.62  9901.00 2   0.0 -61.9     13609800   0   1700      1804200
    12  0 1  94.57  9893.50 2   0.0 -61.3     14474000   0   1500       864200
    13  0 1  94.57  9887.50 2   0.0 -60.6     15325550   0   1550       851550
    14  0 1  94.92  9880.00 2   0.0 -60.0     16175100   0   1750       849550
    15  0 1  94.22  9874.00 2   0.0 -59.4     17035150   0   1450       860050
    16  0 1  94.57  9865.00 2   0.0 -58.8     17914100   0   1850       878950
    17  0 1  95.62  9859.00 2   0.0 -58.1     18822250   0   1550       908150
    18  0 1  94.57  9853.00 2   0.0 -57.5     19767400   0   1750       945150
    19  0 1  94.22 10144.00 2   0.0 -57.2     20756350   0   1500       988950
    20  0 1  94.22 10132.00 2   0.0 -55.9     22871550   0   1750      2115200
    21  0 1  95.27 10126.00 2   0.0 -55.3     23988400   0   1800      1116850
    22  0 1  94.22 10118.50 2   0.0 -54.7     25130700   0   1450      1142300
    23  0 1  94.22 10109.50 2   0.0 -54.1     26279900   0   1600      1149200
    24  0 1  94.57 10103.50 2   0.0 -53.4     27417750   0   1750      1137850
    25  0 1  94.92 10096.00 2   0.0 -53.1     28526100   0   1900      1108350
    26  0 1  94.22 10090.00 2   0.0 -52.5     29592650   0   1650      1066550
    27  0 1  94.92 10082.50 2   0.0 -51.9     30612050   0   1800      1019400
    28  0 1  95.62 10075.00 2   0.0 -51.3     31582750   0   1700       970700
    29  0 1  94.92 10061.50 2   0.0 -50.3     33403950   0   1900      1821200
    30  0 1  94.22 10055.50 2   0.0 -49.7     34271600   0   1450       867650
    31  0 1  94.92 10048.00 2   0.0 -49.1     35124450   0   1800       852850
    32  0 1  94.57 10039.00 2   0.0 -48.4     35974300   0   1900       849850
    33  0 1  95.27 10033.00 2   0.0 -48.1     36829800   0   1750       855500
    34  0 1  94.22 10025.50 2   0.0 -47.5     37703600   0   1450       873800
    35  0 1  94.92 10019.50 2   0.0 -46.9     38603850   0   1500       900250
    36  0 1  94.92 10012.00 2   0.0 -46.6     39540250   0   1450       936400
    37  0 1  95.27 10004.50 2   0.0 -45.9     40518000   0   1850       977750
    38  0 1  95.27  9992.50 2   0.0 -45.0     42611200   0   1750      2093200
    39  0 1  94.57  9985.00 2   0.0 -44.4     43720500   0   1900      1109300
    40  0 1  94.92  9977.50 2   0.0 -44.1     44858750   0   1800      1138250
    41  0 1  94.57  9971.50 2   0.0 -43.4     46007950   0   1800      1149200
    42  0 1  95.62  9964.00 2   0.0 -43.1     47150000   0   1550      1142050
    43  0 1  94.22  9958.00 2   0.0 -42.5     48266650   0   1700      1116650
    44  0 1  94.22  9950.50 2   0.0 -42.2     49343750   0   1600      1077100
    45  0 1  95.62  9943.00 2   0.0 -41.6     50373700   0   1900      1029950
    46  0 1  94.57  9934.00 2   0.0 -41.3     51355500   0   1850       981800
    47  0 1  94.92  9920.50 2   0.0 -40.3     53193900   0   1500      1838400
    48  0 1  94.57  9914.50 2   0.0 -40.0     54066750   0   1900       872850
    49  0 1  95.62  9907.00 2   0.0 -39.7     54922300   0   1450       855550
    50  0 1  95.27  9901.00 2   0.0 -39.1     55771900   0   1750       849600
    51  0 1  95.27  9892.00 2   0.0 -38.8     56625700   0   1600       853800
    52  0 1  94.57  9887.50 2   0.0 -38.4     57494350   0   1450       868650
    53  0 1  95.62  9878.50 2   0.0 -38.1     58387750   0   1850       893400
    54  0 1  94.57  9872.50 2   0.0 -37.5     59315050   0   1800       927300
    55  0 1  95.62  9866.50 2   0.0 -37.2     60281650   0   1750       966600
    56  0 1  94.57  9853.00 2   0.0 -36.6     62354050   0   1900      2072400
    57  0 1  94.92 10145.50 2   0.0 -36.3     63455500   0   1600      1101450
    58  0 1  94.22 10138.00 2   0.0 -35.9     64587800   0   1900      1132300
    59  0 1  94.92 10132.00 2   0.0 -35.6     65735800   0   1450      1148000
    60  0 1  94.22 10123.00 2   0.0 -35.3     66881600   0   1800      1145800
    61  0 1  94.92 10117.00 2   0.0 -35.0     68005300   0   1850      1123700
    62  0 1  94.92 10109.50 2   0.0 -34.7     69092500   0   1600      1087200
    63  0 1  94.92 10102.00 2   0.0 -34.4     70134850   0   1700      1042350
    64  0 1  94.92 10096.00 2   0.0 -34.1     71128000   0   1850       993150
    65  0 1  94.22 10081.00 2   0.0 -33.4     72983600   0   1900      1855600
    66  0 1  94.57 10075.00 2   0.0 -33.4     73862900   0   1550       879300
    67  0 1  95.62 10069.00 2   0.0 -33.1     74721400   0   1600       858500
    68  0 1  94.92 10060.00 2   0.0 -32.8     75571150   0   1800       849750
    69  0 1  94.57 10052.50 2   0.0 -32.5     76423350   0   1550       852200
    70  0 1  95.62 10045.00 2   0.0 -32.5     77287200   0   1650       863850
    71  0 1  94.57 10039.00 2   0.0 -32.2     78173850   0   1800       886650
    72  0 1  94.22 10033.00 2   0.0 -31.9     79091600   0   1450       917750
    73  0 1  95.62 10027.00 2   0.0 -31.9     80048750   0   1900       957150
    74  0 1  94.22 10012.00 2   0.0 -31.6     82099300   0   1850      2050550
    75  0 1  94.22 10004.50 2   0.0 -31.3     83190500   0   1650      1091200
    76  0 1  94.92  9997.00 2   0.0 -31.3     84316450   0   1800      1125950
    77  0 1  95.62  9991.00 2   0.0 -30.9     85462600   0   1700      1146150
    78  0 1  95.27  9982.00 2   0.0 -30.9     86610600   0   1450      1148000
    79  0 1  94.92  9977.50 2   0.0 -30.6     87741750   0   1450      1131150
    80  0 1  95.62  9970.00 2   0.0 -30.6     88838900   0   1450      1097150
    81  0 1  94.92  9964.00 2   0.0 -30.6     89892100   0   1850      1053200
    82  0 1  94.22  9955.00 2   0.0 -30.3     90897250   0   1450      1005150
    83  0 1  94.57  9941.50 2   0.0 -30.3     92771800   0   1600      1874550
    84  0 1  94.57  9935.50 2   0.0 -30.3     93657250   0   1650       885450
    85  0 1  95.62  9926.50 2   0.0 -30.0     94520450   0   1550       863200
    86  0 1  95.62  9920.50 2   0.0 -30.0     95371150   0   1500       850700
    87  0 1  94.92  9913.00 2   0.0 -30.0     96222450   0   1700       851300
    88  0 1  95.27  9905.50 2   0.0 -30.0     97082450   0   1500       860000
    89  0 1  94.57  9898.00 2   0.0 -30.0     97962900   0   1500       880450
    90  0 1  94.92  9892.00 2   0.0 -30.0     98873050   0   1850       910150
    91  0 1  95.27  9886.00 2   0.0 -30.0     99820400   0   1850       947350
    92  0 1  94.22  9872.50 2   0.0 -30.0    101848900   0   1550      2028500
    93  0 1  94.57  9863.50 2   0.0 -30.0    102930450   0   1700      1081550
    94  0 1  95.62  9856.00 2   0.0 -30.0    104049050   0   1800      1118600
    95  0 1  94.92  9850.00 2   0.0 -30.3    105192000   0   1750      1142950
    96  0 1  94.22 10144.00 2   0.0 -30.3    106341400   0   1700      1149400
    97  0 1  94.92 10135.00 2   0.0 -30.3    107477700   0   1500      1136300
    98  0 1  95.27 10129.00 2   0.0 -30.3    108583300   0   1450      1105600
    99  0 1  95.62 10123.00 2   0.0 -30.6    109646850   0   1500      1063550
   100  0 1  94.22 10117.00 2   0.0 -30.6    110663300   0   1450      1016450
   101  0 1  95.27 10102.00 2   0.0 -30.9    112556300   0   1500      1893000
   102  0 1  94.57 10096.00 2   0.0 -30.9    113448650   0   1750       892350
   103  0 1  94.57 10087.00 2   0.0 -31.3    114315500   0   1850       866850
   104  0 1  94.22 10079.50 2   0.0 -31.3    115168450   0   1850       852950
   105  0 1  94.57 10073.50 2   0.0 -31.6    116018250   0   1850       849800
   106  0 1  94.22 10066.00 2   0.0 -31.6    116875150   0   1550       856900
   107  0 1  95.27 10058.50 2   0.0 -31.9    117750200   0   1600       875050
   108  0 1  95.27 10052.50 2   0.0 -31.9    118652550   0   1550       902350
   109  0 1  94.92 10045.00 2   0.0 -32.2    119590900   0   1700       938350
   110  0 1  94.57 10031.50 2   0.0 -32.5    121596850   0   1900      2005950
   111  0 1  94.22 10025.50 2   0.0 -32.8    122668400   0   1550      1071550
   112  0 1  94.92 10016.50 2   0.0 -33.1    123779350   0   1650      1110950
   113  0 1  95.62 10012.00 2   0.0 -33.4    124918650   0   1700      1139300
   114  0 1  94.57 10003.00 2   0.0 -33.4    126068000   0   1900      1149350
   115  0 1  94.92  9995.50 2   0.0 -33.8    127208750   0   1750      1140750
   116  0 1  95.27  9989.50 2   0.0 -34.1    128324100   0   1800      1115350
   117  0 1  94.57  9982.00 2   0.0 -34.4    129399300   0   1850      1075200
   118  0 1  95.62  9974.50 2   0.0 -34.7    130427000   0   1850      1027700
   119  0 1  95.27  9961.00 2   0.0 -35.3    132340950   0   1750      1913950
   120  0 1  95.62  9955.00 2   0.0 -35.6    133239800   0   1750       898850
   121  0 1  94.92  9946.00 2   0.0 -35.9    134111500   0   1650       871700
   122  0 1  94.22  9940.00 2   0.0 -36.3    134966400   0   1850       854900
   123  0 1  94.22  9932.50 2   0.0 -36.6    135816500   0   1850       850100
   124  0 1  94.22  9926.50 2   0.0 -36.9    136670400   0   1850       853900
   125  0 1  94.92  9920.50 2   0.0 -37.2    137539950   0   1900       869550
   126  0 1  95.27  9911.50 2   0.0 -37.5    138434600   0   1450       894650
   127  0 1  94.57  9905.50 2   0.0 -38.1    139363850   0   1600       929250
   128  0 1  94.92  9892.00 2   0.0 -38.8    141349250   0   1550      1985400
   129  0 1  94.57  9883.00 2   0.0 -39.1    142410350   0   1700      1061100
   130  0 1  94.92  9877.00 2   0.0 -39.7    143513000   0   1900      1102650
   131  0 1  94.57  9871.00 2   0.0 -40.0    144646350   0   1650      1133350
   132  0 1  95.62  9862.00 2   0.0 -40.3    145795400   0   1700      1149050
   133  0 1  95.62  9856.00 2   0.0 -40.9    146940800   0   1750      1145400
   134  0 1  95.27  9848.50 2   0.0 -41.3    148062500   0   1850      1121700
   135  0 1  94.57 10141.00 2   0.0 -41.6    149147600   0   1800      1085100
   136  0 1  94.57 10136.50 2   0.0 -42.2    150186400   0   1900      1038800
   137  0 1  95.62 10121.50 2   0.0 -43.1    152122650   0   1750      1936250
   138  0 1  94.22 10114.00 2   0.0 -43.4    153029650   0   1650       907000
   139  0 1  95.27 10108.00 2   0.0 -44.1    153906650   0   1550       877000
   140  0 1  94.57 10099.00 2   0.0 -44.4    154764500   0   1650       857850
   141  0 1  94.57 10093.00 2   0.0 -45.0    155614650   0   1450       850150
   142  0 1  94.92 10087.00 2   0.0 -45.6    156466800   0   1500       852150
   143  0 1  94.57 10078.00 2   0.0 -45.9    157332150   0   1500       865350
   144  0 1  94.92 10072.00 2   0.0 -46.6    158220050   0   1550       887900
   145  0 1  94.92 10066.00 2   0.0 -46.9    159139900   0   1700       919850
   146  0 1  95.62 10051.00 2   0.0 -48.1    161102400   0   1600      1962500
   147  0 1  94.92 10045.00 2   0.0 -48.4    162152200   0   1750      1049800
   148  0 1  94.22 10036.00 2   0.0 -49.1    163245350   0   1750      1093150
   149  0 1  94.22 10030.00 2   0.0 -49.7    164372150   0   1900      1126800
   150  0 1  94.57 10022.50 2   0.0 -50.3    165519300   0   1650      1147150
   151  0 1  95.62 10018.00 2   0.0 -50.6    166667550   0   1750      1148250
   152  0 1  94.22 10009.00 2   0.0 -51.3    167796050   0   1600      1128500
   153  0 1  94.57 10003.00 2   0.0 -51.9    168891500   0   1550      1095450
   154  0 1  94.22  9997.00 2   0.0 -52.5    169942000   0   1550      1050500
   155  0 1  95.62  9982.00 2   0.0 -53.4    171900200   0   1600      1958200
   156  0 1  95.62  9976.00 2   0.0 -54.1    172815250   0   1700       915050
   157  0 1  95.27  9967.00 2   0.0 -54.7    173698450   0   1550       883200
   158  0 1  95.27  9961.00 2   0.0 -55.3    174560400   0   1700       861950
   159  0 1  94.22  9955.00 2   0.0 -55.9    175411700   0   1800       851300
   160  0 1  94.22  9946.00 2   0.0 -56.6    176262850   0   1700       851150
   161  0 1  94.57  9940.00 2   0.0 -57.2    177123750   0   1550       860900
   162  0 1  94.92  9932.50 2   0.0 -57.5    178005850   0   1500       882100
   163  0 1  94.92  9926.50 2   0.0 -58.1    178917500   0   1600       911650
   164  0 1  94.22  9910.00 2   0.0 -59.4    180859600   0   1700      1942100
   165  0 1  95.27  9904.00 2   0.0 -60.0    181899150   0   1750      1039550
   166  0 1  95.27  9896.50 2   0.0 -60.6    182982800   0   1750      1083650
   167  0 1  94.22  9890.50 2   0.0 -61.3    184102700   0   1650      1119900
   168  0 1  95.62  9883.00 2   0.0 -61.9    185247000   0   1850      1144300
   169  0 1  94.22  9877.00 2   0.0 -62.5    186395600   0   1750      1148600
   170  0 1  94.92  9868.00 2   0.0 -63.1    187530550   0   1600      1134950
   171  0 1  94.57  9862.00 2   0.0 -63.8    188635600   0   1850      1105050
   172  0 1  94.92  9856.00 2   0.0 -64.4    189697350   0   1550      1061750
   173  0 1  94.57 10141.00 2   0.0 -65.6    191677650   0   1500      1980300
   174  0 1  95.27 10135.00 2   0.0 -66.3    192601500   0   1500       923850
   175  0 1  95.27 10129.00 2   0.0 -66.9    193491300   0   1500       889800
   176  0 1  95.62 10121.50 2   0.0 -67.5    194356950   0   1550       865650
   177  0 1  94.92 10114.00 2   0.0 -68.1    195209600   0   1500       852650
   178  0 1  94.22 10106.50 2   0.0 -68.8    196059200   0   1450       849600
   179  0 1  94.92 10099.00 2   0.0 -69.4    196917650   0   1650       858450
