    NO  S V  AOA    FREQ    B  FMOP  AMP      TOA      PMOP  PW         dTOA  
------ -- - ------ -------- - ----- ----- ------------ --- ------ ------------
     0  0 1  95.27  9991.00 2   0.0 -70.0            0   0   1450  42949673000
     1  0 1  95.62  9977.50 2   0.0 -68.8      2045550   0   1700      2045550
     2  0 1  95.62  9971.50 2   0.0 -68.1      3134200   0   1600      1088650
     3  0 1  94.92  9965.50 2   0.0 -67.5      4258200   0   1550      1124000
     4  0 1  94.57  9956.50 2   0.0 -66.9      5403150   0   1850      1144950
     5  0 1  95.62  9949.00 2   0.0 -66.3      6550900   0   1500      1147750
     6  0 1  95.27  9943.00 2   0.0 -65.6      7682500   0   1800      1131600
     7  0 1  94.22  9937.00 2   0.0 -65.0      8781900   0   1850      1099400
     8  0 1  94.57  9929.50 2   0.0 -64.4      9838350   0   1850      1056450
     9  0 1  94.57  9922.00 2   0.0 -63.8     10845800   0   1450      1007450
    10  0 1  94.57  9908.50 2   0.0 -62.5     12725500   0   1500      1879700
    11  0 1  95.27  9901.00 2   0.0 -61.9     13611750   0   1750       886250
    12  0 1  94.22  9895.00 2   0.0 -61.3     14475600   0   1450       863850
    13  0 1  94.22  9887.50 2   0.0 -60.6     15327900   0   1900       852300
    14  0 1  95.62  9881.50 2   0.0 -60.0     16178000   0   1600       850100
    15  0 1  94.22  9874.00 2   0.0 -59.4     17038400   0   1600       860400
    16  0 1  95.62  9868.00 2   0.0 -58.8     17917200   0   1750       878800
    17  0 1  95.27  9860.50 2   0.0 -58.1     18825550   0   1450       908350
    18  0 1  94.57  9853.00 2   0.0 -57.5     19770850   0   1750       945300
    19  0 1  94.57 10138.00 2   0.0 -56.6     21794450   0   1850      2023600
    20  0 1  94.92 10130.50 2   0.0 -55.9     22874500   0   1650      1080050
    21  0 1  95.27 10123.00 2   0.0 -55.3     23991200   0   1450      1116700
    22  0 1  94.92 10118.50 2   0.0 -54.7     25133450   0   1600      1142250
    23  0 1  94.57 10111.00 2   0.0 -54.1     26282350   0   1600      1148900
    24  0 1  94.57 10102.00 2   0.0 -53.4     27418950   0   1600      1136600
    25  0 1  94.92 10097.50 2   0.0 -53.1     28527100   0   1450      1108150
    26  0 1  95.27 10088.50 2   0.0 -52.5     29593200   0   1900      1066100
    27  0 1  94.57 10082.50 2   0.0 -51.9     30612200   0   1600      1019000
    28  0 1  94.57 10069.00 2   0.0 -50.6     32511200   0   1700      1899000
    29  0 1  94.22 10061.50 2   0.0 -50.3     33404100   0   1800       892900
    30  0 1  94.22 10054.00 2   0.0 -49.7     34272350   0   1500       868250
    31  0 1  95.27 10048.00 2   0.0 -49.1     35125800   0   1450       853450
    32  0 1  95.62 10042.00 2   0.0 -48.4     35975550   0   1650       849750
    33  0 1  94.92 10033.00 2   0.0 -48.1     36832000   0   1500       856450
    34  0 1  95.62 10027.00 2   0.0 -47.5     37706050   0   1800       874050
    35  0 1  94.22 10018.00 2   0.0 -46.9     38606750   0   1700       900700
    36  0 1  95.27 10013.50 2   0.0 -46.6     39542900   0   1500       936150
    37  0 1  95.62 10000.00 2   0.0 -45.6     41544500   0   1650      2001600
    38  0 1  94.57  9991.00 2   0.0 -45.0     42613650   0   1750      1069150
    39  0 1  95.62  9983.50 2   0.0 -44.4     43722850   0   1450      1109200
    40  0 1  95.62  9979.00 2   0.0 -44.1     44861000   0   1450      1138150
    41  0 1  95.62  9970.00 2   0.0 -43.4     46009700   0   1450      1148700
    42  0 1  94.57  9962.50 2   0.0 -43.1     47152050   0   1650      1142350
    43  0 1  95.27  9956.50 2   0.0 -42.5     48268650   0   1500      1116600
    44  0 1  94.22  9950.50 2   0.0 -42.2     49345800   0   1700      1077150
    45  0 1  94.57  9943.00 2   0.0 -41.6     50376050   0   1800      1030250
    46  0 1  94.92  9929.50 2   0.0 -40.9     52295300   0   1600      1919250
    47  0 1  95.27  9922.00 2   0.0 -40.3     53195650   0   1900       900350
    48  0 1  94.22  9913.00 2   0.0 -40.0     54068200   0   1900       872550
    49  0 1  94.92  9907.00 2   0.0 -39.7     54924500   0   1700       856300
    50  0 1  94.22  9901.00 2   0.0 -39.1     55774450   0   1550       849950
    51  0 1  94.22  9895.00 2   0.0 -38.8     56628050   0   1550       853600
    52  0 1  94.22  9886.00 2   0.0 -38.4     57496550   0   1450       868500
    53  0 1  95.27  9880.00 2   0.0 -38.1     58389250   0   1500       892700
    54  0 1  95.62  9872.50 2   0.0 -37.5     59316250   0   1500       927000
    55  0 1  95.62  9859.00 2   0.0 -36.9     61297350   0   1850      1981100
    56  0 1  94.57  9850.00 2   0.0 -36.6     62356400   0   1550      1059050
    57  0 1  94.92 10144.00 2   0.0 -36.3     63457400   0   1600      1101000
    58  0 1  94.22 10136.50 2   0.0 -35.9     64588950   0   1500      1131550
    59  0 1  94.22 10130.50 2   0.0 -35.6     65737350   0   1850      1148400
    60  0 1  94.92 10124.50 2   0.0 -35.3     66882500   0   1650      1145150
    61  0 1  94.92 10117.00 2   0.0 -35.0     68006050   0   1450      1123550
    62  0 1  95.27 10111.00 2   0.0 -34.7     69093250   0   1550      1087200
    63  0 1  94.92 10102.00 2   0.0 -34.4     70135050   0   1450      1041800
    64  0 1  94.57 10087.00 2   0.0 -33.8     72074650   0   1500      1939600
    65  0 1  94.57 10081.00 2   0.0 -33.4     72983350   0   1750       908700
    66  0 1  94.22 10075.00 2   0.0 -33.4     73862000   0   1550       878650
    67  0 1  95.62 10067.50 2   0.0 -33.1     74720800   0   1900       858800
    68  0 1  95.62 10060.00 2   0.0 -32.8     75570400   0   1800       849600
    69  0 1  95.27 10054.00 2   0.0 -32.5     76422850   0   1550       852450
    70  0 1  95.62 10048.00 2   0.0 -32.5     77286850   0   1500       864000
    71  0 1  95.27 10040.50 2   0.0 -32.2     78173950   0   1600       887100
    72  0 1  94.57 10031.50 2   0.0 -31.9     79092300   0   1500       918350
    73  0 1  95.62 10019.50 2   0.0 -31.6     81051350   0   1600      1959050
    74  0 1  95.27 10012.00 2   0.0 -31.6     82098850   0   1800      1047500
    75  0 1  94.57 10004.50 2   0.0 -31.3     83190150   0   1600      1091300
    76  0 1  94.92  9998.50 2   0.0 -31.3     84316400   0   1500      1126250
    77  0 1  94.57  9991.00 2   0.0 -30.9     85462200   0   1550      1145800
    78  0 1  94.92  9985.00 2   0.0 -30.9     86610550   0   1650      1148350
    79  0 1  95.27  9976.00 2   0.0 -30.6     87741800   0   1600      1131250
    80  0 1  94.57  9970.00 2   0.0 -30.6     88838550   0   1650      1096750
    81  0 1  94.22  9962.50 2   0.0 -30.6     89891700   0   1650      1053150
    82  0 1  94.22  9947.50 2   0.0 -30.3     91854500   0   1900      1962800
    83  0 1  94.22  9943.00 2   0.0 -30.3     92771050   0   1450       916550
    84  0 1  94.92  9934.00 2   0.0 -30.3     93655650   0   1500       884600
    85  0 1  95.27  9926.50 2   0.0 -30.0     94518150   0   1600       862500
    86  0 1  95.62  9920.50 2   0.0 -30.0     95369400   0   1700       851250
    87  0 1  95.62  9913.00 2   0.0 -30.0     96220500   0   1650       851100
    88  0 1  95.27  9907.00 2   0.0 -30.0     97080300   0   1700       859800
    89  0 1  94.92  9898.00 2   0.0 -30.0     97960750   0   1800       880450
    90  0 1  94.92  9892.00 2   0.0 -30.0     98870950   0   1500       910200
    91  0 1  95.27  9878.50 2   0.0 -30.0    100809400   0   1650      1938450
    92  0 1  95.62  9871.00 2   0.0 -30.0    101846450   0   1500      1037050
    93  0 1  95.27  9863.50 2   0.0 -30.0    102928200   0   1900      1081750
    94  0 1  95.62  9859.00 2   0.0 -30.0    104047400   0   1900      1119200
    95  0 1  94.92  9850.00 2   0.0 -30.3    105190250   0   1650      1142850
    96  0 1  94.92 10144.00 2   0.0 -30.3    106339550   0   1800      1149300
    97  0 1  94.57 10136.50 2   0.0 -30.3    107475350   0   1900      1135800
    98  0 1  94.57 10129.00 2   0.0 -30.3    108581400   0   1500      1106050
    99  0 1  94.92 10123.00 2   0.0 -30.6    109645000   0   1900      1063600
   100  0 1  94.92 10108.00 2   0.0 -30.6    111630400   0   1650      1985400
   101  0 1  94.92 10102.00 2   0.0 -30.9    112556400   0   1850       926000
   102  0 1  95.27 10096.00 2   0.0 -30.9    113448050   0   1600       891650
   103  0 1  94.92 10087.00 2   0.0 -31.3    114314600   0   1850       866550
   104  0 1  94.57 10081.00 2   0.0 -31.3    115167100   0   1850       852500
   105  0 1  94.92 10073.50 2   0.0 -31.6    116017500   0   1450       850400
   106  0 1  95.62 10066.00 2   0.0 -31.6    116874250   0   1550       856750
   107  0 1  95.62 10060.00 2   0.0 -31.9    117749550   0   1650       875300
   108  0 1  94.22 10054.00 2   0.0 -31.9    118651400   0   1500       901850
   109  0 1  94.92 10037.50 2   0.0 -32.5    120569500   0   1650      1918100
   110  0 1  94.92 10031.50 2   0.0 -32.5    121595000   0   1500      1025500
   111  0 1  94.57 10024.00 2   0.0 -32.8    122666850   0   1600      1071850
   112  0 1  94.92 10018.00 2   0.0 -33.1    123777500   0   1850      1110650
   113  0 1  94.57 10010.50 2   0.0 -33.4    124916600   0   1800      1139100
   114  0 1  95.27 10003.00 2   0.0 -33.4    126065200   0   1900      1148600
   115  0 1  94.92  9997.00 2   0.0 -33.8    127206000   0   1500      1140800
   116  0 1  94.92  9988.00 2   0.0 -34.1    128321100   0   1600      1115100
   117  0 1  94.22  9983.50 2   0.0 -34.4    129396400   0   1650      1075300
   118  0 1  94.57  9967.00 2   0.0 -35.0    131403750   0   1750      2007350
   119  0 1  94.92  9962.50 2   0.0 -35.3    132338250   0   1800       934500
   120  0 1  95.62  9955.00 2   0.0 -35.6    133237100   0   1550       898850
   121  0 1  95.62  9946.00 2   0.0 -35.9    134109400   0   1450       872300
   122  0 1  95.62  9941.50 2   0.0 -36.3    134964250   0   1650       854850
   123  0 1  95.62  9934.00 2   0.0 -36.6    135814600   0   1750       850350
   124  0 1  94.57  9926.50 2   0.0 -36.9    136668700   0   1500       854100
   125  0 1  94.22  9920.50 2   0.0 -37.2    137538550   0   1550       869850
   126  0 1  94.92  9913.00 2   0.0 -37.5    138433800   0   1750       895250
   127  0 1  94.22  9898.00 2   0.0 -38.4    140332850   0   1850      1899050
   128  0 1  95.27  9892.00 2   0.0 -38.8    141347550   0   1850      1014700
   129  0 1  94.92  9886.00 2   0.0 -39.1    142408150   0   1900      1060600
   130  0 1  94.22  9878.50 2   0.0 -39.7    143510500   0   1500      1102350
   131  0 1  95.62  9869.50 2   0.0 -40.0    144643550   0   1750      1133050
   132  0 1  95.62  9865.00 2   0.0 -40.3    145792450   0   1900      1148900
   133  0 1  95.27  9856.00 2   0.0 -40.9    146937550   0   1800      1145100
   134  0 1  95.62  9850.00 2   0.0 -41.3    148060550   0   1500      1123000
   135  0 1  94.22 10142.50 2   0.0 -41.6    149145050   0   1900      1084500
   136  0 1  94.22 10129.00 2   0.0 -42.5    151175000   0   1450      2029950
   137  0 1  95.62 10120.00 2   0.0 -43.1    152120250   0   1550       945250
   138  0 1  94.92 10114.00 2   0.0 -43.4    153027300   0   1550       907050
   139  0 1  94.92 10108.00 2   0.0 -44.1    153904650   0   1700       877350
   140  0 1  94.57 10100.50 2   0.0 -44.4    154762300   0   1650       857650
   141  0 1  94.92 10093.00 2   0.0 -45.0    155612750   0   1750       850450
   142  0 1  94.22 10085.50 2   0.0 -45.6    156465200   0   1650       852450
   143  0 1  94.22 10081.00 2   0.0 -45.9    157330550   0   1600       865350
   144  0 1  95.62 10072.00 2   0.0 -46.6    158218350   0   1900       887800
   145  0 1  95.62 10057.00 2   0.0 -47.5    160096700   0   1500      1878350
   146  0 1  95.27 10051.00 2   0.0 -48.1    161100350   0   1850      1003650
   147  0 1  94.57 10043.50 2   0.0 -48.4    162150250   0   1550      1049900
   148  0 1  94.57 10037.50 2   0.0 -49.1    163243450   0   1700      1093200
   149  0 1  94.22 10031.50 2   0.0 -49.7    164370400   0   1500      1126950
   150  0 1  94.22 10024.00 2   0.0 -50.3    165517600   0   1800      1147200
   151  0 1  95.27 10016.50 2   0.0 -50.6    166665400   0   1500      1147800
   152  0 1  95.62 10009.00 2   0.0 -51.3    167794350   0   1550      1128950
   153  0 1  94.57 10001.50 2   0.0 -51.9    168889500   0   1500      1095150
   154  0 1  94.57  9989.50 2   0.0 -53.1    170942550   0   1450      2053050
   155  0 1  95.27  9982.00 2   0.0 -53.4    171898500   0   1550       955950
   156  0 1  94.22  9973.00 2   0.0 -54.1    172813950   0   1750       915450
   157  0 1  95.27  9967.00 2   0.0 -54.7    173697500   0   1700       883550
   158  0 1  94.92  9961.00 2   0.0 -55.3    174559800   0   1900       862300
   159  0 1  95.27  9955.00 2   0.0 -55.9    175411100   0   1800       851300
   160  0 1  94.22  9946.00 2   0.0 -56.6    176262000   0   1800       850900
   161  0 1  94.57  9938.50 2   0.0 -57.2    177122650   0   1550       860650
   162  0 1  94.92  9932.50 2   0.0 -57.5    178004650   0   1450       882000
   163  0 1  94.92  9917.50 2   0.0 -58.8    179865800   0   1500      1861150
   164  0 1  94.57  9911.50 2   0.0 -59.4    180858500   0   1700       992700
   165  0 1  95.27  9905.50 2   0.0 -60.0    181897000   0   1550      1038500
   166  0 1  94.92  9898.00 2   0.0 -60.6    182980600   0   1650      1083600
   167  0 1  95.27  9892.00 2   0.0 -61.3    184100650   0   1700      1120050
   168  0 1  95.62  9883.00 2   0.0 -61.9    185244900   0   1750      1144250
   169  0 1  94.57  9877.00 2   0.0 -62.5    186393400   0   1550      1148500
   170  0 1  95.62  9871.00 2   0.0 -63.1    187528650   0   1850      1135250
   171  0 1  94.92  9863.50 2   0.0 -63.8    188633900   0   1600      1105250
   172  0 1  95.62 10148.50 2   0.0 -65.0    190709650   0   1500      2075750
   173  0 1  94.92 10141.00 2   0.0 -65.6    191675250   0   1900       965600
   174  0 1  94.22 10135.00 2   0.0 -66.3    192599000   0   1500       923750
   175  0 1  94.92 10129.00 2   0.0 -66.9    193489150   0   1850       890150
   176  0 1  94.92 10120.00 2   0.0 -67.5    194355450   0   1750       866300
   177  0 1  94.22 10114.00 2   0.0 -68.1    195208850   0   1550       853400
   178  0 1  95.62 10108.00 2   0.0 -68.8    196058550   0   1750       849700
   179  0 1  94.92 10099.00 2   0.0 -69.4    196916350   0   1650       857800
