    NO  S V  AOA    FREQ    B  FMOP  AMP      TOA      PMOP  PW         dTOA  
------ -- - ------ -------- - ----- ----- ------------ --- ------ ------------
     0  0 1  94.22 10016.50 2   0.0 -70.0            0   0   1300  42949673000
     1  0 1  94.92  9967.00 2   0.0 -67.5       999600   0   1250       999600
     2  0 1  95.62 10024.00 2   0.0 -65.0      2009200   0   1150      1009600
     3  0 1  95.62 10024.00 2   0.0 -60.0      4059450   0   1300      2050250
     4  0 1  95.62 10060.00 2   0.0 -57.5      5099900   0   1450      1040450
     5  0 1  94.22  9967.00 2   0.0 -55.3      6150100   0   1100      1050200
     6  0 1  94.22 10066.00 2   0.0 -53.1      7210150   0   1350      1060050
     7  0 1  94.22  9971.50 2   0.0 -50.6      8280600   0   1350      1070450
     8  0 1  94.22 10007.50 2   0.0 -48.4      9360100   0   1150      1079500
     9  0 1  94.92 10034.50 2   0.0 -46.6     10450450   0   1500      1090350
    10  0 1  95.27  9956.50 2   0.0 -44.4     11450900   0   1150      1000450
    11  0 1  95.62 10037.50 2   0.0 -42.5     12461350   0   1250      1010450
    12  0 1  94.22  9943.00 2   0.0 -39.1     14510550   0   1200      2049200
    13  0 1  94.92  9922.00 2   0.0 -37.5     15550200   0   1500      1039650
    14  0 1  95.62 10075.00 2   0.0 -36.3     16600500   0   1050      1050300
    15  0 1  95.27 10045.00 2   0.0 -35.0     17660400   0   1200      1059900
    16  0 1  95.62  9991.00 2   0.0 -33.8     18730600   0   1400      1070200
    17  0 1  94.22  9947.50 2   0.0 -32.8     19810400   0   1350      1079800
    18  0 1  94.92  9931.00 2   0.0 -31.9     20900100   0   1250      1089700
    19  0 1  95.27  9949.00 2   0.0 -31.3     21899750   0   1150       999650
    20  0 1  94.22 10027.00 2   0.0 -30.6     22910100   0   1100      1010350
    21  0 1  94.22  9919.00 2   0.0 -30.0     24959350   0   1350      2049250
    22  0 1  95.62  9940.00 2   0.0 -30.0     25999650   0   1300      1040300
    23  0 1  94.92 10036.00 2   0.0 -30.0     27049800   0   1050      1050150
    24  0 1  95.62  9983.50 2   0.0 -30.3     28109900   0   1300      1060100
    25  0 1  95.62  9949.00 2   0.0 -30.6     29180350   0   1100      1070450
    26  0 1  95.27 10031.50 2   0.0 -31.3     30259850   0   1250      1079500
    27  0 1  94.57 10072.00 2   0.0 -31.9     31350100   0   1050      1090250
    28  0 1  94.57 10019.50 2   0.0 -32.8     32349750   0   1400       999650
    29  0 1  95.62 10058.50 2   0.0 -33.8     33359550   0   1250      1009800
    30  0 1  94.92  9986.50 2   0.0 -36.3     35409550   0   1100      2050000
    31  0 1  94.22 10039.00 2   0.0 -37.5     36449100   0   1050      1039550
    32  0 1  94.22 10066.00 2   0.0 -39.1     37499500   0   1450      1050400
    33  0 1  95.27 10028.50 2   0.0 -40.9     38559600   0   1050      1060100
    34  0 1  95.62 10030.00 2   0.0 -42.5     39629450   0   1450      1069850
    35  0 1  94.92 10012.00 2   0.0 -44.4     40709100   0   1500      1079650
    36  0 1  94.22  9962.50 2   0.0 -46.6     41799400   0   1250      1090300
    37  0 1  94.92  9970.00 2   0.0 -48.4     42799850   0   1050      1000450
    38  0 1  95.27 10025.50 2   0.0 -50.6     43810300   0   1400      1010450
    39  0 1  94.22  9920.50 2   0.0 -55.3     45860050   0   1450      2049750
    40  0 1  95.62  9970.00 2   0.0 -57.5     46900400   0   1500      1040350
    41  0 1  95.27 10051.00 2   0.0 -60.0     47950350   0   1450      1049950
    42  0 1  95.27  9931.00 2   0.0 -62.5     49010550   0   1100      1060200
    43  0 1  94.57  9967.00 2   0.0 -65.0     50080500   0   1450      1069950
    44  0 1  95.27  9949.00 2   0.0 -67.5     51160800   0   1100      1080300
