    NO  S V  AOA    FREQ    B  FMOP  AMP      TOA      PMOP  PW         dTOA  
------ -- - ------ -------- - ----- ----- ------------ --- ------ ------------
     0  0 1  94.22  9985.00 2   0.0 -67.5      1000250   0   1150  42950673250
     1  0 1  95.62  9964.00 2   0.0 -65.0      2009900   0   1150      1009650
     2  0 1  94.22 10051.00 2   0.0 -62.5      3029800   0   1300      1019900
     3  0 1  94.22 10016.50 2   0.0 -60.0      4059350   0   1400      1029550
     4  0 1  95.62 10024.00 2   0.0 -57.5      5099800   0   1400      1040450
     5  0 1  95.62 10072.00 2   0.0 -55.3      6149850   0   1150      1050050
     6  0 1  94.92  9925.00 2   0.0 -53.1      7210150   0   1100      1060300
     7  0 1  95.62 10057.00 2   0.0 -50.6      8279650   0   1050      1069500
     8  0 1  94.57 10000.00 2   0.0 -48.4      9359800   0   1200      1080150
     9  0 1  94.92 10001.50 2   0.0 -44.4     11449750   0   1450      2089950
    10  0 1  95.27 10036.00 2   0.0 -42.5     12459700   0   1400      1009950
    11  0 1  94.57 10004.50 2   0.0 -40.9     13480050   0   1100      1020350
    12  0 1  94.92 10063.00 2   0.0 -39.1     14510450   0   1150      1030400
    13  0 1  94.22  9967.00 2   0.0 -37.5     15549950   0   1300      1039500
    14  0 1  94.57  9971.50 2   0.0 -36.3     16599650   0   1200      1049700
    15  0 1  94.22  9976.00 2   0.0 -35.0     17659250   0   1400      1059600
    16  0 1  95.62 10051.00 2   0.0 -33.8     18728800   0   1150      1069550
    17  0 1  94.22  9925.00 2   0.0 -32.8     19808600   0   1300      1079800
    18  0 1  94.57  9986.50 2   0.0 -31.3     21898750   0   1500      2090150
    19  0 1  94.92  9965.50 2   0.0 -30.6     22909200   0   1150      1010450
    20  0 1  94.22 10036.00 2   0.0 -30.3     23928900   0   1100      1019700
    21  0 1  94.57  9985.00 2   0.0 -30.0     24958650   0   1250      1029750
    22  0 1  95.27 10072.00 2   0.0 -30.0     25998800   0   1400      1040150
    23  0 1  95.62 10054.00 2   0.0 -30.0     27048300   0   1300      1049500
    24  0 1  94.57 10051.00 2   0.0 -30.3     28107950   0   1150      1059650
    25  0 1  95.27 10001.50 2   0.0 -30.6     29178400   0   1450      1070450
    26  0 1  95.27 10018.00 2   0.0 -31.3     30258250   0   1050      1079850
    27  0 1  94.92 10037.50 2   0.0 -32.8     32348300   0   1400      2090050
    28  0 1  94.22  9985.00 2   0.0 -33.8     33358250   0   1150      1009950
    29  0 1  94.22 10025.50 2   0.0 -35.0     34378550   0   1100      1020300
    30  0 1  94.57  9962.50 2   0.0 -36.3     35408500   0   1150      1029950
    31  0 1  94.22  9922.00 2   0.0 -37.5     36448300   0   1100      1039800
    32  0 1  94.22 10072.00 2   0.0 -39.1     37498600   0   1150      1050300
    33  0 1  95.62  9998.50 2   0.0 -40.9     38558250   0   1300      1059650
    34  0 1  95.27 10049.50 2   0.0 -42.5     39628000   0   1100      1069750
    35  0 1  94.22  9955.00 2   0.0 -44.4     40708450   0   1350      1080450
    36  0 1  95.62 10070.50 2   0.0 -48.4     42798100   0   1450      2089650
    37  0 1  94.92  9931.00 2   0.0 -50.6     43808000   0   1050      1009900
    38  0 1  95.27 10034.50 2   0.0 -53.1     44827750   0   1200      1019750
    39  0 1  95.27 10012.00 2   0.0 -55.3     45857600   0   1200      1029850
    40  0 1  94.92  9986.50 2   0.0 -57.5     46897600   0   1450      1040000
    41  0 1  94.92  9995.50 2   0.0 -60.0     47947600   0   1400      1050000
    42  0 1  95.62  9992.50 2   0.0 -62.5     49007550   0   1300      1059950
    43  0 1  95.27  9958.00 2   0.0 -65.0     50077700   0   1050      1070150
    44  0 1  94.57 10051.00 2   0.0 -67.5     51158100   0   1300      1080400
