    NO  S V  AOA    FREQ    B  FMOP  AMP      TOA      PMOP  PW         dTOA  
------ -- - ------ -------- - ----- ----- ------------ --- ------ ------------
     0  0 1  95.27 10033.00 2   0.0 -70.0            0   0   1250  42949673000
     1  0 1  94.22 10003.00 2   0.0 -67.5       999800   0   1050       999800
     2  0 1  95.27  9962.50 2   0.0 -65.0      2009800   0   1150      1010000
     3  0 1  94.22  9943.00 2   0.0 -62.5      3030150   0   1250      1020350
     4  0 1  94.22  9931.00 2   0.0 -60.0      4060500   0   1350      1030350
     5  0 1  94.57  9934.00 2   0.0 -57.5      5100750   0   1400      1040250
     6  0 1  94.92  9958.00 2   0.0 -55.3      6150450   0   1250      1049700
     7  0 1  94.22 10039.00 2   0.0 -50.6      8280400   0   1150      2129950
     8  0 1  94.92  9935.50 2   0.0 -48.4      9360300   0   1150      1079900
     9  0 1  94.22 10060.00 2   0.0 -46.6     10450600   0   1150      1090300
    10  0 1  94.22 10073.50 2   0.0 -44.4     11450700   0   1450      1000100
    11  0 1  95.62  9989.50 2   0.0 -42.5     12460400   0   1200      1009700
    12  0 1  95.62 10048.00 2   0.0 -40.9     13479950   0   1200      1019550
    13  0 1  95.62 10027.00 2   0.0 -39.1     14510050   0   1250      1030100
    14  0 1  95.27 10022.50 2   0.0 -37.5     15550500   0   1400      1040450
    15  0 1  94.57  9997.00 2   0.0 -36.3     16600150   0   1150      1049650
    16  0 1  95.27 10066.00 2   0.0 -33.8     18730850   0   1250      2130700
    17  0 1  94.57 10000.00 2   0.0 -32.8     19811250   0   1100      1080400
    18  0 1  95.27  9955.00 2   0.0 -31.9     20901300   0   1150      1090050
    19  0 1  94.92  9941.50 2   0.0 -31.3     21901250   0   1450       999950
    20  0 1  94.57 10078.00 2   0.0 -30.6     22911100   0   1150      1009850
    21  0 1  94.22  9961.00 2   0.0 -30.3     23930600   0   1500      1019500
    22  0 1  94.92  9941.50 2   0.0 -30.0     24960400   0   1350      1029800
    23  0 1  95.62 10022.50 2   0.0 -30.0     26000350   0   1150      1039950
    24  0 1  94.22 10036.00 2   0.0 -30.0     27050600   0   1450      1050250
    25  0 1  95.27 10027.00 2   0.0 -30.6     29180600   0   1500      2130000
    26  0 1  95.27 10024.00 2   0.0 -31.3     30260950   0   1100      1080350
    27  0 1  94.22 10076.50 2   0.0 -31.9     31350850   0   1450      1089900
    28  0 1  94.22  9931.00 2   0.0 -32.8     32350700   0   1400       999850
    29  0 1  94.57  9931.00 2   0.0 -33.8     33361150   0   1050      1010450
    30  0 1  95.27  9946.00 2   0.0 -35.0     34380850   0   1150      1019700
    31  0 1  94.92  9950.50 2   0.0 -36.3     35410850   0   1100      1030000
    32  0 1  94.92  9967.00 2   0.0 -37.5     36451000   0   1150      1040150
    33  0 1  94.22  9937.00 2   0.0 -39.1     37501200   0   1050      1050200
    34  0 1  94.57 10030.00 2   0.0 -42.5     39630950   0   1200      2129750
    35  0 1  94.92 10031.50 2   0.0 -44.4     40710500   0   1300      1079550
    36  0 1  95.27 10028.50 2   0.0 -46.6     41800950   0   1250      1090450
    37  0 1  94.22  9976.00 2   0.0 -48.4     42800850   0   1350       999900
    38  0 1  95.62  9938.50 2   0.0 -50.6     43810400   0   1250      1009550
    39  0 1  94.92 10021.00 2   0.0 -53.1     44830800   0   1350      1020400
    40  0 1  94.22  9991.00 2   0.0 -55.3     45860750   0   1050      1029950
    41  0 1  94.22  9991.00 2   0.0 -57.5     46900750   0   1150      1040000
    42  0 1  94.92  9947.50 2   0.0 -60.0     47950350   0   1100      1049600
    43  0 1  95.62  9958.00 2   0.0 -65.0     50080000   0   1500      2129650
    44  0 1  95.27  9989.50 2   0.0 -67.5     51159650   0   1400      1079650
