    NO  S V  AOA    FREQ    B  FMOP  AMP      TOA      PMOP  PW         dTOA  
------ -- - ------ -------- - ----- ----- ------------ --- ------ ------------
     0  0 1  94.92  9958.00 2   0.0 -70.0            0   0   1200  42949673000
     1  0 1  94.22  9961.00 2   0.0 -69.4       980200   0   1300       980200
     2  0 1  94.57  9959.50 2   0.0 -68.8      2020300   0   1150      1040100
     3  0 1  94.57  9961.00 2   0.0 -68.1      3000450   0   1450       980150
     4  0 1  94.22  9959.50 2   0.0 -67.5      4040100   0   1300      1039650
     5  0 1  94.57  9961.00 2   0.0 -66.9      5079650   0   1450      1039550
     6  0 1  95.62  9961.00 2   0.0 -66.3      6059200   0   1050       979550
     7  0 1  94.92  9961.00 2   0.0 -65.6      7099300   0   1250      1040100
     8  0 1  95.27  9968.50 2   0.0 -64.4      8069050   0   1350       969750
     9  0 1  94.57  9970.00 2   0.0 -63.8      8069500   0   1300          450
    10  0 1  95.62  9968.50 2   0.0 -63.1      9049750   0   1150       980250
    11  0 1  94.57  9970.00 2   0.0 -62.5     10089600   0   1050      1039850
    12  0 1  95.62  9970.00 2   0.0 -61.9     11069200   0   1300       979600
    13  0 1  94.57  9970.00 2   0.0 -61.3     12109650   0   1150      1040450
    14  0 1  95.27  9970.00 2   0.0 -60.6     13150000   0   1350      1040350
    15  0 1  94.57 10000.00 2   0.0 -60.0     14130050   0   1450       980050
    16  0 1  94.22 10000.00 2   0.0 -59.4     15170000   0   1350      1039950
    17  0 1  94.57 10000.00 2   0.0 -58.1     16140550   0   1200       970550
    18  0 1  95.62  9998.50 2   0.0 -57.5     16140750   0   1150          200
    19  0 1  95.27  9998.50 2   0.0 -57.2     17121150   0   1300       980400
    20  0 1  94.57  9998.50 2   0.0 -56.6     18160900   0   1500      1039750
    21  0 1  94.92  9998.50 2   0.0 -55.9     19140750   0   1350       979850
    22  0 1  94.22 10019.50 2   0.0 -55.3     20180300   0   1200      1039550
    23  0 1  95.27 10018.00 2   0.0 -54.7     21220500   0   1150      1040200
    24  0 1  94.57 10021.00 2   0.0 -54.1     22200300   0   1050       979800
    25  0 1  94.92 10018.00 2   0.0 -53.4     23240050   0   1450      1039750
    26  0 1  94.57 10019.50 2   0.0 -52.5     24209650   0   1150       969600
    27  0 1  95.27 10021.00 2   0.0 -51.9     24209350   0   1250 214748364500
    28  0 1  94.92 10019.50 2   0.0 -51.3     25189800   0   1100       980450
    29  0 1  94.57 10021.00 2   0.0 -50.6     26230000   0   1450      1040200
    30  0 1  95.27 10021.00 2   0.0 -50.3     27210400   0   1100       980400
    31  0 1  94.57 10021.00 2   0.0 -49.7     28250350   0   1300      1039950
    32  0 1  94.92 10019.50 2   0.0 -49.1     29290350   0   1250      1040000
    33  0 1  95.27 10018.00 2   0.0 -48.4     30270700   0   1500       980350
    34  0 1  95.62 10019.50 2   0.0 -48.1     31310450   0   1100      1039750
    35  0 1  94.92 10021.00 2   0.0 -46.9     32281200   0   1450       970750
    36  0 1  95.27  9980.50 2   0.0 -46.6     32281150   0   1500 214748364750
    37  0 1  94.92  9979.00 2   0.0 -45.9     33261350   0   1050       980200
    38  0 1  95.62  9979.00 2   0.0 -45.6     34301700   0   1300      1040350
    39  0 1  94.92  9979.00 2   0.0 -45.0     35281650   0   1250       979950
    40  0 1  94.22  9979.00 2   0.0 -44.4     36321700   0   1350      1040050
    41  0 1  95.62  9979.00 2   0.0 -44.1     37362150   0   1250      1040450
    42  0 1  95.27  9980.50 2   0.0 -43.4     38342550   0   1050       980400
    43  0 1  95.27  9980.50 2   0.0 -43.1     39382350   0   1450      1039800
    44  0 1  94.92 10030.00 2   0.0 -42.2     40352950   0   1350       970600
    45  0 1  94.57 10030.00 2   0.0 -41.6     40353300   0   1500          350
    46  0 1  95.27 10030.00 2   0.0 -41.3     41333050   0   1100       979750
    47  0 1  94.57 10030.00 2   0.0 -40.9     42373250   0   1450      1040200
    48  0 1  94.22 10030.00 2   0.0 -40.3     43353150   0   1150       979900
    49  0 1  95.62 10028.50 2   0.0 -40.0     44393300   0   1100      1040150
    50  0 1  95.27 10030.00 2   0.0 -39.7     45433700   0   1100      1040400
    51  0 1  95.62  9979.00 2   0.0 -39.1     46414100   0   1200       980400
    52  0 1  94.92  9979.00 2   0.0 -38.8     47453950   0   1450      1039850
    53  0 1  94.92  9980.50 2   0.0 -38.1     48423550   0   1100       969600
    54  0 1  94.57  9979.00 2   0.0 -37.5     48423050   0   1150 214748364300
    55  0 1  94.92  9979.00 2   0.0 -37.2     49402600   0   1350       979550
    56  0 1  95.62  9979.00 2   0.0 -36.9     50442550   0   1500      1039950
    57  0 1  94.22  9979.00 2   0.0 -36.6     51422400   0   1100       979850
    58  0 1  94.57  9961.00 2   0.0 -36.3     52462300   0   1300      1039900
    59  0 1  95.27  9959.50 2   0.0 -35.9     53502400   0   1050      1040100
    60  0 1  94.22  9959.50 2   0.0 -35.6     54482450   0   1100       980050
    61  0 1  94.22  9958.00 2   0.0 -35.3     55521950   0   1500      1039500
    62  0 1  94.92  9958.00 2   0.0 -34.7     56491800   0   1200       969850
    63  0 1  95.27  9958.00 2   0.0 -34.4     56491950   0   1350          150
    64  0 1  95.62  9958.00 2   0.0 -34.1     57472300   0   1150       980350
    65  0 1  95.27  9970.00 2   0.0 -33.8     58511850   0   1200      1039550
    66  0 1  94.92  9968.50 2   0.0 -33.4     59491400   0   1100       979550
    67  0 1  94.22  9970.00 2   0.0 -33.4     60531300   0   1450      1039900
    68  0 1  94.92  9968.50 2   0.0 -33.1     61571200   0   1300      1039900
    69  0 1  95.27  9970.00 2   0.0 -32.8     62551050   0   1050       979850
    70  0 1  95.62  9968.50 2   0.0 -32.5     63591200   0   1050      1040150
    71  0 1  95.27  9970.00 2   0.0 -32.2     64560250   0   1300       969050
    72  0 1  94.22 10000.00 2   0.0 -31.9     64560300   0   1250           50
    73  0 1  94.92 10000.00 2   0.0 -31.9     65540650   0   1450       980350
    74  0 1  94.22  9998.50 2   0.0 -31.6     66580850   0   1350      1040200
    75  0 1  94.92  9998.50 2   0.0 -31.6     67560800   0   1100       979950
    76  0 1  94.57 10000.00 2   0.0 -31.3     68600300   0   1250      1039500
    77  0 1  95.62 10000.00 2   0.0 -31.3     69640750   0   1200      1040450
    78  0 1  94.92 10000.00 2   0.0 -30.9     70620750   0   1150       980000
    79  0 1  94.57 10000.00 2   0.0 -30.9     71660500   0   1150      1039750
    80  0 1  94.92 10021.00 2   0.0 -30.6     72629700   0   1350       969200
    81  0 1  95.27 10019.50 2   0.0 -30.6     72629350   0   1250 214748364450
    82  0 1  95.62 10018.00 2   0.0 -30.3     73609450   0   1150       980100
    83  0 1  94.92 10018.00 2   0.0 -30.3     74649500   0   1150      1040050
    84  0 1  94.22 10019.50 2   0.0 -30.3     75629450   0   1200       979950
    85  0 1  94.57 10018.00 2   0.0 -30.3     76669100   0   1450      1039650
    86  0 1  95.27 10019.50 2   0.0 -30.0     77709550   0   1050      1040450
    87  0 1  95.27 10018.00 2   0.0 -30.0     78689450   0   1100       979900
    88  0 1  95.27 10018.00 2   0.0 -30.0     79729500   0   1400      1040050
    89  0 1  94.22 10018.00 2   0.0 -30.0     80698800   0   1400       969300
    90  0 1  95.27 10021.00 2   0.0 -30.0     80698900   0   1500          100
    91  0 1  94.92 10018.00 2   0.0 -30.0     81678950   0   1100       980050
    92  0 1  94.22 10018.00 2   0.0 -30.0     82719250   0   1500      1040300
    93  0 1  95.27 10019.50 2   0.0 -30.0     83699650   0   1450       980400
    94  0 1  94.22  9979.00 2   0.0 -30.0     84739200   0   1100      1039550
    95  0 1  95.62  9979.00 2   0.0 -30.0     85779550   0   1250      1040350
    96  0 1  94.57  9980.50 2   0.0 -30.3     86759050   0   1450       979500
    97  0 1  95.62  9980.50 2   0.0 -30.3     87799400   0   1150      1040350
    98  0 1  95.27  9979.00 2   0.0 -30.3     88768950   0   1100       969550
    99  0 1  94.92  9979.00 2   0.0 -30.6     88769150   0   1250          200
   100  0 1  95.27  9980.50 2   0.0 -30.6     89748800   0   1500       979650
   101  0 1  94.57 10028.50 2   0.0 -30.6     90788550   0   1450      1039750
   102  0 1  94.92 10030.00 2   0.0 -30.9     91768950   0   1050       980400
   103  0 1  94.57 10028.50 2   0.0 -30.9     92809400   0   1500      1040450
   104  0 1  94.57 10030.00 2   0.0 -31.3     93849050   0   1150      1039650
   105  0 1  95.62 10030.00 2   0.0 -31.3     94829250   0   1350       980200
   106  0 1  94.22 10028.50 2   0.0 -31.6     95869100   0   1400      1039850
   107  0 1  95.62 10030.00 2   0.0 -31.9     96839150   0   1150       970050
   108  0 1  94.92  9979.00 2   0.0 -31.9     96838850   0   1450 214748364500
   109  0 1  94.92  9979.00 2   0.0 -32.2     97818700   0   1350       979850
   110  0 1  94.57  9979.00 2   0.0 -32.5     98859100   0   1250      1040400
   111  0 1  94.92  9980.50 2   0.0 -32.5     99839150   0   1050       980050
   112  0 1  94.57  9980.50 2   0.0 -32.8    100879000   0   1300      1039850
   113  0 1  95.62  9979.00 2   0.0 -33.1    101919400   0   1100      1040400
   114  0 1  95.27  9980.50 2   0.0 -33.4    102899000   0   1300       979600
   115  0 1  94.22  9980.50 2   0.0 -33.4    103939100   0   1150      1040100
   116  0 1  94.22  9958.00 2   0.0 -34.1    104909250   0   1450       970150
   117  0 1  94.57  9961.00 2   0.0 -34.4    104909600   0   1100          350
   118  0 1  94.22  9958.00 2   0.0 -34.7    105889100   0   1150       979500
   119  0 1  95.62  9961.00 2   0.0 -35.0    106928650   0   1400      1039550
   120  0 1  94.22  9961.00 2   0.0 -35.3    107909000   0   1200       980350
   121  0 1  95.27  9959.50 2   0.0 -35.6    108948950   0   1400      1039950
   122  0 1  95.62  9959.50 2   0.0 -35.9    109988500   0   1250      1039550
   123  0 1  94.57  9970.00 2   0.0 -36.3    110968750   0   1450       980250
   124  0 1  95.62  9970.00 2   0.0 -36.6    112008350   0   1400      1039600
   125  0 1  94.22  9968.50 2   0.0 -37.2    112978300   0   1200       969950
   126  0 1  94.22  9970.00 2   0.0 -37.5    112978100   0   1500 214748364600
   127  0 1  94.57  9970.00 2   0.0 -38.1    113958150   0   1100       980050
   128  0 1  95.27  9970.00 2   0.0 -38.4    114998600   0   1250      1040450
   129  0 1  94.92  9970.00 2   0.0 -38.8    115978850   0   1150       980250
   130  0 1  94.22  9998.50 2   0.0 -39.1    117018950   0   1150      1040100
   131  0 1  94.92  9998.50 2   0.0 -39.7    118058700   0   1150      1039750
   132  0 1  94.92 10000.00 2   0.0 -40.0    119039050   0   1450       980350
   133  0 1  95.27  9998.50 2   0.0 -40.3    120079450   0   1500      1040400
   134  0 1  94.92 10000.00 2   0.0 -41.3    121048950   0   1400       969500
   135  0 1  94.57 10000.00 2   0.0 -41.6    121049400   0   1250          450
   136  0 1  95.62 10000.00 2   0.0 -42.2    122029800   0   1150       980400
   137  0 1  95.62 10021.00 2   0.0 -42.5    123069500   0   1450      1039700
   138  0 1  94.57 10021.00 2   0.0 -43.1    124049500   0   1500       980000
   139  0 1  94.22 10019.50 2   0.0 -43.4    125089850   0   1200      1040350
   140  0 1  95.62 10018.00 2   0.0 -44.1    126130300   0   1150      1040450
   141  0 1  94.57 10019.50 2   0.0 -44.4    127110350   0   1150       980050
   142  0 1  94.57 10018.00 2   0.0 -45.0    128150700   0   1150      1040350
   143  0 1  94.22 10018.00 2   0.0 -45.9    129120350   0   1200       969650
   144  0 1  95.62 10018.00 2   0.0 -46.6    129119950   0   1100 214748364400
   145  0 1  95.27 10018.00 2   0.0 -46.9    130099850   0   1300       979900
   146  0 1  95.62 10018.00 2   0.0 -47.5    131140250   0   1300      1040400
   147  0 1  95.27 10018.00 2   0.0 -48.1    132120000   0   1200       979750
   148  0 1  94.57 10018.00 2   0.0 -48.4    133160450   0   1450      1040450
   149  0 1  94.92 10019.50 2   0.0 -49.1    134200750   0   1050      1040300
   150  0 1  94.22 10019.50 2   0.0 -49.7    135181150   0   1150       980400
   151  0 1  95.27 10019.50 2   0.0 -50.3    136221100   0   1150      1039950
   152  0 1  94.92  9979.00 2   0.0 -51.3    137190400   0   1400       969300
   153  0 1  94.22  9980.50 2   0.0 -51.9    137190850   0   1400          450
   154  0 1  94.22  9979.00 2   0.0 -52.5    138171150   0   1200       980300
   155  0 1  94.92  9979.00 2   0.0 -53.1    139211550   0   1500      1040400
   156  0 1  95.27  9980.50 2   0.0 -53.4    140191050   0   1450       979500
   157  0 1  94.92  9979.00 2   0.0 -54.1    141230650   0   1450      1039600
   158  0 1  95.27  9979.00 2   0.0 -54.7    142270150   0   1150      1039500
   159  0 1  95.62 10028.50 2   0.0 -55.3    143249850   0   1100       979700
   160  0 1  94.57 10028.50 2   0.0 -55.9    144290150   0   1050      1040300
   161  0 1  95.27 10028.50 2   0.0 -57.2    145260200   0   1150       970050
   162  0 1  94.92 10030.00 2   0.0 -57.5    145260000   0   1400 214748364600
   163  0 1  95.62 10030.00 2   0.0 -58.1    146240400   0   1200       980400
   164  0 1  95.27 10028.50 2   0.0 -58.8    147280400   0   1450      1040000
   165  0 1  94.57 10030.00 2   0.0 -59.4    148260150   0   1100       979750
   166  0 1  94.22  9980.50 2   0.0 -60.0    149300300   0   1100      1040150
   167  0 1  94.57  9980.50 2   0.0 -60.6    150340350   0   1100      1040050
   168  0 1  94.57  9980.50 2   0.0 -61.3    151320550   0   1450       980200
   169  0 1  94.92  9979.00 2   0.0 -61.9    152360200   0   1050      1039650
   170  0 1  94.22  9980.50 2   0.0 -63.1    153329850   0   1350       969650
   171  0 1  95.62  9980.50 2   0.0 -63.8    153330100   0   1150          250
   172  0 1  94.22  9979.00 2   0.0 -64.4    154309700   0   1250       979600
   173  0 1  95.27  9959.50 2   0.0 -65.0    155349400   0   1100      1039700
   174  0 1  95.62  9958.00 2   0.0 -65.6    156329350   0   1200       979950
   175  0 1  94.92  9959.50 2   0.0 -66.3    157369650   0   1150      1040300
   176  0 1  94.92  9961.00 2   0.0 -66.9    158410100   0   1400      1040450
   177  0 1  95.27  9959.50 2   0.0 -67.5    159390300   0   1100       980200
   178  0 1  95.62  9961.00 2   0.0 -68.1    160430050   0   1400      1039750
   179  0 1  95.27  9961.00 2   0.0 -69.4    161400550   0   1450       970500
