    NO  S V  AOA    FREQ    B  FMOP  AMP      TOA      PMOP  PW         dTOA  
------ -- - ------ -------- - ----- ----- ------------ --- ------ ------------
     0  0 1  94.92 10015.00 2   0.0 -70.0            0   0   1600  42949673000
     1  0 1  95.27 10013.50 2   0.0 -67.5      1195050   0   1300      1195050
     2  0 1  94.22 10013.50 2   0.0 -65.0      2307200   0   1550      1112150
     3  0 1  94.92 10015.00 2   0.0 -62.5      3283100   0   1300       975900
     4  0 1  95.27 10015.00 2   0.0 -60.0      4412500   0   1500      1129400
     5  0 1  95.62 10013.50 2   0.0 -57.5      5467300   0   1350      1054800
     6  0 1  95.62 10015.00 2   0.0 -55.3      6499750   0   1250      1032450
     7  0 1  95.62 10013.50 2   0.0 -50.6      8518900   0   1300      2019150
     8  0 1  94.22 10013.50 2   0.0 -48.4      9372700   0   1550       853800
     9  0 1  94.57 10015.00 2   0.0 -46.6     10472700   0   1500      1100000
    10  0 1  95.27 10015.00 2   0.0 -44.4     11335250   0   1250       862550
    11  0 1  94.57 10015.00 2   0.0 -42.5     12292950   0   1350       957700
    12  0 1  94.22 10015.00 2   0.0 -40.9     13374200   0   1400      1081250
    13  0 1  94.57 10015.00 2   0.0 -39.1     14232050   0   1300       857850
    14  0 1  94.22 10015.00 2   0.0 -37.5     15364000   0   1350      1131950
    15  0 1  94.92 10013.50 2   0.0 -36.3     16466050   0   1500      1102050
    16  0 1  95.27 10015.00 2   0.0 -33.8     18646950   0   1400      2180900
    17  0 1  94.92 10013.50 2   0.0 -32.8     19734300   0   1300      1087350
    18  0 1  95.27 10013.50 2   0.0 -31.9     20828750   0   1700      1094450
    19  0 1  95.62 10013.50 2   0.0 -31.3     21968450   0   1600      1139700
    20  0 1  95.62 10013.50 2   0.0 -30.6     22996250   0   1550      1027800
    21  0 1  94.92 10013.50 2   0.0 -30.3     24187800   0   1300      1191550
    22  0 1  94.57 10015.00 2   0.0 -30.0     25216950   0   1550      1029150
    23  0 1  94.92 10015.00 2   0.0 -30.0     26344400   0   1600      1127450
    24  0 1  95.62 10015.00 2   0.0 -30.0     27359350   0   1300      1014950
    25  0 1  95.27 10013.50 2   0.0 -30.6     29191000   0   1650      1831650
    26  0 1  95.27 10015.00 2   0.0 -31.3     30314550   0   1300      1123550
    27  0 1  95.27 10013.50 2   0.0 -31.9     31280050   0   1350       965500
    28  0 1  95.62 10015.00 2   0.0 -32.8     32086050   0   1550       806000
    29  0 1  95.62 10015.00 2   0.0 -33.8     33006500   0   1450       920450
    30  0 1  94.22 10015.00 2   0.0 -35.0     34146550   0   1350      1140050
    31  0 1  94.92 10015.00 2   0.0 -36.3     35117250   0   1450       970700
    32  0 1  94.57 10015.00 2   0.0 -37.5     35952500   0   1300       835250
    33  0 1  94.22 10015.00 2   0.0 -39.1     37022000   0   1700      1069500
    34  0 1  95.27 10015.00 2   0.0 -42.5     38816750   0   1450      1794750
    35  0 1  95.27 10015.00 2   0.0 -44.4     39981600   0   1300      1164850
    36  0 1  95.62 10013.50 2   0.0 -46.6     41172650   0   1250      1191050
    37  0 1  94.22 10013.50 2   0.0 -48.4     42057350   0   1500       884700
    38  0 1  95.27 10013.50 2   0.0 -50.6     42994750   0   1400       937400
    39  0 1  95.27 10015.00 2   0.0 -53.1     43817350   0   1650       822600
    40  0 1  95.62 10015.00 2   0.0 -55.3     44807100   0   1450       989750
    41  0 1  94.22 10015.00 2   0.0 -57.5     45980250   0   1700      1173150
    42  0 1  94.92 10013.50 2   0.0 -60.0     47087000   0   1450      1106750
    43  0 1  95.27 10013.50 2   0.0 -65.0     49072500   0   1550      1985500
    44  0 1  94.22 10013.50 2   0.0 -67.5     50223800   0   1650      1151300
