    NO  S V  AOA    FREQ    B  FMOP  AMP      TOA      PMOP  PW         dTOA  
------ -- - ------ -------- - ----- ----- ------------ --- ------ ------------
     0  0 1  94.57 10013.50 2   0.0 -70.0            0   0   1300  42949673000
     1  0 1  94.57 10015.00 2   0.0 -67.5      1167800   0   1350      1167800
     2  0 1  95.62 10015.00 2   0.0 -65.0      2237950   0   1300      1070150
     3  0 1  94.22 10015.00 2   0.0 -62.5      3038600   0   1250       800650
     4  0 1  94.22 10013.50 2   0.0 -57.5      5200700   0   1650      2162100
     5  0 1  95.62 10015.00 2   0.0 -55.3      6392000   0   1300      1191300
     6  0 1  94.57 10015.00 2   0.0 -53.1      7569900   0   1650      1177900
     7  0 1  95.27 10015.00 2   0.0 -50.6      8505750   0   1700       935850
     8  0 1  95.27 10015.00 2   0.0 -48.4      9695000   0   1500      1189250
     9  0 1  95.27 10015.00 2   0.0 -46.6     10613500   0   1300       918500
    10  0 1  95.62 10015.00 2   0.0 -44.4     11495550   0   1550       882050
    11  0 1  94.22 10015.00 2   0.0 -42.5     12459600   0   1300       964050
    12  0 1  94.57 10013.50 2   0.0 -40.9     13639400   0   1250      1179800
    13  0 1  95.27 10015.00 2   0.0 -37.5     15887050   0   1300      2247650
    14  0 1  95.62 10015.00 2   0.0 -36.3     16848650   0   1650       961600
    15  0 1  94.57 10015.00 2   0.0 -35.0     17718150   0   1400       869500
    16  0 1  94.57 10015.00 2   0.0 -33.8     18727750   0   1250      1009600
    17  0 1  95.62 10015.00 2   0.0 -32.8     19624500   0   1250       896750
    18  0 1  95.62 10013.50 2   0.0 -31.9     20523450   0   1650       898950
    19  0 1  94.57 10015.00 2   0.0 -31.3     21580200   0   1300      1056750
    20  0 1  94.57 10013.50 2   0.0 -30.6     22402750   0   1250       822550
    21  0 1  94.92 10013.50 2   0.0 -30.3     23276850   0   1500       874100
    22  0 1  95.62 10013.50 2   0.0 -30.0     25386500   0   1500      2109650
    23  0 1  94.92 10013.50 2   0.0 -30.0     26302700   0   1550       916200
    24  0 1  94.22 10013.50 2   0.0 -30.3     27193700   0   1300       891000
    25  0 1  94.57 10013.50 2   0.0 -30.6     28023100   0   1600       829400
    26  0 1  94.92 10015.00 2   0.0 -31.3     28958100   0   1250       935000
    27  0 1  95.27 10015.00 2   0.0 -31.9     30058900   0   1650      1100800
    28  0 1  94.57 10015.00 2   0.0 -32.8     30873450   0   1500       814550
    29  0 1  94.57 10015.00 2   0.0 -33.8     31926600   0   1400      1053150
    30  0 1  95.27 10015.00 2   0.0 -35.0     33113100   0   1350      1186500
    31  0 1  94.57 10013.50 2   0.0 -37.5     35124700   0   1350      2011600
    32  0 1  95.27 10013.50 2   0.0 -39.1     36206100   0   1350      1081400
    33  0 1  95.62 10015.00 2   0.0 -40.9     37063400   0   1350       857300
    34  0 1  95.27 10015.00 2   0.0 -42.5     38073400   0   1350      1010000
    35  0 1  94.92 10015.00 2   0.0 -44.4     38952700   0   1250       879300
    36  0 1  95.27 10015.00 2   0.0 -46.6     40007800   0   1700      1055100
    37  0 1  94.57 10013.50 2   0.0 -48.4     41146000   0   1600      1138200
    38  0 1  94.92 10015.00 2   0.0 -50.6     42222500   0   1500      1076500
    39  0 1  94.57 10015.00 2   0.0 -53.1     43091200   0   1450       868700
    40  0 1  95.27 10013.50 2   0.0 -57.5     44876550   0   1550      1785350
    41  0 1  94.92 10013.50 2   0.0 -60.0     45971400   0   1350      1094850
    42  0 1  94.92 10013.50 2   0.0 -62.5     46924600   0   1250       953200
    43  0 1  95.27 10015.00 2   0.0 -65.0     47915250   0   1250       990650
    44  0 1  94.22 10013.50 2   0.0 -67.5     48783600   0   1400       868350
