    NO  S V  AOA    FREQ    B  FMOP  AMP      TOA      PMOP  PW         dTOA  
------ -- - ------ -------- - ----- ----- ------------ --- ------ ------------
     0  0 1  94.57 10015.00 2   0.0 -70.0            0   0   1500  42949673000
     1  0 1  94.92 10013.50 2   0.0 -67.5      1163800   0   1550      1163800
     2  0 1  94.22 10015.00 2   0.0 -65.0      1991850   0   1350       828050
     3  0 1  95.62 10015.00 2   0.0 -62.5      3002550   0   1550      1010700
     4  0 1  94.92 10015.00 2   0.0 -57.5      4921700   0   1450      1919150
     5  0 1  95.62 10015.00 2   0.0 -55.3      5849900   0   1550       928200
     6  0 1  95.27 10013.50 2   0.0 -53.1      7042150   0   1300      1192250
     7  0 1  94.92 10015.00 2   0.0 -50.6      7990350   0   1700       948200
     8  0 1  94.92 10015.00 2   0.0 -48.4      9179300   0   1350      1188950
     9  0 1  94.57 10013.50 2   0.0 -46.6     10060600   0   1400       881300
    10  0 1  95.27 10015.00 2   0.0 -44.4     10908800   0   1250       848200
    11  0 1  94.92 10015.00 2   0.0 -42.5     12012000   0   1600      1103200
    12  0 1  95.27 10015.00 2   0.0 -40.9     13050250   0   1450      1038250
    13  0 1  95.62 10015.00 2   0.0 -37.5     15059750   0   1350      2009500
    14  0 1  94.92 10013.50 2   0.0 -36.3     15941600   0   1300       881850
    15  0 1  95.62 10013.50 2   0.0 -35.0     16758850   0   1600       817250
    16  0 1  94.92 10015.00 2   0.0 -33.8     17742600   0   1450       983750
    17  0 1  95.27 10013.50 2   0.0 -32.8     18709900   0   1700       967300
    18  0 1  94.57 10015.00 2   0.0 -31.9     19714700   0   1650      1004800
    19  0 1  94.22 10015.00 2   0.0 -31.3     20683450   0   1350       968750
    20  0 1  95.27 10015.00 2   0.0 -30.6     21826850   0   1350      1143400
    21  0 1  94.22 10015.00 2   0.0 -30.3     22690800   0   1400       863950
    22  0 1  95.62 10015.00 2   0.0 -30.0     24782700   0   1350      2091900
    23  0 1  95.27 10015.00 2   0.0 -30.0     25849250   0   1600      1066550
    24  0 1  94.92 10015.00 2   0.0 -30.3     26977200   0   1300      1127950
    25  0 1  94.57 10013.50 2   0.0 -30.6     28060250   0   1550      1083050
    26  0 1  95.27 10015.00 2   0.0 -31.3     28943550   0   1500       883300
    27  0 1  94.22 10015.00 2   0.0 -31.9     29849200   0   1350       905650
    28  0 1  95.27 10015.00 2   0.0 -32.8     30850400   0   1550      1001200
    29  0 1  95.62 10013.50 2   0.0 -33.8     31756450   0   1650       906050
    30  0 1  94.22 10015.00 2   0.0 -35.0     32786000   0   1300      1029550
    31  0 1  95.27 10013.50 2   0.0 -37.5     34546250   0   1350      1760250
    32  0 1  94.57 10015.00 2   0.0 -39.1     35686450   0   1650      1140200
    33  0 1  94.92 10013.50 2   0.0 -40.9     36766900   0   1350      1080450
    34  0 1  94.57 10015.00 2   0.0 -42.5     37660550   0   1600       893650
    35  0 1  94.92 10015.00 2   0.0 -44.4     38718950   0   1250      1058400
    36  0 1  94.57 10013.50 2   0.0 -46.6     39818700   0   1400      1099750
    37  0 1  94.22 10013.50 2   0.0 -48.4     40995750   0   1250      1177050
    38  0 1  94.92 10013.50 2   0.0 -50.6     41801750   0   1350       806000
    39  0 1  94.57 10015.00 2   0.0 -53.1     42774750   0   1650       973000
    40  0 1  94.22 10015.00 2   0.0 -57.5     44986700   0   1400      2211950
    41  0 1  94.22 10015.00 2   0.0 -60.0     46177900   0   1250      1191200
    42  0 1  95.27 10013.50 2   0.0 -62.5     47056700   0   1550       878800
    43  0 1  94.92 10015.00 2   0.0 -65.0     48100700   0   1400      1044000
    44  0 1  94.92 10013.50 2   0.0 -67.5     49067450   0   1450       966750
