    NO  S V  AOA    FREQ    B  FMOP  AMP      TOA      PMOP  PW         dTOA  
------ -- - ------ -------- - ----- ----- ------------ --- ------ ------------
     0  0 1  94.92 10015.00 2   0.0 -70.0            0   0   1450  42949673000
     1  0 1  94.92 10015.00 2   0.0 -67.5       952250   0   1600       952250
     2  0 1  95.27 10015.00 2   0.0 -65.0      1946750   0   1300       994500
     3  0 1  95.62 10015.00 2   0.0 -62.5      2921400   0   1500       974650
     4  0 1  95.27 10013.50 2   0.0 -60.0      4051300   0   1500      1129900
     5  0 1  94.22 10015.00 2   0.0 -57.5      5178050   0   1400      1126750
     6  0 1  95.27 10015.00 2   0.0 -55.3      6150450   0   1450       972400
     7  0 1  94.57 10015.00 2   0.0 -53.1      7323000   0   1400      1172550
     8  0 1  94.92 10015.00 2   0.0 -50.6      8461850   0   1500      1138850
     9  0 1  94.92 10015.00 2   0.0 -46.6     10428750   0   1400      1966900
    10  0 1  95.62 10015.00 2   0.0 -44.4     11596100   0   1700      1167350
    11  0 1  94.22 10015.00 2   0.0 -42.5     12397900   0   1250       801800
    12  0 1  94.57 10015.00 2   0.0 -40.9     13345550   0   1350       947650
    13  0 1  95.27 10015.00 2   0.0 -39.1     14415400   0   1550      1069850
    14  0 1  95.27 10015.00 2   0.0 -37.5     15609500   0   1450      1194100
    15  0 1  94.92 10013.50 2   0.0 -36.3     16598400   0   1300       988900
    16  0 1  94.22 10013.50 2   0.0 -35.0     17410600   0   1250       812200
    17  0 1  94.22 10015.00 2   0.0 -33.8     18500450   0   1700      1089850
    18  0 1  94.22 10015.00 2   0.0 -31.9     20481700   0   1650      1981250
    19  0 1  94.92 10015.00 2   0.0 -31.3     21379750   0   1500       898050
    20  0 1  94.92 10015.00 2   0.0 -30.6     22439450   0   1250      1059700
    21  0 1  94.92 10013.50 2   0.0 -30.3     23358700   0   1450       919250
    22  0 1  95.27 10015.00 2   0.0 -30.0     24458600   0   1550      1099900
    23  0 1  94.57 10013.50 2   0.0 -30.0     25303050   0   1400       844450
    24  0 1  94.22 10015.00 2   0.0 -30.0     26312950   0   1550      1009900
    25  0 1  94.57 10013.50 2   0.0 -30.3     27344750   0   1250      1031800
    26  0 1  94.92 10013.50 2   0.0 -30.6     28445250   0   1650      1100500
    27  0 1  94.92 10015.00 2   0.0 -31.9     30300250   0   1450      1855000
    28  0 1  94.92 10015.00 2   0.0 -32.8     31437400   0   1450      1137150
    29  0 1  94.57 10015.00 2   0.0 -33.8     32538650   0   1250      1101250
    30  0 1  94.92 10015.00 2   0.0 -35.0     33679300   0   1250      1140650
    31  0 1  95.62 10015.00 2   0.0 -36.3     34632100   0   1550       952800
    32  0 1  94.92 10015.00 2   0.0 -37.5     35506900   0   1350       874800
    33  0 1  94.57 10015.00 2   0.0 -39.1     36509100   0   1350      1002200
    34  0 1  95.62 10015.00 2   0.0 -40.9     37663800   0   1650      1154700
    35  0 1  95.27 10015.00 2   0.0 -42.5     38564850   0   1650       901050
    36  0 1  94.22 10015.00 2   0.0 -46.6     40405200   0   1250      1840350
    37  0 1  94.57 10015.00 2   0.0 -48.4     41518950   0   1550      1113750
    38  0 1  94.92 10013.50 2   0.0 -50.6     42602750   0   1350      1083800
    39  0 1  94.57 10013.50 2   0.0 -53.1     43561400   0   1250       958650
    40  0 1  94.57 10015.00 2   0.0 -55.3     44619550   0   1650      1058150
    41  0 1  95.27 10013.50 2   0.0 -57.5     45524800   0   1350       905250
    42  0 1  94.92 10015.00 2   0.0 -60.0     46463700   0   1450       938900
    43  0 1  94.57 10015.00 2   0.0 -62.5     47616000   0   1300      1152300
    44  0 1  95.27 10013.50 2   0.0 -65.0     48744700   0   1500      1128700
