    NO  S V  AOA    FREQ    B  FMOP  AMP      TOA      PMOP  PW         dTOA  
------ -- - ------ -------- - ----- ----- ------------ --- ------ ------------
     0  0 1  95.62 10015.00 2   0.0 -70.0            0   0   1400  42949673000
     1  0 1  94.22 10015.00 2   0.0 -65.0      1902250   0   1400      1902250
     2  0 1  95.27 10015.00 2   0.0 -62.5      2710450   0   1350       808200
     3  0 1  95.27 10013.50 2   0.0 -60.0      3669700   0   1300       959250
     4  0 1  94.22 10013.50 2   0.0 -57.5      4549300   0   1250       879600
     5  0 1  94.22 10013.50 2   0.0 -55.3      5374650   0   1300       825350
     6  0 1  94.92 10015.00 2   0.0 -53.1      6512000   0   1400      1137350
     7  0 1  95.62 10013.50 2   0.0 -50.6      7327950   0   1650       815950
     8  0 1  94.57 10015.00 2   0.0 -48.4      8127800   0   1250       799850
     9  0 1  94.22 10015.00 2   0.0 -46.6      9229550   0   1500      1101750
    10  0 1  94.57 10013.50 2   0.0 -42.5     11031250   0   1300      1801700
    11  0 1  95.62 10013.50 2   0.0 -40.9     11836700   0   1450       805450
    12  0 1  94.92 10015.00 2   0.0 -39.1     12739250   0   1300       902550
    13  0 1  95.62 10013.50 2   0.0 -37.5     13622750   0   1300       883500
    14  0 1  95.27 10013.50 2   0.0 -36.3     14752600   0   1250      1129850
    15  0 1  94.57 10015.00 2   0.0 -35.0     15607700   0   1400       855100
    16  0 1  94.92 10015.00 2   0.0 -33.8     16750000   0   1550      1142300
    17  0 1  94.92 10013.50 2   0.0 -32.8     17756100   0   1550      1006100
    18  0 1  94.57 10015.00 2   0.0 -31.9     18611200   0   1400       855100
    19  0 1  94.57 10013.50 2   0.0 -30.6     20581500   0   1500      1970300
    20  0 1  94.92 10013.50 2   0.0 -30.3     21381250   0   1500       799750
    21  0 1  94.92 10015.00 2   0.0 -30.0     22263250   0   1700       882000
    22  0 1  94.22 10015.00 2   0.0 -30.0     23125500   0   1450       862250
    23  0 1  94.92 10015.00 2   0.0 -30.0     23984200   0   1400       858700
    24  0 1  95.27 10015.00 2   0.0 -30.3     24886250   0   1700       902050
    25  0 1  94.92 10015.00 2   0.0 -30.6     26044800   0   1250      1158550
    26  0 1  94.57 10015.00 2   0.0 -31.3     27140150   0   1250      1095350
    27  0 1  95.27 10013.50 2   0.0 -31.9     28322450   0   1500      1182300
    28  0 1  94.57 10015.00 2   0.0 -33.8     30181550   0   1400      1859100
    29  0 1  95.27 10013.50 2   0.0 -35.0     30991000   0   1400       809450
    30  0 1  95.27 10015.00 2   0.0 -36.3     31864700   0   1650       873700
    31  0 1  95.27 10013.50 2   0.0 -37.5     32910700   0   1650      1046000
    32  0 1  94.22 10015.00 2   0.0 -39.1     33741600   0   1700       830900
    33  0 1  95.27 10015.00 2   0.0 -40.9     34600100   0   1350       858500
    34  0 1  94.22 10015.00 2   0.0 -42.5     35755950   0   1550      1155850
    35  0 1  95.27 10013.50 2   0.0 -44.4     36699700   0   1250       943750
    36  0 1  95.27 10015.00 2   0.0 -46.6     37847850   0   1300      1148150
    37  0 1  95.27 10015.00 2   0.0 -50.6     39950650   0   1350      2102800
    38  0 1  95.62 10015.00 2   0.0 -53.1     40757500   0   1500       806850
    39  0 1  94.92 10015.00 2   0.0 -55.3     41811650   0   1650      1054150
    40  0 1  95.62 10015.00 2   0.0 -57.5     42822100   0   1700      1010450
    41  0 1  94.92 10015.00 2   0.0 -60.0     43853750   0   1700      1031650
    42  0 1  95.27 10015.00 2   0.0 -62.5     44883750   0   1600      1030000
    43  0 1  94.22 10013.50 2   0.0 -65.0     46000550   0   1400      1116800
    44  0 1  94.92 10015.00 2   0.0 -67.5     46943750   0   1700       943200
