    NO  S V  AOA    FREQ    B  FMOP  AMP      TOA      PMOP  PW         dTOA  
------ -- - ------ -------- - ----- ----- ------------ --- ------ ------------
     0  0 1  94.92 10015.00 2   0.0 -70.0            0   0   1300  42949673000
     1  0 1  95.27 10015.00 2   0.0 -67.5      1158750   0   1550      1158750
     2  0 1  95.62 10013.50 2   0.0 -65.0      2170750   0   1650      1012000
     3  0 1  94.22 10015.00 2   0.0 -62.5      3241450   0   1300      1070700
     4  0 1  94.22 10013.50 2   0.0 -60.0      4240550   0   1350       999100
     5  0 1  95.27 10013.50 2   0.0 -57.5      5272450   0   1600      1031900
     6  0 1  95.27 10015.00 2   0.0 -55.3      6089050   0   1500       816600
     7  0 1  94.92 10015.00 2   0.0 -53.1      7142350   0   1300      1053300
     8  0 1  95.62 10013.50 2   0.0 -50.6      8099000   0   1700       956650
     9  0 1  94.22 10015.00 2   0.0 -46.6     10133700   0   1450      2034700
    10  0 1  95.27 10015.00 2   0.0 -44.4     11118900   0   1350       985200
    11  0 1  95.27 10015.00 2   0.0 -42.5     11964550   0   1600       845650
    12  0 1  95.27 10015.00 2   0.0 -40.9     12960550   0   1550       996000
    13  0 1  94.92 10015.00 2   0.0 -39.1     13939200   0   1500       978650
    14  0 1  95.62 10013.50 2   0.0 -37.5     15043450   0   1600      1104250
    15  0 1  95.62 10015.00 2   0.0 -36.3     16170100   0   1550      1126650
    16  0 1  94.92 10013.50 2   0.0 -35.0     17290700   0   1400      1120600
    17  0 1  95.62 10015.00 2   0.0 -33.8     18278400   0   1450       987700
    18  0 1  95.27 10013.50 2   0.0 -31.9     20105000   0   1300      1826600
    19  0 1  95.27 10015.00 2   0.0 -31.3     21072050   0   1350       967050
    20  0 1  95.62 10015.00 2   0.0 -30.6     22004850   0   1300       932800
    21  0 1  95.27 10015.00 2   0.0 -30.3     22975250   0   1500       970400
    22  0 1  94.57 10015.00 2   0.0 -30.0     23971450   0   1650       996200
    23  0 1  94.92 10015.00 2   0.0 -30.0     24847500   0   1450       876050
    24  0 1  94.22 10015.00 2   0.0 -30.0     25820500   0   1300       973000
    25  0 1  94.22 10015.00 2   0.0 -30.3     26910700   0   1250      1090200
    26  0 1  94.22 10015.00 2   0.0 -30.6     27788700   0   1550       878000
    27  0 1  94.92 10015.00 2   0.0 -31.9     29675750   0   1550      1887050
    28  0 1  94.22 10013.50 2   0.0 -32.8     30656500   0   1300       980750
    29  0 1  95.27 10013.50 2   0.0 -33.8     31633000   0   1700       976500
    30  0 1  94.92 10013.50 2   0.0 -35.0     32521800   0   1450       888800
    31  0 1  95.62 10015.00 2   0.0 -36.3     33577000   0   1550      1055200
    32  0 1  94.57 10015.00 2   0.0 -37.5     34717700   0   1700      1140700
    33  0 1  94.57 10015.00 2   0.0 -39.1     35593750   0   1300       876050
    34  0 1  95.27 10015.00 2   0.0 -40.9     36746350   0   1300      1152600
    35  0 1  95.27 10013.50 2   0.0 -42.5     37673250   0   1350       926900
    36  0 1  94.92 10015.00 2   0.0 -46.6     39459100   0   1300      1785850
    37  0 1  94.57 10015.00 2   0.0 -48.4     40369600   0   1400       910500
    38  0 1  94.22 10015.00 2   0.0 -50.6     41350750   0   1300       981150
    39  0 1  94.22 10015.00 2   0.0 -53.1     42188750   0   1400       838000
    40  0 1  94.57 10015.00 2   0.0 -55.3     43219800   0   1650      1031050
    41  0 1  95.27 10015.00 2   0.0 -57.5     44393550   0   1450      1173750
    42  0 1  95.27 10015.00 2   0.0 -60.0     45224300   0   1400       830750
    43  0 1  95.27 10013.50 2   0.0 -62.5     46149100   0   1350       924800
    44  0 1  95.62 10015.00 2   0.0 -65.0     47304200   0   1250      1155100
