    NO  S V  AOA    FREQ    B  FMOP  AMP      TOA      PMOP  PW         dTOA  
------ -- - ------ -------- - ----- ----- ------------ --- ------ ------------
     0  0 1  94.22 10015.00 2   0.0 -70.0            0   0   1450  42949673000
     1  0 1  95.27 10015.00 2   0.0 -67.5      1057750   0   1300      1057750
     2  0 1  94.92 10015.00 2   0.0 -65.0      2212500   0   1250      1154750
     3  0 1  95.62 10015.00 2   0.0 -62.5      3208150   0   1700       995650
     4  0 1  94.57 10013.50 2   0.0 -60.0      4391950   0   1550      1183800
     5  0 1  94.22 10015.00 2   0.0 -57.5      5261350   0   1350       869400
     6  0 1  95.27 10015.00 2   0.0 -55.3      6246000   0   1500       984650
     7  0 1  94.92 10015.00 2   0.0 -53.1      7285550   0   1600      1039550
     8  0 1  94.22 10015.00 2   0.0 -50.6      8204600   0   1300       919050
     9  0 1  95.62 10013.50 2   0.0 -46.6     10425000   0   1500      2220400
    10  0 1  94.22 10015.00 2   0.0 -44.4     11480050   0   1450      1055050
    11  0 1  94.57 10013.50 2   0.0 -42.5     12396800   0   1250       916750
    12  0 1  94.92 10013.50 2   0.0 -40.9     13411750   0   1700      1014950
    13  0 1  95.62 10015.00 2   0.0 -39.1     14596700   0   1400      1184950
    14  0 1  95.62 10013.50 2   0.0 -37.5     15460800   0   1250       864100
    15  0 1  95.27 10015.00 2   0.0 -36.3     16355550   0   1600       894750
    16  0 1  95.62 10015.00 2   0.0 -35.0     17170100   0   1450       814550
    17  0 1  95.62 10013.50 2   0.0 -33.8     18196700   0   1650      1026600
    18  0 1  94.57 10015.00 2   0.0 -31.9     20307150   0   1650      2110450
    19  0 1  95.62 10013.50 2   0.0 -31.3     21119700   0   1450       812550
    20  0 1  94.22 10015.00 2   0.0 -30.6     21996300   0   1500       876600
    21  0 1  94.22 10015.00 2   0.0 -30.3     23054750   0   1650      1058450
    22  0 1  94.57 10015.00 2   0.0 -30.0     24039150   0   1500       984400
    23  0 1  94.92 10015.00 2   0.0 -30.0     25212200   0   1550      1173050
    24  0 1  94.57 10015.00 2   0.0 -30.0     26410850   0   1600      1198650
    25  0 1  95.62 10015.00 2   0.0 -30.3     27576950   0   1500      1166100
    26  0 1  95.27 10015.00 2   0.0 -30.6     28658050   0   1350      1081100
    27  0 1  94.22 10015.00 2   0.0 -31.9     30880300   0   1700      2222250
    28  0 1  94.22 10015.00 2   0.0 -32.8     31752100   0   1700       871800
    29  0 1  95.27 10015.00 2   0.0 -33.8     32908000   0   1700      1155900
    30  0 1  94.22 10015.00 2   0.0 -35.0     33721300   0   1500       813300
    31  0 1  95.27 10015.00 2   0.0 -36.3     34702250   0   1300       980950
    32  0 1  95.62 10013.50 2   0.0 -37.5     35540650   0   1600       838400
    33  0 1  95.27 10015.00 2   0.0 -39.1     36673550   0   1250      1132900
    34  0 1  95.62 10015.00 2   0.0 -40.9     37701100   0   1350      1027550
    35  0 1  94.57 10013.50 2   0.0 -42.5     38547950   0   1350       846850
    36  0 1  94.92 10013.50 2   0.0 -46.6     40627600   0   1500      2079650
    37  0 1  94.57 10015.00 2   0.0 -48.4     41594600   0   1700       967000
    38  0 1  95.27 10015.00 2   0.0 -50.6     42396200   0   1350       801600
    39  0 1  95.27 10013.50 2   0.0 -53.1     43391700   0   1400       995500
    40  0 1  95.62 10013.50 2   0.0 -55.3     44469550   0   1300      1077850
    41  0 1  95.27 10013.50 2   0.0 -57.5     45655300   0   1250      1185750
    42  0 1  95.27 10015.00 2   0.0 -60.0     46673000   0   1550      1017700
    43  0 1  94.92 10013.50 2   0.0 -62.5     47488100   0   1250       815100
    44  0 1  94.92 10013.50 2   0.0 -65.0     48414450   0   1400       926350
