    NO  S V  AOA    FREQ    B  FMOP  AMP      TOA      PMOP  PW         dTOA  
------ -- - ------ -------- - ----- ----- ------------ --- ------ ------------
     0  0 1  93.87 10004.50 2   0.0 -70.0            0   0   1300  42949673000
     1  0 1  94.22 10004.50 2   0.0 -67.5      1000450   0   1250      1000450
     2  0 1  95.62 10004.50 2   0.0 -65.0      2010050   0   1050      1009600
     3  0 1  94.22 10004.50 2   0.0 -62.5      3030250   0   1350      1020200
     4  0 1  94.92 10004.50 2   0.0 -60.0      4059900   0   1400      1029650
     5  0 1  94.57 10004.50 2   0.0 -57.5      5060050   0   1300      1000150
     6  0 1  95.98 10004.50 2   0.0 -55.3      6070200   0   1100      1010150
     7  0 1  94.57 10006.00 2   0.0 -53.1      7089750   0   1250      1019550
     8  0 1  94.92 10006.00 2   0.0 -48.4      9119700   0   1200      2029950
     9  0 1  94.57 10006.00 2   0.0 -46.6     10129750   0   1100      1010050
    10  0 1  94.92 10004.50 2   0.0 -44.4     11150050   0   1150      1020300
    11  0 1  93.52 10006.00 2   0.0 -42.5     12180000   0   1150      1029950
    12  0 1  95.62 10006.00 2   0.0 -40.9     13179500   0    950       999500
    13  0 1  94.57 10006.00 2   0.0 -39.1     14189250   0    950      1009750
    14  0 1  93.52 10004.50 2   0.0 -37.5     15209650   0   1050      1020400
    15  0 1  94.92 10006.00 2   0.0 -36.3     16239800   0   1200      1030150
    16  0 1  94.57 10006.00 2   0.0 -35.0     17239900   0   1000      1000100
    17  0 1  95.98 10004.50 2   0.0 -32.8     19269400   0   1250      2029500
    18  0 1  95.27 10006.00 2   0.0 -31.9     20298950   0    950      1029550
    19  0 1  94.92 10006.00 2   0.0 -31.3     21298550   0   1250       999600
    20  0 1  93.87 10006.00 2   0.0 -30.6     22308650   0   1200      1010100
    21  0 1  93.87 10006.00 2   0.0 -30.3     23328400   0   1050      1019750
    22  0 1  94.92 10006.00 2   0.0 -30.0     24358300   0   1000      1029900
    23  0 1  93.52 10004.50 2   0.0 -30.0     25358350   0   1400      1000050
    24  0 1  93.87 10004.50 2   0.0 -30.0     26368250   0   1150      1009900
    25  0 1  93.52 10006.00 2   0.0 -30.3     27388250   0   1250      1020000
    26  0 1  94.22 10006.00 2   0.0 -31.3     29418950   0   1200      2030700
    27  0 1  93.87 10006.00 2   0.0 -31.9     30429250   0   1200      1010300
    28  0 1  95.27 10006.00 2   0.0 -32.8     31449350   0   1350      1020100
    29  0 1  93.52 10004.50 2   0.0 -33.8     32479750   0   1100      1030400
    30  0 1  94.22 10004.50 2   0.0 -35.0     33480050   0   1150      1000300
    31  0 1  93.87 10004.50 2   0.0 -36.3     34489800   0   1150      1009750
    32  0 1  93.87 10006.00 2   0.0 -37.5     35509400   0    950      1019600
    33  0 1  95.98 10004.50 2   0.0 -39.1     36539250   0   1400      1029850
    34  0 1  94.22 10006.00 2   0.0 -40.9     37538900   0   1300       999650
    35  0 1  94.92 10004.50 2   0.0 -44.4     39568200   0   1000      2029300
    36  0 1  93.52 10006.00 2   0.0 -46.6     40598200   0   1400      1030000
    37  0 1  94.22 10004.50 2   0.0 -48.4     41598550   0   1000      1000350
    38  0 1  93.52 10006.00 2   0.0 -50.6     42608900   0   1050      1010350
    39  0 1  93.87 10006.00 2   0.0 -53.1     43628400   0    950      1019500
    40  0 1  94.92 10004.50 2   0.0 -55.3     44658500   0   1000      1030100
    41  0 1  94.57 10004.50 2   0.0 -57.5     45658100   0   1000       999600
    42  0 1  93.52 10006.00 2   0.0 -60.0     46668100   0   1300      1010000
    43  0 1  95.98 10006.00 2   0.0 -62.5     47687600   0   1350      1019500
    44  0 1  95.98 10004.50 2   0.0 -67.5     49717350   0   1400      2029750
