    NO  S V  AOA    FREQ    B  FMOP  AMP      TOA      PMOP  PW         dTOA  
------ -- - ------ -------- - ----- ----- ------------ --- ------ ------------
     0  0 1  94.92 10006.00 2   0.0 -70.0            0   0    950  42949673000
     1  0 1  94.57 10004.50 2   0.0 -67.5      1000400   0   1250      1000400
     2  0 1  94.92 10006.00 2   0.0 -65.0      2010000   0   1250      1009600
     3  0 1  94.92 10006.00 2   0.0 -62.5      3029650   0   1350      1019650
     4  0 1  93.87 10004.50 2   0.0 -57.5      5059500   0   1050      2029850
     5  0 1  94.57 10006.00 2   0.0 -55.3      6069450   0   1200      1009950
     6  0 1  93.52 10006.00 2   0.0 -53.1      7089450   0   1400      1020000
     7  0 1  95.98 10006.00 2   0.0 -50.6      8119800   0   1300      1030350
     8  0 1  95.27 10006.00 2   0.0 -48.4      9120200   0   1400      1000400
     9  0 1  94.92 10006.00 2   0.0 -46.6     10129800   0   1300      1009600
    10  0 1  95.27 10004.50 2   0.0 -44.4     11150100   0   1150      1020300
    11  0 1  94.57 10004.50 2   0.0 -42.5     12179900   0   1000      1029800
    12  0 1  94.22 10004.50 2   0.0 -40.9     13179600   0   1200       999700
    13  0 1  94.57 10006.00 2   0.0 -37.5     15209650   0   1400      2030050
    14  0 1  94.57 10006.00 2   0.0 -36.3     16239900   0   1300      1030250
    15  0 1  93.87 10006.00 2   0.0 -35.0     17240250   0   1400      1000350
    16  0 1  93.52 10006.00 2   0.0 -33.8     18250600   0   1200      1010350
    17  0 1  94.22 10006.00 2   0.0 -32.8     19270100   0   1100      1019500
    18  0 1  95.62 10004.50 2   0.0 -31.9     20300000   0   1350      1029900
    19  0 1  93.87 10004.50 2   0.0 -31.3     21299850   0   1200       999850
    20  0 1  94.57 10006.00 2   0.0 -30.6     22309800   0   1200      1009950
    21  0 1  94.92 10006.00 2   0.0 -30.3     23329600   0    950      1019800
    22  0 1  95.27 10004.50 2   0.0 -30.0     25359850   0   1150      2030250
    23  0 1  95.27 10004.50 2   0.0 -30.0     26369950   0   1300      1010100
    24  0 1  94.22 10004.50 2   0.0 -30.3     27389750   0   1000      1019800
    25  0 1  95.62 10006.00 2   0.0 -30.6     28419400   0   1150      1029650
    26  0 1  95.62 10006.00 2   0.0 -31.3     29419350   0   1000       999950
    27  0 1  95.27 10006.00 2   0.0 -31.9     30428950   0   1000      1009600
    28  0 1  95.27 10004.50 2   0.0 -32.8     31449100   0   1400      1020150
    29  0 1  94.57 10006.00 2   0.0 -33.8     32479150   0   1350      1030050
    30  0 1  94.57 10006.00 2   0.0 -35.0     33478800   0   1400       999650
    31  0 1  95.62 10006.00 2   0.0 -37.5     35508400   0   1000      2029600
    32  0 1  93.87 10006.00 2   0.0 -39.1     36538100   0    950      1029700
    33  0 1  95.98 10004.50 2   0.0 -40.9     37538100   0   1200      1000000
    34  0 1  95.27 10006.00 2   0.0 -42.5     38547850   0   1050      1009750
    35  0 1  95.62 10006.00 2   0.0 -44.4     39567600   0   1200      1019750
    36  0 1  93.52 10004.50 2   0.0 -46.6     40597400   0   1400      1029800
    37  0 1  94.57 10006.00 2   0.0 -48.4     41597050   0   1050       999650
    38  0 1  95.98 10006.00 2   0.0 -50.6     42607250   0   1400      1010200
    39  0 1  95.27 10006.00 2   0.0 -53.1     43626950   0   1400      1019700
    40  0 1  95.62 10006.00 2   0.0 -57.5     45657200   0   1200      2030250
    41  0 1  94.57 10004.50 2   0.0 -60.0     46667150   0   1200      1009950
    42  0 1  95.27 10006.00 2   0.0 -62.5     47686950   0    950      1019800
    43  0 1  95.27 10004.50 2   0.0 -65.0     48717000   0   1100      1030050
    44  0 1  94.57 10006.00 2   0.0 -67.5     49716750   0    950       999750
