    NO  S V  AOA    FREQ    B  FMOP  AMP      TOA      PMOP  PW         dTOA  
------ -- - ------ -------- - ----- ----- ------------ --- ------ ------------
     0  0 1  93.52 10004.50 2   0.0 -70.0            0   0   1300  42949673000
     1  0 1  94.57 10006.00 2   0.0 -67.5      1000200   0    950      1000200
     2  0 1  95.27 10006.00 2   0.0 -65.0      2010550   0   1300      1010350
     3  0 1  95.98 10004.50 2   0.0 -62.5      3030400   0    950      1019850
     4  0 1  94.57 10004.50 2   0.0 -60.0      4060800   0   1200      1030400
     5  0 1  93.52 10004.50 2   0.0 -55.3      6071150   0    950      2010350
     6  0 1  93.52 10006.00 2   0.0 -53.1      7091100   0   1050      1019950
     7  0 1  95.98 10006.00 2   0.0 -50.6      8121550   0   1350      1030450
     8  0 1  94.57 10004.50 2   0.0 -48.4      9121650   0    950      1000100
     9  0 1  93.87 10004.50 2   0.0 -46.6     10131200   0   1400      1009550
    10  0 1  94.57 10006.00 2   0.0 -44.4     11151100   0   1000      1019900
    11  0 1  95.98 10006.00 2   0.0 -42.5     12181450   0   1150      1030350
    12  0 1  95.27 10004.50 2   0.0 -40.9     13181900   0   1100      1000450
    13  0 1  93.87 10006.00 2   0.0 -39.1     14191950   0   1000      1010050
    14  0 1  94.22 10004.50 2   0.0 -36.3     16241250   0   1300      2049300
    15  0 1  93.52 10006.00 2   0.0 -35.0     17241400   0   1000      1000150
    16  0 1  94.22 10004.50 2   0.0 -33.8     18251250   0   1400      1009850
    17  0 1  95.62 10006.00 2   0.0 -32.8     19271550   0   1300      1020300
    18  0 1  94.57 10006.00 2   0.0 -31.9     20301150   0   1400      1029600
    19  0 1  94.57 10006.00 2   0.0 -31.3     21300850   0   1100       999700
    20  0 1  94.92 10006.00 2   0.0 -30.6     22311250   0   1050      1010400
    21  0 1  93.52 10006.00 2   0.0 -30.3     23330750   0   1150      1019500
    22  0 1  93.87 10004.50 2   0.0 -30.0     24360600   0   1200      1029850
    23  0 1  93.87 10006.00 2   0.0 -30.0     26371050   0   1150      2010450
    24  0 1  93.52 10006.00 2   0.0 -30.3     27390600   0   1050      1019550
    25  0 1  95.98 10006.00 2   0.0 -30.6     28420500   0   1250      1029900
    26  0 1  94.22 10004.50 2   0.0 -31.3     29420750   0   1300      1000250
    27  0 1  93.87 10004.50 2   0.0 -31.9     30430500   0   1150      1009750
    28  0 1  93.52 10006.00 2   0.0 -32.8     31450700   0    950      1020200
    29  0 1  94.92 10006.00 2   0.0 -33.8     32480950   0   1200      1030250
    30  0 1  95.98 10006.00 2   0.0 -35.0     33480750   0   1400       999800
    31  0 1  95.62 10004.50 2   0.0 -36.3     34490400   0   1000      1009650
    32  0 1  94.22 10006.00 2   0.0 -39.1     36540500   0   1000      2050100
    33  0 1  94.22 10006.00 2   0.0 -40.9     37540850   0    950      1000350
    34  0 1  93.52 10004.50 2   0.0 -42.5     38550700   0   1050      1009850
    35  0 1  94.57 10004.50 2   0.0 -44.4     39570650   0   1200      1019950
    36  0 1  94.57 10004.50 2   0.0 -46.6     40600550   0   1200      1029900
    37  0 1  94.22 10006.00 2   0.0 -48.4     41600950   0   1050      1000400
    38  0 1  93.87 10006.00 2   0.0 -50.6     42611200   0   1200      1010250
    39  0 1  93.52 10006.00 2   0.0 -53.1     43631100   0   1100      1019900
    40  0 1  95.62 10004.50 2   0.0 -55.3     44661400   0   1400      1030300
    41  0 1  93.87 10004.50 2   0.0 -60.0     46671450   0   1000      2010050
    42  0 1  93.87 10006.00 2   0.0 -62.5     47691700   0   1250      1020250
    43  0 1  95.27 10006.00 2   0.0 -65.0     48722100   0   1000      1030400
    44  0 1  94.22 10006.00 2   0.0 -67.5     49722200   0   1100      1000100
