    NO  S V  AOA    FREQ    B  FMOP  AMP      TOA      PMOP  PW         dTOA  
------ -- - ------ -------- - ----- ----- ------------ --- ------ ------------
     0  0 1  95.62 10006.00 2   0.0 -70.0            0   0   1200  42949673000
     1  0 1  95.62 10004.50 2   0.0 -67.5       999950   0   1150       999950
     2  0 1  93.87 10006.00 2   0.0 -65.0      2009550   0   1250      1009600
     3  0 1  94.57 10004.50 2   0.0 -60.0      4059350   0   1150      2049800
     4  0 1  95.62 10004.50 2   0.0 -57.5      5059400   0   1050      1000050
     5  0 1  95.27 10006.00 2   0.0 -55.3      6069500   0   1400      1010100
     6  0 1  95.98 10004.50 2   0.0 -53.1      7089900   0   1000      1020400
     7  0 1  95.27 10006.00 2   0.0 -50.6      8119950   0   1250      1030050
     8  0 1  94.57 10004.50 2   0.0 -48.4      9119800   0   1100       999850
     9  0 1  94.22 10004.50 2   0.0 -46.6     10129450   0   1150      1009650
    10  0 1  95.27 10006.00 2   0.0 -44.4     11149600   0   1250      1020150
    11  0 1  94.57 10006.00 2   0.0 -42.5     12179750   0   1050      1030150
    12  0 1  93.87 10006.00 2   0.0 -39.1     14189000   0   1100      2009250
    13  0 1  95.62 10004.50 2   0.0 -37.5     15209300   0    950      1020300
    14  0 1  93.52 10006.00 2   0.0 -36.3     16239200   0   1050      1029900
    15  0 1  95.62 10004.50 2   0.0 -35.0     17238900   0   1250       999700
    16  0 1  94.22 10006.00 2   0.0 -33.8     18248900   0   1000      1010000
    17  0 1  93.87 10006.00 2   0.0 -32.8     19268700   0   1050      1019800
    18  0 1  94.92 10006.00 2   0.0 -31.9     20298650   0   1000      1029950
    19  0 1  95.62 10006.00 2   0.0 -31.3     21298950   0   1250      1000300
    20  0 1  93.52 10004.50 2   0.0 -30.6     22309000   0   1000      1010050
    21  0 1  93.87 10006.00 2   0.0 -30.0     24359200   0   1000      2050200
    22  0 1  95.98 10004.50 2   0.0 -30.0     25359350   0   1400      1000150
    23  0 1  93.87 10006.00 2   0.0 -30.0     26369050   0   1050      1009700
    24  0 1  95.27 10006.00 2   0.0 -30.3     27389200   0   1400      1020150
    25  0 1  95.62 10004.50 2   0.0 -30.6     28418900   0   1200      1029700
    26  0 1  93.87 10004.50 2   0.0 -31.3     29419250   0   1100      1000350
    27  0 1  93.87 10004.50 2   0.0 -31.9     30429050   0   1150      1009800
    28  0 1  95.98 10006.00 2   0.0 -32.8     31449300   0   1050      1020250
    29  0 1  95.62 10006.00 2   0.0 -33.8     32479350   0   1000      1030050
    30  0 1  95.98 10004.50 2   0.0 -36.3     34488750   0   1050      2009400
    31  0 1  93.87 10004.50 2   0.0 -37.5     35509100   0   1350      1020350
    32  0 1  93.87 10006.00 2   0.0 -39.1     36538850   0   1350      1029750
    33  0 1  95.62 10006.00 2   0.0 -40.9     37538400   0   1100       999550
    34  0 1  95.27 10006.00 2   0.0 -42.5     38548200   0   1050      1009800
    35  0 1  94.22 10006.00 2   0.0 -44.4     39567700   0   1250      1019500
    36  0 1  93.52 10006.00 2   0.0 -46.6     40597700   0   1250      1030000
    37  0 1  94.57 10004.50 2   0.0 -48.4     41597600   0   1150       999900
    38  0 1  94.57 10006.00 2   0.0 -50.6     42607200   0   1000      1009600
    39  0 1  94.92 10006.00 2   0.0 -55.3     44657300   0   1150      2050100
    40  0 1  95.27 10006.00 2   0.0 -57.5     45656850   0   1300       999550
    41  0 1  94.92 10006.00 2   0.0 -60.0     46667250   0    950      1010400
    42  0 1  93.52 10006.00 2   0.0 -62.5     47687100   0   1050      1019850
    43  0 1  95.98 10004.50 2   0.0 -65.0     48717000   0   1250      1029900
    44  0 1  95.27 10006.00 2   0.0 -67.5     49717000   0   1300      1000000
