    NO  S V  AOA    FREQ    B  FMOP  AMP      TOA      PMOP  PW         dTOA  
------ -- - ------ -------- - ----- ----- ------------ --- ------ ------------
     0  0 1  93.52 10006.00 2   0.0 -70.0            0   0   1300  42949673000
     1  0 1  95.98 10004.50 2   0.0 -67.5       999650   0   1250       999650
     2  0 1  94.22 10006.00 2   0.0 -62.5      3029250   0   1300      2029600
     3  0 1  95.62 10004.50 2   0.0 -60.0      4059300   0   1150      1030050
     4  0 1  94.92 10004.50 2   0.0 -57.5      5059650   0   1050      1000350
     5  0 1  94.92 10006.00 2   0.0 -55.3      6069700   0   1050      1010050
     6  0 1  94.57 10004.50 2   0.0 -53.1      7090150   0   1250      1020450
     7  0 1  94.92 10004.50 2   0.0 -50.6      8120250   0   1200      1030100
     8  0 1  93.52 10004.50 2   0.0 -48.4      9119750   0   1350       999500
     9  0 1  94.92 10006.00 2   0.0 -46.6     10129500   0   1100      1009750
    10  0 1  94.22 10006.00 2   0.0 -44.4     11149550   0   1250      1020050
    11  0 1  94.92 10006.00 2   0.0 -40.9     13180100   0   1000      2030550
    12  0 1  95.62 10004.50 2   0.0 -39.1     14189900   0   1000      1009800
    13  0 1  94.22 10006.00 2   0.0 -37.5     15210300   0   1100      1020400
    14  0 1  94.92 10004.50 2   0.0 -36.3     16240750   0   1300      1030450
    15  0 1  95.98 10006.00 2   0.0 -35.0     17240250   0   1350       999500
    16  0 1  94.22 10004.50 2   0.0 -33.8     18250600   0   1050      1010350
    17  0 1  94.22 10006.00 2   0.0 -32.8     19270900   0   1350      1020300
    18  0 1  93.52 10006.00 2   0.0 -31.9     20301350   0   1250      1030450
    19  0 1  94.92 10004.50 2   0.0 -31.3     21301000   0   1050       999650
    20  0 1  94.92 10006.00 2   0.0 -30.3     23330700   0   1050      2029700
    21  0 1  93.52 10004.50 2   0.0 -30.0     24360400   0   1300      1029700
    22  0 1  94.57 10006.00 2   0.0 -30.0     25360800   0   1100      1000400
    23  0 1  95.62 10004.50 2   0.0 -30.0     26370300   0   1350      1009500
    24  0 1  93.87 10006.00 2   0.0 -30.3     27389850   0   1050      1019550
    25  0 1  95.27 10006.00 2   0.0 -30.6     28420250   0   1400      1030400
    26  0 1  95.62 10006.00 2   0.0 -31.3     29420550   0   1200      1000300
    27  0 1  93.87 10004.50 2   0.0 -31.9     30431000   0   1100      1010450
    28  0 1  93.87 10006.00 2   0.0 -32.8     31450850   0   1150      1019850
    29  0 1  95.27 10004.50 2   0.0 -35.0     33480950   0   1000      2030100
    30  0 1  93.87 10006.00 2   0.0 -36.3     34491050   0   1200      1010100
    31  0 1  95.98 10004.50 2   0.0 -37.5     35510950   0   1250      1019900
    32  0 1  94.57 10004.50 2   0.0 -39.1     36540550   0   1250      1029600
    33  0 1  93.87 10004.50 2   0.0 -40.9     37540250   0   1400       999700
    34  0 1  94.22 10006.00 2   0.0 -42.5     38550200   0   1050      1009950
    35  0 1  94.22 10004.50 2   0.0 -44.4     39570150   0   1400      1019950
    36  0 1  95.27 10006.00 2   0.0 -46.6     40600200   0   1250      1030050
    37  0 1  94.92 10006.00 2   0.0 -48.4     41599700   0   1000       999500
    38  0 1  94.92 10006.00 2   0.0 -53.1     43629200   0   1300      2029500
    39  0 1  93.87 10004.50 2   0.0 -55.3     44658950   0   1000      1029750
    40  0 1  95.62 10006.00 2   0.0 -57.5     45659350   0   1000      1000400
    41  0 1  95.27 10006.00 2   0.0 -60.0     46669400   0   1100      1010050
    42  0 1  95.62 10006.00 2   0.0 -62.5     47689650   0   1100      1020250
    43  0 1  95.62 10006.00 2   0.0 -65.0     48719800   0   1300      1030150
    44  0 1  93.52 10006.00 2   0.0 -67.5     49719650   0   1150       999850
