    NO  S V  AOA    FREQ    B  FMOP  AMP      TOA      PMOP  PW         dTOA  
------ -- - ------ -------- - ----- ----- ------------ --- ------ ------------
     0  0 1  94.92 10004.50 2   0.0 -70.0            0   0   1100  42949673000
     1  0 1  93.52 10004.50 2   0.0 -67.5      1000400   0   1000      1000400
     2  0 1  93.87 10006.00 2   0.0 -65.0      2010050   0   1000      1009650
     3  0 1  93.52 10006.00 2   0.0 -60.0      4060750   0   1250      2050700
     4  0 1  93.52 10006.00 2   0.0 -57.5      5060450   0   1050       999700
     5  0 1  94.22 10004.50 2   0.0 -55.3      6070800   0   1250      1010350
     6  0 1  94.57 10004.50 2   0.0 -53.1      7091150   0   1200      1020350
     7  0 1  94.57 10004.50 2   0.0 -50.6      8121250   0   1150      1030100
     8  0 1  95.98 10004.50 2   0.0 -48.4      9121050   0    950       999800
     9  0 1  95.62 10006.00 2   0.0 -46.6     10131200   0   1200      1010150
    10  0 1  93.87 10006.00 2   0.0 -44.4     11150900   0   1100      1019700
    11  0 1  95.98 10006.00 2   0.0 -42.5     12180600   0   1150      1029700
    12  0 1  95.98 10006.00 2   0.0 -39.1     14190550   0   1100      2009950
    13  0 1  94.92 10006.00 2   0.0 -37.5     15210550   0    950      1020000
    14  0 1  94.57 10004.50 2   0.0 -36.3     16240850   0   1300      1030300
    15  0 1  93.52 10004.50 2   0.0 -35.0     17240800   0   1400       999950
    16  0 1  95.27 10004.50 2   0.0 -33.8     18251000   0   1300      1010200
    17  0 1  95.62 10006.00 2   0.0 -32.8     19271200   0   1050      1020200
    18  0 1  94.22 10006.00 2   0.0 -31.9     20301650   0   1350      1030450
    19  0 1  94.92 10004.50 2   0.0 -31.3     21301350   0   1000       999700
    20  0 1  94.22 10006.00 2   0.0 -30.6     22310950   0   1300      1009600
    21  0 1  94.92 10004.50 2   0.0 -30.0     24361500   0   1400      2050550
    22  0 1  94.57 10004.50 2   0.0 -30.0     25361750   0   1100      1000250
    23  0 1  95.98 10006.00 2   0.0 -30.0     26371850   0   1150      1010100
    24  0 1  95.62 10006.00 2   0.0 -30.3     27392250   0   1050      1020400
    25  0 1  94.22 10006.00 2   0.0 -30.6     28421750   0   1000      1029500
    26  0 1  95.62 10004.50 2   0.0 -31.3     29421700   0   1400       999950
    27  0 1  95.27 10004.50 2   0.0 -31.9     30431950   0   1350      1010250
    28  0 1  95.98 10006.00 2   0.0 -32.8     31452200   0   1300      1020250
    29  0 1  95.27 10004.50 2   0.0 -33.8     32481950   0   1250      1029750
    30  0 1  94.92 10004.50 2   0.0 -36.3     34491900   0   1400      2009950
    31  0 1  94.22 10004.50 2   0.0 -37.5     35511950   0   1350      1020050
    32  0 1  95.98 10004.50 2   0.0 -39.1     36542000   0   1300      1030050
    33  0 1  95.98 10006.00 2   0.0 -40.9     37541550   0   1050       999550
    34  0 1  95.62 10006.00 2   0.0 -42.5     38551050   0    950      1009500
    35  0 1  93.52 10004.50 2   0.0 -44.4     39571100   0   1300      1020050
    36  0 1  95.98 10004.50 2   0.0 -46.6     40601450   0    950      1030350
    37  0 1  95.62 10006.00 2   0.0 -48.4     41601850   0   1050      1000400
    38  0 1  94.92 10006.00 2   0.0 -50.6     42611400   0   1200      1009550
    39  0 1  93.52 10004.50 2   0.0 -55.3     44661500   0   1250      2050100
    40  0 1  95.27 10006.00 2   0.0 -57.5     45661850   0   1300      1000350
    41  0 1  95.62 10006.00 2   0.0 -60.0     46671650   0   1100      1009800
    42  0 1  93.87 10006.00 2   0.0 -62.5     47691800   0   1150      1020150
    43  0 1  94.22 10006.00 2   0.0 -65.0     48722050   0   1300      1030250
    44  0 1  95.62 10006.00 2   0.0 -67.5     49722100   0    950      1000050
