    NO  S V  AOA    FREQ    B  FMOP  AMP      TOA      PMOP  PW         dTOA  
------ -- - ------ -------- - ----- ----- ------------ --- ------ ------------
     0  0 1  94.57 10006.00 2   0.0 -70.0            0   0   1050  42949673000
     1  0 1  95.27 10004.50 2   0.0 -67.5      1000300   0   1250      1000300
     2  0 1  93.52 10004.50 2   0.0 -65.0      2009800   0   1200      1009500
     3  0 1  95.98 10006.00 2   0.0 -62.5      3030050   0   1400      1020250
     4  0 1  94.22 10004.50 2   0.0 -60.0      4060500   0    950      1030450
     5  0 1  95.98 10006.00 2   0.0 -57.5      5060250   0   1000       999750
     6  0 1  93.52 10004.50 2   0.0 -55.3      6070000   0   1000      1009750
     7  0 1  94.22 10006.00 2   0.0 -50.6      8119850   0   1350      2049850
     8  0 1  94.22 10006.00 2   0.0 -48.4      9119350   0   1350       999500
     9  0 1  95.98 10006.00 2   0.0 -46.6     10129700   0    950      1010350
    10  0 1  94.57 10006.00 2   0.0 -44.4     11149200   0   1100      1019500
    11  0 1  93.87 10006.00 2   0.0 -42.5     12178750   0   1400      1029550
    12  0 1  93.87 10006.00 2   0.0 -40.9     13179000   0   1350      1000250
    13  0 1  95.98 10004.50 2   0.0 -39.1     14189100   0    950      1010100
    14  0 1  95.27 10004.50 2   0.0 -37.5     15208750   0   1400      1019650
    15  0 1  94.22 10006.00 2   0.0 -36.3     16238850   0   1400      1030100
    16  0 1  93.87 10006.00 2   0.0 -33.8     18249450   0   1050      2010600
    17  0 1  94.57 10006.00 2   0.0 -32.8     19269100   0   1150      1019650
    18  0 1  95.27 10006.00 2   0.0 -31.9     20298850   0   1350      1029750
    19  0 1  93.87 10006.00 2   0.0 -31.3     21298950   0   1300      1000100
    20  0 1  95.27 10006.00 2   0.0 -30.6     22308800   0   1200      1009850
    21  0 1  95.62 10006.00 2   0.0 -30.3     23328300   0   1300      1019500
    22  0 1  94.92 10004.50 2   0.0 -30.0     24357950   0    950      1029650
    23  0 1  95.27 10006.00 2   0.0 -30.0     25357900   0   1000       999950
    24  0 1  95.62 10004.50 2   0.0 -30.0     26368100   0   1250      1010200
    25  0 1  95.98 10006.00 2   0.0 -30.6     28417650   0   1350      2049550
    26  0 1  95.98 10004.50 2   0.0 -31.3     29417200   0   1150       999550
    27  0 1  94.57 10006.00 2   0.0 -31.9     30427450   0    950      1010250
    28  0 1  95.98 10006.00 2   0.0 -32.8     31447050   0   1050      1019600
    29  0 1  95.98 10004.50 2   0.0 -33.8     32477200   0   1150      1030150
    30  0 1  94.22 10006.00 2   0.0 -35.0     33477350   0   1400      1000150
    31  0 1  95.98 10004.50 2   0.0 -36.3     34486900   0   1100      1009550
    32  0 1  95.98 10006.00 2   0.0 -37.5     35506850   0   1100      1019950
    33  0 1  95.27 10006.00 2   0.0 -39.1     36537250   0   1150      1030400
    34  0 1  93.87 10006.00 2   0.0 -42.5     38547550   0   1300      2010300
    35  0 1  93.87 10006.00 2   0.0 -44.4     39567550   0   1100      1020000
    36  0 1  94.57 10006.00 2   0.0 -46.6     40597900   0   1050      1030350
    37  0 1  93.87 10006.00 2   0.0 -48.4     41597450   0   1100       999550
    38  0 1  94.22 10004.50 2   0.0 -50.6     42607000   0   1200      1009550
    39  0 1  94.92 10004.50 2   0.0 -53.1     43626550   0   1350      1019550
    40  0 1  93.87 10006.00 2   0.0 -55.3     44656800   0   1400      1030250
    41  0 1  93.52 10004.50 2   0.0 -57.5     45657250   0   1050      1000450
    42  0 1  95.27 10004.50 2   0.0 -60.0     46666850   0   1050      1009600
    43  0 1  93.87 10006.00 2   0.0 -65.0     48716250   0   1000      2049400
    44  0 1  94.22 10004.50 2   0.0 -67.5     49715950   0    950       999700
