    NO  S V  AOA    FREQ    B  FMOP  AMP      TOA      PMOP  PW         dTOA  
------ -- - ------ -------- - ----- ----- ------------ --- ------ ------------
     0  0 1  95.62 10007.50 2   0.0 -69.4      1039750   0   1000  42950712750
     1  0 1  94.92 10018.00 2   0.0 -68.8      2069300   0   1300      1029550
     2  0 1  95.62 10027.00 2   0.0 -68.1      3089150   0   1300      1019850
     3  0 1  94.92 10034.50 2   0.0 -67.5      4099300   0   1000      1010150
     4  0 1  95.62 10043.50 2   0.0 -66.9      5099550   0   1100      1000250
     5  0 1  95.27 10051.00 2   0.0 -66.3      6089400   0   1200       989850
     6  0 1  94.22 10055.50 2   0.0 -65.6      7069550   0   1350       980150
     7  0 1  95.62 10060.00 2   0.0 -65.0      8039600   0   1150       970050
     8  0 1  94.92 10063.00 2   0.0 -64.4      9079500   0   1100      1039900
     9  0 1  94.22 10067.50 2   0.0 -63.1     11129450   0   1050      2049950
    10  0 1  95.62 10067.50 2   0.0 -62.5     12139050   0   1000      1009600
    11  0 1  95.62 10066.00 2   0.0 -61.9     13138950   0   1350       999900
    12  0 1  94.92 10066.00 2   0.0 -61.3     14128750   0   1100       989800
    13  0 1  94.57 10061.50 2   0.0 -60.6     15109150   0   1100       980400
    14  0 1  95.27 10057.00 2   0.0 -60.0     16078650   0   1400       969500
    15  0 1  94.92 10052.50 2   0.0 -59.4     17118200   0   1100      1039550
    16  0 1  94.57 10045.00 2   0.0 -58.8     18147750   0    950      1029550
    17  0 1  95.27 10039.00 2   0.0 -58.1     19167400   0   1350      1019650
    18  0 1  94.22 10021.00 2   0.0 -57.2     21178050   0   1150      2010650
    19  0 1  95.62 10012.00 2   0.0 -56.6     22168350   0   1400       990300
    20  0 1  95.62 10003.00 2   0.0 -55.9     23148600   0   1050       980250
    21  0 1  95.62  9994.00 2   0.0 -55.3     24118400   0   1100       969800
    22  0 1  95.62  9982.00 2   0.0 -54.7     25158550   0   1150      1040150
    23  0 1  94.92  9976.00 2   0.0 -54.1     26188450   0   1000      1029900
    24  0 1  94.92  9967.00 2   0.0 -53.4     27208200   0   1200      1019750
    25  0 1  95.27  9956.50 2   0.0 -53.1     28218150   0   1150      1009950
    26  0 1  94.57  9950.50 2   0.0 -52.5     29218300   0   1150      1000150
    27  0 1  94.92  9940.00 2   0.0 -51.3     31189000   0   1200      1970700
    28  0 1  94.57  9934.00 2   0.0 -50.6     32159400   0   1100       970400
    29  0 1  94.22  9932.50 2   0.0 -50.3     33199650   0   1000      1040250
    30  0 1  94.57  9928.00 2   0.0 -49.7     34229250   0   1050      1029600
    31  0 1  94.57  9929.50 2   0.0 -49.1     35248950   0   1400      1019700
    32  0 1  95.27  9928.00 2   0.0 -48.4     36258950   0   1000      1010000
    33  0 1  94.57  9932.50 2   0.0 -48.1     37259300   0   1150      1000350
    34  0 1  95.62  9934.00 2   0.0 -47.5     38249350   0   1000       990050
    35  0 1  94.22  9937.00 2   0.0 -46.9     39228950   0   1050       979600
    36  0 1  94.92  9950.50 2   0.0 -45.9     41239650   0   1250      2010700
    37  0 1  94.92  9958.00 2   0.0 -45.6     42269550   0   1050      1029900
    38  0 1  94.92  9964.00 2   0.0 -45.0     43289800   0   1050      1020250
    39  0 1  94.57  9973.00 2   0.0 -44.4     44300150   0   1250      1010350
    40  0 1  94.22  9985.00 2   0.0 -44.1     45300250   0   1200      1000100
    41  0 1  95.62  9994.00 2   0.0 -43.4     46290100   0   1150       989850
    42  0 1  94.57 10000.00 2   0.0 -43.1     47270000   0   1200       979900
    43  0 1  94.22 10010.50 2   0.0 -42.5     48239750   0   1200       969750
    44  0 1  94.22 10021.00 2   0.0 -42.2     49279900   0   1200      1040150
    45  0 1  94.22 10037.50 2   0.0 -41.3     51330300   0    950      2050400
    46  0 1  95.27 10045.00 2   0.0 -40.9     52340450   0   1150      1010150
    47  0 1  94.22 10051.00 2   0.0 -40.3     53340150   0   1350       999700
    48  0 1  94.57 10057.00 2   0.0 -40.0     54329750   0   1400       989600
    49  0 1  94.92 10060.00 2   0.0 -39.7     55310200   0   1300       980450
    50  0 1  94.57 10066.00 2   0.0 -39.1     56280350   0   1200       970150
    51  0 1  95.27 10067.50 2   0.0 -38.8     57320750   0   1050      1040400
    52  0 1  94.92 10069.00 2   0.0 -38.4     58351100   0   1300      1030350
    53  0 1  95.27 10067.50 2   0.0 -38.1     59370700   0   1150      1019600
    54  0 1  95.62 10066.00 2   0.0 -37.2     61380750   0   1300      2010050
    55  0 1  94.57 10061.50 2   0.0 -36.9     62370700   0   1250       989950
    56  0 1  95.27 10057.00 2   0.0 -36.6     63350300   0   1250       979600
    57  0 1  94.57 10049.50 2   0.0 -36.3     64320250   0   1050       969950
    58  0 1  94.22 10043.50 2   0.0 -35.9     65360000   0   1300      1039750
    59  0 1  94.92 10036.00 2   0.0 -35.6     66389700   0   1250      1029700
    60  0 1  95.27 10027.00 2   0.0 -35.3     67409500   0   1050      1019800
    61  0 1  94.57 10019.50 2   0.0 -35.0     68419200   0    950      1009700
    62  0 1  95.62 10010.50 2   0.0 -34.7     69418750   0   1400       999550
    63  0 1  94.92  9991.00 2   0.0 -34.1     71388550   0   1150      1969800
    64  0 1  94.57  9982.00 2   0.0 -33.8     72358450   0   1200       969900
    65  0 1  95.62  9971.50 2   0.0 -33.4     73398900   0   1350      1040450
    66  0 1  95.27  9964.00 2   0.0 -33.4     74428750   0   1000      1029850
    67  0 1  94.22  9955.00 2   0.0 -33.1     75448550   0    950      1019800
    68  0 1  95.62  9949.00 2   0.0 -32.8     76458450   0   1150      1009900
    69  0 1  94.57  9943.00 2   0.0 -32.5     77458750   0    950      1000300
    70  0 1  94.92  9937.00 2   0.0 -32.5     78448300   0   1250       989550
    71  0 1  94.22  9934.00 2   0.0 -32.2     79427800   0   1400       979500
    72  0 1  95.27  9929.50 2   0.0 -31.9     81438250   0   1250      2010450
    73  0 1  94.22  9929.50 2   0.0 -31.6     82468200   0   1400      1029950
    74  0 1  95.62  9929.50 2   0.0 -31.6     83488050   0   1100      1019850
    75  0 1  95.62  9934.00 2   0.0 -31.3     84498200   0   1350      1010150
    76  0 1  94.22  9934.00 2   0.0 -31.3     85498200   0   1000      1000000
    77  0 1  94.92  9938.50 2   0.0 -30.9     86488600   0   1350       990400
    78  0 1  95.62  9946.00 2   0.0 -30.9     87468300   0   1050       979700
    79  0 1  94.57  9952.00 2   0.0 -30.6     88438200   0   1350       969900
    80  0 1  95.27  9959.50 2   0.0 -30.6     89478500   0   1300      1040300
    81  0 1  94.57  9977.50 2   0.0 -30.3     91528850   0   1300      2050350
    82  0 1  94.57  9985.00 2   0.0 -30.3     92539150   0   1250      1010300
    83  0 1  95.62  9994.00 2   0.0 -30.3     93538950   0   1000       999800
    84  0 1  95.27 10004.50 2   0.0 -30.3     94528550   0   1100       989600
    85  0 1  94.22 10013.50 2   0.0 -30.0     95508850   0   1150       980300
    86  0 1  94.22 10021.00 2   0.0 -30.0     96479050   0    950       970200
    87  0 1  95.62 10030.00 2   0.0 -30.0     97519200   0   1400      1040150
    88  0 1  95.27 10037.50 2   0.0 -30.0     98549300   0   1050      1030100
    89  0 1  94.22 10046.50 2   0.0 -30.0     99569050   0   1000      1019750
    90  0 1  94.92 10060.00 2   0.0 -30.0    101578900   0   1150      2009850
    91  0 1  95.62 10063.00 2   0.0 -30.0    102569050   0   1000       990150
    92  0 1  94.92 10066.00 2   0.0 -30.0    103548950   0   1000       979900
    93  0 1  94.22 10067.50 2   0.0 -30.0    104519350   0    950       970400
    94  0 1  95.27 10067.50 2   0.0 -30.0    105559650   0    950      1040300
    95  0 1  94.92 10067.50 2   0.0 -30.3    106589750   0   1000      1030100
    96  0 1  95.62 10066.00 2   0.0 -30.3    107609800   0   1350      1020050
    97  0 1  95.27 10064.50 2   0.0 -30.3    108619750   0   1350      1009950
    98  0 1  94.22 10060.00 2   0.0 -30.3    109619550   0   1150       999800
    99  0 1  94.57 10048.00 2   0.0 -30.6    111589600   0   1000      1970050
   100  0 1  94.57 10040.50 2   0.0 -30.6    112560000   0   1200       970400
   101  0 1  95.62 10033.00 2   0.0 -30.9    113599750   0   1250      1039750
   102  0 1  95.62 10025.50 2   0.0 -30.9    114630000   0   1050      1030250
   103  0 1  94.57 10018.00 2   0.0 -31.3    115650300   0   1100      1020300
   104  0 1  94.22 10006.00 2   0.0 -31.3    116660750   0    950      1010450
   105  0 1  94.57  9997.00 2   0.0 -31.6    117660700   0   1400       999950
   106  0 1  95.27  9988.00 2   0.0 -31.6    118650900   0   1150       990200
   107  0 1  95.27  9979.00 2   0.0 -31.9    119630700   0   1400       979800
   108  0 1  94.57  9964.00 2   0.0 -32.2    121640550   0   1300      2009850
   109  0 1  95.27  9953.50 2   0.0 -32.5    122670950   0   1250      1030400
   110  0 1  95.27  9947.50 2   0.0 -32.5    123691200   0   1400      1020250
   111  0 1  95.27  9943.00 2   0.0 -32.8    124701250   0   1350      1010050
   112  0 1  94.92  9935.50 2   0.0 -33.1    125701250   0   1050      1000000
   113  0 1  94.57  9932.50 2   0.0 -33.4    126691500   0   1050       990250
   114  0 1  94.57  9931.00 2   0.0 -33.4    127671150   0   1250       979650
   115  0 1  94.22  9929.50 2   0.0 -33.8    128640650   0   1200       969500
   116  0 1  95.27  9929.50 2   0.0 -34.1    129680200   0   1000      1039550
   117  0 1  94.22  9934.00 2   0.0 -34.7    131730050   0    950      2049850
   118  0 1  95.62  9937.00 2   0.0 -35.0    132740150   0   1000      1010100
   119  0 1  94.57  9943.00 2   0.0 -35.3    133740550   0   1350      1000400
   120  0 1  94.92  9947.50 2   0.0 -35.6    134730850   0   1000       990300
   121  0 1  95.27  9953.50 2   0.0 -35.9    135710600   0   1150       979750
   122  0 1  94.92  9961.00 2   0.0 -36.3    136680550   0   1250       969950
   123  0 1  95.62  9970.00 2   0.0 -36.6    137720100   0   1250      1039550
   124  0 1  94.57  9979.00 2   0.0 -36.9    138750050   0   1300      1029950
   125  0 1  95.27  9986.50 2   0.0 -37.2    139769550   0   1350      1019500
   126  0 1  95.62 10006.00 2   0.0 -38.1    141779050   0   1050      2009500
   127  0 1  95.62 10015.00 2   0.0 -38.4    142769150   0    950       990100
   128  0 1  95.27 10024.00 2   0.0 -38.8    143749600   0   1150       980450
   129  0 1  94.22 10033.00 2   0.0 -39.1    144720050   0   1100       970450
   130  0 1  94.57 10039.00 2   0.0 -39.7    145760150   0   1000      1040100
   131  0 1  94.92 10048.00 2   0.0 -40.0    146789900   0   1150      1029750
   132  0 1  95.62 10055.50 2   0.0 -40.3    147809750   0    950      1019850
   133  0 1  95.62 10060.00 2   0.0 -40.9    148819350   0   1050      1009600
   134  0 1  94.92 10063.00 2   0.0 -41.3    149819700   0   1100      1000350
   135  0 1  95.62 10067.50 2   0.0 -42.2    151790300   0   1150      1970600
   136  0 1  94.92 10067.50 2   0.0 -42.5    152759900   0   1150       969600
   137  0 1  94.92 10067.50 2   0.0 -43.1    153799800   0   1100      1039900
   138  0 1  94.57 10066.00 2   0.0 -43.4    154829950   0   1000      1030150
   139  0 1  94.57 10063.00 2   0.0 -44.1    155850350   0   1100      1020400
   140  0 1  94.92 10057.00 2   0.0 -44.4    156860600   0   1300      1010250
   141  0 1  95.27 10052.50 2   0.0 -45.0    157860250   0   1150       999650
   142  0 1  94.57 10045.00 2   0.0 -45.6    158850650   0   1000       990400
   143  0 1  94.92 10039.00 2   0.0 -45.9    159830150   0   1400       979500
   144  0 1  94.92 10022.50 2   0.0 -46.9    161840450   0   1100      2010300
   145  0 1  94.92 10015.00 2   0.0 -47.5    162870000   0   1200      1029550
   146  0 1  94.22 10006.00 2   0.0 -48.1    163889600   0   1300      1019600
   147  0 1  94.57  9995.50 2   0.0 -48.4    164899150   0   1000      1009550
   148  0 1  95.62  9985.00 2   0.0 -49.1    165898650   0   1350       999500
   149  0 1  94.22  9976.00 2   0.0 -49.7    166888300   0    950       989650
   150  0 1  94.22  9970.00 2   0.0 -50.3    167868300   0    950       980000
   151  0 1  94.22  9961.00 2   0.0 -50.6    168838450   0   1100       970150
   152  0 1  95.62  9952.00 2   0.0 -51.3    169878550   0   1100      1040100
   153  0 1  95.27  9941.50 2   0.0 -52.5    171928400   0   1050      2049850
   154  0 1  94.92  9934.00 2   0.0 -53.1    172938350   0   1050      1009950
   155  0 1  94.92  9934.00 2   0.0 -53.4    173938650   0   1050      1000300
   156  0 1  94.22  9931.00 2   0.0 -54.1    174928800   0   1300       990150
   157  0 1  94.92  9931.00 2   0.0 -54.7    175909000   0   1050       980200
   158  0 1  95.62  9928.00 2   0.0 -55.3    176879300   0   1050       970300
   159  0 1  95.62  9929.50 2   0.0 -55.9    177918800   0   1050      1039500
   160  0 1  95.62  9934.00 2   0.0 -56.6    178948350   0   1350      1029550
   161  0 1  94.57  9937.00 2   0.0 -57.2    179968550   0   1100      1020200
   162  0 1  94.22  9949.00 2   0.0 -58.1    181978300   0   1000      2009750
   163  0 1  95.27  9956.50 2   0.0 -58.8    182968650   0   1200       990350
   164  0 1  94.22  9962.50 2   0.0 -59.4    183948400   0   1300       979750
   165  0 1  95.62  9971.50 2   0.0 -60.0    184918550   0   1100       970150
   166  0 1  94.57  9979.00 2   0.0 -60.6    185958750   0   1050      1040200
   167  0 1  94.92  9991.00 2   0.0 -61.3    186988350   0    950      1029600
   168  0 1  95.62  9998.50 2   0.0 -61.9    188008400   0    950      1020050
   169  0 1  94.57 10009.00 2   0.0 -62.5    189018300   0   1400      1009900
   170  0 1  95.62 10018.00 2   0.0 -63.1    190018250   0   1250       999950
   171  0 1  95.62 10034.50 2   0.0 -64.4    191988750   0   1200      1970500
   172  0 1  95.27 10042.00 2   0.0 -65.0    192959150   0   1150       970400
   173  0 1  95.62 10048.00 2   0.0 -65.6    193999150   0   1000      1040000
   174  0 1  94.57 10055.50 2   0.0 -66.3    195029600   0   1200      1030450
   175  0 1  94.22 10060.00 2   0.0 -66.9    196049100   0   1300      1019500
   176  0 1  94.57 10063.00 2   0.0 -67.5    197058800   0   1050      1009700
   177  0 1  94.92 10066.00 2   0.0 -68.1    198058500   0   1350       999700
   178  0 1  94.92 10069.00 2   0.0 -68.8    199048000   0   1400       989500
   179  0 1  95.62 10069.00 2   0.0 -69.4    200028150   0   1250       980150
