    NO  S V  AOA    FREQ    B  FMOP  AMP      TOA      PMOP  PW         dTOA  
------ -- - ------ -------- - ----- ----- ------------ --- ------ ------------
     0  0 1  94.57 10060.00 2   0.0 -70.0            0   0   1750  42949673000
     1  0 1  95.62 10060.00 2   0.0 -69.4      1000100   0   1700      1000100
     2  0 1  95.62 10060.00 2   0.0 -68.8      1999900   0   1700       999800
     3  0 1  94.92 10049.50 2   0.0 -67.5      4019300   0   1650      2019400
     4  0 1  95.27 10051.00 2   0.0 -66.9      5028900   0   2050      1009600
     5  0 1  95.27 10049.50 2   0.0 -66.3      6038750   0   2100      1009850
     6  0 1  94.22 10049.50 2   0.0 -65.6      7048450   0   1750      1009700
     7  0 1  94.57 10039.00 2   0.0 -65.0      8048600   0   1750      1000150
     8  0 1  94.92 10039.00 2   0.0 -64.4      9048250   0   1950       999650
     9  0 1  94.92 10039.00 2   0.0 -63.8     10048550   0   1950      1000300
    10  0 1  94.22 10039.00 2   0.0 -63.1     11048700   0   1700      1000150
    11  0 1  94.92 10030.00 2   0.0 -62.5     12048300   0   2100       999600
    12  0 1  94.57 10028.50 2   0.0 -61.3     14128450   0   1750      2080150
    13  0 1  94.22 10028.50 2   0.0 -60.6     15168200   0   1900      1039750
    14  0 1  94.57 10018.00 2   0.0 -60.0     16207900   0   1950      1039700
    15  0 1  94.92 10019.50 2   0.0 -59.4     17248150   0   2050      1040250
    16  0 1  94.92 10021.00 2   0.0 -58.8     18248300   0   1700      1000150
    17  0 1  95.62 10018.00 2   0.0 -58.1     19248650   0   1800      1000350
    18  0 1  95.62 10010.50 2   0.0 -57.5     20248800   0   1850      1000150
    19  0 1  95.27 10009.00 2   0.0 -57.2     21248350   0   2000       999550
    20  0 1  95.27 10009.00 2   0.0 -56.6     22248400   0   2000      1000050
    21  0 1  95.62 10000.00 2   0.0 -55.3     24248050   0   1700      1999650
    22  0 1  94.22 10000.00 2   0.0 -54.7     25248350   0   1850      1000300
    23  0 1  94.57 10000.00 2   0.0 -54.1     26247900   0   1800       999550
    24  0 1  95.27  9998.50 2   0.0 -53.4     27248000   0   1700      1000100
    25  0 1  95.62  9988.00 2   0.0 -53.1     28228300   0   2050       980300
    26  0 1  95.27  9989.50 2   0.0 -52.5     29207900   0   1750       979600
    27  0 1  94.57  9991.00 2   0.0 -51.9     30187500   0   1800       979600
    28  0 1  94.22  9988.00 2   0.0 -51.3     31167650   0   1900       980150
    29  0 1  94.22  9979.00 2   0.0 -50.6     32147950   0   1750       980300
    30  0 1  95.62  9979.00 2   0.0 -49.7     34088600   0   2050      1940650
    31  0 1  95.62  9980.50 2   0.0 -49.1     35058800   0   1950       970200
    32  0 1  94.22  9970.00 2   0.0 -48.4     36028650   0   2050       969850
    33  0 1  94.57  9970.00 2   0.0 -48.1     36998950   0   2000       970300
    34  0 1  94.22  9968.50 2   0.0 -47.5     37968650   0   2050       969700
    35  0 1  95.62  9970.00 2   0.0 -46.9     38938350   0   1700       969700
    36  0 1  94.22  9958.00 2   0.0 -46.6     39908700   0   1700       970350
    37  0 1  95.62  9959.50 2   0.0 -45.9     40878950   0   1700       970250
    38  0 1  94.92  9959.50 2   0.0 -45.6     41848950   0   1850       970000
    39  0 1  94.92  9949.00 2   0.0 -44.4     43848500   0   2100      1999550
    40  0 1  95.27  9949.00 2   0.0 -44.1     44848800   0   1700      1000300
    41  0 1  94.92  9949.00 2   0.0 -43.4     45848700   0   1700       999900
    42  0 1  94.92  9949.00 2   0.0 -43.1     46849100   0   1750      1000400
    43  0 1  94.57  9938.50 2   0.0 -42.5     47848900   0   2050       999800
    44  0 1  95.62  9940.00 2   0.0 -42.2     48848450   0   1650       999550
    45  0 1  95.62  9938.50 2   0.0 -41.6     49847950   0   1950       999500
    46  0 1  94.92  9938.50 2   0.0 -41.3     50847700   0   1750       999750
    47  0 1  95.62 10070.50 2   0.0 -40.9     51847950   0   1850      1000250
    48  0 1  94.22 10070.50 2   0.0 -40.0     53827900   0   1900      1979950
    49  0 1  94.92 10070.50 2   0.0 -39.7     54817600   0   2000       989700
    50  0 1  95.27 10060.00 2   0.0 -39.1     55807250   0   1750       989650
    51  0 1  95.62 10060.00 2   0.0 -38.8     56797300   0   1800       990050
    52  0 1  94.57 10060.00 2   0.0 -38.4     57796850   0   1800       999550
    53  0 1  94.22 10060.00 2   0.0 -38.1     58797000   0   1850      1000150
    54  0 1  94.92 10048.00 2   0.0 -37.5     59797250   0   1700      1000250
    55  0 1  95.27 10051.00 2   0.0 -37.2     60796750   0   1900       999500
    56  0 1  94.92 10051.00 2   0.0 -36.9     61796400   0   1650       999650
    57  0 1  95.62 10039.00 2   0.0 -36.3     63815650   0   2050      2019250
    58  0 1  95.62 10039.00 2   0.0 -35.9     64826100   0   2000      1010450
    59  0 1  95.62 10040.50 2   0.0 -35.6     65836550   0   1900      1010450
    60  0 1  94.92 10039.00 2   0.0 -35.3     66846100   0   2050      1009550
    61  0 1  95.62 10030.00 2   0.0 -35.0     67846000   0   1950       999900
    62  0 1  95.27 10028.50 2   0.0 -34.7     68845850   0   1700       999850
    63  0 1  94.22 10030.00 2   0.0 -34.4     69845850   0   1650      1000000
    64  0 1  94.22 10030.00 2   0.0 -34.1     70846000   0   1750      1000150
    65  0 1  94.57 10021.00 2   0.0 -33.8     71846200   0   1900      1000200
    66  0 1  94.92 10021.00 2   0.0 -33.4     73926650   0   1800      2080450
    67  0 1  94.92 10019.50 2   0.0 -33.1     74966750   0   1650      1040100
    68  0 1  94.92 10009.00 2   0.0 -32.8     76006500   0   1800      1039750
    69  0 1  95.27 10009.00 2   0.0 -32.5     77046400   0   2000      1039900
    70  0 1  94.92 10009.00 2   0.0 -32.5     78046050   0   1750       999650
    71  0 1  95.62 10009.00 2   0.0 -32.2     79046000   0   2100       999950
    72  0 1  95.62 10000.00 2   0.0 -31.9     80046300   0   1850      1000300
    73  0 1  94.57 10000.00 2   0.0 -31.9     81046350   0   2100      1000050
    74  0 1  95.27  9998.50 2   0.0 -31.6     82046650   0   2100      1000300
    75  0 1  94.22  9989.50 2   0.0 -31.3     84047250   0   1700      2000600
    76  0 1  95.27  9989.50 2   0.0 -31.3     85047100   0   1900       999850
    77  0 1  95.27  9991.00 2   0.0 -30.9     86046750   0   1700       999650
    78  0 1  95.62  9991.00 2   0.0 -30.9     87046850   0   2000      1000100
    79  0 1  94.57  9979.00 2   0.0 -30.6     88026900   0   1800       980050
    80  0 1  94.92  9979.00 2   0.0 -30.6     89006550   0   2050       979650
    81  0 1  95.27  9979.00 2   0.0 -30.6     89986550   0   1700       980000
    82  0 1  94.57  9980.50 2   0.0 -30.3     90966250   0   1700       979700
    83  0 1  94.22  9970.00 2   0.0 -30.3     91945950   0   1800       979700
    84  0 1  95.27  9968.50 2   0.0 -30.3     93885500   0   1650      1939550
    85  0 1  94.57  9970.00 2   0.0 -30.0     94855500   0   1750       970000
    86  0 1  95.62  9959.50 2   0.0 -30.0     95825250   0   2000       969750
    87  0 1  94.22  9958.00 2   0.0 -30.0     96795000   0   1900       969750
    88  0 1  94.22  9959.50 2   0.0 -30.0     97764800   0   1850       969800
    89  0 1  95.27  9959.50 2   0.0 -30.0     98734300   0   2050       969500
    90  0 1  95.27  9950.50 2   0.0 -30.0     99704650   0   1950       970350
    91  0 1  95.62  9949.00 2   0.0 -30.0    100674300   0   2000       969650
    92  0 1  95.27  9949.00 2   0.0 -30.0    101644250   0   2100       969950
    93  0 1  94.92  9940.00 2   0.0 -30.0    103644050   0   1700      1999800
    94  0 1  95.27  9940.00 2   0.0 -30.0    104644100   0   1950      1000050
    95  0 1  95.27  9938.50 2   0.0 -30.3    105643600   0   1900       999500
    96  0 1  95.62  9938.50 2   0.0 -30.3    106643150   0   1800       999550
    97  0 1  94.92 10069.00 2   0.0 -30.3    107643450   0   1900      1000300
    98  0 1  94.92 10069.00 2   0.0 -30.3    108643250   0   1750       999800
    99  0 1  95.62 10070.50 2   0.0 -30.6    109643500   0   2100      1000250
   100  0 1  94.92 10069.00 2   0.0 -30.6    110643050   0   1650       999550
   101  0 1  95.27 10058.50 2   0.0 -30.6    111643350   0   1950      1000300
   102  0 1  94.57 10060.00 2   0.0 -30.9    113622950   0   1700      1979600
   103  0 1  94.57 10060.00 2   0.0 -31.3    114612650   0   1900       989700
   104  0 1  94.22 10051.00 2   0.0 -31.3    115602250   0   1800       989600
   105  0 1  94.92 10049.50 2   0.0 -31.6    116592200   0   1650       989950
   106  0 1  94.92 10051.00 2   0.0 -31.6    117591700   0   2000       999500
   107  0 1  94.22 10048.00 2   0.0 -31.9    118591850   0   1650      1000150
   108  0 1  94.92 10039.00 2   0.0 -31.9    119592100   0   1900      1000250
   109  0 1  94.57 10039.00 2   0.0 -32.2    120591850   0   1750       999750
   110  0 1  95.27 10039.00 2   0.0 -32.5    121591350   0   2050       999500
   111  0 1  94.57 10030.00 2   0.0 -32.8    123611150   0   1950      2019800
   112  0 1  94.57 10030.00 2   0.0 -33.1    124621150   0   1950      1010000
   113  0 1  94.57 10028.50 2   0.0 -33.4    125631400   0   2100      1010250
   114  0 1  95.27 10030.00 2   0.0 -33.4    126641100   0   1700      1009700
   115  0 1  95.62 10021.00 2   0.0 -33.8    127640950   0   2100       999850
   116  0 1  94.92 10021.00 2   0.0 -34.1    128640800   0   2100       999850
   117  0 1  95.27 10019.50 2   0.0 -34.4    129640750   0   1650       999950
   118  0 1  94.57 10021.00 2   0.0 -34.7    130640300   0   1950       999550
   119  0 1  95.27 10009.00 2   0.0 -35.0    131640400   0   2000      1000100
   120  0 1  94.92 10010.50 2   0.0 -35.6    133720850   0   1650      2080450
   121  0 1  94.57 10010.50 2   0.0 -35.9    134760700   0   1850      1039850
   122  0 1  95.62 10000.00 2   0.0 -36.3    135800600   0   1900      1039900
   123  0 1  95.27  9998.50 2   0.0 -36.6    136840250   0   1650      1039650
   124  0 1  95.27 10000.00 2   0.0 -36.9    137840550   0   2000      1000300
   125  0 1  94.57 10000.00 2   0.0 -37.2    138840600   0   1950      1000050
   126  0 1  94.92  9991.00 2   0.0 -37.5    139840850   0   1700      1000250
   127  0 1  94.22  9991.00 2   0.0 -38.1    140840950   0   2050      1000100
   128  0 1  94.57  9991.00 2   0.0 -38.4    141840500   0   1800       999550
   129  0 1  94.92  9979.00 2   0.0 -39.1    143839750   0   1650      1999250
   130  0 1  94.57  9979.00 2   0.0 -39.7    144839850   0   1900      1000100
   131  0 1  94.22  9979.00 2   0.0 -40.0    145839450   0   2000       999600
   132  0 1  94.22  9979.00 2   0.0 -40.3    146839900   0   1750      1000450
   133  0 1  94.57  9970.00 2   0.0 -40.9    147819750   0   2050       979850
   134  0 1  95.27  9970.00 2   0.0 -41.3    148799500   0   2000       979750
   135  0 1  94.22  9968.50 2   0.0 -41.6    149779950   0   1700       980450
   136  0 1  94.92  9968.50 2   0.0 -42.2    150759550   0   2100       979600
   137  0 1  94.57  9961.00 2   0.0 -42.5    151739500   0   2100       979950
   138  0 1  94.22  9958.00 2   0.0 -43.4    153679800   0   1750      1940300
   139  0 1  94.57  9961.00 2   0.0 -44.1    154650250   0   2050       970450
   140  0 1  94.22  9950.50 2   0.0 -44.4    155620700   0   2100       970450
   141  0 1  95.62  9950.50 2   0.0 -45.0    156590550   0   2050       969850
   142  0 1  95.62  9949.00 2   0.0 -45.6    157560800   0   2000       970250
   143  0 1  94.22  9949.00 2   0.0 -45.9    158530850   0   1700       970050
   144  0 1  94.22  9940.00 2   0.0 -46.6    159501050   0   1850       970200
   145  0 1  94.57  9938.50 2   0.0 -46.9    160471250   0   1750       970200
   146  0 1  95.62  9938.50 2   0.0 -47.5    161441600   0   1650       970350
   147  0 1  95.27 10069.00 2   0.0 -48.4    163441950   0   1850      2000350
   148  0 1  95.62 10069.00 2   0.0 -49.1    164441750   0   1900       999800
   149  0 1  95.27 10069.00 2   0.0 -49.7    165442150   0   1750      1000400
   150  0 1  95.27 10069.00 2   0.0 -50.3    166442400   0   1700      1000250
   151  0 1  95.27 10060.00 2   0.0 -50.6    167442500   0   2100      1000100
   152  0 1  94.22 10060.00 2   0.0 -51.3    168442000   0   1950       999500
   153  0 1  94.92 10060.00 2   0.0 -51.9    169442400   0   1750      1000400
   154  0 1  95.27 10058.50 2   0.0 -52.5    170442000   0   1700       999600
   155  0 1  94.92 10048.00 2   0.0 -53.1    171442300   0   1750      1000300
   156  0 1  94.57 10051.00 2   0.0 -54.1    173422200   0   1700      1979900
   157  0 1  94.22 10051.00 2   0.0 -54.7    174412450   0   1850       990250
   158  0 1  94.92 10039.00 2   0.0 -55.3    175402650   0   1800       990200
   159  0 1  94.57 10039.00 2   0.0 -55.9    176392850   0   1950       990200
   160  0 1  95.27 10039.00 2   0.0 -56.6    177392600   0   2100       999750
   161  0 1  95.27 10040.50 2   0.0 -57.2    178392100   0   2100       999500
   162  0 1  94.22 10028.50 2   0.0 -57.5    179392450   0   1900      1000350
   163  0 1  95.27 10030.00 2   0.0 -58.1    180392400   0   1650       999950
   164  0 1  94.92 10030.00 2   0.0 -58.8    181392000   0   1900       999600
   165  0 1  94.92 10021.00 2   0.0 -60.0    183411850   0   2000      2019850
   166  0 1  94.92 10021.00 2   0.0 -60.6    184422050   0   1650      1010200
   167  0 1  94.57 10021.00 2   0.0 -61.3    185431900   0   1800      1009850
   168  0 1  94.92 10018.00 2   0.0 -61.9    186441450   0   1650      1009550
   169  0 1  95.62 10010.50 2   0.0 -62.5    187441300   0   1950       999850
   170  0 1  94.92 10009.00 2   0.0 -63.1    188441450   0   2000      1000150
   171  0 1  94.22 10009.00 2   0.0 -63.8    189441150   0   2100       999700
   172  0 1  95.62 10009.00 2   0.0 -64.4    190441200   0   1700      1000050
   173  0 1  94.22  9998.50 2   0.0 -65.0    191441200   0   2050      1000000
   174  0 1  95.62 10000.00 2   0.0 -66.3    193520850   0   1650      2079650
   175  0 1  94.22  9998.50 2   0.0 -66.9    194561050   0   1850      1040200
   176  0 1  95.27  9988.00 2   0.0 -67.5    195600750   0   1700      1039700
   177  0 1  95.27  9991.00 2   0.0 -68.1    196640700   0   2100      1039950
   178  0 1  95.62  9991.00 2   0.0 -68.8    197641000   0   1850      1000300
   179  0 1  94.92  9989.50 2   0.0 -69.4    198641150   0   1700      1000150
