    NO  S V  AOA    FREQ    B  FMOP  AMP      TOA      PMOP  PW         dTOA  
------ -- - ------ -------- - ----- ----- ------------ --- ------ ------------
     0  0 1  94.22 10060.00 2   0.0 -70.0            0   0   2050  42949673000
     1  0 1  94.92 10058.50 2   0.0 -69.4       980300   0   1650       980300
     2  0 1  94.57 10058.50 2   0.0 -68.8      1960650   0   1950       980350
     3  0 1  94.92 10060.00 2   0.0 -68.1      2930800   0   2050       970150
     4  0 1  94.57 10049.50 2   0.0 -66.9      4870950   0   1800      1940150
     5  0 1  95.27 10049.50 2   0.0 -66.3      5841100   0   1700       970150
     6  0 1  95.62 10051.00 2   0.0 -65.6      6810950   0   1950       969850
     7  0 1  95.27 10039.00 2   0.0 -65.0      7781050   0   1900       970100
     8  0 1  94.57 10039.00 2   0.0 -64.4      8750650   0   2000       969600
     9  0 1  94.57 10039.00 2   0.0 -63.8      9720450   0   1700       969800
    10  0 1  94.22 10039.00 2   0.0 -63.1     10690900   0   2000       970450
    11  0 1  94.57 10030.00 2   0.0 -62.5     11661300   0   2050       970400
    12  0 1  94.92 10030.00 2   0.0 -61.9     12661400   0   1850      1000100
    13  0 1  95.62 10028.50 2   0.0 -60.6     14661300   0   2000      1999900
    14  0 1  94.57 10021.00 2   0.0 -60.0     15661700   0   1700      1000400
    15  0 1  95.27 10021.00 2   0.0 -59.4     16661500   0   2000       999800
    16  0 1  95.27 10018.00 2   0.0 -58.8     17661650   0   1900      1000150
    17  0 1  94.92 10019.50 2   0.0 -58.1     18661750   0   1900      1000100
    18  0 1  95.62 10010.50 2   0.0 -57.5     19661400   0   1850       999650
    19  0 1  95.62 10010.50 2   0.0 -57.2     20660900   0   1950       999500
    20  0 1  94.22 10009.00 2   0.0 -56.6     21661050   0   1850      1000150
    21  0 1  95.27 10009.00 2   0.0 -55.9     22650750   0   1900       989700
    22  0 1  95.62 10000.00 2   0.0 -54.7     24630300   0   2100      1979550
    23  0 1  95.62  9998.50 2   0.0 -54.1     25620750   0   1950       990450
    24  0 1  94.22  9998.50 2   0.0 -53.4     26610700   0   2000       989950
    25  0 1  95.27  9988.00 2   0.0 -53.1     27610200   0   1950       999500
    26  0 1  94.57  9988.00 2   0.0 -52.5     28610150   0   1750       999950
    27  0 1  95.62  9991.00 2   0.0 -51.9     29609800   0   1950       999650
    28  0 1  94.22  9988.00 2   0.0 -51.3     30609400   0   1650       999600
    29  0 1  94.57  9980.50 2   0.0 -50.6     31609500   0   1750      1000100
    30  0 1  94.57  9979.00 2   0.0 -50.3     32619750   0   1750      1010250
    31  0 1  95.62  9979.00 2   0.0 -49.1     34640050   0   1850      2020300
    32  0 1  94.92  9970.00 2   0.0 -48.4     35649900   0   2050      1009850
    33  0 1  94.22  9970.00 2   0.0 -48.1     36659650   0   1800      1009750
    34  0 1  95.62  9970.00 2   0.0 -47.5     37659350   0   1700       999700
    35  0 1  94.92  9968.50 2   0.0 -46.9     38659050   0   1800       999700
    36  0 1  94.57  9958.00 2   0.0 -46.6     39658550   0   1850       999500
    37  0 1  95.27  9958.00 2   0.0 -45.9     40658850   0   1850      1000300
    38  0 1  95.62  9961.00 2   0.0 -45.6     41658500   0   1950       999650
    39  0 1  94.57  9961.00 2   0.0 -45.0     42698150   0   2050      1039650
    40  0 1  94.92  9949.00 2   0.0 -44.1     44778200   0   1700      2080050
    41  0 1  94.22  9949.00 2   0.0 -43.4     45818500   0   1700      1040300
    42  0 1  95.62  9950.50 2   0.0 -43.1     46858300   0   1850      1039800
    43  0 1  95.27  9940.00 2   0.0 -42.5     47857850   0   2000       999550
    44  0 1  94.92  9938.50 2   0.0 -42.2     48857900   0   2000      1000050
    45  0 1  95.62  9940.00 2   0.0 -41.6     49857450   0   2000       999550
    46  0 1  94.22  9940.00 2   0.0 -41.3     50857750   0   1950      1000300
    47  0 1  95.62 10069.00 2   0.0 -40.9     51857600   0   2050       999850
    48  0 1  94.22 10070.50 2   0.0 -40.3     52857550   0   2050       999950
    49  0 1  94.92 10069.00 2   0.0 -39.7     54858250   0   1800      2000700
    50  0 1  95.62 10060.00 2   0.0 -39.1     55857850   0   1750       999600
    51  0 1  94.22 10060.00 2   0.0 -38.8     56858150   0   2000      1000300
    52  0 1  95.27 10060.00 2   0.0 -38.4     57837950   0   1850       979800
    53  0 1  95.27 10060.00 2   0.0 -38.1     58818300   0   2000       980350
    54  0 1  95.62 10049.50 2   0.0 -37.5     59797800   0   1950       979500
    55  0 1  94.92 10051.00 2   0.0 -37.2     60777550   0   1750       979750
    56  0 1  95.62 10049.50 2   0.0 -36.9     61757650   0   1850       980100
    57  0 1  94.92 10048.00 2   0.0 -36.6     62727800   0   2000       970150
    58  0 1  94.57 10040.50 2   0.0 -35.9     64667350   0   1700      1939550
    59  0 1  95.27 10040.50 2   0.0 -35.6     65637550   0   1800       970200
    60  0 1  95.62 10040.50 2   0.0 -35.3     66607900   0   1700       970350
    61  0 1  94.92 10028.50 2   0.0 -35.0     67577900   0   2050       970000
    62  0 1  94.57 10030.00 2   0.0 -34.7     68548200   0   1700       970300
    63  0 1  94.57 10028.50 2   0.0 -34.4     69518150   0   1950       969950
    64  0 1  95.62 10030.00 2   0.0 -34.1     70487950   0   1950       969800
    65  0 1  94.57 10021.00 2   0.0 -33.8     71457650   0   2100       969700
    66  0 1  94.57 10018.00 2   0.0 -33.4     72457900   0   1750      1000250
    67  0 1  95.27 10019.50 2   0.0 -33.1     74457400   0   1800      1999500
    68  0 1  94.92 10010.50 2   0.0 -32.8     75457300   0   2050       999900
    69  0 1  94.22 10009.00 2   0.0 -32.5     76457600   0   2050      1000300
    70  0 1  95.62 10010.50 2   0.0 -32.5     77457300   0   1750       999700
    71  0 1  94.92 10009.00 2   0.0 -32.2     78457750   0   2050      1000450
    72  0 1  94.92  9998.50 2   0.0 -31.9     79457650   0   1650       999900
    73  0 1  94.57 10000.00 2   0.0 -31.9     80457800   0   1700      1000150
    74  0 1  94.92 10000.00 2   0.0 -31.6     81458000   0   1650      1000200
    75  0 1  94.22 10000.00 2   0.0 -31.6     82448150   0   1700       990150
    76  0 1  94.92  9988.00 2   0.0 -31.3     84428250   0   1900      1980100
    77  0 1  94.57  9989.50 2   0.0 -30.9     85418050   0   1850       989800
    78  0 1  95.27  9989.50 2   0.0 -30.9     86408150   0   2000       990100
    79  0 1  94.22  9980.50 2   0.0 -30.6     87408300   0   2000      1000150
    80  0 1  94.22  9980.50 2   0.0 -30.6     88408650   0   1900      1000350
    81  0 1  94.92  9979.00 2   0.0 -30.6     89409100   0   1650      1000450
    82  0 1  95.62  9980.50 2   0.0 -30.3     90409450   0   1900      1000350
    83  0 1  94.22  9968.50 2   0.0 -30.3     91409750   0   1950      1000300
    84  0 1  95.62  9968.50 2   0.0 -30.3     92419750   0   1800      1010000
    85  0 1  94.92  9968.50 2   0.0 -30.0     94439550   0   1750      2019800
    86  0 1  94.92  9959.50 2   0.0 -30.0     95449800   0   2100      1010250
    87  0 1  94.92  9959.50 2   0.0 -30.0     96460050   0   2000      1010250
    88  0 1  95.27  9961.00 2   0.0 -30.0     97459650   0   1700       999600
    89  0 1  94.57  9958.00 2   0.0 -30.0     98459800   0   1950      1000150
    90  0 1  95.27  9950.50 2   0.0 -30.0     99459750   0   1900       999950
    91  0 1  95.62  9949.00 2   0.0 -30.0    100459450   0   2000       999700
    92  0 1  94.92  9949.00 2   0.0 -30.0    101459050   0   1700       999600
    93  0 1  94.22  9949.00 2   0.0 -30.0    102499400   0   2000      1040350
    94  0 1  95.27  9940.00 2   0.0 -30.0    104579600   0   1750      2080200
    95  0 1  94.57  9938.50 2   0.0 -30.3    105619500   0   1950      1039900
    96  0 1  94.57  9940.00 2   0.0 -30.3    106659800   0   1950      1040300
    97  0 1  94.92 10070.50 2   0.0 -30.3    107659450   0   1850       999650
    98  0 1  94.22 10070.50 2   0.0 -30.3    108659150   0   1700       999700
    99  0 1  95.27 10070.50 2   0.0 -30.6    109659100   0   1650       999950
   100  0 1  94.57 10069.00 2   0.0 -30.6    110659300   0   1850      1000200
   101  0 1  95.27 10058.50 2   0.0 -30.6    111658850   0   1800       999550
   102  0 1  95.62 10060.00 2   0.0 -30.9    112658550   0   1950       999700
   103  0 1  95.62 10058.50 2   0.0 -31.3    114658950   0   2050      2000400
   104  0 1  94.92 10048.00 2   0.0 -31.3    115659350   0   2100      1000400
   105  0 1  94.57 10048.00 2   0.0 -31.6    116659100   0   1750       999750
   106  0 1  95.62 10051.00 2   0.0 -31.6    117638900   0   1650       979800
   107  0 1  94.57 10051.00 2   0.0 -31.9    118618900   0   1650       980000
   108  0 1  95.62 10039.00 2   0.0 -31.9    119598450   0   1900       979550
   109  0 1  94.57 10039.00 2   0.0 -32.2    120578750   0   1850       980300
   110  0 1  95.62 10040.50 2   0.0 -32.5    121558650   0   1850       979900
   111  0 1  94.22 10039.00 2   0.0 -32.5    122528650   0   1750       970000
   112  0 1  94.22 10028.50 2   0.0 -33.1    124468800   0   1900      1940150
   113  0 1  95.27 10028.50 2   0.0 -33.4    125438800   0   1850       970000
   114  0 1  94.22 10030.00 2   0.0 -33.4    126409000   0   2100       970200
   115  0 1  94.92 10019.50 2   0.0 -33.8    127378800   0   1800       969800
   116  0 1  94.57 10018.00 2   0.0 -34.1    128348350   0   1800       969550
   117  0 1  94.22 10019.50 2   0.0 -34.4    129318000   0   1750       969650
   118  0 1  95.62 10019.50 2   0.0 -34.7    130288150   0   1850       970150
   119  0 1  94.22 10010.50 2   0.0 -35.0    131258350   0   1850       970200
   120  0 1  95.62 10010.50 2   0.0 -35.3    132258550   0   2100      1000200
   121  0 1  94.57 10009.00 2   0.0 -35.9    134258250   0   1650      1999700
   122  0 1  95.27 10000.00 2   0.0 -36.3    135258550   0   2100      1000300
   123  0 1  95.62 10000.00 2   0.0 -36.6    136258650   0   1700      1000100
   124  0 1  95.27  9998.50 2   0.0 -36.9    137258550   0   2000       999900
   125  0 1  95.62 10000.00 2   0.0 -37.2    138258650   0   1900      1000100
   126  0 1  95.62  9989.50 2   0.0 -37.5    139259100   0   1850      1000450
   127  0 1  94.57  9988.00 2   0.0 -38.1    140259200   0   1750      1000100
   128  0 1  95.62  9989.50 2   0.0 -38.4    141258800   0   1800       999600
   129  0 1  94.22  9991.00 2   0.0 -38.8    142248950   0   1950       990150
   130  0 1  94.57  9979.00 2   0.0 -39.7    144228900   0   1650      1979950
   131  0 1  95.62  9980.50 2   0.0 -40.0    145219200   0   1650       990300
   132  0 1  94.57  9979.00 2   0.0 -40.3    146209200   0   1850       990000
   133  0 1  95.27  9970.00 2   0.0 -40.9    147208950   0   1850       999750
   134  0 1  94.57  9970.00 2   0.0 -41.3    148208700   0   1700       999750
   135  0 1  94.92  9968.50 2   0.0 -41.6    149208550   0   1800       999850
   136  0 1  95.62  9970.00 2   0.0 -42.2    150208250   0   1750       999700
   137  0 1  95.62  9959.50 2   0.0 -42.5    151208650   0   1650      1000400
   138  0 1  94.57  9959.50 2   0.0 -43.1    152218500   0   1750      1009850
   139  0 1  94.57  9961.00 2   0.0 -44.1    154237850   0   2050      2019350
   140  0 1  95.27  9949.00 2   0.0 -44.4    155247750   0   2100      1009900
   141  0 1  95.27  9949.00 2   0.0 -45.0    156257850   0   1650      1010100
   142  0 1  95.62  9950.50 2   0.0 -45.6    157258250   0   1650      1000400
   143  0 1  95.62  9950.50 2   0.0 -45.9    158257750   0   2050       999500
   144  0 1  95.62  9938.50 2   0.0 -46.6    159257350   0   1950       999600
   145  0 1  94.22  9940.00 2   0.0 -46.9    160257000   0   2100       999650
   146  0 1  94.57  9938.50 2   0.0 -47.5    161257150   0   2000      1000150
   147  0 1  95.62  9938.50 2   0.0 -48.1    162297000   0   1700      1039850
   148  0 1  95.62 10070.50 2   0.0 -49.1    164377600   0   2050      2080600
   149  0 1  95.62 10069.00 2   0.0 -49.7    165417500   0   1950      1039900
   150  0 1  94.22 10069.00 2   0.0 -50.3    166457150   0   1850      1039650
   151  0 1  94.92 10060.00 2   0.0 -50.6    167457400   0   1700      1000250
   152  0 1  94.57 10060.00 2   0.0 -51.3    168457400   0   1650      1000000
   153  0 1  94.92 10058.50 2   0.0 -51.9    169456950   0   1900       999550
   154  0 1  94.92 10060.00 2   0.0 -52.5    170456450   0   2000       999500
   155  0 1  94.22 10049.50 2   0.0 -53.1    171456350   0   1800       999900
   156  0 1  95.27 10051.00 2   0.0 -53.4    172456550   0   1650      1000200
   157  0 1  94.57 10049.50 2   0.0 -54.7    174456650   0   1700      2000100
   158  0 1  94.57 10039.00 2   0.0 -55.3    175456400   0   2100       999750
   159  0 1  95.27 10039.00 2   0.0 -55.9    176456600   0   1650      1000200
   160  0 1  94.92 10039.00 2   0.0 -56.6    177436900   0   1850       980300
   161  0 1  94.22 10039.00 2   0.0 -57.2    178417300   0   1850       980400
   162  0 1  94.22 10028.50 2   0.0 -57.5    179397050   0   1800       979750
   163  0 1  94.92 10028.50 2   0.0 -58.1    180377450   0   1800       980400
   164  0 1  94.57 10030.00 2   0.0 -58.8    181357800   0   2100       980350
   165  0 1  94.22 10030.00 2   0.0 -59.4    182327700   0   1700       969900
   166  0 1  94.22 10019.50 2   0.0 -60.6    184268050   0   1700      1940350
   167  0 1  95.27 10019.50 2   0.0 -61.3    185238100   0   2000       970050
   168  0 1  94.57 10018.00 2   0.0 -61.9    186207600   0   1750       969500
   169  0 1  94.92 10009.00 2   0.0 -62.5    187177250   0   2050       969650
   170  0 1  94.22 10009.00 2   0.0 -63.1    188147350   0   2050       970100
   171  0 1  94.92 10009.00 2   0.0 -63.8    189117400   0   2050       970050
   172  0 1  95.27 10009.00 2   0.0 -64.4    190087800   0   1750       970400
   173  0 1  94.92 10000.00 2   0.0 -65.0    191057650   0   1700       969850
   174  0 1  94.57 10000.00 2   0.0 -65.6    192057700   0   1650      1000050
   175  0 1  95.27  9998.50 2   0.0 -66.9    194058150   0   1950      2000450
   176  0 1  94.57  9988.00 2   0.0 -67.5    195057950   0   2100       999800
   177  0 1  94.22  9989.50 2   0.0 -68.1    196058200   0   1900      1000250
   178  0 1  95.62  9988.00 2   0.0 -68.8    197058350   0   1650      1000150
   179  0 1  94.57  9988.00 2   0.0 -69.4    198058500   0   1650      1000150
