    NO  S V  AOA    FREQ    B  FMOP  AMP      TOA      PMOP  PW         dTOA  
------ -- - ------ -------- - ----- ----- ------------ --- ------ ------------
     0  0 1 109.69  5265.00 1   0.0 -68.8       503100   0   2950  42950176100
     1  0 1 109.69  5280.00 1   0.0 -67.5      1034550   0   2950       531450
     2  0 1 109.69  5288.75 1   0.0 -66.3      1518650   0   2950       484100
     3  0 1 109.69  5297.50 1   0.0 -65.0      2031350   0   2950       512700
     4  0 1 109.69  5297.50 1   0.0 -63.8      2575450   0   2950       544100
     5  0 1 109.69  5295.00 1   0.0 -62.5      3046750   0   2950       471300
     6  0 1 109.69  5288.75 1   0.0 -61.3      3542800   0   3000       496050
     7  0 1 109.69  5275.00 1   0.0 -60.0      4060950   0   3000       518150
     8  0 1 109.69  5263.75 1   0.0 -58.8      4560250   0   2950       499300
     9  0 1 109.69  5230.00 1   0.0 -56.6      5610800   0   3000      1050550
    10  0 1 109.69  5216.25 1   0.0 -55.3      6150350   0   3000       539550
    11  0 1 109.69  5205.00 1   0.0 -54.1      6655150   0   3000       504800
    12  0 1 109.69  5198.75 1   0.0 -53.1      7187500   0   3000       532350
    13  0 1 109.69  5200.00 1   0.0 -51.9      7677450   0   3000       489950
    14  0 1 109.69  5203.75 1   0.0 -50.6      8142700   0   2950       465250
    15  0 1 109.69  5210.00 1   0.0 -49.7      8668450   0   2950       525750
    16  0 1 109.69  5225.00 1   0.0 -48.4      9191000   0   3000       522550
    17  0 1 109.69  5240.00 1   0.0 -47.5      9732850   0   3000       541850
    18  0 1 109.69  5270.00 1   0.0 -45.6     10722950   0   2950       990100
    19  0 1 109.69  5285.00 1   0.0 -44.4     11239400   0   3000       516450
    20  0 1 109.69  5292.50 1   0.0 -43.4     11747600   0   3000       508200
    21  0 1 109.69  5300.00 1   0.0 -42.5     12263350   0   2950       515750
    22  0 1 109.69  5300.00 1   0.0 -41.6     12744850   0   3000       481500
    23  0 1 109.69  5292.50 1   0.0 -40.9     13242450   0   3000       497600
    24  0 1 109.69  5285.00 1   0.0 -40.0     13750750   0   3000       508300
    25  0 1 109.69  5272.50 1   0.0 -39.1     14220200   0   2950       469450
    26  0 1 109.69  5260.00 1   0.0 -38.4     14675700   0   3000       455500
    27  0 1 109.69  5226.25 1   0.0 -36.9     15689950   0   3000      1014250
    28  0 1 109.69  5215.00 1   0.0 -36.3     16218200   0   3000       528250
    29  0 1 109.69  5203.75 1   0.0 -35.6     16744850   0   3000       526650
    30  0 1 109.69  5200.00 1   0.0 -35.0     17265350   0   2950       520500
    31  0 1 109.69  5200.00 1   0.0 -34.4     17806700   0   3000       541350
    32  0 1 109.69  5205.00 1   0.0 -33.8     18308000   0   3000       501300
    33  0 1 109.69  5215.00 1   0.0 -33.4     18830750   0   2950       522750
    34  0 1 109.69  5228.75 1   0.0 -32.8     19330300   0   3000       499550
    35  0 1 109.69  5243.75 1   0.0 -32.5     19847100   0   3000       516800
    36  0 1 109.69  5275.00 1   0.0 -31.6     20833500   0   2950       986400
    37  0 1 109.69  5286.25 1   0.0 -31.3     21289800   0   2950       456300
    38  0 1 109.69  5292.50 1   0.0 -30.9     21753550   0   2950       463750
    39  0 1 109.69  5297.50 1   0.0 -30.6     22232700   0   2950       479150
    40  0 1 109.69  5300.00 1   0.0 -30.6     22707750   0   2950       475050
    41  0 1 109.69  5295.00 1   0.0 -30.3     23184150   0   2950       476400
    42  0 1 109.69  5285.00 1   0.0 -30.3     23704650   0   2950       520500
    43  0 1 109.69  5271.25 1   0.0 -30.0     24221300   0   3000       516650
    44  0 1 109.69  5258.75 1   0.0 -30.0     24705450   0   3000       484150
    45  0 1 109.69  5228.75 1   0.0 -30.0     25693800   0   3000       988350
    46  0 1 109.69  5213.75 1   0.0 -30.0     26197250   0   3000       503450
    47  0 1 109.69  5205.00 1   0.0 -30.3     26741850   0   2950       544600
    48  0 1 109.69  5200.00 1   0.0 -30.3     27234350   0   2950       492500
    49  0 1 109.69  5200.00 1   0.0 -30.6     27703350   0   2950       469000
    50  0 1 109.69  5205.00 1   0.0 -30.6     28199700   0   2950       496350
    51  0 1 109.69  5212.50 1   0.0 -30.9     28692750   0   2950       493050
    52  0 1 109.69  5222.50 1   0.0 -31.3     29153200   0   3000       460450
    53  0 1 109.69  5237.50 1   0.0 -31.6     29656600   0   2950       503400
    54  0 1 109.69  5270.00 1   0.0 -32.5     30631300   0   2950       974700
    55  0 1 109.69  5280.00 1   0.0 -32.8     31099250   0   3000       467950
    56  0 1 109.69  5292.50 1   0.0 -33.4     31599450   0   2950       500200
    57  0 1 109.69  5298.75 1   0.0 -33.8     32142150   0   2950       542700
    58  0 1 109.69  5298.75 1   0.0 -34.4     32636600   0   3000       494450
    59  0 1 109.69  5295.00 1   0.0 -35.0     33144600   0   3000       508000
    60  0 1 109.69  5287.50 1   0.0 -35.6     33600050   0   3000       455450
    61  0 1 109.69  5275.00 1   0.0 -36.3     34127600   0   3000       527550
    62  0 1 109.69  5260.00 1   0.0 -36.9     34657450   0   3000       529850
    63  0 1 109.69  5232.50 1   0.0 -38.4     35576100   0   2950       918650
    64  0 1 109.69  5218.75 1   0.0 -39.1     36046300   0   2950       470200
    65  0 1 109.69  5210.00 1   0.0 -40.0     36526000   0   2950       479700
    66  0 1 109.69  5200.00 1   0.0 -40.9     37060200   0   3000       534200
    67  0 1 109.69  5200.00 1   0.0 -41.6     37529900   0   3000       469700
    68  0 1 109.69  5200.00 1   0.0 -42.5     38034750   0   3000       504850
    69  0 1 109.69  5210.00 1   0.0 -43.4     38505900   0   3000       471150
    70  0 1 109.69  5220.00 1   0.0 -44.4     39055200   0   3000       549300
    71  0 1 109.69  5237.50 1   0.0 -45.6     39587150   0   3000       531950
    72  0 1 109.69  5266.25 1   0.0 -47.5     40583800   0   2950       996650
    73  0 1 109.69  5281.25 1   0.0 -48.4     41132150   0   2950       548350
    74  0 1 109.69  5291.25 1   0.0 -49.7     41661600   0   3000       529450
    75  0 1 109.69  5300.00 1   0.0 -50.6     42208500   0   2950       546900
    76  0 1 109.69  5298.75 1   0.0 -51.9     42744050   0   3000       535550
    77  0 1 109.69  5295.00 1   0.0 -53.1     43253500   0   2950       509450
    78  0 1 109.69  5282.50 1   0.0 -54.1     43784150   0   2950       530650
    79  0 1 109.69  5270.00 1   0.0 -55.3     44319600   0   3000       535450
    80  0 1 109.69  5252.50 1   0.0 -56.6     44846900   0   3000       527300
    81  0 1 109.69  5226.25 1   0.0 -58.8     45788850   0   3000       941950
    82  0 1 109.69  5212.50 1   0.0 -60.0     46254250   0   2950       465400
    83  0 1 109.69  5202.50 1   0.0 -61.3     46784000   0   2950       529750
    84  0 1 109.69  5200.00 1   0.0 -62.5     47290100   0   3000       506100
    85  0 1 109.69  5198.75 1   0.0 -63.8     47790550   0   3000       500450
    86  0 1 109.69  5205.00 1   0.0 -65.0     48283100   0   2950       492550
    87  0 1 109.69  5215.00 1   0.0 -66.3     48781000   0   2950       497900
    88  0 1 109.69  5226.25 1   0.0 -67.5     49234150   0   3000       453150
    89  0 1 109.69  5241.25 1   0.0 -68.8     49720200   0   2950       486050
