    NO  S V  AOA    FREQ    B  FMOP  AMP      TOA      PMOP  PW         dTOA  
------ -- - ------ -------- - ----- ----- ------------ --- ------ ------------
     0  0 1 109.69  5250.00 1   0.0 -70.0            0   0   3000  42949673000
     1  0 1 109.69  5275.00 1   0.0 -67.5       933500   0   3000       933500
     2  0 1 109.69  5290.00 1   0.0 -66.3      1426200   0   3000       492700
     3  0 1 109.69  5295.00 1   0.0 -65.0      1876250   0   2950       450050
     4  0 1 109.69  5300.00 1   0.0 -63.8      2389800   0   2950       513550
     5  0 1 109.69  5298.75 1   0.0 -62.5      2898500   0   3000       508700
     6  0 1 109.69  5292.50 1   0.0 -61.3      3408750   0   3000       510250
     7  0 1 109.69  5281.25 1   0.0 -60.0      3868500   0   3000       459750
     8  0 1 109.69  5266.25 1   0.0 -58.8      4413700   0   2950       545200
     9  0 1 109.69  5255.00 1   0.0 -57.5      4867050   0   3000       453350
    10  0 1 109.69  5225.00 1   0.0 -55.3      5829600   0   2950       962550
    11  0 1 109.69  5210.00 1   0.0 -54.1      6350800   0   2950       521200
    12  0 1 109.69  5205.00 1   0.0 -53.1      6843400   0   3000       492600
    13  0 1 109.69  5200.00 1   0.0 -51.9      7310000   0   3000       466600
    14  0 1 109.69  5200.00 1   0.0 -50.6      7785850   0   3000       475850
    15  0 1 109.69  5205.00 1   0.0 -49.7      8333050   0   2950       547200
    16  0 1 109.69  5215.00 1   0.0 -48.4      8797550   0   2950       464500
    17  0 1 109.69  5225.00 1   0.0 -47.5      9258700   0   3000       461150
    18  0 1 109.69  5241.25 1   0.0 -46.6      9716250   0   2950       457550
    19  0 1 109.69  5270.00 1   0.0 -44.4     10748850   0   3000      1032600
    20  0 1 109.69  5285.00 1   0.0 -43.4     11240700   0   2950       491850
    21  0 1 109.69  5293.75 1   0.0 -42.5     11786550   0   2950       545850
    22  0 1 109.69  5297.50 1   0.0 -41.6     12304700   0   2950       518150
    23  0 1 109.69  5297.50 1   0.0 -40.9     12822800   0   3000       518100
    24  0 1 109.69  5292.50 1   0.0 -40.0     13342750   0   2950       519950
    25  0 1 109.69  5281.25 1   0.0 -39.1     13817600   0   2950       474850
    26  0 1 109.69  5270.00 1   0.0 -38.4     14329800   0   2950       512200
    27  0 1 109.69  5255.00 1   0.0 -37.5     14859900   0   3000       530100
    28  0 1 109.69  5222.50 1   0.0 -36.3     15902550   0   3000      1042650
    29  0 1 109.69  5208.75 1   0.0 -35.6     16439000   0   2950       536450
    30  0 1 109.69  5202.50 1   0.0 -35.0     16939300   0   2950       500300
    31  0 1 109.69  5198.75 1   0.0 -34.4     17477100   0   3000       537800
    32  0 1 109.69  5200.00 1   0.0 -33.8     18022350   0   2950       545250
    33  0 1 109.69  5210.00 1   0.0 -33.4     18539100   0   2950       516750
    34  0 1 109.69  5220.00 1   0.0 -32.8     18995100   0   2950       456000
    35  0 1 109.69  5232.50 1   0.0 -32.5     19478750   0   3000       483650
    36  0 1 109.69  5248.75 1   0.0 -31.9     20009300   0   2950       530550
    37  0 1 109.69  5276.25 1   0.0 -31.3     20943900   0   3000       934600
    38  0 1 109.69  5287.50 1   0.0 -30.9     21461000   0   2950       517100
    39  0 1 109.69  5296.25 1   0.0 -30.6     21915750   0   2950       454750
    40  0 1 109.69  5297.50 1   0.0 -30.6     22378000   0   2950       462250
    41  0 1 109.69  5296.25 1   0.0 -30.3     22873350   0   2950       495350
    42  0 1 109.69  5292.50 1   0.0 -30.3     23391800   0   3000       518450
    43  0 1 109.69  5280.00 1   0.0 -30.0     23916250   0   2950       524450
    44  0 1 109.69  5266.25 1   0.0 -30.0     24452000   0   3000       535750
    45  0 1 109.69  5250.00 1   0.0 -30.0     24967500   0   2950       515500
    46  0 1 109.69  5217.50 1   0.0 -30.0     26039550   0   3000      1072050
    47  0 1 109.69  5207.50 1   0.0 -30.3     26543200   0   3000       503650
    48  0 1 109.69  5202.50 1   0.0 -30.3     27024900   0   3000       481700
    49  0 1 109.69  5198.75 1   0.0 -30.6     27491800   0   2950       466900
    50  0 1 109.69  5201.25 1   0.0 -30.6     28026650   0   2950       534850
    51  0 1 109.69  5210.00 1   0.0 -30.9     28551350   0   2950       524700
    52  0 1 109.69  5220.00 1   0.0 -31.3     29049650   0   2950       498300
    53  0 1 109.69  5232.50 1   0.0 -31.6     29513750   0   3000       464100
    54  0 1 109.69  5248.75 1   0.0 -31.9     30029000   0   2950       515250
    55  0 1 109.69  5278.75 1   0.0 -32.8     30985300   0   2950       956300
    56  0 1 109.69  5290.00 1   0.0 -33.4     31517250   0   3000       531950
    57  0 1 109.69  5296.25 1   0.0 -33.8     32021650   0   3000       504400
    58  0 1 109.69  5297.50 1   0.0 -34.4     32567650   0   3000       546000
    59  0 1 109.69  5296.25 1   0.0 -35.0     33061150   0   3000       493500
    60  0 1 109.69  5287.50 1   0.0 -35.6     33553500   0   3000       492350
    61  0 1 109.69  5276.25 1   0.0 -36.3     34075600   0   3000       522100
    62  0 1 109.69  5260.00 1   0.0 -36.9     34617600   0   3000       542000
    63  0 1 109.69  5245.00 1   0.0 -37.5     35117600   0   3000       500000
    64  0 1 109.69  5216.25 1   0.0 -39.1     36187100   0   2950      1069500
    65  0 1 109.69  5205.00 1   0.0 -40.0     36686400   0   3000       499300
    66  0 1 109.69  5201.25 1   0.0 -40.9     37151500   0   3000       465100
    67  0 1 109.69  5198.75 1   0.0 -41.6     37697600   0   3000       546100
    68  0 1 109.69  5202.50 1   0.0 -42.5     38207000   0   2950       509400
    69  0 1 109.69  5213.75 1   0.0 -43.4     38748300   0   2950       541300
    70  0 1 109.69  5225.00 1   0.0 -44.4     39233050   0   3000       484750
    71  0 1 109.69  5240.00 1   0.0 -45.6     39700550   0   2950       467500
    72  0 1 109.69  5253.75 1   0.0 -46.6     40177050   0   2950       476500
    73  0 1 109.69  5285.00 1   0.0 -48.4     41203250   0   3000      1026200
    74  0 1 109.69  5292.50 1   0.0 -49.7     41685900   0   2950       482650
    75  0 1 109.69  5297.50 1   0.0 -50.6     42173100   0   2950       487200
    76  0 1 109.69  5297.50 1   0.0 -51.9     42708450   0   2950       535350
    77  0 1 109.69  5295.00 1   0.0 -53.1     43191600   0   3000       483150
    78  0 1 109.69  5286.25 1   0.0 -54.1     43674950   0   3000       483350
    79  0 1 109.69  5273.75 1   0.0 -55.3     44221100   0   3000       546150
    80  0 1 109.69  5257.50 1   0.0 -56.6     44682400   0   3000       461300
    81  0 1 109.69  5243.75 1   0.0 -57.5     45217500   0   3000       535100
    82  0 1 109.69  5213.75 1   0.0 -60.0     46299150   0   2950      1081650
    83  0 1 109.69  5205.00 1   0.0 -61.3     46803700   0   3000       504550
    84  0 1 109.69  5200.00 1   0.0 -62.5     47323000   0   2950       519300
    85  0 1 109.69  5200.00 1   0.0 -63.8     47851250   0   3000       528250
    86  0 1 109.69  5206.25 1   0.0 -65.0     48385300   0   3000       534050
    87  0 1 109.69  5216.25 1   0.0 -66.3     48846500   0   3000       461200
    88  0 1 109.69  5227.50 1   0.0 -67.5     49309450   0   2950       462950
    89  0 1 109.69  5241.25 1   0.0 -68.8     49773400   0   2950       463950
