    NO  S V  AOA    FREQ    B  FMOP  AMP      TOA      PMOP  PW         dTOA  
------ -- - ------ -------- - ----- ----- ------------ --- ------ ------------
     0  0 1 109.69  5250.00 1   0.0 -70.0            0   0   2950  42949673000
     1  0 1 109.69  5265.00 1   0.0 -68.8       492300   0   3000       492300
     2  0 1 109.69  5280.00 1   0.0 -67.5      1027000   0   2950       534700
     3  0 1 109.69  5291.25 1   0.0 -66.3      1571000   0   3000       544000
     4  0 1 109.69  5300.00 1   0.0 -63.8      2490300   0   3000       919300
     5  0 1 109.69  5296.25 1   0.0 -62.5      2991500   0   2950       501200
     6  0 1 109.69  5290.00 1   0.0 -61.3      3443100   0   2950       451600
     7  0 1 109.69  5280.00 1   0.0 -60.0      3953150   0   3000       510050
     8  0 1 109.69  5266.25 1   0.0 -58.8      4450250   0   3000       497100
     9  0 1 109.69  5250.00 1   0.0 -57.5      4986050   0   3000       535800
    10  0 1 109.69  5235.00 1   0.0 -56.6      5483000   0   2950       496950
    11  0 1 109.69  5220.00 1   0.0 -55.3      5974850   0   2950       491850
    12  0 1 109.69  5208.75 1   0.0 -54.1      6429500   0   2950       454650
    13  0 1 109.69  5200.00 1   0.0 -51.9      7509250   0   3000      1079750
    14  0 1 109.69  5200.00 1   0.0 -50.6      7970450   0   3000       461200
    15  0 1 109.69  5210.00 1   0.0 -49.7      8483050   0   2950       512600
    16  0 1 109.69  5218.75 1   0.0 -48.4      8937850   0   3000       454800
    17  0 1 109.69  5231.25 1   0.0 -47.5      9404800   0   3000       466950
    18  0 1 109.69  5248.75 1   0.0 -46.6      9940850   0   2950       536050
    19  0 1 109.69  5261.25 1   0.0 -45.6     10428550   0   2950       487700
    20  0 1 109.69  5275.00 1   0.0 -44.4     10896150   0   3000       467600
    21  0 1 109.69  5286.25 1   0.0 -43.4     11361800   0   2950       465650
    22  0 1 109.69  5297.50 1   0.0 -41.6     12307200   0   2950       945400
    23  0 1 109.69  5298.75 1   0.0 -40.9     12840450   0   3000       533250
    24  0 1 109.69  5291.25 1   0.0 -40.0     13385750   0   3000       545300
    25  0 1 109.69  5282.50 1   0.0 -39.1     13892900   0   2950       507150
    26  0 1 109.69  5267.50 1   0.0 -38.4     14415900   0   3000       523000
    27  0 1 109.69  5253.75 1   0.0 -37.5     14863850   0   3000       447950
    28  0 1 109.69  5236.25 1   0.0 -36.9     15357850   0   2950       494000
    29  0 1 109.69  5225.00 1   0.0 -36.3     15837450   0   3000       479600
    30  0 1 109.69  5210.00 1   0.0 -35.6     16385850   0   2950       548400
    31  0 1 109.69  5200.00 1   0.0 -34.4     17372750   0   3000       986900
    32  0 1 109.69  5201.25 1   0.0 -33.8     17899000   0   2950       526250
    33  0 1 109.69  5207.50 1   0.0 -33.4     18450300   0   3000       551300
    34  0 1 109.69  5217.50 1   0.0 -32.8     18918150   0   3000       467850
    35  0 1 109.69  5230.00 1   0.0 -32.5     19383900   0   3000       465750
    36  0 1 109.69  5245.00 1   0.0 -31.9     19886000   0   3000       502100
    37  0 1 109.69  5260.00 1   0.0 -31.6     20376500   0   2950       490500
    38  0 1 109.69  5275.00 1   0.0 -31.3     20867050   0   2950       490550
    39  0 1 109.69  5287.50 1   0.0 -30.9     21387000   0   2950       519950
    40  0 1 109.69  5297.50 1   0.0 -30.6     22375700   0   2950       988700
    41  0 1 109.69  5296.25 1   0.0 -30.3     22870250   0   3000       494550
    42  0 1 109.69  5291.25 1   0.0 -30.3     23332350   0   3000       462100
    43  0 1 109.69  5283.75 1   0.0 -30.0     23834050   0   2950       501700
    44  0 1 109.69  5270.00 1   0.0 -30.0     24342750   0   3000       508700
    45  0 1 109.69  5255.00 1   0.0 -30.0     24812400   0   2950       469650
    46  0 1 109.69  5237.50 1   0.0 -30.0     25332550   0   2950       520150
    47  0 1 109.69  5223.75 1   0.0 -30.0     25856650   0   3000       524100
    48  0 1 109.69  5213.75 1   0.0 -30.3     26315000   0   2950       458350
    49  0 1 109.69  5198.75 1   0.0 -30.6     27348050   0   3000      1033050
    50  0 1 109.69  5200.00 1   0.0 -30.6     27868600   0   2950       520550
    51  0 1 109.69  5205.00 1   0.0 -30.9     28335600   0   2950       467000
    52  0 1 109.69  5216.25 1   0.0 -31.3     28849700   0   2950       514100
    53  0 1 109.69  5230.00 1   0.0 -31.6     29359300   0   3000       509600
    54  0 1 109.69  5242.50 1   0.0 -31.9     29839350   0   2950       480050
    55  0 1 109.69  5258.75 1   0.0 -32.5     30303550   0   2950       464200
    56  0 1 109.69  5270.00 1   0.0 -32.8     30753900   0   3000       450350
    57  0 1 109.69  5285.00 1   0.0 -33.4     31214200   0   2950       460300
    58  0 1 109.69  5297.50 1   0.0 -34.4     32291850   0   2950      1077650
    59  0 1 109.69  5298.75 1   0.0 -35.0     32809000   0   2950       517150
    60  0 1 109.69  5293.75 1   0.0 -35.6     33343850   0   3000       534850
    61  0 1 109.69  5281.25 1   0.0 -36.3     33863450   0   2950       519600
    62  0 1 109.69  5270.00 1   0.0 -36.9     34365150   0   2950       501700
    63  0 1 109.69  5255.00 1   0.0 -37.5     34836300   0   2950       471150
    64  0 1 109.69  5240.00 1   0.0 -38.4     35300800   0   2950       464500
    65  0 1 109.69  5225.00 1   0.0 -39.1     35831400   0   2950       530600
    66  0 1 109.69  5211.25 1   0.0 -40.0     36301750   0   3000       470350
    67  0 1 109.69  5200.00 1   0.0 -41.6     37330050   0   3000      1028300
    68  0 1 109.69  5200.00 1   0.0 -42.5     37791350   0   2950       461300
    69  0 1 109.69  5205.00 1   0.0 -43.4     38264500   0   3000       473150
    70  0 1 109.69  5215.00 1   0.0 -44.4     38806150   0   2950       541650
    71  0 1 109.69  5226.25 1   0.0 -45.6     39258100   0   3000       451950
    72  0 1 109.69  5240.00 1   0.0 -46.6     39729950   0   2950       471850
    73  0 1 109.69  5256.25 1   0.0 -47.5     40249750   0   2950       519800
    74  0 1 109.69  5272.50 1   0.0 -48.4     40780300   0   2950       530550
    75  0 1 109.69  5286.25 1   0.0 -49.7     41303350   0   3000       523050
    76  0 1 109.69  5298.75 1   0.0 -51.9     42283250   0   2950       979900
    77  0 1 109.69  5298.75 1   0.0 -53.1     42767400   0   3000       484150
    78  0 1 109.69  5292.50 1   0.0 -54.1     43302600   0   2950       535200
    79  0 1 109.69  5285.00 1   0.0 -55.3     43792550   0   2950       489950
    80  0 1 109.69  5270.00 1   0.0 -56.6     44339900   0   3000       547350
    81  0 1 109.69  5255.00 1   0.0 -57.5     44826950   0   2950       487050
    82  0 1 109.69  5237.50 1   0.0 -58.8     45324900   0   2950       497950
    83  0 1 109.69  5221.25 1   0.0 -60.0     45872700   0   2950       547800
    84  0 1 109.69  5211.25 1   0.0 -61.3     46371900   0   3000       499200
    85  0 1 109.69  5200.00 1   0.0 -63.8     47333600   0   2950       961700
    86  0 1 109.69  5200.00 1   0.0 -65.0     47810350   0   3000       476750
    87  0 1 109.69  5205.00 1   0.0 -66.3     48259800   0   3000       449450
    88  0 1 109.69  5215.00 1   0.0 -67.5     48809150   0   2950       549350
    89  0 1 109.69  5228.75 1   0.0 -68.8     49340400   0   3000       531250
