    NO  S V  AOA    FREQ    B  FMOP  AMP      TOA      PMOP  PW         dTOA  
------ -- - ------ -------- - ----- ----- ------------ --- ------ ------------
     0  0 1 109.69  5250.00 1   0.0 -70.0            0   0   3000  42949673000
     1  0 1 109.69  5266.25 1   0.0 -68.8       523150   0   3000       523150
     2  0 1 109.69  5277.50 1   0.0 -67.5       977550   0   2950       454400
     3  0 1 109.69  5288.75 1   0.0 -66.3      1467700   0   3000       490150
     4  0 1 109.69  5295.00 1   0.0 -65.0      1972600   0   3000       504900
     5  0 1 109.69  5300.00 1   0.0 -63.8      2433700   0   3000       461100
     6  0 1 109.69  5298.75 1   0.0 -62.5      2911600   0   3000       477900
     7  0 1 109.69  5278.75 1   0.0 -60.0      3936600   0   3000      1025000
     8  0 1 109.69  5265.00 1   0.0 -58.8      4478150   0   3000       541550
     9  0 1 109.69  5251.25 1   0.0 -57.5      4948150   0   3000       470000
    10  0 1 109.69  5235.00 1   0.0 -56.6      5479800   0   3000       531650
    11  0 1 109.69  5220.00 1   0.0 -55.3      6023800   0   2950       544000
    12  0 1 109.69  5207.50 1   0.0 -54.1      6557200   0   3000       533400
    13  0 1 109.69  5200.00 1   0.0 -53.1      7093550   0   2950       536350
    14  0 1 109.69  5198.75 1   0.0 -51.9      7588050   0   3000       494500
    15  0 1 109.69  5201.25 1   0.0 -50.6      8063950   0   3000       475900
    16  0 1 109.69  5220.00 1   0.0 -48.4      9079550   0   3000      1015600
    17  0 1 109.69  5237.50 1   0.0 -47.5      9609650   0   3000       530100
    18  0 1 109.69  5255.00 1   0.0 -46.6     10148050   0   3000       538400
    19  0 1 109.69  5268.75 1   0.0 -45.6     10602450   0   2950       454400
    20  0 1 109.69  5280.00 1   0.0 -44.4     11077150   0   3000       474700
    21  0 1 109.69  5290.00 1   0.0 -43.4     11541500   0   2950       464350
    22  0 1 109.69  5295.00 1   0.0 -42.5     12038900   0   2950       497400
    23  0 1 109.69  5298.75 1   0.0 -41.6     12542350   0   2950       503450
    24  0 1 109.69  5296.25 1   0.0 -40.9     13091200   0   3000       548850
    25  0 1 109.69  5273.75 1   0.0 -39.1     14154250   0   2950      1063050
    26  0 1 109.69  5260.00 1   0.0 -38.4     14663150   0   2950       508900
    27  0 1 109.69  5243.75 1   0.0 -37.5     15199400   0   2950       536250
    28  0 1 109.69  5226.25 1   0.0 -36.9     15700750   0   2950       501350
    29  0 1 109.69  5215.00 1   0.0 -36.3     16177050   0   2950       476300
    30  0 1 109.69  5207.50 1   0.0 -35.6     16640400   0   2950       463350
    31  0 1 109.69  5200.00 1   0.0 -35.0     17175500   0   3000       535100
    32  0 1 109.69  5198.75 1   0.0 -34.4     17707800   0   2950       532300
    33  0 1 109.69  5202.50 1   0.0 -33.8     18208750   0   3000       500950
    34  0 1 109.69  5225.00 1   0.0 -32.8     19238150   0   2950      1029400
    35  0 1 109.69  5241.25 1   0.0 -32.5     19780950   0   3000       542800
    36  0 1 109.69  5255.00 1   0.0 -31.9     20249650   0   2950       468700
    37  0 1 109.69  5273.75 1   0.0 -31.6     20778000   0   2950       528350
    38  0 1 109.69  5285.00 1   0.0 -31.3     21238500   0   3000       460500
    39  0 1 109.69  5292.50 1   0.0 -30.9     21782100   0   2950       543600
    40  0 1 109.69  5300.00 1   0.0 -30.6     22234200   0   3000       452100
    41  0 1 109.69  5300.00 1   0.0 -30.6     22736200   0   3000       502000
    42  0 1 109.69  5293.75 1   0.0 -30.3     23247350   0   2950       511150
    43  0 1 109.69  5270.00 1   0.0 -30.0     24310700   0   3000      1063350
    44  0 1 109.69  5255.00 1   0.0 -30.0     24776150   0   2950       465450
    45  0 1 109.69  5238.75 1   0.0 -30.0     25323200   0   2950       547050
    46  0 1 109.69  5226.25 1   0.0 -30.0     25785050   0   2950       461850
    47  0 1 109.69  5213.75 1   0.0 -30.0     26280000   0   3000       494950
    48  0 1 109.69  5205.00 1   0.0 -30.3     26738400   0   3000       458400
    49  0 1 109.69  5198.75 1   0.0 -30.3     27210300   0   3000       471900
    50  0 1 109.69  5200.00 1   0.0 -30.6     27659200   0   2950       448900
    51  0 1 109.69  5203.75 1   0.0 -30.6     28140600   0   3000       481400
    52  0 1 109.69  5222.50 1   0.0 -31.3     29159800   0   2950      1019200
    53  0 1 109.69  5238.75 1   0.0 -31.6     29654350   0   3000       494550
    54  0 1 109.69  5253.75 1   0.0 -31.9     30144550   0   2950       490200
    55  0 1 109.69  5270.00 1   0.0 -32.5     30668250   0   3000       523700
    56  0 1 109.69  5282.50 1   0.0 -32.8     31200500   0   3000       532250
    57  0 1 109.69  5293.75 1   0.0 -33.4     31698650   0   2950       498150
    58  0 1 109.69  5298.75 1   0.0 -33.8     32197800   0   3000       499150
    59  0 1 109.69  5300.00 1   0.0 -34.4     32716750   0   2950       518950
    60  0 1 109.69  5293.75 1   0.0 -35.0     33262600   0   3000       545850
    61  0 1 109.69  5270.00 1   0.0 -36.3     34287150   0   2950      1024550
    62  0 1 109.69  5257.50 1   0.0 -36.9     34752650   0   2950       465500
    63  0 1 109.69  5242.50 1   0.0 -37.5     35225000   0   2950       472350
    64  0 1 109.69  5225.00 1   0.0 -38.4     35769800   0   3000       544800
    65  0 1 109.69  5212.50 1   0.0 -39.1     36256350   0   3000       486550
    66  0 1 109.69  5205.00 1   0.0 -40.0     36721350   0   3000       465000
    67  0 1 109.69  5200.00 1   0.0 -40.9     37212200   0   3000       490850
    68  0 1 109.69  5200.00 1   0.0 -41.6     37715350   0   2950       503150
    69  0 1 109.69  5205.00 1   0.0 -42.5     38174050   0   2950       458700
    70  0 1 109.69  5223.75 1   0.0 -44.4     39140300   0   2950       966250
    71  0 1 109.69  5237.50 1   0.0 -45.6     39590950   0   3000       450650
    72  0 1 109.69  5251.25 1   0.0 -46.6     40077750   0   2950       486800
    73  0 1 109.69  5266.25 1   0.0 -47.5     40617850   0   3000       540100
    74  0 1 109.69  5282.50 1   0.0 -48.4     41116050   0   2950       498200
    75  0 1 109.69  5291.25 1   0.0 -49.7     41618150   0   2950       502100
    76  0 1 109.69  5296.25 1   0.0 -50.6     42145250   0   2950       527100
    77  0 1 109.69  5298.75 1   0.0 -51.9     42618700   0   2950       473450
    78  0 1 109.69  5295.00 1   0.0 -53.1     43104100   0   2950       485400
    79  0 1 109.69  5275.00 1   0.0 -55.3     44132500   0   3000      1028400
    80  0 1 109.69  5260.00 1   0.0 -56.6     44598600   0   2950       466100
    81  0 1 109.69  5246.25 1   0.0 -57.5     45069350   0   3000       470750
    82  0 1 109.69  5231.25 1   0.0 -58.8     45561150   0   3000       491800
    83  0 1 109.69  5216.25 1   0.0 -60.0     46069100   0   2950       507950
    84  0 1 109.69  5208.75 1   0.0 -61.3     46569450   0   2950       500350
    85  0 1 109.69  5201.25 1   0.0 -62.5     47055800   0   2950       486350
    86  0 1 109.69  5198.75 1   0.0 -63.8     47523550   0   2950       467750
    87  0 1 109.69  5201.25 1   0.0 -65.0     48042200   0   3000       518650
    88  0 1 109.69  5220.00 1   0.0 -67.5     49038250   0   3000       996050
    89  0 1 109.69  5235.00 1   0.0 -68.8     49564750   0   2950       526500
