    NO  S V  AOA    FREQ    B  FMOP  AMP      TOA      PMOP  PW         dTOA  
------ -- - ------ -------- - ----- ----- ------------ --- ------ ------------
     0  0 1  94.57  9970.00 2   0.0 -70.0            0   0   2050  42949673000
     1  0 1  95.62  9859.00 2   0.0 -69.1       940200   0   1800       940200
     2  0 1  95.27 10154.50 2   0.0 -68.4      1879900   0   1950       939700
     3  0 1  94.57  9896.50 2   0.0 -66.6      3759600   0   2000      1879700
     4  0 1  95.62  9847.00 2   0.0 -65.9      4699250   0   1800       939650
     5  0 1  95.62 10033.00 2   0.0 -65.0      5629600   0   2100       930350
     6  0 1  95.27 10127.50 2   0.0 -64.1      6559800   0   2000       930200
     7  0 1  94.92  9859.00 2   0.0 -63.4      7489650   0   1700       929850
     8  0 1  94.92  9853.00 2   0.0 -62.5      8420100   0   2000       930450
     9  0 1  95.27  9997.00 2   0.0 -61.6      9350200   0   1700       930100
    10  0 1  95.62 10096.00 2   0.0 -60.9     10269950   0   1650       919750
    11  0 1  94.92 10183.00 2   0.0 -60.0     11190350   0   2000       920400
    12  0 1  94.22  9904.00 2   0.0 -58.4     13030100   0   2000      1839750
    13  0 1  94.57 10012.00 2   0.0 -57.5     13949900   0   1650       919800
    14  0 1  94.57  9874.00 2   0.0 -56.9     14859650   0   2100       909750
    15  0 1  94.22 10010.50 2   0.0 -55.9     15769850   0   1900       910200
    16  0 1  95.62 10193.50 2   0.0 -55.3     16679350   0   1650       909500
    17  0 1  94.92 10010.50 2   0.0 -54.4     17589650   0   1700       910300
    18  0 1  95.27 10099.00 2   0.0 -53.8     18499650   0   1700       910000
    19  0 1  94.57  9881.50 2   0.0 -53.1     19499400   0   1900       999750
    20  0 1  94.22  9919.00 2   0.0 -52.2     20499150   0   1900       999750
    21  0 1  95.27 10183.00 2   0.0 -50.6     22499600   0   1800      2000450
    22  0 1  94.57 10093.00 2   0.0 -50.0     23499800   0   2100      1000200
    23  0 1  95.27  9928.00 2   0.0 -49.4     24489600   0   1800       989800
    24  0 1  94.22 10198.00 2   0.0 -48.4     25479500   0   1750       989900
    25  0 1  94.57  9955.00 2   0.0 -47.8     26469500   0   1750       990000
    26  0 1  94.22 10132.00 2   0.0 -47.2     27459900   0   1650       990400
    27  0 1  95.27 10108.00 2   0.0 -46.6     28449900   0   1750       990000
    28  0 1  95.27 10156.00 2   0.0 -45.9     29430300   0   1900       980400
    29  0 1  94.57  9889.00 2   0.0 -45.0     30410650   0   1700       980350
    30  0 1  94.22 10084.00 2   0.0 -43.8     32371500   0   1850      1960850
    31  0 1  94.92 10109.50 2   0.0 -43.1     33351650   0   2000       980150
    32  0 1  94.92  9799.00 2   0.0 -42.5     34321650   0   1700       970000
    33  0 1  94.57  9860.50 2   0.0 -41.9     35291150   0   2000       969500
    34  0 1  95.27 10144.00 2   0.0 -41.6     36261300   0   1800       970150
    35  0 1  94.22  9811.00 2   0.0 -40.9     37231400   0   1800       970100
    36  0 1  95.62  9895.00 2   0.0 -40.3     38201800   0   1650       970400
    37  0 1  94.22 10109.50 2   0.0 -39.7     39161800   0   2100       960000
    38  0 1  94.22  9805.00 2   0.0 -39.1     40121350   0   1700       959550
    39  0 1  94.57  9848.50 2   0.0 -38.1     42041450   0   2000      1920100
    40  0 1  95.62  9856.00 2   0.0 -37.5     43001000   0   1800       959550
    41  0 1  94.22  9965.50 2   0.0 -37.2     43951050   0   2050       950050
    42  0 1  95.27  9854.50 2   0.0 -36.6     44901150   0   2000       950100
    43  0 1  95.62  9848.50 2   0.0 -36.3     45850700   0   1900       949550
    44  0 1  94.22 10099.00 2   0.0 -35.9     46800200   0   1950       949500
    45  0 1  95.27 10108.00 2   0.0 -35.3     47750450   0   1800       950250
    46  0 1  94.22  9928.00 2   0.0 -35.0     48690000   0   1850       939550
    47  0 1  94.57 10076.50 2   0.0 -34.7     49629800   0   2050       939800
    48  0 1  94.22 10166.50 2   0.0 -33.8     51509300   0   2000      1879500
    49  0 1  94.92 10013.50 2   0.0 -33.4     52449450   0   2050       940150
    50  0 1  94.57 10196.50 2   0.0 -33.1     53379100   0   1850       929650
    51  0 1  95.27  9928.00 2   0.0 -32.8     54309400   0   2000       930300
    52  0 1  95.62 10130.50 2   0.0 -32.5     55239250   0   1650       929850
    53  0 1  94.22 10109.50 2   0.0 -32.2     56168750   0   1650       929500
    54  0 1  95.62  9839.50 2   0.0 -31.9     57098800   0   2100       930050
    55  0 1  94.92  9892.00 2   0.0 -31.6     58018650   0   2100       919850
    56  0 1  94.57  9997.00 2   0.0 -31.6     58938450   0   2100       919800
    57  0 1  94.57 10117.00 2   0.0 -30.9     60778250   0   1950      1839800
    58  0 1  94.22  9841.00 2   0.0 -30.9     61697800   0   1750       919550
    59  0 1  95.27  9905.50 2   0.0 -30.6     62607750   0   1750       909950
    60  0 1  95.62 10043.50 2   0.0 -30.6     63517900   0   1700       910150
    61  0 1  94.22 10000.00 2   0.0 -30.3     64428300   0   2050       910400
    62  0 1  94.22  9899.50 2   0.0 -30.3     65338700   0   1950       910400
    63  0 1  94.57 10130.50 2   0.0 -30.3     66248800   0   1750       910100
    64  0 1  94.92 10102.00 2   0.0 -30.0     67248550   0   1850       999750
    65  0 1  94.57  9884.50 2   0.0 -30.0     68248050   0   1950       999500
    66  0 1  94.92 10063.00 2   0.0 -30.0     70248250   0   1650      2000200
    67  0 1  95.27 10090.00 2   0.0 -30.0     71248350   0   1750      1000100
    68  0 1  94.22  9941.50 2   0.0 -30.0     72238350   0   1750       990000
    69  0 1  94.57  9904.00 2   0.0 -30.0     73228300   0   2100       989950
    70  0 1  94.92 10016.50 2   0.0 -30.0     74218000   0   1650       989700
    71  0 1  95.62 10063.00 2   0.0 -30.0     75208300   0   1750       990300
    72  0 1  95.62  9811.00 2   0.0 -30.3     76198550   0   1950       990250
    73  0 1  94.92 10102.00 2   0.0 -30.3     77178950   0   1700       980400
    74  0 1  94.92 10108.00 2   0.0 -30.3     78159350   0   1700       980400
    75  0 1  95.62  9940.00 2   0.0 -30.6     80119550   0   2000      1960200
    76  0 1  94.22  9812.50 2   0.0 -30.9     81099800   0   1750       980250
    77  0 1  94.22  9829.00 2   0.0 -30.9     82070200   0   1650       970400
    78  0 1  95.27  9881.50 2   0.0 -31.3     83039750   0   1900       969550
    79  0 1  94.57  9925.00 2   0.0 -31.6     84009800   0   1650       970050
    80  0 1  94.92 10180.00 2   0.0 -31.6     84979700   0   1800       969900
    81  0 1  94.57 10192.00 2   0.0 -31.9     85949450   0   2050       969750
    82  0 1  95.27  9847.00 2   0.0 -32.2     86909200   0   1900       959750
    83  0 1  95.62  9949.00 2   0.0 -32.5     87869100   0   2050       959900
    84  0 1  95.27  9938.50 2   0.0 -33.1     89789400   0   2050      1920300
    85  0 1  95.62 10117.00 2   0.0 -33.4     90749500   0   1900       960100
    86  0 1  94.22  9931.00 2   0.0 -33.8     91699550   0   1650       950050
    87  0 1  94.22  9886.00 2   0.0 -34.1     92649050   0   1950       949500
    88  0 1  95.27 10102.00 2   0.0 -34.7     93598850   0   1800       949800
    89  0 1  94.92 10051.00 2   0.0 -35.0     94548750   0   2000       949900
    90  0 1  94.92 10153.00 2   0.0 -35.3     95498300   0   1700       949550
    91  0 1  94.92  9989.50 2   0.0 -35.9     96438650   0   1700       940350
    92  0 1  94.57 10159.00 2   0.0 -36.3     97378450   0   1750       939800
    93  0 1  95.62  9931.00 2   0.0 -37.2     99258850   0   1700      1880400
    94  0 1  94.22 10096.00 2   0.0 -37.5    100198750   0   1700       939900
    95  0 1  94.92  9985.00 2   0.0 -38.1    101129200   0   2100       930450
    96  0 1  95.27 10189.00 2   0.0 -38.8    102059350   0   1650       930150
    97  0 1  95.27  9925.00 2   0.0 -39.1    102989350   0   1700       930000
    98  0 1  95.27 10024.00 2   0.0 -39.7    103919800   0   1700       930450
    99  0 1  94.22  9904.00 2   0.0 -40.3    104850050   0   1850       930250
   100  0 1  94.22  9904.00 2   0.0 -40.9    105769600   0   2000       919550
   101  0 1  95.27 10108.00 2   0.0 -41.6    106689450   0   1950       919850
   102  0 1  94.22  9815.50 2   0.0 -42.5    108529300   0   1650      1839850
   103  0 1  94.22 10130.50 2   0.0 -43.1    109449400   0   1700       920100
   104  0 1  94.92  9922.00 2   0.0 -43.8    110359650   0   2100       910250
   105  0 1  94.57  9947.50 2   0.0 -44.4    111269200   0   1700       909550
   106  0 1  95.27 10132.00 2   0.0 -45.0    112179650   0   2050       910450
   107  0 1  95.27 10096.00 2   0.0 -45.9    113089300   0   1850       909650
   108  0 1  94.92  9811.00 2   0.0 -46.6    113999100   0   1700       909800
   109  0 1  95.27 10072.00 2   0.0 -47.2    114999500   0   2100      1000400
   110  0 1  94.92 10112.50 2   0.0 -47.8    115999400   0   1950       999900
   111  0 1  95.62  9871.00 2   0.0 -49.4    117999200   0   2000      1999800
   112  0 1  95.62 10096.00 2   0.0 -50.0    118998750   0   2050       999550
   113  0 1  94.22  9962.50 2   0.0 -50.6    119988500   0   1900       989750
   114  0 1  94.57  9974.50 2   0.0 -51.6    120978250   0   1950       989750
   115  0 1  95.62 10034.50 2   0.0 -52.2    121967950   0   2000       989700
   116  0 1  94.92 10031.50 2   0.0 -53.1    122958350   0   1750       990400
   117  0 1  95.27  9998.50 2   0.0 -53.8    123948650   0   1750       990300
   118  0 1  94.92  9904.00 2   0.0 -54.4    124928400   0   2000       979750
   119  0 1  95.62 10171.00 2   0.0 -55.3    125908050   0   2100       979650
   120  0 1  94.92 10045.00 2   0.0 -56.9    127868450   0   1950      1960400
   121  0 1  95.27 10051.00 2   0.0 -57.5    128848150   0   2000       979700
   122  0 1  94.57  9979.00 2   0.0 -58.4    129817700   0   2100       969550
   123  0 1  95.27 10114.00 2   0.0 -59.4    130787750   0   2100       970050
   124  0 1  94.57  9937.00 2   0.0 -60.0    131758100   0   1700       970350
   125  0 1  95.62 10093.00 2   0.0 -60.9    132728350   0   1750       970250
   126  0 1  94.92  9850.00 2   0.0 -61.6    133698750   0   2050       970400
   127  0 1  94.22  9925.00 2   0.0 -62.5    134659200   0   1950       960450
   128  0 1  94.92  9826.00 2   0.0 -63.4    135619050   0   1700       959850
   129  0 1  94.22  9812.50 2   0.0 -65.0    137539800   0   1800      1920750
   130  0 1  95.62 10033.00 2   0.0 -65.9    138499500   0   1850       959700
   131  0 1  95.62 10156.00 2   0.0 -66.6    139449250   0   2100       949750
   132  0 1  94.22 10018.00 2   0.0 -67.5    140398900   0   1750       949650
   133  0 1  95.62  9977.50 2   0.0 -68.4    141349350   0   1650       950450
   134  0 1  95.62  9952.00 2   0.0 -69.1    142299450   0   1650       950100
