    NO  S V  AOA    FREQ    B  FMOP  AMP      TOA      PMOP  PW         dTOA  
------ -- - ------ -------- - ----- ----- ------------ --- ------ ------------
     0  0 1   9.84  5248.75 1   0.0 -70.0            0   0   1000  42949673000
     1  0 1   9.84  5248.75 1   0.0 -67.5       467550   0   1000       467550
     2  0 1   9.84  5250.00 1   0.0 -62.5      1408950   0    950       941400
     3  0 1   9.84  5250.00 1   0.0 -60.0      1880100   0   1000       471150
     4  0 1   9.84  5248.75 1   0.0 -57.5      2350250   0   1000       470150
     5  0 1   9.84  5250.00 1   0.0 -55.3      2882700   0   1000       532450
     6  0 1   9.84  5248.75 1   0.0 -53.1      3413450   0   1000       530750
     7  0 1   9.84  5248.75 1   0.0 -50.6      3945000   0    950       531550
     8  0 1   9.84  5250.00 1   0.0 -48.4      4476550   0    950       531550
     9  0 1   9.84  5250.00 1   0.0 -46.6      5007600   0   1000       531050
    10  0 1   9.84  5250.00 1   0.0 -44.4      5576700   0    950       569100
    11  0 1   9.84  5250.00 1   0.0 -40.9      6719600   0    950      1142900
    12  0 1   9.84  5248.75 1   0.0 -39.1      7289500   0   1000       569900
    13  0 1   9.84  5250.00 1   0.0 -37.5      7860300   0    950       570800
    14  0 1   9.84  5250.00 1   0.0 -36.3      8298800   0   1000       438500
    15  0 1   9.84  5250.00 1   0.0 -35.0      8740700   0   1000       441900
    16  0 1   9.84  5250.00 1   0.0 -33.8      9181650   0    950       440950
    17  0 1   9.84  5248.75 1   0.0 -32.8      9619900   0   1000       438250
    18  0 1   9.84  5250.00 1   0.0 -31.9     10060800   0   1000       440900
    19  0 1   9.84  5248.75 1   0.0 -31.3     10533150   0   1000       472350
    20  0 1   9.84  5250.00 1   0.0 -30.3     11478050   0    950       944900
    21  0 1   9.84  5250.00 1   0.0 -30.0     11949100   0   1000       471050
    22  0 1   9.84  5250.00 1   0.0 -30.0     12420850   0    950       471750
    23  0 1   9.84  5250.00 1   0.0 -30.0     12949900   0   1000       529050
    24  0 1   9.84  5250.00 1   0.0 -30.3     13479600   0    950       529700
    25  0 1   9.84  5248.75 1   0.0 -30.6     14010100   0   1000       530500
    26  0 1   9.84  5250.00 1   0.0 -31.3     14539150   0    950       529050
    27  0 1   9.84  5250.00 1   0.0 -31.9     15070050   0   1000       530900
    28  0 1   9.84  5248.75 1   0.0 -32.8     15639400   0    950       569350
    29  0 1   9.84  5250.00 1   0.0 -35.0     16779350   0   1000      1139950
    30  0 1   9.84  5250.00 1   0.0 -36.3     17348950   0   1000       569600
    31  0 1   9.84  5250.00 1   0.0 -37.5     17920850   0   1000       571900
    32  0 1   9.84  5250.00 1   0.0 -39.1     18360700   0   1000       439850
    33  0 1   9.84  5248.75 1   0.0 -40.9     18802400   0    950       441700
    34  0 1   9.84  5248.75 1   0.0 -42.5     19244550   0    950       442150
    35  0 1   9.84  5250.00 1   0.0 -44.4     19686150   0   1000       441600
    36  0 1   9.84  5248.75 1   0.0 -46.6     20126300   0   1000       440150
    37  0 1   9.84  5250.00 1   0.0 -48.4     20598550   0   1000       472250
    38  0 1   9.84  5250.00 1   0.0 -53.1     21537050   0    950       938500
    39  0 1   9.84  5248.75 1   0.0 -55.3     22009200   0    950       472150
    40  0 1   9.84  5248.75 1   0.0 -57.5     22480100   0    950       470900
    41  0 1   9.84  5248.75 1   0.0 -60.0     23011000   0   1000       530900
    42  0 1   9.84  5248.75 1   0.0 -62.5     23542450   0   1000       531450
    43  0 1   9.84  5250.00 1   0.0 -65.0     24071500   0    950       529050
    44  0 1   9.84  5250.00 1   0.0 -67.5     24602150   0    950       530650
