    NO  S V  AOA    FREQ    B  FMOP  AMP      TOA      PMOP  PW         dTOA  
------ -- - ------ -------- - ----- ----- ------------ --- ------ ------------
     0  0 1   9.84  5250.00 1   0.0 -70.0            0   0   1000  42949673000
     1  0 1   9.84  5250.00 1   0.0 -67.5       471000   0   1000       471000
     2  0 1   9.84  5250.00 1   0.0 -65.0       940750   0   1000       469750
     3  0 1   9.84  5250.00 1   0.0 -62.5      1411500   0   1000       470750
     4  0 1   9.84  5250.00 1   0.0 -60.0      1880850   0   1000       469350
     5  0 1   9.84  5250.00 1   0.0 -57.5      2352950   0    950       472100
     6  0 1   9.84  5250.00 1   0.0 -55.3      2882000   0   1000       529050
     7  0 1   9.84  5248.75 1   0.0 -53.1      3410600   0    950       528600
     8  0 1   9.84  5248.75 1   0.0 -48.4      4472400   0   1000      1061800
     9  0 1   9.84  5250.00 1   0.0 -46.6      5001000   0   1000       528600
    10  0 1   9.84  5248.75 1   0.0 -44.4      5569800   0   1000       568800
    11  0 1   9.84  5250.00 1   0.0 -42.5      6141150   0   1000       571350
    12  0 1   9.84  5250.00 1   0.0 -40.9      6710850   0   1000       569700
    13  0 1   9.84  5250.00 1   0.0 -39.1      7279400   0    950       568550
    14  0 1   9.84  5248.75 1   0.0 -37.5      7850200   0   1000       570800
    15  0 1   9.84  5250.00 1   0.0 -36.3      8290050   0   1000       439850
    16  0 1   9.84  5250.00 1   0.0 -35.0      8730100   0    950       440050
    17  0 1   9.84  5250.00 1   0.0 -32.8      9612750   0    950       882650
    18  0 1   9.84  5248.75 1   0.0 -31.9     10053950   0    950       441200
    19  0 1   9.84  5248.75 1   0.0 -31.3     10521750   0   1000       467800
    20  0 1   9.84  5248.75 1   0.0 -30.6     10991650   0    950       469900
    21  0 1   9.84  5250.00 1   0.0 -30.3     11462050   0    950       470400
    22  0 1   9.84  5250.00 1   0.0 -30.0     11933200   0   1000       471150
    23  0 1   9.84  5248.75 1   0.0 -30.0     12404850   0   1000       471650
    24  0 1   9.84  5248.75 1   0.0 -30.0     12932850   0   1000       528000
    25  0 1   9.84  5248.75 1   0.0 -30.3     13463750   0   1000       530900
    26  0 1   9.84  5250.00 1   0.0 -31.3     14521950   0    950      1058200
    27  0 1   9.84  5250.00 1   0.0 -31.9     15050600   0   1000       528650
    28  0 1   9.84  5250.00 1   0.0 -32.8     15619850   0   1000       569250
    29  0 1   9.84  5248.75 1   0.0 -33.8     16187800   0   1000       567950
    30  0 1   9.84  5248.75 1   0.0 -35.0     16758550   0   1000       570750
    31  0 1   9.84  5250.00 1   0.0 -36.3     17329500   0    950       570950
    32  0 1   9.84  5250.00 1   0.0 -37.5     17900800   0    950       571300
    33  0 1   9.84  5250.00 1   0.0 -39.1     18342950   0    950       442150
    34  0 1   9.84  5248.75 1   0.0 -40.9     18785300   0   1000       442350
    35  0 1   9.84  5250.00 1   0.0 -44.4     19662300   0    950       877000
    36  0 1   9.84  5248.75 1   0.0 -46.6     20101900   0   1000       439600
    37  0 1   9.84  5250.00 1   0.0 -48.4     20571700   0   1000       469800
    38  0 1   9.84  5250.00 1   0.0 -50.6     21042750   0    950       471050
    39  0 1   9.84  5250.00 1   0.0 -53.1     21513950   0    950       471200
    40  0 1   9.84  5248.75 1   0.0 -55.3     21983900   0    950       469950
    41  0 1   9.84  5250.00 1   0.0 -57.5     22451600   0    950       467700
    42  0 1   9.84  5250.00 1   0.0 -60.0     22981950   0    950       530350
    43  0 1   9.84  5248.75 1   0.0 -62.5     23511950   0   1000       530000
    44  0 1   9.84  5250.00 1   0.0 -67.5     24573250   0    950      1061300
