    NO  S V  AOA    FREQ    B  FMOP  AMP      TOA      PMOP  PW         dTOA  
------ -- - ------ -------- - ----- ----- ------------ --- ------ ------------
     0  0 1   9.84  5250.00 1   0.0 -70.0            0   0    950  42949673000
     1  0 1   9.84  5250.00 1   0.0 -67.5       571950   0   1000       571950
     2  0 1   9.84  5250.00 1   0.0 -65.0      1143800   0   1000       571850
     3  0 1   9.84  5250.00 1   0.0 -62.5      1711450   0   1000       567650
     4  0 1   9.84  5250.00 1   0.0 -60.0      2282100   0   1000       570650
     5  0 1   9.84  5250.00 1   0.0 -57.5      2849750   0    950       567650
     6  0 1   9.84  5248.75 1   0.0 -55.3      3287950   0   1000       438200
     7  0 1   9.84  5250.00 1   0.0 -50.6      4167600   0    950       879650
     8  0 1   9.84  5248.75 1   0.0 -48.4      4609700   0    950       442100
     9  0 1   9.84  5248.75 1   0.0 -46.6      5051400   0    950       441700
    10  0 1   9.84  5250.00 1   0.0 -44.4      5522250   0    950       470850
    11  0 1   9.84  5250.00 1   0.0 -42.5      5993600   0   1000       471350
    12  0 1   9.84  5248.75 1   0.0 -40.9      6462600   0   1000       469000
    13  0 1   9.84  5248.75 1   0.0 -39.1      6933000   0    950       470400
    14  0 1   9.84  5248.75 1   0.0 -37.5      7402600   0    950       469600
    15  0 1   9.84  5250.00 1   0.0 -36.3      7933400   0    950       530800
    16  0 1   9.84  5248.75 1   0.0 -33.8      8994300   0   1000      1060900
    17  0 1   9.84  5250.00 1   0.0 -32.8      9525250   0   1000       530950
    18  0 1   9.84  5250.00 1   0.0 -31.9     10054050   0    950       528800
    19  0 1   9.84  5250.00 1   0.0 -31.3     10624700   0   1000       570650
    20  0 1   9.84  5250.00 1   0.0 -30.6     11195600   0    950       570900
    21  0 1   9.84  5248.75 1   0.0 -30.3     11763600   0   1000       568000
    22  0 1   9.84  5248.75 1   0.0 -30.0     12331750   0    950       568150
    23  0 1   9.84  5250.00 1   0.0 -30.0     12900250   0   1000       568500
    24  0 1   9.84  5250.00 1   0.0 -30.0     13341500   0    950       441250
    25  0 1   9.84  5248.75 1   0.0 -30.6     14221500   0    950       880000
    26  0 1   9.84  5250.00 1   0.0 -31.3     14662750   0    950       441250
    27  0 1   9.84  5248.75 1   0.0 -31.9     15102250   0    950       439500
    28  0 1   9.84  5250.00 1   0.0 -32.8     15574250   0   1000       472000
    29  0 1   9.84  5250.00 1   0.0 -33.8     16043600   0   1000       469350
    30  0 1   9.84  5250.00 1   0.0 -35.0     16511250   0    950       467650
    31  0 1   9.84  5250.00 1   0.0 -36.3     16980450   0   1000       469200
    32  0 1   9.84  5248.75 1   0.0 -37.5     17450000   0   1000       469550
    33  0 1   9.84  5250.00 1   0.0 -39.1     17980250   0    950       530250
    34  0 1   9.84  5248.75 1   0.0 -42.5     19041050   0   1000      1060800
    35  0 1   9.84  5250.00 1   0.0 -44.4     19573050   0    950       532000
    36  0 1   9.84  5250.00 1   0.0 -46.6     20102300   0    950       529250
    37  0 1   9.84  5250.00 1   0.0 -48.4     20673950   0    950       571650
    38  0 1   9.84  5250.00 1   0.0 -50.6     21242100   0   1000       568150
    39  0 1   9.84  5250.00 1   0.0 -53.1     21811600   0   1000       569500
    40  0 1   9.84  5250.00 1   0.0 -55.3     22382400   0    950       570800
    41  0 1   9.84  5250.00 1   0.0 -57.5     22954250   0    950       571850
    42  0 1   9.84  5250.00 1   0.0 -60.0     23394250   0   1000       440000
    43  0 1   9.84  5248.75 1   0.0 -65.0     24270700   0   1000       876450
    44  0 1   9.84  5248.75 1   0.0 -67.5     24712100   0    950       441400
