    NO  S V  AOA    FREQ    B  FMOP  AMP      TOA      PMOP  PW         dTOA  
------ -- - ------ -------- - ----- ----- ------------ --- ------ ------------
     0  0 1  95.27 10006.00 2   0.0 -70.0            0   0   1450  42949673000
     1  0 1  95.27 10078.00 2   0.0 -65.0      1792350   0   1450      1792350
     2  0 1  95.62  9916.00 2   0.0 -62.5      2655000   0   1650       862650
     3  0 1  95.62  9949.00 2   0.0 -60.0      3666100   0   1500      1011100
     4  0 1  94.92 10084.00 2   0.0 -57.5      4785800   0   1450      1119700
     5  0 1  94.57 10088.50 2   0.0 -55.3      5636750   0   1300       850950
     6  0 1  95.27  9971.50 2   0.0 -53.1      6799000   0   1600      1162250
     7  0 1  94.57  9952.00 2   0.0 -50.6      7724650   0   1250       925650
     8  0 1  95.62 10003.00 2   0.0 -48.4      8502750   0   1350       778100
     9  0 1  95.27 10091.50 2   0.0 -46.6      9359850   0   1400       857100
    10  0 1  94.92  9937.00 2   0.0 -42.5     11261550   0   1250      1901700
    11  0 1  94.92 10012.00 2   0.0 -40.9     12482600   0   1550      1221050
    12  0 1  94.92 10055.50 2   0.0 -39.1     13461550   0   1250       978950
    13  0 1  94.92  9982.00 2   0.0 -37.5     14682000   0   1600      1220450
    14  0 1  95.62 10085.50 2   0.0 -36.3     15484750   0   1650       802750
    15  0 1  94.22 10057.00 2   0.0 -35.0     16363350   0   1250       878600
    16  0 1  95.27 10058.50 2   0.0 -33.8     17565550   0   1300      1202200
    17  0 1  94.57  9998.50 2   0.0 -32.8     18446950   0   1450       881400
    18  0 1  95.62  9916.00 2   0.0 -31.9     19517100   0   1500      1070150
    19  0 1  94.57 10012.00 2   0.0 -30.6     21489300   0   1250      1972200
    20  0 1  94.57 10090.00 2   0.0 -30.3     22356500   0   1450       867200
    21  0 1  95.62 10075.00 2   0.0 -30.0     23260300   0   1600       903800
    22  0 1  94.57 10079.50 2   0.0 -30.0     24221800   0   1250       961500
    23  0 1  94.22  9971.50 2   0.0 -30.0     25348750   0   1500      1126950
    24  0 1  95.62 10046.50 2   0.0 -30.3     26242300   0   1300       893550
    25  0 1  95.27  9962.50 2   0.0 -30.6     27300650   0   1300      1058350
    26  0 1  95.27  9911.50 2   0.0 -31.3     28397000   0   1600      1096350
    27  0 1  94.57 10090.00 2   0.0 -31.9     29238100   0   1600       841100
    28  0 1  94.22  9941.50 2   0.0 -33.8     31185850   0   1300      1947750
    29  0 1  95.62 10073.50 2   0.0 -35.0     32302750   0   1550      1116900
    30  0 1  95.27 10066.00 2   0.0 -36.3     33055700   0   1600       752950
    31  0 1  94.57 10066.00 2   0.0 -37.5     34207700   0   1400      1152000
    32  0 1  94.92  9944.50 2   0.0 -39.1     35323550   0   1350      1115850
    33  0 1  94.22 10093.00 2   0.0 -40.9     36311600   0   1250       988050
    34  0 1  94.57 10078.00 2   0.0 -42.5     37218350   0   1450       906750
    35  0 1  94.22 10075.00 2   0.0 -44.4     37998600   0   1450       780250
    36  0 1  94.57 10042.00 2   0.0 -46.6     38834300   0   1550       835700
    37  0 1  94.22 10096.00 2   0.0 -50.6     40564150   0   1450      1729850
    38  0 1  94.57  9949.00 2   0.0 -53.1     41772150   0   1350      1208000
    39  0 1  95.62 10033.00 2   0.0 -55.3     42793650   0   1250      1021500
    40  0 1  95.62  9940.00 2   0.0 -57.5     43772700   0   1350       979050
    41  0 1  94.22  9968.50 2   0.0 -60.0     44710500   0   1350       937800
    42  0 1  94.92 10061.50 2   0.0 -62.5     45721000   0   1300      1010500
    43  0 1  94.92 10036.00 2   0.0 -65.0     46849450   0   1350      1128450
    44  0 1  94.57  9931.00 2   0.0 -67.5     47881950   0   1550      1032500
