    NO  S V  AOA    FREQ    B  FMOP  AMP      TOA      PMOP  PW         dTOA  
------ -- - ------ -------- - ----- ----- ------------ --- ------ ------------
     0  0 1  95.27  9970.00 2   0.0 -69.4      1124450   0   1350  42950797450
     1  0 1  94.57  9970.00 2   0.0 -68.8      1977450   0   1400       853000
     2  0 1  95.27  9970.00 2   0.0 -68.1      2847450   0   1300       870000
     3  0 1  94.22  9980.50 2   0.0 -67.5      3760200   0   1400       912750
     4  0 1  95.62  9980.50 2   0.0 -66.9      4756950   0   1250       996750
     5  0 1  94.22  9979.00 2   0.0 -66.3      5757350   0   1500      1000400
     6  0 1  94.22  9979.00 2   0.0 -65.6      6798450   0   1250      1041100
     7  0 1  94.57  9989.50 2   0.0 -65.0      7931250   0   1200      1132800
     8  0 1  94.57  9989.50 2   0.0 -64.4      8828800   0   1250       897550
     9  0 1  95.27  9989.50 2   0.0 -63.1     10912950   0   1600      2084150
    10  0 1  94.92 10000.00 2   0.0 -62.5     11948100   0   1450      1035150
    11  0 1  94.92  9998.50 2   0.0 -61.9     13087150   0   1150      1139050
    12  0 1  94.57 10000.00 2   0.0 -61.3     14031650   0   1550       944500
    13  0 1  94.92 10000.00 2   0.0 -60.6     14961950   0   1200       930300
    14  0 1  94.92 10009.00 2   0.0 -60.0     15942450   0   1400       980500
    15  0 1  94.92 10009.00 2   0.0 -59.4     16849450   0   1500       907000
    16  0 1  95.62 10010.50 2   0.0 -58.8     17828350   0   1350       978900
    17  0 1  95.62 10010.50 2   0.0 -58.1     18960350   0   1300      1132000
    18  0 1  95.27 10019.50 2   0.0 -57.2     21070050   0   1400      2109700
    19  0 1  94.92 10019.50 2   0.0 -56.6     22091950   0   1150      1021900
    20  0 1  94.57 10018.00 2   0.0 -55.9     23037600   0   1600       945650
    21  0 1  94.22 10030.00 2   0.0 -55.3     23888600   0   1150       851000
    22  0 1  95.62 10028.50 2   0.0 -54.7     24826550   0   1150       937950
    23  0 1  95.62 10028.50 2   0.0 -54.1     25900550   0   1300      1074000
    24  0 1  95.62 10030.00 2   0.0 -53.4     26931550   0   1500      1031000
    25  0 1  94.92 10039.00 2   0.0 -53.1     27784200   0   1400       852650
    26  0 1  94.92 10039.00 2   0.0 -52.5     28634450   0   1200       850250
    27  0 1  94.57 10039.00 2   0.0 -51.3     30580850   0   1150      1946400
    28  0 1  94.22  9949.00 2   0.0 -50.6     31515700   0   1400       934850
    29  0 1  94.57  9949.00 2   0.0 -50.3     32513600   0   1500       997900
    30  0 1  94.92  9949.00 2   0.0 -49.7     33395200   0   1550       881600
    31  0 1  95.27  9949.00 2   0.0 -49.1     34542350   0   1250      1147150
    32  0 1  95.62  9958.00 2   0.0 -48.4     35412350   0   1350       870000
    33  0 1  94.92  9958.00 2   0.0 -48.1     36472500   0   1450      1060150
    34  0 1  94.57  9961.00 2   0.0 -47.5     37522150   0   1500      1049650
    35  0 1  94.92  9961.00 2   0.0 -46.9     38429100   0   1150       906950
    36  0 1  95.27  9970.00 2   0.0 -45.9     40596400   0   1400      2167300
    37  0 1  95.27  9970.00 2   0.0 -45.6     41550950   0   1400       954550
    38  0 1  94.22  9970.00 2   0.0 -45.0     42640600   0   1350      1089650
    39  0 1  94.92  9979.00 2   0.0 -44.4     43587050   0   1500       946450
    40  0 1  94.22  9979.00 2   0.0 -44.1     44481350   0   1550       894300
    41  0 1  95.62  9980.50 2   0.0 -43.4     45407350   0   1200       926000
    42  0 1  94.57  9979.00 2   0.0 -43.1     46508800   0   1500      1101450
    43  0 1  94.57  9991.00 2   0.0 -42.5     47477450   0   1400       968650
    44  0 1  95.62  9989.50 2   0.0 -42.2     48617850   0   1250      1140400
    45  0 1  95.62  9989.50 2   0.0 -41.3     50473700   0   1250      1855850
    46  0 1  95.62 10000.00 2   0.0 -40.9     51529350   0   1350      1055650
    47  0 1  94.57 10000.00 2   0.0 -40.3     52468000   0   1350       938650
    48  0 1  94.57 10000.00 2   0.0 -40.0     53390300   0   1450       922300
    49  0 1  94.22  9998.50 2   0.0 -39.7     54316800   0   1150       926500
    50  0 1  94.22 10010.50 2   0.0 -39.1     55353750   0   1150      1036950
    51  0 1  94.57 10009.00 2   0.0 -38.8     56318100   0   1250       964350
    52  0 1  95.62 10009.00 2   0.0 -38.4     57247350   0   1400       929250
    53  0 1  95.62 10009.00 2   0.0 -38.1     58305050   0   1450      1057700
    54  0 1  94.92 10021.00 2   0.0 -37.2     60278400   0   1550      1973350
    55  0 1  94.92 10021.00 2   0.0 -36.9     61148850   0   1200       870450
    56  0 1  94.22 10018.00 2   0.0 -36.6     62111500   0   1550       962650
    57  0 1  95.62 10030.00 2   0.0 -36.3     62998150   0   1500       886650
    58  0 1  95.62 10030.00 2   0.0 -35.9     64013850   0   1600      1015700
    59  0 1  94.92 10030.00 2   0.0 -35.6     65095800   0   1450      1081950
    60  0 1  94.22 10028.50 2   0.0 -35.3     66224600   0   1500      1128800
    61  0 1  94.57 10039.00 2   0.0 -35.0     67190850   0   1500       966250
    62  0 1  95.27 10039.00 2   0.0 -34.7     68168200   0   1500       977350
    63  0 1  95.27 10040.50 2   0.0 -34.1     70373100   0   1450      2204900
    64  0 1  94.22  9949.00 2   0.0 -33.8     71336450   0   1450       963350
    65  0 1  94.92  9949.00 2   0.0 -33.4     72288650   0   1450       952200
    66  0 1  94.57  9950.50 2   0.0 -33.4     73245800   0   1450       957150
    67  0 1  95.27  9949.00 2   0.0 -33.1     74271650   0   1500      1025850
    68  0 1  94.22  9958.00 2   0.0 -32.8     75220100   0   1300       948450
    69  0 1  94.57  9958.00 2   0.0 -32.5     76161550   0   1150       941450
    70  0 1  95.62  9958.00 2   0.0 -32.5     77180000   0   1500      1018450
    71  0 1  95.27  9959.50 2   0.0 -32.2     78231200   0   1250      1051200
    72  0 1  95.62  9970.00 2   0.0 -31.9     80298750   0   1450      2067550
    73  0 1  94.22  9968.50 2   0.0 -31.6     81308250   0   1200      1009500
    74  0 1  95.62  9970.00 2   0.0 -31.6     82314650   0   1550      1006400
    75  0 1  94.22  9980.50 2   0.0 -31.3     83329000   0   1350      1014350
    76  0 1  94.57  9979.00 2   0.0 -31.3     84229600   0   1550       900600
    77  0 1  95.27  9979.00 2   0.0 -30.9     85364400   0   1150      1134800
    78  0 1  94.22  9979.00 2   0.0 -30.9     86267100   0   1400       902700
    79  0 1  94.92  9991.00 2   0.0 -30.6     87201650   0   1350       934550
    80  0 1  94.22  9989.50 2   0.0 -30.6     88101250   0   1400       899600
    81  0 1  95.62  9988.00 2   0.0 -30.3     90097000   0   1300      1995750
    82  0 1  94.22 10000.00 2   0.0 -30.3     91213150   0   1250      1116150
    83  0 1  94.92  9998.50 2   0.0 -30.3     92293800   0   1200      1080650
    84  0 1  95.62 10000.00 2   0.0 -30.3     93330300   0   1500      1036500
    85  0 1  95.62 10000.00 2   0.0 -30.0     94264400   0   1450       934100
    86  0 1  94.92 10009.00 2   0.0 -30.0     95141050   0   1350       876650
    87  0 1  94.22 10010.50 2   0.0 -30.0     96251350   0   1250      1110300
    88  0 1  94.57 10009.00 2   0.0 -30.0     97150250   0   1550       898900
    89  0 1  94.57 10010.50 2   0.0 -30.0     98297000   0   1450      1146750
    90  0 1  94.22 10019.50 2   0.0 -30.0    100420250   0   1500      2123250
    91  0 1  94.22 10019.50 2   0.0 -30.0    101350350   0   1550       930100
    92  0 1  94.22 10018.00 2   0.0 -30.0    102494400   0   1400      1144050
    93  0 1  94.22 10030.00 2   0.0 -30.0    103627450   0   1400      1133050
    94  0 1  94.57 10030.00 2   0.0 -30.0    104658400   0   1500      1030950
    95  0 1  94.57 10030.00 2   0.0 -30.3    105664700   0   1300      1006300
    96  0 1  94.57 10028.50 2   0.0 -30.3    106708400   0   1250      1043700
    97  0 1  94.57 10040.50 2   0.0 -30.3    107812600   0   1150      1104200
    98  0 1  95.62 10040.50 2   0.0 -30.3    108738700   0   1550       926100
    99  0 1  94.22 10039.00 2   0.0 -30.6    110983900   0   1300      2245200
   100  0 1  95.62  9950.50 2   0.0 -30.6    111977650   0   1300       993750
   101  0 1  94.22  9949.00 2   0.0 -30.9    112876300   0   1600       898650
   102  0 1  94.22  9949.00 2   0.0 -30.9    113852200   0   1550       975900
   103  0 1  95.62  9949.00 2   0.0 -31.3    114778550   0   1200       926350
   104  0 1  94.22  9959.50 2   0.0 -31.3    115685850   0   1600       907300
   105  0 1  95.62  9958.00 2   0.0 -31.6    116606600   0   1450       920750
   106  0 1  95.27  9961.00 2   0.0 -31.6    117607500   0   1400      1000900
   107  0 1  94.57  9959.50 2   0.0 -31.9    118719500   0   1350      1112000
   108  0 1  94.57  9968.50 2   0.0 -32.2    120566000   0   1150      1846500
   109  0 1  95.27  9968.50 2   0.0 -32.5    121485750   0   1150       919750
   110  0 1  94.92  9970.00 2   0.0 -32.5    122521400   0   1500      1035650
   111  0 1  94.57  9980.50 2   0.0 -32.8    123384600   0   1300       863200
   112  0 1  95.27  9979.00 2   0.0 -33.1    124382100   0   1200       997500
   113  0 1  95.27  9979.00 2   0.0 -33.4    125476400   0   1150      1094300
   114  0 1  95.62  9979.00 2   0.0 -33.4    126469750   0   1550       993350
   115  0 1  95.27  9988.00 2   0.0 -33.8    127581750   0   1450      1112000
   116  0 1  95.62  9991.00 2   0.0 -34.1    128542550   0   1200       960800
   117  0 1  94.22  9991.00 2   0.0 -34.7    130389000   0   1200      1846450
   118  0 1  94.57  9998.50 2   0.0 -35.0    131350000   0   1150       961000
   119  0 1  94.92  9998.50 2   0.0 -35.3    132229350   0   1350       879350
   120  0 1  94.57  9998.50 2   0.0 -35.6    133333650   0   1250      1104300
   121  0 1  95.62 10000.00 2   0.0 -35.9    134265900   0   1600       932250
   122  0 1  94.57 10009.00 2   0.0 -36.3    135264900   0   1550       999000
   123  0 1  95.62 10009.00 2   0.0 -36.6    136393000   0   1450      1128100
   124  0 1  95.62 10010.50 2   0.0 -36.9    137257900   0   1300       864900
   125  0 1  94.57 10009.00 2   0.0 -37.2    138357400   0   1200      1099500
   126  0 1  94.92 10018.00 2   0.0 -38.1    140584900   0   1500      2227500
   127  0 1  94.22 10021.00 2   0.0 -38.4    141492600   0   1300       907700
   128  0 1  94.92 10021.00 2   0.0 -38.8    142491200   0   1550       998600
   129  0 1  95.62 10030.00 2   0.0 -39.1    143433800   0   1150       942600
   130  0 1  95.27 10030.00 2   0.0 -39.7    144526500   0   1200      1092700
   131  0 1  95.27 10028.50 2   0.0 -40.0    145567600   0   1450      1041100
   132  0 1  94.22 10030.00 2   0.0 -40.3    146550950   0   1300       983350
   133  0 1  94.22 10039.00 2   0.0 -40.9    147452800   0   1300       901850
   134  0 1  94.57 10039.00 2   0.0 -41.3    148358500   0   1300       905700
   135  0 1  94.22 10039.00 2   0.0 -42.2    150578600   0   1150      2220100
   136  0 1  95.27  9950.50 2   0.0 -42.5    151690550   0   1150      1111950
   137  0 1  95.27  9949.00 2   0.0 -43.1    152718400   0   1350      1027850
   138  0 1  95.62  9949.00 2   0.0 -43.4    153699450   0   1200       981050
   139  0 1  95.27  9949.00 2   0.0 -44.1    154598750   0   1550       899300
   140  0 1  94.22  9961.00 2   0.0 -44.4    155700550   0   1150      1101800
   141  0 1  95.62  9961.00 2   0.0 -45.0    156697200   0   1250       996650
   142  0 1  94.22  9961.00 2   0.0 -45.6    157691850   0   1150       994650
   143  0 1  95.27  9961.00 2   0.0 -45.9    158679900   0   1450       988050
   144  0 1  94.22  9968.50 2   0.0 -46.9    160780500   0   1150      2100600
   145  0 1  94.57  9970.00 2   0.0 -47.5    161732850   0   1400       952350
   146  0 1  95.27  9970.00 2   0.0 -48.1    162640300   0   1250       907450
   147  0 1  95.62  9979.00 2   0.0 -48.4    163605000   0   1350       964700
   148  0 1  94.92  9980.50 2   0.0 -49.1    164585150   0   1150       980150
   149  0 1  94.92  9979.00 2   0.0 -49.7    165647250   0   1350      1062100
   150  0 1  95.62  9979.00 2   0.0 -50.3    166600300   0   1300       953050
   151  0 1  95.27  9988.00 2   0.0 -50.6    167604150   0   1450      1003850
   152  0 1  94.57  9988.00 2   0.0 -51.3    168635100   0   1400      1030950
   153  0 1  95.27  9988.00 2   0.0 -52.5    170785150   0   1400      2150050
   154  0 1  94.92  9998.50 2   0.0 -53.1    171645400   0   1300       860250
   155  0 1  95.27  9998.50 2   0.0 -53.4    172545350   0   1550       899950
   156  0 1  94.92 10000.00 2   0.0 -54.1    173617900   0   1300      1072550
   157  0 1  94.57 10000.00 2   0.0 -54.7    174543150   0   1500       925250
   158  0 1  94.22 10009.00 2   0.0 -55.3    175501000   0   1500       957850
   159  0 1  94.57 10010.50 2   0.0 -55.9    176440100   0   1450       939100
   160  0 1  94.57 10010.50 2   0.0 -56.6    177318800   0   1350       878700
   161  0 1  95.27 10010.50 2   0.0 -57.2    178302600   0   1550       983800
   162  0 1  94.22 10021.00 2   0.0 -58.1    180451650   0   1450      2149050
   163  0 1  94.57 10021.00 2   0.0 -58.8    181527900   0   1400      1076250
   164  0 1  95.62 10019.50 2   0.0 -59.4    182628550   0   1150      1100650
   165  0 1  95.27 10030.00 2   0.0 -60.0    183640300   0   1250      1011750
   166  0 1  94.22 10028.50 2   0.0 -60.6    184532750   0   1250       892450
   167  0 1  94.57 10030.00 2   0.0 -61.3    185464800   0   1450       932050
   168  0 1  94.57 10028.50 2   0.0 -61.9    186593700   0   1550      1128900
   169  0 1  95.62 10040.50 2   0.0 -62.5    187663750   0   1600      1070050
   170  0 1  95.62 10040.50 2   0.0 -63.1    188731700   0   1300      1067950
   171  0 1  95.27 10039.00 2   0.0 -64.4    190684550   0   1500      1952850
   172  0 1  95.27  9950.50 2   0.0 -65.0    191719950   0   1600      1035400
   173  0 1  94.57  9950.50 2   0.0 -65.6    192855100   0   1600      1135150
   174  0 1  95.62  9949.00 2   0.0 -66.3    193850600   0   1450       995500
   175  0 1  94.92  9950.50 2   0.0 -66.9    194715050   0   1250       864450
   176  0 1  95.62  9961.00 2   0.0 -67.5    195825850   0   1350      1110800
   177  0 1  95.62  9958.00 2   0.0 -68.1    196720000   0   1300       894150
   178  0 1  94.92  9961.00 2   0.0 -68.8    197649950   0   1150       929950
   179  0 1  95.27  9961.00 2   0.0 -69.4    198569850   0   1600       919900
