    NO  S V  AOA    FREQ    B  FMOP  AMP      TOA      PMOP  PW         dTOA  
------ -- - ------ -------- - ----- ----- ------------ --- ------ ------------
     0  0 1  94.92 10163.50 2   0.0 -70.0            0   0   1550  42949673000
     1  0 1  95.62  9860.50 2   0.0 -69.1       960350   0   1850       960350
     2  0 1  95.62 10009.00 2   0.0 -68.4      1920050   0   1750       959700
     3  0 1  94.22  9826.00 2   0.0 -67.5      2879750   0   1650       959700
     4  0 1  95.27 10052.50 2   0.0 -65.9      4799100   0   1950      1919350
     5  0 1  94.57 10114.00 2   0.0 -65.0      5759000   0   1750       959900
     6  0 1  94.57 10174.00 2   0.0 -64.1      6718900   0   1850       959900
     7  0 1  94.22  9932.50 2   0.0 -63.4      7688550   0   1850       969650
     8  0 1  94.57  9878.50 2   0.0 -62.5      8658350   0   1950       969800
     9  0 1  94.57  9973.00 2   0.0 -61.6      9628500   0   1550       970150
    10  0 1  95.27  9802.00 2   0.0 -60.9     10598300   0   1650       969800
    11  0 1  95.27  9845.50 2   0.0 -60.0     11568050   0   1850       969750
    12  0 1  95.27 10144.00 2   0.0 -59.4     12538400   0   1550       970350
    13  0 1  94.57 10033.00 2   0.0 -57.5     14487950   0   1900      1949550
    14  0 1  95.27  9955.00 2   0.0 -56.9     15468250   0   1600       980300
    15  0 1  94.22  9956.50 2   0.0 -55.9     16448150   0   1550       979900
    16  0 1  94.92  9940.00 2   0.0 -55.3     17428550   0   1700       980400
    17  0 1  94.92 10150.00 2   0.0 -54.4     18408100   0   1950       979550
    18  0 1  94.57 10006.00 2   0.0 -53.8     19387950   0   1850       979850
    19  0 1  94.22  9818.50 2   0.0 -53.1     20367850   0   1850       979900
    20  0 1  94.22 10133.50 2   0.0 -52.2     21358200   0   2000       990350
    21  0 1  94.57  9884.50 2   0.0 -51.6     22347850   0   1750       989650
    22  0 1  94.22  9823.00 2   0.0 -50.0     24328250   0   1850      1980400
    23  0 1  94.57 10162.00 2   0.0 -49.4     25318350   0   1700       990100
    24  0 1  94.92 10078.00 2   0.0 -48.4     26308050   0   1800       989700
    25  0 1  94.22  9962.50 2   0.0 -47.8     27297650   0   1700       989600
    26  0 1  94.57  9919.00 2   0.0 -47.2     28297800   0   1700      1000150
    27  0 1  94.57 10177.00 2   0.0 -46.6     29297750   0   1950       999950
    28  0 1  94.92  9991.00 2   0.0 -45.9     30297350   0   1700       999600
    29  0 1  95.62 10030.00 2   0.0 -45.0     31297800   0   1600      1000450
    30  0 1  94.22 10079.50 2   0.0 -44.4     32297900   0   1800      1000100
    31  0 1  94.92  9958.00 2   0.0 -43.1     34298550   0   1650      2000650
    32  0 1  95.62  9827.50 2   0.0 -42.5     35308600   0   1600      1010050
    33  0 1  94.22 10048.00 2   0.0 -41.9     36318350   0   1950      1009750
    34  0 1  95.62 10192.00 2   0.0 -41.6     37328700   0   1900      1010350
    35  0 1  94.92 10121.50 2   0.0 -40.9     38338400   0   1550      1009700
    36  0 1  94.92 10132.00 2   0.0 -40.3     39348150   0   1650      1009750
    37  0 1  94.92  9869.50 2   0.0 -39.7     40357700   0   1750      1009550
    38  0 1  94.57 10030.00 2   0.0 -39.1     41367300   0   1850      1009600
    39  0 1  95.27  9947.50 2   0.0 -38.8     42387250   0   2000      1019950
    40  0 1  94.57  9902.50 2   0.0 -37.5     44427250   0   2000      2040000
    41  0 1  94.57 10183.00 2   0.0 -37.2     45447650   0   1900      1020400
    42  0 1  94.57 10055.50 2   0.0 -36.6     46468000   0   1800      1020350
    43  0 1  95.62  9847.00 2   0.0 -36.3     47488450   0   1600      1020450
    44  0 1  95.62  9983.50 2   0.0 -35.9     48508250   0   1950      1019800
    45  0 1  94.92 10078.00 2   0.0 -35.3     49538700   0   1950      1030450
    46  0 1  95.27 10003.00 2   0.0 -35.0     50568600   0   1950      1029900
    47  0 1  95.62  9878.50 2   0.0 -34.7     51599000   0   1700      1030400
    48  0 1  94.92 10091.50 2   0.0 -34.1     52629300   0   1900      1030300
    49  0 1  94.92  9994.00 2   0.0 -33.4     54689050   0   1900      2059750
    50  0 1  94.57 10109.50 2   0.0 -33.1     55719050   0   1650      1030000
    51  0 1  95.27  9904.00 2   0.0 -32.8     56679300   0   1550       960250
    52  0 1  95.62  9986.50 2   0.0 -32.5     57639750   0   1900       960450
    53  0 1  95.27 10121.50 2   0.0 -32.2     58599950   0   1950       960200
    54  0 1  95.62  9941.50 2   0.0 -31.9     59559950   0   1650       960000
    55  0 1  95.27  9826.00 2   0.0 -31.6     60520150   0   1800       960200
    56  0 1  95.27  9892.00 2   0.0 -31.6     61480350   0   1700       960200
    57  0 1  94.22  9989.50 2   0.0 -31.3     62440000   0   1850       959650
    58  0 1  95.62 10190.50 2   0.0 -30.9     64379750   0   1850      1939750
    59  0 1  94.92  9886.00 2   0.0 -30.6     65349800   0   1950       970050
    60  0 1  95.27 10109.50 2   0.0 -30.6     66320050   0   1650       970250
    61  0 1  95.62 10178.50 2   0.0 -30.3     67289700   0   1900       969650
    62  0 1  94.22 10048.00 2   0.0 -30.3     68259750   0   1850       970050
    63  0 1  94.22 10189.00 2   0.0 -30.3     69229300   0   1550       969550
    64  0 1  94.57  9814.00 2   0.0 -30.0     70209100   0   2000       979800
    65  0 1  95.62 10108.00 2   0.0 -30.0     71188700   0   1600       979600
    66  0 1  94.92  9907.00 2   0.0 -30.0     72168850   0   1800       980150
    67  0 1  94.92  9949.00 2   0.0 -30.0     74128050   0   1550      1959200
    68  0 1  95.62 10144.00 2   0.0 -30.0     75107900   0   1600       979850
    69  0 1  94.92 10177.00 2   0.0 -30.0     76087450   0   1600       979550
    70  0 1  95.62  9902.50 2   0.0 -30.0     77077150   0   2000       989700
    71  0 1  94.57  9862.00 2   0.0 -30.0     78066800   0   1550       989650
    72  0 1  95.27  9962.50 2   0.0 -30.3     79057100   0   1750       990300
    73  0 1  95.27  9919.00 2   0.0 -30.3     80047000   0   1600       989900
    74  0 1  95.27 10063.00 2   0.0 -30.3     81036600   0   1950       989600
    75  0 1  94.92  9829.00 2   0.0 -30.6     82026900   0   1600       990300
    76  0 1  94.92 10171.00 2   0.0 -30.9     84017100   0   1600      1990200
    77  0 1  95.27  9922.00 2   0.0 -30.9     85017150   0   1950      1000050
    78  0 1  94.22 10159.00 2   0.0 -31.3     86017000   0   1650       999850
    79  0 1  94.57  9937.00 2   0.0 -31.6     87017300   0   1950      1000300
    80  0 1  94.92 10099.00 2   0.0 -31.6     88017150   0   2000       999850
    81  0 1  94.22 10090.00 2   0.0 -31.9     89017550   0   2000      1000400
    82  0 1  94.57  9896.50 2   0.0 -32.2     90017650   0   1700      1000100
    83  0 1  95.62  9871.00 2   0.0 -32.5     91027250   0   1900      1009600
    84  0 1  94.22  9961.00 2   0.0 -32.8     92036800   0   1800      1009550
    85  0 1  94.92 10192.00 2   0.0 -33.4     94056750   0   1650      2019950
    86  0 1  94.22  9982.00 2   0.0 -33.8     95066350   0   1950      1009600
    87  0 1  95.27 10075.00 2   0.0 -34.1     96076300   0   1900      1009950
    88  0 1  94.57  9877.00 2   0.0 -34.7     97086600   0   1550      1010300
    89  0 1  94.57 10054.00 2   0.0 -35.0     98106650   0   2000      1020050
    90  0 1  95.62  9808.00 2   0.0 -35.3     99126400   0   1800      1019750
    91  0 1  95.62  9973.00 2   0.0 -35.9    100146150   0   1950      1019750
    92  0 1  94.22  9812.50 2   0.0 -36.3    101166450   0   1950      1020300
    93  0 1  95.62  9898.00 2   0.0 -36.6    102186750   0   1550      1020300
    94  0 1  95.27 10190.50 2   0.0 -37.5    104226800   0   1800      2040050
    95  0 1  95.62 10030.00 2   0.0 -38.1    105257000   0   1850      1030200
    96  0 1  94.22 10003.00 2   0.0 -38.8    106287050   0   1550      1030050
    97  0 1  95.27 10153.00 2   0.0 -39.1    107317000   0   1650      1029950
    98  0 1  95.62 10078.00 2   0.0 -39.7    108346650   0   2000      1029650
    99  0 1  95.27 10016.50 2   0.0 -40.3    109376350   0   1950      1029700
   100  0 1  94.92 10088.50 2   0.0 -40.9    110405950   0   1550      1029600
   101  0 1  95.27  9821.50 2   0.0 -41.6    111435550   0   1950      1029600
   102  0 1  94.22 10081.00 2   0.0 -41.9    112395300   0   1750       959750
   103  0 1  95.62  9958.00 2   0.0 -43.1    114315950   0   1900      1920650
   104  0 1  95.27  9830.50 2   0.0 -43.8    115275850   0   1900       959900
   105  0 1  95.27  9821.50 2   0.0 -44.4    116235500   0   1650       959650
   106  0 1  95.62  9836.50 2   0.0 -45.0    117195450   0   2000       959950
   107  0 1  94.22  9841.00 2   0.0 -45.9    118155300   0   1900       959850
   108  0 1  94.22 10081.00 2   0.0 -46.6    119125500   0   1650       970200
   109  0 1  94.57  9889.00 2   0.0 -47.2    120095600   0   1900       970100
   110  0 1  94.22  9907.00 2   0.0 -47.8    121065750   0   1600       970150
   111  0 1  94.22 10081.00 2   0.0 -48.4    122036150   0   1600       970400
   112  0 1  95.27 10051.00 2   0.0 -50.0    123976250   0   1650      1940100
   113  0 1  94.57 10042.00 2   0.0 -50.6    124946450   0   1700       970200
   114  0 1  94.22 10099.00 2   0.0 -51.6    125926050   0   1950       979600
   115  0 1  94.22  9884.50 2   0.0 -52.2    126905700   0   2000       979650
   116  0 1  94.92 10105.00 2   0.0 -53.1    127886150   0   2000       980450
   117  0 1  94.22 10009.00 2   0.0 -53.8    128866200   0   2000       980050
   118  0 1  95.62  9901.00 2   0.0 -54.4    129846400   0   1750       980200
   119  0 1  94.57 10105.00 2   0.0 -55.3    130825950   0   1550       979550
   120  0 1  94.92  9841.00 2   0.0 -55.9    131805450   0   1550       979500
   121  0 1  94.92 10162.00 2   0.0 -57.5    133785450   0   1550      1980000
   122  0 1  95.27  9920.50 2   0.0 -58.4    134775350   0   1650       989900
   123  0 1  94.57  9817.00 2   0.0 -59.4    135765100   0   1600       989750
   124  0 1  94.22 10138.00 2   0.0 -60.0    136755400   0   1950       990300
   125  0 1  94.57  9802.00 2   0.0 -60.9    137745000   0   1650       989600
   126  0 1  94.92 10079.50 2   0.0 -61.6    138735050   0   1650       990050
   127  0 1  94.57  9997.00 2   0.0 -62.5    139735100   0   1850      1000050
   128  0 1  95.27 10166.50 2   0.0 -63.4    140735000   0   1950       999900
   129  0 1  95.27  9893.50 2   0.0 -64.1    141734800   0   1900       999800
   130  0 1  95.62 10136.50 2   0.0 -65.9    143735200   0   1900      2000400
   131  0 1  94.22  9997.00 2   0.0 -66.6    144734850   0   1750       999650
   132  0 1  95.27  9905.50 2   0.0 -67.5    145735300   0   2000      1000450
   133  0 1  95.27  9907.00 2   0.0 -68.4    146745750   0   1650      1010450
   134  0 1  94.22 10093.00 2   0.0 -69.1    147755550   0   1750      1009800
