    NO  S V  AOA    FREQ    B  FMOP  AMP      TOA      PMOP  PW         dTOA  
------ -- - ------ -------- - ----- ----- ------------ --- ------ ------------
     0  0 1  94.57  9814.00 2   0.0 -70.0            0   0   1850  42949673000
     1  0 1  94.22  9881.50 2   0.0 -69.1      1000350   0   1550      1000350
     2  0 1  95.27  9922.00 2   0.0 -67.5      3000450   0   1600      2000100
     3  0 1  94.22  9895.00 2   0.0 -66.6      4000300   0   1650       999850
     4  0 1  94.57  9983.50 2   0.0 -65.9      5000650   0   1750      1000350
     5  0 1  94.92 10112.50 2   0.0 -65.0      6000200   0   1650       999550
     6  0 1  94.57  9892.00 2   0.0 -64.1      7000600   0   1800      1000400
     7  0 1  95.27  9920.50 2   0.0 -63.4      8010400   0   1850      1009800
     8  0 1  95.62  9862.00 2   0.0 -62.5      9020400   0   1650      1010000
     9  0 1  94.22  9910.00 2   0.0 -61.6     10030000   0   1550      1009600
    10  0 1  94.22 10009.00 2   0.0 -60.9     11039950   0   1950      1009950
    11  0 1  95.27 10015.00 2   0.0 -59.4     13059850   0   1700      2019900
    12  0 1  94.92  9812.50 2   0.0 -58.4     14070000   0   1600      1010150
    13  0 1  95.62 10088.50 2   0.0 -57.5     15089900   0   1700      1019900
    14  0 1  94.92  9910.00 2   0.0 -56.9     16110050   0   1550      1020150
    15  0 1  95.62  9967.00 2   0.0 -55.9     17129600   0   1850      1019550
    16  0 1  95.27  9898.00 2   0.0 -55.3     18149500   0   1900      1019900
    17  0 1  95.27  9988.00 2   0.0 -54.4     19169800   0   2000      1020300
    18  0 1  95.62 10093.00 2   0.0 -53.8     20189800   0   1600      1020000
    19  0 1  94.92  9961.00 2   0.0 -53.1     21210050   0   1600      1020250
    20  0 1  95.62 10024.00 2   0.0 -51.6     23270200   0   2000      2060150
    21  0 1  94.57 10099.00 2   0.0 -50.6     24300350   0   1850      1030150
    22  0 1  94.22 10057.00 2   0.0 -50.0     25330050   0   1950      1029700
    23  0 1  95.62 10027.00 2   0.0 -49.4     26360400   0   1800      1030350
    24  0 1  95.62  9799.00 2   0.0 -48.4     27390500   0   1600      1030100
    25  0 1  94.22  9821.50 2   0.0 -47.8     28420900   0   1600      1030400
    26  0 1  95.27 10006.00 2   0.0 -47.2     29381350   0   1950       960450
    27  0 1  94.22  9934.00 2   0.0 -46.6     30341800   0   1750       960450
    28  0 1  95.62 10019.50 2   0.0 -45.9     31301900   0   1800       960100
    29  0 1  94.92 10120.00 2   0.0 -44.4     33221900   0   1950      1920000
    30  0 1  94.22  9946.00 2   0.0 -43.8     34182000   0   1950       960100
    31  0 1  94.92  9979.00 2   0.0 -43.1     35142100   0   1550       960100
    32  0 1  95.27 10156.00 2   0.0 -42.5     36112000   0   1650       969900
    33  0 1  95.27 10172.50 2   0.0 -41.9     37081700   0   1750       969700
    34  0 1  94.22 10126.00 2   0.0 -41.6     38051550   0   1550       969850
    35  0 1  95.62  9979.00 2   0.0 -40.9     39022000   0   1650       970450
    36  0 1  94.22  9904.00 2   0.0 -40.3     39991850   0   1800       969850
    37  0 1  95.27 10190.50 2   0.0 -39.7     40961400   0   1650       969550
    38  0 1  94.57  9886.00 2   0.0 -38.8     42911450   0   1900      1950050
    39  0 1  95.27 10063.00 2   0.0 -38.1     43891650   0   1850       980200
    40  0 1  94.22  9965.50 2   0.0 -37.5     44872100   0   1850       980450
    41  0 1  95.62  9979.00 2   0.0 -37.2     45851850   0   1800       979750
    42  0 1  95.62  9974.50 2   0.0 -36.6     46832100   0   1700       980250
    43  0 1  94.92 10009.00 2   0.0 -36.3     47812050   0   1600       979950
    44  0 1  94.92  9958.00 2   0.0 -35.9     48792200   0   1700       980150
    45  0 1  94.57  9997.00 2   0.0 -35.3     49782650   0   1550       990450
    46  0 1  95.62  9853.00 2   0.0 -35.0     50772600   0   1650       989950
    47  0 1  95.27  9910.00 2   0.0 -34.1     52751950   0   1700      1979350
    48  0 1  94.57 10153.00 2   0.0 -33.8     53741600   0   2000       989650
    49  0 1  94.92 10127.50 2   0.0 -33.4     54731900   0   1650       990300
    50  0 1  94.22  9880.00 2   0.0 -33.1     55722100   0   1850       990200
    51  0 1  94.92  9814.00 2   0.0 -32.8     56722550   0   2000      1000450
    52  0 1  94.92 10090.00 2   0.0 -32.5     57722300   0   1950       999750
    53  0 1  94.92 10145.50 2   0.0 -32.2     58722500   0   1850      1000200
    54  0 1  94.92 10141.00 2   0.0 -31.9     59722800   0   1550      1000300
    55  0 1  94.22 10132.00 2   0.0 -31.6     60722700   0   1900       999900
    56  0 1  94.22 10120.00 2   0.0 -31.3     62722800   0   1650      2000100
    57  0 1  94.92 10063.00 2   0.0 -30.9     63733100   0   1800      1010300
    58  0 1  94.22 10069.00 2   0.0 -30.9     64743050   0   1550      1009950
    59  0 1  95.62 10187.50 2   0.0 -30.6     65753450   0   1800      1010400
    60  0 1  94.22  9874.00 2   0.0 -30.6     66763350   0   1550      1009900
    61  0 1  95.27 10163.50 2   0.0 -30.3     67773650   0   1600      1010300
    62  0 1  94.57  9961.00 2   0.0 -30.3     68783350   0   1900      1009700
    63  0 1  94.92  9922.00 2   0.0 -30.3     69792900   0   1950      1009550
    64  0 1  94.57  9853.00 2   0.0 -30.0     70813100   0   1900      1020200
    65  0 1  94.22 10174.00 2   0.0 -30.0     72852200   0   1900      2039100
    66  0 1  94.57  9896.50 2   0.0 -30.0     73872650   0   1900      1020450
    67  0 1  94.57  9800.50 2   0.0 -30.0     74892900   0   2000      1020250
    68  0 1  94.92  9926.50 2   0.0 -30.0     75912700   0   1650      1019800
    69  0 1  94.92 10088.50 2   0.0 -30.0     76932700   0   1950      1020000
    70  0 1  94.22  9904.00 2   0.0 -30.0     77963150   0   1700      1030450
    71  0 1  94.22  9895.00 2   0.0 -30.0     78993050   0   1550      1029900
    72  0 1  94.92 10169.50 2   0.0 -30.3     80022700   0   1650      1029650
    73  0 1  94.22  9871.00 2   0.0 -30.3     81052300   0   1850      1029600
    74  0 1  94.22 10027.00 2   0.0 -30.6     83112500   0   1800      2060200
    75  0 1  94.57 10186.00 2   0.0 -30.6     84142800   0   1550      1030300
    76  0 1  94.22  9997.00 2   0.0 -30.9     85102500   0   1900       959700
    77  0 1  94.22  9862.00 2   0.0 -30.9     86062750   0   1850       960250
    78  0 1  95.27  9812.50 2   0.0 -31.3     87023000   0   1800       960250
    79  0 1  95.27 10060.00 2   0.0 -31.6     87982900   0   1950       959900
    80  0 1  94.57  9935.50 2   0.0 -31.6     88942750   0   1600       959850
    81  0 1  94.22 10057.00 2   0.0 -31.9     89902500   0   1600       959750
    82  0 1  94.92 10072.00 2   0.0 -32.2     90862600   0   1800       960100
    83  0 1  95.62 10099.00 2   0.0 -32.8     92803100   0   1950      1940500
    84  0 1  95.62  9991.00 2   0.0 -33.1     93773450   0   1900       970350
    85  0 1  94.22  9808.00 2   0.0 -33.4     94743550   0   2000       970100
    86  0 1  94.57 10120.00 2   0.0 -33.8     95714000   0   2000       970450
    87  0 1  95.62  9955.00 2   0.0 -34.1     96684400   0   1550       970400
    88  0 1  95.62 10189.00 2   0.0 -34.7     97654800   0   1900       970400
    89  0 1  95.62  9967.00 2   0.0 -35.0     98634650   0   1850       979850
    90  0 1  94.22  9841.00 2   0.0 -35.3     99614850   0   1800       980200
    91  0 1  94.92  9965.50 2   0.0 -35.9    100594950   0   1900       980100
    92  0 1  94.92  9935.50 2   0.0 -36.6    102554300   0   1650      1959350
    93  0 1  94.22 10042.00 2   0.0 -37.2    103534400   0   1800       980100
    94  0 1  94.92  9959.50 2   0.0 -37.5    104514300   0   1950       979900
    95  0 1  95.62 10048.00 2   0.0 -38.1    105503900   0   1800       989600
    96  0 1  94.57 10115.50 2   0.0 -38.8    106494350   0   1750       990450
    97  0 1  94.57  9832.00 2   0.0 -39.1    107484750   0   1700       990400
    98  0 1  94.92 10195.00 2   0.0 -39.7    108474450   0   1700       989700
    99  0 1  95.27 10150.00 2   0.0 -40.3    109464450   0   1600       990000
   100  0 1  94.57  9925.00 2   0.0 -40.9    110454650   0   1950       990200
   101  0 1  95.62 10000.00 2   0.0 -41.9    112445450   0   1650      1990800
   102  0 1  94.92 10018.00 2   0.0 -42.5    113445000   0   1800       999550
   103  0 1  94.92 10189.00 2   0.0 -43.1    114444900   0   1950       999900
   104  0 1  94.22  9911.50 2   0.0 -43.8    115445200   0   1650      1000300
   105  0 1  95.27  9947.50 2   0.0 -44.4    116445300   0   2000      1000100
   106  0 1  95.27  9898.00 2   0.0 -45.0    117445750   0   1550      1000450
   107  0 1  94.22  9889.00 2   0.0 -45.9    118445450   0   1600       999700
   108  0 1  94.57 10004.50 2   0.0 -46.6    119455850   0   1550      1010400
   109  0 1  95.27 10186.00 2   0.0 -47.2    120466200   0   1850      1010350
   110  0 1  95.27 10081.00 2   0.0 -48.4    122485800   0   1550      2019600
   111  0 1  94.92  9937.00 2   0.0 -49.4    123495650   0   2000      1009850
   112  0 1  94.22 10054.00 2   0.0 -50.0    124505800   0   1950      1010150
   113  0 1  95.62  9814.00 2   0.0 -50.6    125515500   0   1750      1009700
   114  0 1  94.57  9929.50 2   0.0 -51.6    126535650   0   1900      1020150
   115  0 1  94.22 10051.00 2   0.0 -52.2    127555400   0   1850      1019750
   116  0 1  94.92 10174.00 2   0.0 -53.1    128575600   0   1650      1020200
   117  0 1  94.57  9946.00 2   0.0 -53.8    129595900   0   1650      1020300
   118  0 1  95.27 10163.50 2   0.0 -54.4    130616200   0   1600      1020300
   119  0 1  94.57 10180.00 2   0.0 -55.9    132656350   0   1600      2040150
   120  0 1  94.92 10028.50 2   0.0 -56.9    133686800   0   1950      1030450
   121  0 1  95.27 10153.00 2   0.0 -57.5    134716450   0   1750      1029650
   122  0 1  95.62  9823.00 2   0.0 -58.4    135746400   0   1550      1029950
   123  0 1  94.92  9898.00 2   0.0 -59.4    136776700   0   1900      1030300
   124  0 1  94.57  9847.00 2   0.0 -60.0    137806450   0   1550      1029750
   125  0 1  95.62  9877.00 2   0.0 -60.9    138836450   0   1800      1030000
   126  0 1  94.57 10012.00 2   0.0 -61.6    139866900   0   1550      1030450
   127  0 1  94.92  9979.00 2   0.0 -62.5    140826600   0   1550       959700
   128  0 1  94.57 10100.50 2   0.0 -64.1    142746600   0   2000      1920000
   129  0 1  94.22 10037.50 2   0.0 -65.0    143706100   0   1800       959500
   130  0 1  95.62  9965.50 2   0.0 -65.9    144666050   0   1650       959950
   131  0 1  94.92 10118.50 2   0.0 -66.6    145625950   0   2000       959900
   132  0 1  94.92 10019.50 2   0.0 -67.5    146586000   0   1900       960050
   133  0 1  94.92  9913.00 2   0.0 -68.4    147555900   0   1550       969900
   134  0 1  94.22 10018.00 2   0.0 -69.1    148525400   0   1850       969500
