    NO  S V  AOA    FREQ    B  FMOP  AMP      TOA      PMOP  PW         dTOA  
------ -- - ------ -------- - ----- ----- ------------ --- ------ ------------
     0  0 1  95.62 10045.00 2   0.0 -70.0            0   0   1550  42949673000
     1  0 1  94.57 10166.50 2   0.0 -69.1      1020300   0   1550      1020300
     2  0 1  94.22  9847.00 2   0.0 -68.4      2040350   0   1850      1020050
     3  0 1  95.62 10063.00 2   0.0 -67.5      3060350   0   1750      1020000
     4  0 1  94.57  9998.50 2   0.0 -66.6      4080200   0   1950      1019850
     5  0 1  94.22  9943.00 2   0.0 -65.9      5100600   0   1950      1020400
     6  0 1  94.57 10198.00 2   0.0 -65.0      6121050   0   1550      1020450
     7  0 1  94.22 10021.00 2   0.0 -63.4      8171300   0   1700      2050250
     8  0 1  94.57  9982.00 2   0.0 -62.5      9201300   0   2000      1030000
     9  0 1  94.92  9985.00 2   0.0 -61.6     10231750   0   1750      1030450
    10  0 1  95.27 10139.50 2   0.0 -60.9     11261450   0   1900      1029700
    11  0 1  94.92  9872.50 2   0.0 -60.0     12291200   0   1650      1029750
    12  0 1  94.92 10187.50 2   0.0 -59.4     13321050   0   1550      1029850
    13  0 1  94.22 10165.00 2   0.0 -58.4     14351400   0   1650      1030350
    14  0 1  95.27 10118.50 2   0.0 -57.5     15311200   0   1750       959800
    15  0 1  94.22  9868.00 2   0.0 -56.9     16270850   0   1650       959650
    16  0 1  95.62 10168.00 2   0.0 -55.3     18191100   0   1600      1920250
    17  0 1  94.57 10091.50 2   0.0 -54.4     19151500   0   1750       960400
    18  0 1  94.22 10162.00 2   0.0 -53.8     20111500   0   1700       960000
    19  0 1  94.57 10114.00 2   0.0 -53.1     21071650   0   1650       960150
    20  0 1  95.27  9823.00 2   0.0 -52.2     22041150   0   1900       969500
    21  0 1  94.22 10018.00 2   0.0 -51.6     23010800   0   1950       969650
    22  0 1  95.27  9923.50 2   0.0 -50.6     23980950   0   1900       970150
    23  0 1  94.22  9991.00 2   0.0 -50.0     24951300   0   1750       970350
    24  0 1  95.27  9946.00 2   0.0 -49.4     25921750   0   1700       970450
    25  0 1  94.22  9850.00 2   0.0 -47.8     27861600   0   1650      1939850
    26  0 1  94.22 10102.00 2   0.0 -47.2     28841300   0   1900       979700
    27  0 1  95.62 10183.00 2   0.0 -46.6     29821250   0   1750       979950
    28  0 1  94.57 10189.00 2   0.0 -45.9     30801400   0   1700       980150
    29  0 1  95.62  9974.50 2   0.0 -45.0     31781300   0   1650       979900
    30  0 1  94.92 10081.00 2   0.0 -44.4     32760950   0   1800       979650
    31  0 1  94.22  9913.00 2   0.0 -43.8     33741250   0   1800       980300
    32  0 1  95.62  9979.00 2   0.0 -43.1     34721650   0   1950       980400
    33  0 1  94.92  9935.50 2   0.0 -42.5     35711700   0   1650       990050
    34  0 1  94.22 10012.00 2   0.0 -41.6     37690800   0   1950      1979100
    35  0 1  95.27  9953.50 2   0.0 -40.9     38681200   0   1650       990400
    36  0 1  94.57  9965.50 2   0.0 -40.3     39670750   0   1900       989550
    37  0 1  94.92 10087.00 2   0.0 -39.7     40661100   0   1800       990350
    38  0 1  94.57 10096.00 2   0.0 -39.1     41650900   0   2000       989800
    39  0 1  95.27 10094.50 2   0.0 -38.8     42650800   0   1700       999900
    40  0 1  94.92  9970.00 2   0.0 -38.1     43650600   0   1900       999800
    41  0 1  94.57 10087.00 2   0.0 -37.5     44650450   0   1800       999850
    42  0 1  95.27 10144.00 2   0.0 -37.2     45650350   0   2000       999900
    43  0 1  94.57  9862.00 2   0.0 -36.3     47650200   0   1900      1999850
    44  0 1  95.27 10051.00 2   0.0 -35.9     48649900   0   1650       999700
    45  0 1  95.27  9844.00 2   0.0 -35.3     49659400   0   1900      1009500
    46  0 1  95.62 10141.00 2   0.0 -35.0     50669600   0   2000      1010200
    47  0 1  94.22  9964.00 2   0.0 -34.7     51679450   0   1750      1009850
    48  0 1  94.57 10084.00 2   0.0 -34.1     52689600   0   1950      1010150
    49  0 1  94.57  9974.50 2   0.0 -33.8     53699800   0   1900      1010200
    50  0 1  94.57 10141.00 2   0.0 -33.4     54709350   0   1650      1009550
    51  0 1  94.92  9970.00 2   0.0 -33.1     55719700   0   1850      1010350
    52  0 1  95.27 10123.00 2   0.0 -32.5     57760200   0   1750      2040500
    53  0 1  94.92  9817.00 2   0.0 -32.2     58779750   0   1850      1019550
    54  0 1  94.92 10051.00 2   0.0 -31.9     59800000   0   1600      1020250
    55  0 1  95.62 10057.00 2   0.0 -31.6     60819750   0   1650      1019750
    56  0 1  94.57  9914.50 2   0.0 -31.6     61840150   0   1650      1020400
    57  0 1  95.62  9853.00 2   0.0 -31.3     62860150   0   1750      1020000
    58  0 1  95.27  9875.50 2   0.0 -30.9     63890250   0   1550      1030100
    59  0 1  95.62 10084.00 2   0.0 -30.9     64919800   0   1700      1029550
    60  0 1  94.22  9823.00 2   0.0 -30.6     65949450   0   1550      1029650
    61  0 1  94.57 10160.50 2   0.0 -30.3     68009750   0   1650      2060300
    62  0 1  94.92 10031.50 2   0.0 -30.3     69039700   0   2000      1029950
    63  0 1  95.62  9835.00 2   0.0 -30.3     70069250   0   1900      1029550
    64  0 1  94.22  9895.00 2   0.0 -30.0     71028900   0   1800       959650
    65  0 1  95.27  9868.00 2   0.0 -30.0     71989350   0   1700       960450
    66  0 1  95.27  9920.50 2   0.0 -30.0     72949150   0   1850       959800
    67  0 1  95.27 10021.00 2   0.0 -30.0     73909300   0   2000       960150
    68  0 1  94.22  9856.00 2   0.0 -30.0     74869400   0   1950       960100
    69  0 1  94.57  9950.50 2   0.0 -30.0     75829050   0   1650       959650
    70  0 1  94.22  9904.00 2   0.0 -30.0     77759300   0   1750      1930250
    71  0 1  95.62 10028.50 2   0.0 -30.0     78729750   0   1950       970450
    72  0 1  94.22  9895.00 2   0.0 -30.3     79700100   0   1700       970350
    73  0 1  95.27  9929.50 2   0.0 -30.3     80669950   0   1900       969850
    74  0 1  95.62 10025.50 2   0.0 -30.3     81640150   0   1550       970200
    75  0 1  95.27 10030.00 2   0.0 -30.6     82610250   0   1600       970100
    76  0 1  94.92  9826.00 2   0.0 -30.6     83580250   0   1800       970000
    77  0 1  94.22 10051.00 2   0.0 -30.9     84560250   0   1600       980000
    78  0 1  95.27  9851.50 2   0.0 -30.9     85540300   0   1700       980050
    79  0 1  94.22  9973.00 2   0.0 -31.6     87499900   0   1750      1959600
    80  0 1  94.22  9989.50 2   0.0 -31.6     88479800   0   1700       979900
    81  0 1  95.27  9812.50 2   0.0 -31.9     89460050   0   1600       980250
    82  0 1  94.22  9932.50 2   0.0 -32.2     90440050   0   1750       980000
    83  0 1  95.27  9820.00 2   0.0 -32.5     91430050   0   1650       990000
    84  0 1  94.57 10150.00 2   0.0 -32.8     92420250   0   1550       990200
    85  0 1  94.22  9901.00 2   0.0 -33.1     93410500   0   1950       990250
    86  0 1  95.27  9868.00 2   0.0 -33.4     94400200   0   1600       989700
    87  0 1  94.92  9917.50 2   0.0 -33.8     95390200   0   1800       990000
    88  0 1  94.22  9910.00 2   0.0 -34.7     97370600   0   2000      1980400
    89  0 1  95.62  9887.50 2   0.0 -35.0     98370100   0   1550       999500
    90  0 1  94.92 10193.50 2   0.0 -35.3     99369950   0   1600       999850
    91  0 1  94.22  9850.00 2   0.0 -35.9    100369700   0   1550       999750
    92  0 1  94.92 10165.00 2   0.0 -36.3    101370050   0   1800      1000350
    93  0 1  95.62 10090.00 2   0.0 -36.6    102370500   0   1900      1000450
    94  0 1  95.27  9961.00 2   0.0 -37.2    103370400   0   1600       999900
    95  0 1  94.57 10198.00 2   0.0 -37.5    104370300   0   2000       999900
    96  0 1  95.62  9961.00 2   0.0 -38.1    105379800   0   1600      1009500
    97  0 1  95.27  9845.50 2   0.0 -39.1    107399100   0   1550      2019300
    98  0 1  94.92 10091.50 2   0.0 -39.7    108409500   0   1650      1010400
    99  0 1  94.57 10019.50 2   0.0 -40.3    109419050   0   1550      1009550
   100  0 1  94.57 10087.00 2   0.0 -40.9    110428950   0   1600      1009900
   101  0 1  94.92 10055.50 2   0.0 -41.6    111438650   0   1650      1009700
   102  0 1  94.22 10193.50 2   0.0 -41.9    112459050   0   1700      1020400
   103  0 1  94.92 10177.00 2   0.0 -42.5    113479000   0   1550      1019950
   104  0 1  95.62  9886.00 2   0.0 -43.1    114498900   0   1650      1019900
   105  0 1  94.22 10132.00 2   0.0 -43.8    115519200   0   1550      1020300
   106  0 1  94.57 10177.00 2   0.0 -45.0    117559600   0   1600      2040400
   107  0 1  95.27  9838.00 2   0.0 -45.9    118579850   0   1750      1020250
   108  0 1  94.22 10042.00 2   0.0 -46.6    119609450   0   1600      1029600
   109  0 1  94.57 10157.50 2   0.0 -47.2    120639700   0   1800      1030250
   110  0 1  94.92  9973.00 2   0.0 -47.8    121669850   0   1800      1030150
   111  0 1  94.57 10174.00 2   0.0 -48.4    122699900   0   1700      1030050
   112  0 1  95.27  9805.00 2   0.0 -49.4    123729500   0   1900      1029600
   113  0 1  94.92 10006.00 2   0.0 -50.0    124759650   0   1850      1030150
   114  0 1  94.57 10049.50 2   0.0 -50.6    125789650   0   1550      1030000
   115  0 1  94.22 10042.00 2   0.0 -52.2    127708700   0   1700      1919050
   116  0 1  94.92 10052.50 2   0.0 -53.1    128669000   0   1600       960300
   117  0 1  94.92  9938.50 2   0.0 -53.8    129629100   0   1700       960100
   118  0 1  94.22  9853.00 2   0.0 -54.4    130589100   0   1650       960000
   119  0 1  94.92 10193.50 2   0.0 -55.3    131549400   0   1900       960300
   120  0 1  94.57 10045.00 2   0.0 -55.9    132509000   0   1550       959600
   121  0 1  94.92 10054.00 2   0.0 -56.9    133479350   0   1850       970350
   122  0 1  95.62  9958.00 2   0.0 -57.5    134449350   0   1950       970000
   123  0 1  95.62 10186.00 2   0.0 -58.4    135419100   0   1650       969750
   124  0 1  94.57 10052.50 2   0.0 -60.0    137358600   0   1850      1939500
   125  0 1  95.62 10030.00 2   0.0 -60.9    138328500   0   1600       969900
   126  0 1  94.57 10057.00 2   0.0 -61.6    139298050   0   1550       969550
   127  0 1  94.92  9970.00 2   0.0 -62.5    140277600   0   2000       979550
   128  0 1  95.62  9839.50 2   0.0 -63.4    141257850   0   1600       980250
   129  0 1  95.62  9838.00 2   0.0 -64.1    142238100   0   1650       980250
   130  0 1  94.57  9806.50 2   0.0 -65.0    143218250   0   1550       980150
   131  0 1  94.57  9850.00 2   0.0 -65.9    144197750   0   1600       979500
   132  0 1  95.62 10160.50 2   0.0 -66.6    145177600   0   1900       979850
   133  0 1  94.22  9970.00 2   0.0 -68.4    147147750   0   1550      1970150
   134  0 1  94.22  9926.50 2   0.0 -69.1    148137750   0   1850       990000
