    NO  S V  AOA    FREQ    B  FMOP  AMP      TOA      PMOP  PW         dTOA  
------ -- - ------ -------- - ----- ----- ------------ --- ------ ------------
     0  0 1  94.22 10019.50 2   0.0 -70.0            0   0   2000  42949673000
     1  0 1  94.57 10135.00 2   0.0 -69.1       959550   0   1900       959550
     2  0 1  95.62 10036.00 2   0.0 -68.4      1919350   0   1800       959800
     3  0 1  94.92  9860.50 2   0.0 -67.5      2879550   0   1600       960200
     4  0 1  94.22 10096.00 2   0.0 -66.6      3839600   0   2000       960050
     5  0 1  95.27  9848.50 2   0.0 -65.9      4799100   0   1650       959500
     6  0 1  94.22  9806.50 2   0.0 -64.1      6718300   0   1800      1919200
     7  0 1  94.22 10060.00 2   0.0 -63.4      7687900   0   1750       969600
     8  0 1  94.22  9902.50 2   0.0 -62.5      8658250   0   1850       970350
     9  0 1  94.92 10138.00 2   0.0 -61.6      9627950   0   1850       969700
    10  0 1  95.27  9853.00 2   0.0 -60.9     10598050   0   1650       970100
    11  0 1  94.57  9896.50 2   0.0 -60.0     11567700   0   1850       969650
    12  0 1  95.27 10060.00 2   0.0 -59.4     12537250   0   1550       969550
    13  0 1  95.62  9952.00 2   0.0 -58.4     13507550   0   1650       970300
    14  0 1  94.22  9947.50 2   0.0 -57.5     14487850   0   1950       980300
    15  0 1  95.62 10069.00 2   0.0 -55.9     16447600   0   2000      1959750
    16  0 1  95.62 10112.50 2   0.0 -55.3     17427600   0   2000       980000
    17  0 1  94.92  9799.00 2   0.0 -54.4     18407600   0   1900       980000
    18  0 1  95.27  9937.00 2   0.0 -53.8     19387850   0   1700       980250
    19  0 1  94.57  9850.00 2   0.0 -53.1     20368300   0   1700       980450
    20  0 1  95.62 10123.00 2   0.0 -52.2     21358700   0   1600       990400
    21  0 1  95.27  9859.00 2   0.0 -51.6     22348200   0   1600       989500
    22  0 1  95.27 10045.00 2   0.0 -50.6     23338150   0   1950       989950
    23  0 1  94.57 10139.50 2   0.0 -50.0     24327800   0   1650       989650
    24  0 1  95.27 10141.00 2   0.0 -48.4     26307850   0   1650      1980050
    25  0 1  95.62  9818.50 2   0.0 -47.8     27297900   0   1600       990050
    26  0 1  95.62  9982.00 2   0.0 -47.2     28297500   0   1900       999600
    27  0 1  94.92 10124.50 2   0.0 -46.6     29297800   0   1800      1000300
    28  0 1  95.27  9847.00 2   0.0 -45.9     30298000   0   1900      1000200
    29  0 1  94.92 10093.00 2   0.0 -45.0     31297650   0   1800       999650
    30  0 1  95.62 10039.00 2   0.0 -44.4     32297200   0   1950       999550
    31  0 1  94.22 10099.00 2   0.0 -43.8     33297650   0   1950      1000450
    32  0 1  95.27  9889.00 2   0.0 -43.1     34297900   0   2000      1000250
    33  0 1  95.27  9959.50 2   0.0 -41.9     36317650   0   2000      2019750
    34  0 1  95.62  9926.50 2   0.0 -41.6     37328000   0   1700      1010350
    35  0 1  94.22 10087.00 2   0.0 -40.9     38338250   0   1800      1010250
    36  0 1  94.57  9814.00 2   0.0 -40.3     39348200   0   1650      1009950
    37  0 1  94.92  9947.50 2   0.0 -39.7     40357800   0   1850      1009600
    38  0 1  94.92  9889.00 2   0.0 -39.1     41367500   0   1650      1009700
    39  0 1  95.27 10195.00 2   0.0 -38.8     42387300   0   1800      1019800
    40  0 1  94.22 10057.00 2   0.0 -38.1     43406800   0   1700      1019500
    41  0 1  94.22  9808.00 2   0.0 -37.5     44426850   0   1650      1020050
    42  0 1  95.27 10141.00 2   0.0 -36.6     46466700   0   1650      2039850
    43  0 1  95.27  9964.00 2   0.0 -36.3     47486550   0   1650      1019850
    44  0 1  95.62  9856.00 2   0.0 -35.9     48506850   0   1700      1020300
    45  0 1  94.22  9820.00 2   0.0 -35.3     49537300   0   1750      1030450
    46  0 1  94.22  9910.00 2   0.0 -35.0     50566850   0   2000      1029550
    47  0 1  95.27 10009.00 2   0.0 -34.7     51596350   0   1900      1029500
    48  0 1  95.27  9868.00 2   0.0 -34.1     52626650   0   1950      1030300
    49  0 1  94.57  9845.50 2   0.0 -33.8     53656200   0   1900      1029550
    50  0 1  94.92 10030.00 2   0.0 -33.4     54686200   0   1800      1030000
    51  0 1  95.27  9835.00 2   0.0 -32.8     56676450   0   1650      1990250
    52  0 1  95.27 10156.00 2   0.0 -32.5     57636000   0   1700       959550
    53  0 1  94.22 10090.00 2   0.0 -32.2     58595950   0   1850       959950
    54  0 1  95.62  9907.00 2   0.0 -31.9     59556200   0   1700       960250
    55  0 1  94.92 10174.00 2   0.0 -31.6     60516150   0   1950       959950
    56  0 1  95.62 10078.00 2   0.0 -31.6     61475950   0   1750       959800
    57  0 1  94.57  9821.50 2   0.0 -31.3     62435600   0   1900       959650
    58  0 1  94.92 10177.00 2   0.0 -30.9     63405850   0   1650       970250
    59  0 1  94.57 10133.50 2   0.0 -30.9     64375800   0   1750       969950
    60  0 1  94.92 10057.00 2   0.0 -30.6     66315800   0   1900      1940000
    61  0 1  94.57  9938.50 2   0.0 -30.3     67286050   0   1600       970250
    62  0 1  95.62 10150.00 2   0.0 -30.3     68256500   0   1600       970450
    63  0 1  95.62  9844.00 2   0.0 -30.3     69226050   0   2000       969550
    64  0 1  95.27 10091.50 2   0.0 -30.0     70206400   0   1750       980350
    65  0 1  94.57  9883.00 2   0.0 -30.0     71185900   0   1850       979500
    66  0 1  94.22  9850.00 2   0.0 -30.0     72165600   0   1750       979700
    67  0 1  95.62 10030.00 2   0.0 -30.0     73145150   0   1700       979550
    68  0 1  95.27  9874.00 2   0.0 -30.0     74125000   0   1550       979850
    69  0 1  95.27  9994.00 2   0.0 -30.0     76085100   0   1650      1960100
    70  0 1  95.62 10108.00 2   0.0 -30.0     77074950   0   1700       989850
    71  0 1  94.57 10094.50 2   0.0 -30.0     78065300   0   1750       990350
    72  0 1  95.27  9812.50 2   0.0 -30.3     79055350   0   1550       990050
    73  0 1  95.27  9994.00 2   0.0 -30.3     80045000   0   1650       989650
    74  0 1  95.27  9815.50 2   0.0 -30.3     81034850   0   1700       989850
    75  0 1  95.27 10147.00 2   0.0 -30.6     82025000   0   1800       990150
    76  0 1  94.92  9943.00 2   0.0 -30.6     83015300   0   1600       990300
    77  0 1  94.92 10147.00 2   0.0 -30.9     84015000   0   2000       999700
    78  0 1  95.62 10163.50 2   0.0 -31.3     86015300   0   2000      2000300
    79  0 1  94.92  9815.50 2   0.0 -31.6     87015650   0   1600      1000350
    80  0 1  94.22 10087.00 2   0.0 -31.6     88015300   0   1550       999650
    81  0 1  95.62 10084.00 2   0.0 -31.9     89015350   0   1750      1000050
    82  0 1  95.27 10097.50 2   0.0 -32.2     90015100   0   2000       999750
    83  0 1  95.62  9967.00 2   0.0 -32.5     91025000   0   1900      1009900
    84  0 1  94.92 10063.00 2   0.0 -32.8     92035000   0   1850      1010000
    85  0 1  94.22  9995.50 2   0.0 -33.1     93044800   0   1700      1009800
    86  0 1  94.92  9961.00 2   0.0 -33.4     94055000   0   1600      1010200
    87  0 1  95.27 10150.00 2   0.0 -34.1     96075250   0   1900      2020250
    88  0 1  95.27  9914.50 2   0.0 -34.7     97084800   0   1850      1009550
    89  0 1  94.57  9862.00 2   0.0 -35.0     98105200   0   1600      1020400
    90  0 1  94.57  9835.00 2   0.0 -35.3     99124700   0   1550      1019500
    91  0 1  94.57  9871.00 2   0.0 -35.9    100144850   0   1600      1020150
    92  0 1  94.22  9959.50 2   0.0 -36.3    101164550   0   1700      1019700
    93  0 1  94.57  9869.50 2   0.0 -36.6    102184550   0   2000      1020000
    94  0 1  95.62 10195.00 2   0.0 -37.2    103204350   0   1750      1019800
    95  0 1  94.22  9832.00 2   0.0 -37.5    104224500   0   1650      1020150
    96  0 1  95.62  9983.50 2   0.0 -38.8    106284400   0   1600      2059900
    97  0 1  95.27 10196.50 2   0.0 -39.1    107314700   0   1950      1030300
    98  0 1  94.22 10103.50 2   0.0 -39.7    108344550   0   1850      1029850
    99  0 1  94.92  9950.50 2   0.0 -40.3    109374850   0   1600      1030300
   100  0 1  94.57  9949.00 2   0.0 -40.9    110404600   0   1650      1029750
   101  0 1  95.27  9970.00 2   0.0 -41.6    111434950   0   1850      1030350
   102  0 1  94.92  9979.00 2   0.0 -41.9    112394500   0   1550       959550
   103  0 1  94.22 10118.50 2   0.0 -42.5    113354850   0   1850       960350
   104  0 1  94.57  9833.50 2   0.0 -43.1    114314350   0   1900       959500
   105  0 1  95.62  9988.00 2   0.0 -44.4    116235000   0   1900      1920650
   106  0 1  94.92 10043.50 2   0.0 -45.0    117194600   0   1650       959600
   107  0 1  94.57  9806.50 2   0.0 -45.9    118154950   0   1550       960350
   108  0 1  94.57 10010.50 2   0.0 -46.6    119125050   0   1950       970100
   109  0 1  94.22  9889.00 2   0.0 -47.2    120095300   0   1650       970250
   110  0 1  95.62 10132.00 2   0.0 -47.8    121065450   0   1550       970150
   111  0 1  94.22  9838.00 2   0.0 -48.4    122035050   0   1650       969600
   112  0 1  95.27  9803.50 2   0.0 -49.4    123004650   0   1800       969600
   113  0 1  94.57  9829.00 2   0.0 -50.0    123974650   0   1800       970000
   114  0 1  94.92  9874.00 2   0.0 -51.6    125924650   0   1750      1950000
   115  0 1  95.62  9802.00 2   0.0 -52.2    126904350   0   1600       979700
   116  0 1  94.57 10084.00 2   0.0 -53.1    127884350   0   1850       980000
   117  0 1  95.62  9808.00 2   0.0 -53.8    128864100   0   1750       979750
   118  0 1  95.27 10015.00 2   0.0 -54.4    129843650   0   1550       979550
   119  0 1  94.92  9970.00 2   0.0 -55.3    130823300   0   1750       979650
   120  0 1  94.57  9943.00 2   0.0 -55.9    131803200   0   1750       979900
   121  0 1  94.22 10004.50 2   0.0 -56.9    132793000   0   1900       989800
   122  0 1  95.27 10157.50 2   0.0 -57.5    133783200   0   1850       990200
   123  0 1  94.22 10109.50 2   0.0 -59.4    135762950   0   1600      1979750
   124  0 1  95.27  9841.00 2   0.0 -60.0    136752600   0   1550       989650
   125  0 1  94.57 10033.00 2   0.0 -60.9    137742200   0   1900       989600
   126  0 1  95.62 10052.50 2   0.0 -61.6    138732650   0   1900       990450
   127  0 1  94.92 10162.00 2   0.0 -62.5    139733000   0   1950      1000350
   128  0 1  94.92  9949.00 2   0.0 -63.4    140733250   0   1600      1000250
   129  0 1  95.62 10111.00 2   0.0 -64.1    141732850   0   1650       999600
   130  0 1  95.27  9976.00 2   0.0 -65.0    142732550   0   1550       999700
   131  0 1  94.22 10142.50 2   0.0 -65.9    143732350   0   1600       999800
   132  0 1  94.57  9871.00 2   0.0 -67.5    145732900   0   1900      2000550
   133  0 1  95.27 10121.50 2   0.0 -68.4    146743050   0   1800      1010150
   134  0 1  94.57 10045.00 2   0.0 -69.1    147752550   0   1550      1009500
