    NO  S V  AOA    FREQ    B  FMOP  AMP      TOA      PMOP  PW         dTOA  
------ -- - ------ -------- - ----- ----- ------------ --- ------ ------------
     0  0 1  94.57 10027.00 2   0.0 -70.0            0   0   1950  42949673000
     1  0 1  95.62 10027.00 2   0.0 -69.4       959500   0   1900       959500
     2  0 1  94.92 10025.50 2   0.0 -68.1      2880100   0   1950      1920600
     3  0 1  94.57 10025.50 2   0.0 -67.5      3840200   0   1950       960100
     4  0 1  95.27 10027.00 2   0.0 -66.9      4800400   0   1900       960200
     5  0 1  94.57 10025.50 2   0.0 -66.3      5749900   0   1750       949500
     6  0 1  95.62 10025.50 2   0.0 -65.6      6700200   0   1800       950300
     7  0 1  95.27 10027.00 2   0.0 -65.0      7650400   0   1900       950200
     8  0 1  94.22 10027.00 2   0.0 -64.4      8600250   0   1650       949850
     9  0 1  95.27 10025.50 2   0.0 -63.8      9550700   0   2050       950450
    10  0 1  94.92 10027.00 2   0.0 -63.1     10490600   0   2100       939900
    11  0 1  94.57 10027.00 2   0.0 -61.9     12371150   0   1650      1880550
    12  0 1  94.92 10025.50 2   0.0 -61.3     13311250   0   1700       940100
    13  0 1  95.27 10027.00 2   0.0 -60.6     14251300   0   2050       940050
    14  0 1  94.22 10025.50 2   0.0 -60.0     15181050   0   1800       929750
    15  0 1  94.57 10027.00 2   0.0 -59.4     16110650   0   1650       929600
    16  0 1  94.57 10027.00 2   0.0 -58.8     17041050   0   1750       930400
    17  0 1  94.22 10025.50 2   0.0 -58.1     17970900   0   1650       929850
    18  0 1  94.22 10027.00 2   0.0 -57.5     18900400   0   1800       929500
    19  0 1  94.57 10027.00 2   0.0 -57.2     19900550   0   2100      1000150
    20  0 1  95.62 10025.50 2   0.0 -55.9     21900150   0   1750      1999600
    21  0 1  94.92 10025.50 2   0.0 -55.3     22900400   0   1700      1000250
    22  0 1  94.57 10025.50 2   0.0 -54.7     23900550   0   2000      1000150
    23  0 1  94.57 10025.50 2   0.0 -54.1     24890750   0   2050       990200
    24  0 1  94.92 10027.00 2   0.0 -53.4     25880250   0   1900       989500
    25  0 1  94.57 10025.50 2   0.0 -53.1     26869900   0   1950       989650
    26  0 1  94.22 10025.50 2   0.0 -52.5     27860250   0   1700       990350
    27  0 1  94.57 10027.00 2   0.0 -51.9     28850450   0   2000       990200
    28  0 1  95.62 10027.00 2   0.0 -51.3     29830050   0   1800       979600
    29  0 1  95.62 10025.50 2   0.0 -50.3     31789600   0   1800      1959550
    30  0 1  94.22 10025.50 2   0.0 -49.7     32769850   0   1650       980250
    31  0 1  94.57 10027.00 2   0.0 -49.1     33749500   0   2100       979650
    32  0 1  94.22 10025.50 2   0.0 -48.4     34719800   0   1850       970300
    33  0 1  95.62 10027.00 2   0.0 -48.1     35689700   0   1800       969900
    34  0 1  94.57 10027.00 2   0.0 -47.5     36659800   0   1750       970100
    35  0 1  94.22 10025.50 2   0.0 -46.9     37629850   0   1650       970050
    36  0 1  95.27 10027.00 2   0.0 -46.6     38599350   0   1700       969500
    37  0 1  95.27 10027.00 2   0.0 -45.9     39558900   0   2000       959550
    38  0 1  95.27 10027.00 2   0.0 -45.0     41478900   0   1700      1920000
    39  0 1  95.62 10027.00 2   0.0 -44.4     42438650   0   1750       959750
    40  0 1  94.22 10025.50 2   0.0 -44.1     43399100   0   2050       960450
    41  0 1  94.57 10027.00 2   0.0 -43.4     44349150   0   1700       950050
    42  0 1  95.27 10027.00 2   0.0 -43.1     45298700   0   2000       949550
    43  0 1  95.62 10027.00 2   0.0 -42.5     46248750   0   1750       950050
    44  0 1  95.27 10027.00 2   0.0 -42.2     47198400   0   1950       949650
    45  0 1  94.92 10027.00 2   0.0 -41.6     48147900   0   1950       949500
    46  0 1  94.92 10027.00 2   0.0 -41.3     49087450   0   1750       939550
    47  0 1  95.62 10027.00 2   0.0 -40.3     50966750   0   1750      1879300
    48  0 1  94.57 10025.50 2   0.0 -40.0     51906400   0   2000       939650
    49  0 1  94.92 10027.00 2   0.0 -39.7     52846750   0   1950       940350
    50  0 1  95.62 10027.00 2   0.0 -39.1     53776250   0   1900       929500
    51  0 1  95.27 10025.50 2   0.0 -38.8     54706600   0   1900       930350
    52  0 1  94.22 10027.00 2   0.0 -38.4     55636650   0   1700       930050
    53  0 1  95.62 10027.00 2   0.0 -38.1     56566650   0   1900       930000
    54  0 1  94.92 10027.00 2   0.0 -37.5     57496200   0   1850       929550
    55  0 1  95.27 10025.50 2   0.0 -37.2     58495950   0   1700       999750
    56  0 1  95.27 10027.00 2   0.0 -36.6     60496100   0   1800      2000150
    57  0 1  95.62 10027.00 2   0.0 -36.3     61496000   0   2100       999900
    58  0 1  94.92 10027.00 2   0.0 -35.9     62495850   0   1900       999850
    59  0 1  95.62 10027.00 2   0.0 -35.6     63485500   0   2050       989650
    60  0 1  94.22 10027.00 2   0.0 -35.3     64475550   0   1800       990050
    61  0 1  95.62 10027.00 2   0.0 -35.0     65465950   0   1700       990400
    62  0 1  94.57 10027.00 2   0.0 -34.7     66456250   0   1700       990300
    63  0 1  94.22 10025.50 2   0.0 -34.4     67446050   0   1650       989800
    64  0 1  94.22 10027.00 2   0.0 -34.1     68425700   0   1650       979650
    65  0 1  94.92 10025.50 2   0.0 -33.4     70386050   0   1850      1960350
    66  0 1  94.22 10025.50 2   0.0 -33.4     71365750   0   2100       979700
    67  0 1  94.57 10025.50 2   0.0 -33.1     72345600   0   2100       979850
    68  0 1  94.22 10027.00 2   0.0 -32.8     73316000   0   1850       970400
    69  0 1  94.92 10025.50 2   0.0 -32.5     74285600   0   1750       969600
    70  0 1  94.57 10027.00 2   0.0 -32.5     75255300   0   1700       969700
    71  0 1  94.92 10027.00 2   0.0 -32.2     76225650   0   2100       970350
    72  0 1  95.62 10027.00 2   0.0 -31.9     77195800   0   1900       970150
    73  0 1  94.22 10027.00 2   0.0 -31.9     78155800   0   1800       960000
    74  0 1  94.22 10027.00 2   0.0 -31.6     80075950   0   1700      1920150
    75  0 1  94.57 10027.00 2   0.0 -31.3     81036050   0   1650       960100
    76  0 1  94.57 10025.50 2   0.0 -31.3     81995550   0   1900       959500
    77  0 1  94.92 10025.50 2   0.0 -30.9     82945400   0   2100       949850
    78  0 1  94.57 10027.00 2   0.0 -30.9     83895500   0   2100       950100
    79  0 1  95.27 10025.50 2   0.0 -30.6     84845900   0   1650       950400
    80  0 1  94.22 10025.50 2   0.0 -30.6     85796350   0   1750       950450
    81  0 1  95.62 10027.00 2   0.0 -30.6     86746700   0   1700       950350
    82  0 1  94.92 10027.00 2   0.0 -30.3     87686600   0   1800       939900
    83  0 1  94.92 10025.50 2   0.0 -30.3     89566350   0   2050      1879750
    84  0 1  94.92 10027.00 2   0.0 -30.3     90506600   0   1650       940250
    85  0 1  95.27 10027.00 2   0.0 -30.0     91446350   0   2050       939750
    86  0 1  94.92 10025.50 2   0.0 -30.0     92376700   0   1700       930350
    87  0 1  94.22 10025.50 2   0.0 -30.0     93306600   0   1750       929900
    88  0 1  95.62 10025.50 2   0.0 -30.0     94236500   0   1900       929900
    89  0 1  94.22 10027.00 2   0.0 -30.0     95166850   0   1950       930350
