    NO  S V  AOA    FREQ    B  FMOP  AMP      TOA      PMOP  PW         dTOA  
------ -- - ------ -------- - ----- ----- ------------ --- ------ ------------
     0  0 1  94.92 10027.00 2   0.0 -70.0            0   0   1700  42949673000
     1  0 1  95.62 10025.50 2   0.0 -69.4       999750   0   1750       999750
     2  0 1  94.57 10027.00 2   0.0 -68.8      1999800   0   1900      1000050
     3  0 1  95.62 10027.00 2   0.0 -67.5      3999350   0   1750      1999550
     4  0 1  95.27 10025.50 2   0.0 -66.9      4999050   0   2000       999700
     5  0 1  94.22 10025.50 2   0.0 -66.3      5989300   0   2100       990250
     6  0 1  94.57 10025.50 2   0.0 -65.6      6979200   0   1850       989900
     7  0 1  95.62 10027.00 2   0.0 -65.0      7969550   0   1700       990350
     8  0 1  95.62 10027.00 2   0.0 -64.4      8959350   0   2050       989800
     9  0 1  95.27 10025.50 2   0.0 -63.8      9948850   0   1750       989500
    10  0 1  94.92 10027.00 2   0.0 -63.1     10928850   0   1850       980000
    11  0 1  94.92 10027.00 2   0.0 -62.5     11909300   0   1750       980450
    12  0 1  94.57 10027.00 2   0.0 -61.3     13868550   0   1950      1959250
    13  0 1  94.92 10025.50 2   0.0 -60.6     14848300   0   2050       979750
    14  0 1  94.57 10025.50 2   0.0 -60.0     15817800   0   1950       969500
    15  0 1  94.22 10027.00 2   0.0 -59.4     16787500   0   2000       969700
    16  0 1  95.62 10027.00 2   0.0 -58.8     17757900   0   1650       970400
    17  0 1  94.22 10027.00 2   0.0 -58.1     18727650   0   2100       969750
    18  0 1  95.27 10025.50 2   0.0 -57.5     19697600   0   1900       969950
    19  0 1  94.57 10027.00 2   0.0 -57.2     20657950   0   1650       960350
    20  0 1  95.27 10027.00 2   0.0 -56.6     21617950   0   1700       960000
    21  0 1  95.27 10025.50 2   0.0 -55.3     23537650   0   1700      1919700
    22  0 1  94.22 10027.00 2   0.0 -54.7     24497850   0   1700       960200
    23  0 1  94.22 10027.00 2   0.0 -54.1     25448250   0   1800       950400
    24  0 1  94.57 10027.00 2   0.0 -53.4     26398250   0   1950       950000
    25  0 1  95.27 10027.00 2   0.0 -53.1     27348050   0   2050       949800
    26  0 1  94.22 10027.00 2   0.0 -52.5     28297650   0   1750       949600
    27  0 1  95.62 10027.00 2   0.0 -51.9     29247800   0   1800       950150
    28  0 1  95.27 10027.00 2   0.0 -51.3     30187350   0   1900       939550
    29  0 1  94.57 10027.00 2   0.0 -50.6     31127050   0   1900       939700
    30  0 1  94.22 10027.00 2   0.0 -49.7     33006600   0   1800      1879550
    31  0 1  94.57 10027.00 2   0.0 -49.1     33946800   0   1700       940200
    32  0 1  95.62 10027.00 2   0.0 -48.4     34877000   0   2000       930200
    33  0 1  94.22 10027.00 2   0.0 -48.1     35806900   0   1700       929900
    34  0 1  94.92 10025.50 2   0.0 -47.5     36736650   0   1650       929750
    35  0 1  95.27 10025.50 2   0.0 -46.9     37666200   0   2000       929550
    36  0 1  94.22 10027.00 2   0.0 -46.6     38596550   0   1950       930350
    37  0 1  95.62 10027.00 2   0.0 -45.9     39596750   0   1800      1000200
    38  0 1  95.27 10027.00 2   0.0 -45.6     40597100   0   1700      1000350
    39  0 1  95.62 10025.50 2   0.0 -44.4     42597400   0   1650      2000300
    40  0 1  94.57 10027.00 2   0.0 -44.1     43597150   0   1700       999750
    41  0 1  94.57 10027.00 2   0.0 -43.4     44586800   0   1650       989650
    42  0 1  94.57 10027.00 2   0.0 -43.1     45577050   0   1650       990250
    43  0 1  94.92 10027.00 2   0.0 -42.5     46566650   0   2050       989600
    44  0 1  94.92 10027.00 2   0.0 -42.2     47556200   0   1950       989550
    45  0 1  94.92 10027.00 2   0.0 -41.6     48546500   0   2000       990300
    46  0 1  95.62 10025.50 2   0.0 -41.3     49526000   0   2100       979500
    47  0 1  95.62 10027.00 2   0.0 -40.9     50506350   0   1850       980350
    48  0 1  95.27 10027.00 2   0.0 -40.0     52466600   0   2100      1960250
    49  0 1  95.27 10027.00 2   0.0 -39.7     53446650   0   2050       980050
    50  0 1  95.62 10027.00 2   0.0 -39.1     54416400   0   1650       969750
    51  0 1  94.22 10027.00 2   0.0 -38.8     55386300   0   2050       969900
    52  0 1  94.22 10025.50 2   0.0 -38.4     56355850   0   1700       969550
    53  0 1  94.22 10025.50 2   0.0 -38.1     57326250   0   1750       970400
    54  0 1  95.27 10027.00 2   0.0 -37.5     58295900   0   2100       969650
    55  0 1  95.62 10027.00 2   0.0 -37.2     59256100   0   1900       960200
    56  0 1  94.92 10027.00 2   0.0 -36.9     60215900   0   2050       959800
    57  0 1  95.27 10025.50 2   0.0 -36.3     62135400   0   1650      1919500
    58  0 1  94.57 10027.00 2   0.0 -35.9     63095700   0   1650       960300
    59  0 1  95.27 10027.00 2   0.0 -35.6     64045350   0   2050       949650
    60  0 1  94.92 10025.50 2   0.0 -35.3     64995000   0   1950       949650
    61  0 1  94.57 10025.50 2   0.0 -35.0     65944550   0   1750       949550
    62  0 1  95.27 10027.00 2   0.0 -34.7     66894050   0   1950       949500
    63  0 1  94.22 10027.00 2   0.0 -34.4     67843950   0   1800       949900
    64  0 1  95.27 10025.50 2   0.0 -34.1     68783600   0   1900       939650
    65  0 1  94.57 10027.00 2   0.0 -33.8     69723650   0   1700       940050
    66  0 1  95.27 10027.00 2   0.0 -33.4     71603950   0   2000      1880300
    67  0 1  94.22 10027.00 2   0.0 -33.1     72544350   0   1850       940400
    68  0 1  94.22 10027.00 2   0.0 -32.8     73474150   0   2100       929800
    69  0 1  95.62 10027.00 2   0.0 -32.5     74404600   0   1650       930450
    70  0 1  95.27 10027.00 2   0.0 -32.5     75334650   0   1750       930050
    71  0 1  94.57 10027.00 2   0.0 -32.2     76265050   0   1650       930400
    72  0 1  95.27 10025.50 2   0.0 -31.9     77194550   0   1650       929500
    73  0 1  95.62 10025.50 2   0.0 -31.9     78194450   0   1750       999900
    74  0 1  94.22 10027.00 2   0.0 -31.6     79194900   0   1700      1000450
    75  0 1  95.62 10027.00 2   0.0 -31.3     81194600   0   2000      1999700
    76  0 1  94.57 10025.50 2   0.0 -31.3     82194200   0   1750       999600
    77  0 1  95.27 10025.50 2   0.0 -30.9     83184450   0   1900       990250
    78  0 1  94.92 10025.50 2   0.0 -30.9     84173950   0   1700       989500
    79  0 1  94.57 10027.00 2   0.0 -30.6     85164300   0   1850       990350
    80  0 1  95.62 10027.00 2   0.0 -30.6     86154400   0   2100       990100
    81  0 1  94.22 10025.50 2   0.0 -30.6     87143950   0   1650       989550
    82  0 1  94.22 10025.50 2   0.0 -30.3     88123600   0   2050       979650
    83  0 1  94.57 10027.00 2   0.0 -30.3     89104000   0   2050       980400
    84  0 1  95.62 10025.50 2   0.0 -30.3     91064350   0   2000      1960350
    85  0 1  95.27 10027.00 2   0.0 -30.0     92044050   0   2000       979700
    86  0 1  94.57 10027.00 2   0.0 -30.0     93014400   0   1950       970350
    87  0 1  94.57 10025.50 2   0.0 -30.0     93984150   0   1700       969750
    88  0 1  94.92 10025.50 2   0.0 -30.0     94954250   0   2000       970100
    89  0 1  94.92 10025.50 2   0.0 -30.0     95924650   0   2000       970400
