    NO  S V  AOA    FREQ    B  FMOP  AMP      TOA      PMOP  PW         dTOA  
------ -- - ------ -------- - ----- ----- ------------ --- ------ ------------
     0  0 1  95.27 10025.50 2   0.0 -70.0            0   0   1750  42949673000
     1  0 1  95.27 10027.00 2   0.0 -69.4       969850   0   1950       969850
     2  0 1  94.92 10027.00 2   0.0 -68.1      2910000   0   1800      1940150
     3  0 1  94.92 10027.00 2   0.0 -67.5      3880400   0   2000       970400
     4  0 1  94.22 10027.00 2   0.0 -66.9      4850700   0   1900       970300
     5  0 1  95.62 10027.00 2   0.0 -66.3      5810400   0   1850       959700
     6  0 1  94.92 10027.00 2   0.0 -65.6      6770700   0   1650       960300
     7  0 1  95.27 10027.00 2   0.0 -65.0      7730400   0   1650       959700
     8  0 1  94.57 10027.00 2   0.0 -64.4      8690700   0   1750       960300
     9  0 1  94.22 10027.00 2   0.0 -63.8      9650300   0   1700       959600
    10  0 1  95.27 10027.00 2   0.0 -63.1     10600150   0   1700       949850
    11  0 1  95.27 10027.00 2   0.0 -61.9     12500000   0   1850      1899850
    12  0 1  94.92 10027.00 2   0.0 -61.3     13450000   0   1850       950000
    13  0 1  95.62 10025.50 2   0.0 -60.6     14400350   0   1900       950350
    14  0 1  95.62 10027.00 2   0.0 -60.0     15340800   0   1900       940450
    15  0 1  95.62 10027.00 2   0.0 -59.4     16280950   0   1950       940150
    16  0 1  94.92 10027.00 2   0.0 -58.8     17221250   0   1700       940300
    17  0 1  94.57 10027.00 2   0.0 -58.1     18160750   0   1750       939500
    18  0 1  95.27 10025.50 2   0.0 -57.5     19100550   0   1650       939800
    19  0 1  94.57 10025.50 2   0.0 -57.2     20030250   0   1950       929700
    20  0 1  95.62 10027.00 2   0.0 -55.9     21890550   0   1800      1860300
    21  0 1  95.62 10025.50 2   0.0 -55.3     22820350   0   1850       929800
    22  0 1  94.92 10025.50 2   0.0 -54.7     23749950   0   2100       929600
    23  0 1  94.57 10025.50 2   0.0 -54.1     24749550   0   2050       999600
    24  0 1  94.22 10027.00 2   0.0 -53.4     25749050   0   1850       999500
    25  0 1  94.22 10027.00 2   0.0 -53.1     26748650   0   1850       999600
    26  0 1  95.62 10027.00 2   0.0 -52.5     27748700   0   1900      1000050
    27  0 1  94.92 10027.00 2   0.0 -51.9     28749050   0   1700      1000350
    28  0 1  94.92 10027.00 2   0.0 -51.3     29738700   0   2100       989650
    29  0 1  94.57 10027.00 2   0.0 -50.3     31719250   0   1800      1980550
    30  0 1  94.92 10025.50 2   0.0 -49.7     32708850   0   2050       989600
    31  0 1  95.27 10027.00 2   0.0 -49.1     33698650   0   2000       989800
    32  0 1  95.62 10025.50 2   0.0 -48.4     34678350   0   1700       979700
    33  0 1  95.62 10027.00 2   0.0 -48.1     35658350   0   1900       980000
    34  0 1  95.62 10027.00 2   0.0 -47.5     36638600   0   1650       980250
    35  0 1  95.27 10027.00 2   0.0 -46.9     37618650   0   2000       980050
    36  0 1  94.57 10027.00 2   0.0 -46.6     38598350   0   1650       979700
    37  0 1  95.27 10027.00 2   0.0 -45.9     39568150   0   1950       969800
    38  0 1  94.57 10027.00 2   0.0 -45.0     41508450   0   1700      1940300
    39  0 1  94.57 10027.00 2   0.0 -44.4     42478850   0   1650       970400
    40  0 1  94.92 10027.00 2   0.0 -44.1     43449200   0   2050       970350
    41  0 1  95.62 10025.50 2   0.0 -43.4     44408800   0   1950       959600
    42  0 1  94.92 10027.00 2   0.0 -43.1     45369000   0   1800       960200
    43  0 1  94.22 10025.50 2   0.0 -42.5     46328950   0   1750       959950
    44  0 1  94.22 10025.50 2   0.0 -42.2     47288500   0   2100       959550
    45  0 1  94.57 10025.50 2   0.0 -41.6     48248900   0   1850       960400
    46  0 1  95.27 10027.00 2   0.0 -41.3     49198700   0   1900       949800
    47  0 1  95.27 10025.50 2   0.0 -40.3     51098700   0   2050      1900000
    48  0 1  95.27 10027.00 2   0.0 -40.0     52048700   0   1800       950000
    49  0 1  95.27 10027.00 2   0.0 -39.7     52998550   0   1700       949850
    50  0 1  94.92 10027.00 2   0.0 -39.1     53938700   0   1650       940150
    51  0 1  95.62 10027.00 2   0.0 -38.8     54878550   0   1700       939850
    52  0 1  94.92 10025.50 2   0.0 -38.4     55818950   0   2050       940400
    53  0 1  94.22 10027.00 2   0.0 -38.1     56759400   0   1800       940450
    54  0 1  94.57 10027.00 2   0.0 -37.5     57699450   0   1850       940050
    55  0 1  94.57 10027.00 2   0.0 -37.2     58629800   0   1950       930350
    56  0 1  94.22 10027.00 2   0.0 -36.6     60489250   0   2100      1859450
    57  0 1  95.62 10025.50 2   0.0 -36.3     61419150   0   1750       929900
    58  0 1  95.27 10027.00 2   0.0 -35.9     62349550   0   1850       930400
    59  0 1  94.57 10027.00 2   0.0 -35.6     63350000   0   1650      1000450
    60  0 1  94.22 10027.00 2   0.0 -35.3     64350200   0   1900      1000200
    61  0 1  94.92 10027.00 2   0.0 -35.0     65350050   0   1750       999850
    62  0 1  95.27 10027.00 2   0.0 -34.7     66350000   0   1650       999950
    63  0 1  94.92 10027.00 2   0.0 -34.4     67349800   0   1650       999800
    64  0 1  95.27 10027.00 2   0.0 -34.1     68339500   0   2100       989700
    65  0 1  95.27 10027.00 2   0.0 -33.4     70319900   0   1800      1980400
    66  0 1  95.62 10027.00 2   0.0 -33.4     71309650   0   2050       989750
    67  0 1  94.92 10025.50 2   0.0 -33.1     72299950   0   1650       990300
    68  0 1  95.62 10027.00 2   0.0 -32.8     73279750   0   1900       979800
    69  0 1  94.22 10025.50 2   0.0 -32.5     74259350   0   1850       979600
    70  0 1  94.22 10027.00 2   0.0 -32.5     75238950   0   1650       979600
    71  0 1  95.62 10025.50 2   0.0 -32.2     76219400   0   1950       980450
    72  0 1  95.62 10027.00 2   0.0 -31.9     77198900   0   1750       979500
    73  0 1  95.62 10027.00 2   0.0 -31.9     78169050   0   1950       970150
    74  0 1  94.22 10027.00 2   0.0 -31.6     80108500   0   1800      1939450
    75  0 1  95.62 10027.00 2   0.0 -31.3     81078000   0   1650       969500
    76  0 1  94.57 10025.50 2   0.0 -31.3     82047600   0   1900       969600
    77  0 1  94.92 10027.00 2   0.0 -30.9     83007100   0   2050       959500
    78  0 1  94.57 10027.00 2   0.0 -30.9     83966700   0   2100       959600
    79  0 1  94.92 10027.00 2   0.0 -30.6     84926250   0   1650       959550
    80  0 1  94.57 10025.50 2   0.0 -30.6     85886000   0   2050       959750
    81  0 1  95.27 10027.00 2   0.0 -30.6     86845800   0   1750       959800
    82  0 1  95.62 10027.00 2   0.0 -30.3     87796200   0   1750       950400
    83  0 1  94.57 10027.00 2   0.0 -30.3     89695900   0   1650      1899700
    84  0 1  95.62 10025.50 2   0.0 -30.3     90646100   0   2100       950200
    85  0 1  95.62 10025.50 2   0.0 -30.0     91596500   0   1750       950400
    86  0 1  94.92 10027.00 2   0.0 -30.0     92536650   0   1800       940150
    87  0 1  94.92 10027.00 2   0.0 -30.0     93476450   0   1750       939800
    88  0 1  94.22 10027.00 2   0.0 -30.0     94416000   0   1950       939550
    89  0 1  94.57 10025.50 2   0.0 -30.0     95355850   0   2050       939850
