    NO  S V  AOA    FREQ    B  FMOP  AMP      TOA      PMOP  PW         dTOA  
------ -- - ------ -------- - ----- ----- ------------ --- ------ ------------
     0  0 1  94.92 10027.00 2   0.0 -70.0            0   0   1900  42949673000
     1  0 1  94.22 10027.00 2   0.0 -69.4      1000450   0   2100      1000450
     2  0 1  95.62 10027.00 2   0.0 -68.8      2000750   0   1750      1000300
     3  0 1  95.27 10027.00 2   0.0 -68.1      3000600   0   2000       999850
     4  0 1  94.22 10027.00 2   0.0 -67.5      4001050   0   1750      1000450
     5  0 1  95.62 10025.50 2   0.0 -66.9      5001050   0   1800      1000000
     6  0 1  95.62 10027.00 2   0.0 -66.3      5991200   0   1800       990150
     7  0 1  94.57 10027.00 2   0.0 -65.0      7970200   0   2050      1979000
     8  0 1  95.27 10027.00 2   0.0 -64.4      8960100   0   1900       989900
     9  0 1  95.27 10027.00 2   0.0 -63.8      9950050   0   1650       989950
    10  0 1  94.92 10027.00 2   0.0 -63.1     10929650   0   1700       979600
    11  0 1  95.62 10027.00 2   0.0 -62.5     11909650   0   1750       980000
    12  0 1  94.92 10025.50 2   0.0 -61.9     12889900   0   1650       980250
    13  0 1  94.92 10027.00 2   0.0 -61.3     13870150   0   1750       980250
    14  0 1  94.22 10025.50 2   0.0 -60.6     14850500   0   1700       980350
    15  0 1  95.62 10027.00 2   0.0 -60.0     15820100   0   1800       969600
    16  0 1  94.22 10027.00 2   0.0 -58.8     17760200   0   2100      1940100
    17  0 1  95.27 10027.00 2   0.0 -58.1     18730200   0   1850       970000
    18  0 1  94.92 10027.00 2   0.0 -57.5     19700100   0   1800       969900
    19  0 1  95.27 10027.00 2   0.0 -57.2     20660150   0   2050       960050
    20  0 1  94.22 10027.00 2   0.0 -56.6     21620100   0   1900       959950
    21  0 1  94.22 10025.50 2   0.0 -55.9     22579700   0   1750       959600
    22  0 1  94.92 10027.00 2   0.0 -55.3     23539850   0   1750       960150
    23  0 1  94.57 10025.50 2   0.0 -54.7     24499650   0   1950       959800
    24  0 1  94.92 10025.50 2   0.0 -54.1     25449900   0   1650       950250
    25  0 1  95.62 10027.00 2   0.0 -53.1     27349750   0   2100      1899850
    26  0 1  95.62 10027.00 2   0.0 -52.5     28299750   0   1650       950000
    27  0 1  94.57 10025.50 2   0.0 -51.9     29249400   0   1750       949650
    28  0 1  95.62 10025.50 2   0.0 -51.3     30189500   0   1800       940100
    29  0 1  95.27 10025.50 2   0.0 -50.6     31129700   0   1650       940200
    30  0 1  94.22 10027.00 2   0.0 -50.3     32069800   0   1850       940100
    31  0 1  95.62 10027.00 2   0.0 -49.7     33010100   0   1700       940300
    32  0 1  94.57 10027.00 2   0.0 -49.1     33949750   0   1650       939650
    33  0 1  95.62 10027.00 2   0.0 -48.4     34879850   0   2050       930100
    34  0 1  94.22 10027.00 2   0.0 -47.5     36739050   0   1650      1859200
    35  0 1  95.62 10027.00 2   0.0 -46.9     37668850   0   1700       929800
    36  0 1  94.22 10027.00 2   0.0 -46.6     38598800   0   1750       929950
    37  0 1  94.22 10025.50 2   0.0 -45.9     39598700   0   1650       999900
    38  0 1  95.27 10025.50 2   0.0 -45.6     40598850   0   1700      1000150
    39  0 1  95.27 10027.00 2   0.0 -45.0     41598850   0   1800      1000000
    40  0 1  94.57 10027.00 2   0.0 -44.4     42598700   0   1650       999850
    41  0 1  94.92 10027.00 2   0.0 -44.1     43598250   0   1900       999550
    42  0 1  95.62 10025.50 2   0.0 -43.4     44588250   0   1700       990000
    43  0 1  95.62 10027.00 2   0.0 -42.5     46568050   0   1850      1979800
    44  0 1  94.57 10025.50 2   0.0 -42.2     47558300   0   1700       990250
    45  0 1  94.92 10025.50 2   0.0 -41.6     48548450   0   2000       990150
    46  0 1  95.27 10027.00 2   0.0 -41.3     49528200   0   1900       979750
    47  0 1  95.62 10027.00 2   0.0 -40.9     50508050   0   1800       979850
    48  0 1  95.62 10027.00 2   0.0 -40.3     51488150   0   1800       980100
    49  0 1  94.22 10027.00 2   0.0 -40.0     52468400   0   1650       980250
    50  0 1  94.57 10025.50 2   0.0 -39.7     53448800   0   1800       980400
    51  0 1  95.62 10025.50 2   0.0 -39.1     54419100   0   1650       970300
    52  0 1  95.27 10027.00 2   0.0 -38.4     56359200   0   1850      1940100
    53  0 1  95.62 10025.50 2   0.0 -38.1     57329100   0   1950       969900
    54  0 1  94.22 10027.00 2   0.0 -37.5     58298700   0   1750       969600
    55  0 1  94.22 10027.00 2   0.0 -37.2     59258300   0   2000       959600
    56  0 1  95.62 10027.00 2   0.0 -36.9     60218400   0   2050       960100
    57  0 1  95.62 10025.50 2   0.0 -36.6     61178100   0   2100       959700
    58  0 1  94.57 10027.00 2   0.0 -36.3     62137850   0   1650       959750
    59  0 1  94.57 10027.00 2   0.0 -35.9     63098200   0   1700       960350
    60  0 1  94.22 10027.00 2   0.0 -35.6     64047750   0   1700       949550
    61  0 1  95.62 10027.00 2   0.0 -35.0     65947500   0   1900      1899750
    62  0 1  95.62 10025.50 2   0.0 -34.7     66897550   0   1950       950050
    63  0 1  94.57 10027.00 2   0.0 -34.4     67847500   0   2000       949950
    64  0 1  94.92 10027.00 2   0.0 -34.1     68787450   0   1750       939950
    65  0 1  94.57 10025.50 2   0.0 -33.8     69727500   0   1750       940050
    66  0 1  95.27 10025.50 2   0.0 -33.4     70667050   0   2000       939550
    67  0 1  94.92 10025.50 2   0.0 -33.4     71607200   0   1800       940150
    68  0 1  95.62 10027.00 2   0.0 -33.1     72547000   0   1650       939800
    69  0 1  94.57 10027.00 2   0.0 -32.8     73477300   0   1900       930300
    70  0 1  94.57 10027.00 2   0.0 -32.5     75336550   0   1800      1859250
    71  0 1  94.57 10025.50 2   0.0 -32.2     76266250   0   2100       929700
    72  0 1  94.57 10027.00 2   0.0 -31.9     77196700   0   2100       930450
    73  0 1  94.92 10027.00 2   0.0 -31.9     78196950   0   2050      1000250
    74  0 1  95.27 10027.00 2   0.0 -31.6     79196700   0   1850       999750
    75  0 1  95.62 10025.50 2   0.0 -31.6     80196200   0   1850       999500
    76  0 1  94.57 10027.00 2   0.0 -31.3     81196100   0   1950       999900
    77  0 1  94.22 10025.50 2   0.0 -31.3     82195900   0   1800       999800
    78  0 1  95.62 10027.00 2   0.0 -30.9     83186350   0   1950       990450
    79  0 1  94.22 10027.00 2   0.0 -30.6     85166350   0   1750      1980000
    80  0 1  95.27 10025.50 2   0.0 -30.6     86156050   0   1700       989700
    81  0 1  95.27 10027.00 2   0.0 -30.6     87146150   0   1800       990100
    82  0 1  94.57 10027.00 2   0.0 -30.3     88126000   0   1950       979850
    83  0 1  94.22 10027.00 2   0.0 -30.3     89106350   0   1750       980350
    84  0 1  95.62 10027.00 2   0.0 -30.3     90086200   0   1750       979850
    85  0 1  94.92 10027.00 2   0.0 -30.3     91066050   0   1800       979850
    86  0 1  95.62 10027.00 2   0.0 -30.0     92046150   0   1900       980100
    87  0 1  95.62 10025.50 2   0.0 -30.0     93015650   0   2050       969500
    88  0 1  95.62 10025.50 2   0.0 -30.0     94956250   0   1750      1940600
    89  0 1  94.22 10027.00 2   0.0 -30.0     95925900   0   2050       969650
