    NO  S V  AOA    FREQ    B  FMOP  AMP      TOA      PMOP  PW         dTOA  
------ -- - ------ -------- - ----- ----- ------------ --- ------ ------------
     0  0 1  94.22 10025.50 2   0.0 -70.0            0   0   2050  42949673000
     1  0 1  95.62 10027.00 2   0.0 -69.4       999700   0   1900       999700
     2  0 1  94.92 10027.00 2   0.0 -68.1      3000300   0   2100      2000600
     3  0 1  95.62 10025.50 2   0.0 -67.5      4000650   0   1750      1000350
     4  0 1  95.27 10025.50 2   0.0 -66.9      5000700   0   1650      1000050
     5  0 1  94.92 10025.50 2   0.0 -66.3      5990950   0   1950       990250
     6  0 1  94.57 10027.00 2   0.0 -65.6      6980700   0   1850       989750
     7  0 1  95.62 10027.00 2   0.0 -65.0      7970500   0   2000       989800
     8  0 1  94.57 10025.50 2   0.0 -64.4      8960750   0   1800       990250
     9  0 1  94.22 10027.00 2   0.0 -63.8      9950950   0   2050       990200
    10  0 1  95.27 10027.00 2   0.0 -63.1     10930700   0   2100       979750
    11  0 1  94.92 10027.00 2   0.0 -61.9     12890600   0   2000      1959900
    12  0 1  94.22 10025.50 2   0.0 -61.3     13870650   0   1800       980050
    13  0 1  94.22 10025.50 2   0.0 -60.6     14850750   0   1950       980100
    14  0 1  95.27 10027.00 2   0.0 -60.0     15820350   0   1750       969600
    15  0 1  94.92 10025.50 2   0.0 -59.4     16790600   0   1700       970250
    16  0 1  94.22 10025.50 2   0.0 -58.8     17761000   0   2050       970400
    17  0 1  95.62 10027.00 2   0.0 -58.1     18730800   0   1750       969800
    18  0 1  94.92 10027.00 2   0.0 -57.5     19701200   0   1950       970400
    19  0 1  94.22 10025.50 2   0.0 -57.2     20661300   0   1650       960100
    20  0 1  94.22 10025.50 2   0.0 -55.9     22581700   0   1850      1920400
    21  0 1  94.57 10027.00 2   0.0 -55.3     23541400   0   2100       959700
    22  0 1  94.92 10027.00 2   0.0 -54.7     24501250   0   1700       959850
    23  0 1  94.57 10027.00 2   0.0 -54.1     25451150   0   1750       949900
    24  0 1  95.27 10027.00 2   0.0 -53.4     26401300   0   1750       950150
    25  0 1  95.27 10027.00 2   0.0 -53.1     27351350   0   1850       950050
    26  0 1  95.27 10027.00 2   0.0 -52.5     28301800   0   2050       950450
    27  0 1  95.27 10025.50 2   0.0 -51.9     29251500   0   2000       949700
    28  0 1  94.22 10027.00 2   0.0 -51.3     30191950   0   1750       940450
    29  0 1  95.62 10027.00 2   0.0 -50.3     32072550   0   1800      1880600
    30  0 1  95.62 10025.50 2   0.0 -49.7     33012150   0   2050       939600
    31  0 1  94.92 10025.50 2   0.0 -49.1     33952100   0   1700       939950
    32  0 1  95.62 10025.50 2   0.0 -48.4     34882550   0   1650       930450
    33  0 1  94.22 10027.00 2   0.0 -48.1     35812700   0   1650       930150
    34  0 1  94.22 10027.00 2   0.0 -47.5     36742850   0   2050       930150
    35  0 1  94.57 10027.00 2   0.0 -46.9     37672950   0   2000       930100
    36  0 1  95.27 10027.00 2   0.0 -46.6     38602550   0   1850       929600
    37  0 1  94.57 10025.50 2   0.0 -45.9     39602300   0   1650       999750
    38  0 1  94.57 10025.50 2   0.0 -45.0     41602000   0   1750      1999700
    39  0 1  94.92 10027.00 2   0.0 -44.4     42602200   0   1800      1000200
    40  0 1  95.27 10025.50 2   0.0 -44.1     43602650   0   2000      1000450
    41  0 1  95.62 10027.00 2   0.0 -43.4     44592750   0   2050       990100
    42  0 1  95.27 10027.00 2   0.0 -43.1     45582750   0   1850       990000
    43  0 1  94.22 10027.00 2   0.0 -42.5     46572700   0   1700       989950
    44  0 1  94.57 10027.00 2   0.0 -42.2     47562800   0   2050       990100
    45  0 1  94.22 10025.50 2   0.0 -41.6     48553000   0   1800       990200
    46  0 1  94.22 10027.00 2   0.0 -41.3     49532700   0   1750       979700
    47  0 1  95.27 10027.00 2   0.0 -40.3     51492500   0   1900      1959800
    48  0 1  94.92 10025.50 2   0.0 -40.0     52472750   0   1700       980250
    49  0 1  94.57 10027.00 2   0.0 -39.7     53452950   0   1950       980200
    50  0 1  94.57 10027.00 2   0.0 -39.1     54422600   0   1900       969650
    51  0 1  94.57 10025.50 2   0.0 -38.8     55392650   0   2100       970050
    52  0 1  94.22 10025.50 2   0.0 -38.4     56362650   0   1650       970000
    53  0 1  94.22 10027.00 2   0.0 -38.1     57332850   0   1650       970200
    54  0 1  95.62 10025.50 2   0.0 -37.5     58303150   0   1750       970300
    55  0 1  94.22 10027.00 2   0.0 -37.2     59263000   0   1900       959850
    56  0 1  94.92 10027.00 2   0.0 -36.6     61182350   0   1800      1919350
    57  0 1  95.62 10025.50 2   0.0 -36.3     62142800   0   1850       960450
    58  0 1  94.92 10025.50 2   0.0 -35.9     63102550   0   1650       959750
    59  0 1  94.22 10027.00 2   0.0 -35.6     64052050   0   1850       949500
    60  0 1  94.92 10025.50 2   0.0 -35.3     65001850   0   1850       949800
    61  0 1  94.22 10027.00 2   0.0 -35.0     65952100   0   2050       950250
    62  0 1  94.22 10027.00 2   0.0 -34.7     66902200   0   1750       950100
    63  0 1  94.22 10027.00 2   0.0 -34.4     67851700   0   1700       949500
    64  0 1  94.92 10027.00 2   0.0 -34.1     68791400   0   1700       939700
    65  0 1  95.27 10025.50 2   0.0 -33.4     70670950   0   1700      1879550
    66  0 1  94.92 10027.00 2   0.0 -33.4     71611150   0   1950       940200
    67  0 1  95.27 10025.50 2   0.0 -33.1     72551400   0   1800       940250
    68  0 1  94.22 10027.00 2   0.0 -32.8     73481300   0   2050       929900
    69  0 1  94.57 10027.00 2   0.0 -32.5     74411250   0   1700       929950
    70  0 1  95.62 10025.50 2   0.0 -32.5     75341650   0   1950       930400
    71  0 1  94.92 10027.00 2   0.0 -32.2     76271200   0   2050       929550
    72  0 1  94.92 10025.50 2   0.0 -31.9     77201350   0   2000       930150
    73  0 1  94.57 10027.00 2   0.0 -31.9     78201550   0   1900      1000200
    74  0 1  95.62 10025.50 2   0.0 -31.6     80201400   0   1800      1999850
    75  0 1  95.27 10025.50 2   0.0 -31.3     81201350   0   2100       999950
    76  0 1  94.57 10027.00 2   0.0 -31.3     82201750   0   1650      1000400
    77  0 1  94.92 10027.00 2   0.0 -30.9     83191300   0   1900       989550
    78  0 1  95.62 10025.50 2   0.0 -30.9     84181400   0   1900       990100
    79  0 1  95.62 10027.00 2   0.0 -30.6     85171800   0   2000       990400
    80  0 1  95.27 10027.00 2   0.0 -30.6     86162100   0   2000       990300
    81  0 1  94.92 10025.50 2   0.0 -30.6     87152500   0   1650       990400
    82  0 1  94.92 10027.00 2   0.0 -30.3     88132200   0   2000       979700
    83  0 1  95.27 10025.50 2   0.0 -30.3     90091800   0   1800      1959600
    84  0 1  94.22 10027.00 2   0.0 -30.3     91071900   0   1950       980100
    85  0 1  94.92 10025.50 2   0.0 -30.0     92051900   0   1750       980000
    86  0 1  94.57 10027.00 2   0.0 -30.0     93021900   0   2000       970000
    87  0 1  95.27 10027.00 2   0.0 -30.0     93991700   0   1650       969800
    88  0 1  95.27 10027.00 2   0.0 -30.0     94961700   0   1950       970000
    89  0 1  94.22 10025.50 2   0.0 -30.0     95931950   0   1950       970250
