    NO  S V  AOA    FREQ    B  FMOP  AMP      TOA      PMOP  PW         dTOA  
------ -- - ------ -------- - ----- ----- ------------ --- ------ ------------
     0  0 1  95.62 10025.50 2   0.0 -70.0            0   0   2050  42949673000
     1  0 1  95.62 10025.50 2   0.0 -69.4       990000   0   1800       990000
     2  0 1  94.92 10025.50 2   0.0 -68.8      1980200   0   1750       990200
     3  0 1  94.22 10027.00 2   0.0 -68.1      2970050   0   1900       989850
     4  0 1  94.92 10027.00 2   0.0 -67.5      3960150   0   2100       990100
     5  0 1  94.92 10027.00 2   0.0 -66.9      4950150   0   1850       990000
     6  0 1  94.22 10025.50 2   0.0 -66.3      5930500   0   1950       980350
     7  0 1  95.62 10025.50 2   0.0 -65.6      6910750   0   1950       980250
     8  0 1  94.92 10027.00 2   0.0 -64.4      8870700   0   1750      1959950
     9  0 1  94.22 10027.00 2   0.0 -63.8      9850700   0   2100       980000
    10  0 1  95.62 10025.50 2   0.0 -63.1     10820600   0   2000       969900
    11  0 1  94.92 10027.00 2   0.0 -62.5     11790250   0   2000       969650
    12  0 1  94.22 10027.00 2   0.0 -61.9     12759750   0   1800       969500
    13  0 1  94.57 10025.50 2   0.0 -61.3     13729400   0   2050       969650
    14  0 1  94.22 10025.50 2   0.0 -60.6     14699800   0   1650       970400
    15  0 1  95.27 10027.00 2   0.0 -60.0     15659400   0   2050       959600
    16  0 1  94.22 10027.00 2   0.0 -59.4     16619450   0   1700       960050
    17  0 1  95.62 10027.00 2   0.0 -58.1     18539400   0   1650      1919950
    18  0 1  94.57 10027.00 2   0.0 -57.5     19499400   0   1750       960000
    19  0 1  94.22 10025.50 2   0.0 -57.2     20449800   0   1650       950400
    20  0 1  94.22 10027.00 2   0.0 -56.6     21399600   0   2050       949800
    21  0 1  94.22 10027.00 2   0.0 -55.9     22350050   0   2000       950450
    22  0 1  95.62 10025.50 2   0.0 -55.3     23300300   0   1900       950250
    23  0 1  95.27 10027.00 2   0.0 -54.7     24249800   0   2000       949500
    24  0 1  95.62 10027.00 2   0.0 -54.1     25189650   0   1950       939850
    25  0 1  94.92 10025.50 2   0.0 -53.4     26129350   0   2100       939700
    26  0 1  94.22 10027.00 2   0.0 -52.5     28008750   0   2050      1879400
    27  0 1  94.92 10025.50 2   0.0 -51.9     28948600   0   1650       939850
    28  0 1  94.22 10027.00 2   0.0 -51.3     29879050   0   1950       930450
    29  0 1  94.22 10027.00 2   0.0 -50.6     30808750   0   1800       929700
    30  0 1  94.92 10027.00 2   0.0 -50.3     31738350   0   1650       929600
    31  0 1  94.57 10025.50 2   0.0 -49.7     32668650   0   1700       930300
    32  0 1  94.57 10025.50 2   0.0 -49.1     33598950   0   1650       930300
    33  0 1  94.92 10027.00 2   0.0 -48.4     34599100   0   1700      1000150
    34  0 1  94.92 10027.00 2   0.0 -48.1     35599500   0   1650      1000400
    35  0 1  95.27 10027.00 2   0.0 -46.9     37599000   0   1850      1999500
    36  0 1  95.62 10025.50 2   0.0 -46.6     38599050   0   1800      1000050
    37  0 1  94.57 10027.00 2   0.0 -45.9     39588700   0   1900       989650
    38  0 1  95.27 10025.50 2   0.0 -45.6     40578850   0   1850       990150
    39  0 1  95.27 10027.00 2   0.0 -45.0     41568650   0   1900       989800
    40  0 1  95.27 10027.00 2   0.0 -44.4     42558400   0   2000       989750
    41  0 1  95.27 10025.50 2   0.0 -44.1     43548750   0   1750       990350
    42  0 1  94.57 10027.00 2   0.0 -43.4     44528500   0   1700       979750
    43  0 1  95.27 10027.00 2   0.0 -43.1     45508050   0   1950       979550
    44  0 1  94.57 10027.00 2   0.0 -42.2     47467600   0   2000      1959550
    45  0 1  94.92 10027.00 2   0.0 -41.6     48447900   0   2000       980300
    46  0 1  95.27 10025.50 2   0.0 -41.3     49417700   0   1700       969800
    47  0 1  95.27 10027.00 2   0.0 -40.9     50387650   0   1700       969950
    48  0 1  94.57 10027.00 2   0.0 -40.3     51357750   0   1750       970100
    49  0 1  95.62 10027.00 2   0.0 -40.0     52327500   0   1800       969750
    50  0 1  95.62 10027.00 2   0.0 -39.7     53297750   0   1650       970250
    51  0 1  94.57 10027.00 2   0.0 -39.1     54257300   0   1800       959550
    52  0 1  95.27 10025.50 2   0.0 -38.8     55217400   0   2050       960100
    53  0 1  94.22 10027.00 2   0.0 -38.1     57137100   0   1750      1919700
    54  0 1  94.92 10027.00 2   0.0 -37.5     58097400   0   1800       960300
    55  0 1  95.62 10027.00 2   0.0 -37.2     59047100   0   2000       949700
    56  0 1  95.62 10027.00 2   0.0 -36.9     59997200   0   1700       950100
    57  0 1  94.57 10027.00 2   0.0 -36.6     60947100   0   1650       949900
    58  0 1  94.22 10027.00 2   0.0 -36.3     61897500   0   2000       950400
    59  0 1  95.27 10027.00 2   0.0 -35.9     62847300   0   1650       949800
    60  0 1  94.22 10025.50 2   0.0 -35.6     63787350   0   2100       940050
    61  0 1  94.57 10027.00 2   0.0 -35.3     64727350   0   1700       940000
    62  0 1  94.22 10027.00 2   0.0 -34.7     66607450   0   1750      1880100
    63  0 1  95.62 10027.00 2   0.0 -34.4     67547300   0   1950       939850
    64  0 1  95.27 10025.50 2   0.0 -34.1     68477350   0   1650       930050
    65  0 1  94.92 10027.00 2   0.0 -33.8     69407200   0   1800       929850
    66  0 1  95.62 10027.00 2   0.0 -33.4     70337150   0   1800       929950
    67  0 1  94.92 10025.50 2   0.0 -33.4     71266950   0   1700       929800
    68  0 1  94.92 10027.00 2   0.0 -33.1     72196900   0   1900       929950
    69  0 1  94.57 10027.00 2   0.0 -32.8     73197200   0   1900      1000300
    70  0 1  95.27 10027.00 2   0.0 -32.5     74197100   0   1700       999900
    71  0 1  95.62 10025.50 2   0.0 -32.2     76196750   0   1700      1999650
    72  0 1  94.92 10027.00 2   0.0 -31.9     77196250   0   1650       999500
    73  0 1  94.22 10027.00 2   0.0 -31.9     78185750   0   2100       989500
    74  0 1  94.22 10027.00 2   0.0 -31.6     79175750   0   1700       990000
    75  0 1  94.22 10027.00 2   0.0 -31.6     80165600   0   1700       989850
    76  0 1  94.92 10025.50 2   0.0 -31.3     81155350   0   1850       989750
    77  0 1  95.27 10025.50 2   0.0 -31.3     82145450   0   1950       990100
    78  0 1  94.57 10027.00 2   0.0 -30.9     83125250   0   2000       979800
    79  0 1  94.57 10027.00 2   0.0 -30.9     84104950   0   1750       979700
    80  0 1  95.62 10025.50 2   0.0 -30.6     86065500   0   2100      1960550
    81  0 1  94.92 10025.50 2   0.0 -30.6     87045800   0   1700       980300
    82  0 1  94.22 10025.50 2   0.0 -30.3     88015650   0   2100       969850
    83  0 1  95.27 10027.00 2   0.0 -30.3     88986000   0   2100       970350
    84  0 1  94.57 10027.00 2   0.0 -30.3     89956350   0   1800       970350
    85  0 1  95.27 10027.00 2   0.0 -30.3     90925900   0   1850       969550
    86  0 1  95.62 10025.50 2   0.0 -30.0     91896100   0   1900       970200
    87  0 1  94.22 10027.00 2   0.0 -30.0     92856100   0   2100       960000
    88  0 1  94.22 10027.00 2   0.0 -30.0     93816200   0   1700       960100
    89  0 1  94.57 10025.50 2   0.0 -30.0     95735800   0   1650      1919600
