    NO  S V  AOA    FREQ    B  FMOP  AMP      TOA      PMOP  PW         dTOA  
------ -- - ------ -------- - ----- ----- ------------ --- ------ ------------
     0  0 1  95.27 10025.50 2   0.0 -70.0            0   0   1750  42949673000
     1  0 1  94.57 10025.50 2   0.0 -69.4       960000   0   1900       960000
     2  0 1  94.92 10027.00 2   0.0 -68.8      1920050   0   1950       960050
     3  0 1  94.92 10027.00 2   0.0 -68.1      2879750   0   1850       959700
     4  0 1  94.57 10027.00 2   0.0 -67.5      3839950   0   1800       960200
     5  0 1  94.57 10025.50 2   0.0 -66.9      4800000   0   1650       960050
     6  0 1  94.22 10027.00 2   0.0 -66.3      5749900   0   1750       949900
     7  0 1  94.22 10027.00 2   0.0 -65.0      7650450   0   2000      1900550
     8  0 1  94.57 10027.00 2   0.0 -64.4      8600700   0   1750       950250
     9  0 1  94.92 10027.00 2   0.0 -63.8      9550250   0   1900       949550
    10  0 1  94.92 10027.00 2   0.0 -63.1     10490500   0   1900       940250
    11  0 1  95.27 10027.00 2   0.0 -62.5     11430650   0   1700       940150
    12  0 1  94.57 10025.50 2   0.0 -61.9     12370150   0   2100       939500
    13  0 1  94.92 10025.50 2   0.0 -61.3     13310550   0   1700       940400
    14  0 1  94.22 10025.50 2   0.0 -60.6     14250900   0   2100       940350
    15  0 1  94.22 10027.00 2   0.0 -60.0     15181100   0   1700       930200
    16  0 1  94.22 10027.00 2   0.0 -58.8     17040800   0   1950      1859700
    17  0 1  94.57 10027.00 2   0.0 -58.1     17971100   0   1900       930300
    18  0 1  94.92 10027.00 2   0.0 -57.5     18900600   0   1650       929500
    19  0 1  95.27 10027.00 2   0.0 -57.2     19900800   0   2100      1000200
    20  0 1  95.62 10027.00 2   0.0 -56.6     20900750   0   2000       999950
    21  0 1  95.27 10025.50 2   0.0 -55.9     21901000   0   2100      1000250
    22  0 1  94.92 10027.00 2   0.0 -55.3     22901000   0   1850      1000000
    23  0 1  95.27 10027.00 2   0.0 -54.7     23900750   0   2000       999750
    24  0 1  94.22 10027.00 2   0.0 -54.1     24890550   0   1850       989800
    25  0 1  94.92 10027.00 2   0.0 -53.1     26870550   0   1750      1980000
    26  0 1  94.22 10025.50 2   0.0 -52.5     27860050   0   1850       989500
    27  0 1  95.62 10027.00 2   0.0 -51.9     28850450   0   1750       990400
    28  0 1  94.57 10027.00 2   0.0 -51.3     29830150   0   1850       979700
    29  0 1  94.92 10027.00 2   0.0 -50.6     30810350   0   2050       980200
    30  0 1  95.27 10025.50 2   0.0 -50.3     31790100   0   1650       979750
    31  0 1  94.92 10027.00 2   0.0 -49.7     32770050   0   2050       979950
    32  0 1  94.92 10027.00 2   0.0 -49.1     33750350   0   1800       980300
    33  0 1  94.92 10027.00 2   0.0 -48.4     34720350   0   2100       970000
    34  0 1  95.62 10027.00 2   0.0 -47.5     36659750   0   1950      1939400
    35  0 1  95.62 10027.00 2   0.0 -46.9     37630200   0   1650       970450
    36  0 1  94.57 10027.00 2   0.0 -46.6     38600400   0   1700       970200
    37  0 1  94.92 10027.00 2   0.0 -45.9     39559950   0   1750       959550
    38  0 1  94.22 10027.00 2   0.0 -45.6     40519750   0   1650       959800
    39  0 1  95.27 10025.50 2   0.0 -45.0     41479350   0   1850       959600
    40  0 1  95.62 10025.50 2   0.0 -44.4     42439100   0   1800       959750
    41  0 1  94.57 10027.00 2   0.0 -44.1     43399200   0   2050       960100
    42  0 1  95.27 10025.50 2   0.0 -43.4     44348800   0   2000       949600
    43  0 1  94.92 10025.50 2   0.0 -42.5     46248950   0   1700      1900150
    44  0 1  94.92 10027.00 2   0.0 -42.2     47199200   0   1750       950250
    45  0 1  94.92 10027.00 2   0.0 -41.6     48148700   0   2100       949500
    46  0 1  95.62 10027.00 2   0.0 -41.3     49088750   0   1800       940050
    47  0 1  95.62 10027.00 2   0.0 -40.9     50029000   0   2100       940250
    48  0 1  95.62 10027.00 2   0.0 -40.3     50968900   0   2050       939900
    49  0 1  94.92 10027.00 2   0.0 -40.0     51908650   0   1800       939750
    50  0 1  94.22 10027.00 2   0.0 -39.7     52849100   0   1750       940450
    51  0 1  94.92 10025.50 2   0.0 -39.1     53778600   0   1700       929500
    52  0 1  95.62 10025.50 2   0.0 -38.4     55639100   0   2050      1860500
    53  0 1  94.92 10027.00 2   0.0 -38.1     56569150   0   1700       930050
    54  0 1  94.57 10025.50 2   0.0 -37.5     57498700   0   2050       929550
    55  0 1  94.22 10025.50 2   0.0 -37.2     58498900   0   1650      1000200
    56  0 1  94.92 10027.00 2   0.0 -36.9     59499250   0   2050      1000350
    57  0 1  95.62 10025.50 2   0.0 -36.6     60499550   0   1900      1000300
    58  0 1  94.57 10025.50 2   0.0 -36.3     61500000   0   1750      1000450
    59  0 1  94.22 10025.50 2   0.0 -35.9     62500300   0   1900      1000300
    60  0 1  94.22 10027.00 2   0.0 -35.6     63489950   0   2100       989650
    61  0 1  94.57 10027.00 2   0.0 -35.0     65469400   0   1850      1979450
    62  0 1  95.62 10027.00 2   0.0 -34.7     66458950   0   2050       989550
    63  0 1  95.62 10027.00 2   0.0 -34.4     67448850   0   1650       989900
    64  0 1  94.57 10025.50 2   0.0 -34.1     68428700   0   1950       979850
    65  0 1  95.62 10027.00 2   0.0 -33.8     69408700   0   1650       980000
    66  0 1  94.22 10025.50 2   0.0 -33.4     70388400   0   2100       979700
    67  0 1  94.57 10027.00 2   0.0 -33.4     71368450   0   1850       980050
    68  0 1  94.22 10027.00 2   0.0 -33.1     72348500   0   1750       980050
    69  0 1  95.62 10025.50 2   0.0 -32.8     73318450   0   2100       969950
    70  0 1  95.27 10027.00 2   0.0 -32.5     75258250   0   1950      1939800
    71  0 1  94.92 10027.00 2   0.0 -32.2     76228550   0   1650       970300
    72  0 1  94.57 10025.50 2   0.0 -31.9     77198900   0   1800       970350
    73  0 1  94.92 10025.50 2   0.0 -31.9     78159050   0   1700       960150
    74  0 1  94.57 10025.50 2   0.0 -31.6     79119000   0   1700       959950
    75  0 1  94.22 10027.00 2   0.0 -31.6     80078650   0   1700       959650
    76  0 1  94.22 10027.00 2   0.0 -31.3     81038500   0   1800       959850
    77  0 1  94.22 10027.00 2   0.0 -31.3     81998200   0   2100       959700
    78  0 1  95.62 10025.50 2   0.0 -30.9     82948350   0   1850       950150
    79  0 1  94.92 10027.00 2   0.0 -30.6     84848000   0   1750      1899650
    80  0 1  94.92 10025.50 2   0.0 -30.6     85798450   0   1800       950450
    81  0 1  94.92 10025.50 2   0.0 -30.6     86748600   0   1900       950150
    82  0 1  95.27 10025.50 2   0.0 -30.3     87688850   0   1850       940250
    83  0 1  94.92 10025.50 2   0.0 -30.3     88629150   0   2050       940300
    84  0 1  94.92 10027.00 2   0.0 -30.3     89569100   0   1850       939950
    85  0 1  94.92 10027.00 2   0.0 -30.3     90509250   0   1800       940150
    86  0 1  95.27 10027.00 2   0.0 -30.0     91448800   0   1650       939550
    87  0 1  95.27 10025.50 2   0.0 -30.0     92378800   0   2100       930000
    88  0 1  95.27 10027.00 2   0.0 -30.0     94239000   0   2100      1860200
    89  0 1  95.62 10027.00 2   0.0 -30.0     95169300   0   1750       930300
