    NO  S V  AOA    FREQ    B  FMOP  AMP      TOA      PMOP  PW         dTOA  
------ -- - ------ -------- - ----- ----- ------------ --- ------ ------------
     0  0 1  94.57 10001.50 2   0.0 -70.0            0   0   1350  42949673000
     1  0 1  94.57  9913.00 2   0.0 -67.5       926850   0   1300       926850
     2  0 1  95.27  9964.00 2   0.0 -62.5      2874200   0   1150      1947350
     3  0 1  94.92 10069.00 2   0.0 -60.0      4021600   0   1150      1147400
     4  0 1  94.57 10006.00 2   0.0 -57.5      5052300   0   1350      1030700
     5  0 1  94.92  9979.00 2   0.0 -55.3      5989600   0   1250       937300
     6  0 1  94.92 10052.50 2   0.0 -53.1      7030050   0   1300      1040450
     7  0 1  94.92 10079.50 2   0.0 -50.6      8113950   0   1350      1083900
     8  0 1  94.92 10021.00 2   0.0 -48.4      9068000   0   1300       954050
     9  0 1  94.22  9962.50 2   0.0 -46.6     10075000   0   1600      1007000
    10  0 1  95.62  9973.00 2   0.0 -44.4     11178050   0   1450      1103050
    11  0 1  95.27 10006.00 2   0.0 -40.9     13368700   0   1300      2190650
    12  0 1  94.57 10067.50 2   0.0 -39.1     14307650   0   1200       938950
    13  0 1  94.92  9922.00 2   0.0 -37.5     15419850   0   1250      1112200
    14  0 1  95.62 10040.50 2   0.0 -36.3     16416050   0   1350       996200
    15  0 1  94.57 10031.50 2   0.0 -35.0     17400550   0   1550       984500
    16  0 1  94.92 10022.50 2   0.0 -33.8     18501350   0   1250      1100800
    17  0 1  95.62  9958.00 2   0.0 -32.8     19397400   0   1600       896050
    18  0 1  94.92  9986.50 2   0.0 -31.9     20251900   0   1550       854500
    19  0 1  95.62 10013.50 2   0.0 -31.3     21378850   0   1500      1126950
    20  0 1  94.57  9931.00 2   0.0 -30.3     23263450   0   1350      1884600
    21  0 1  94.57 10079.50 2   0.0 -30.0     24314050   0   1150      1050600
    22  0 1  95.27  9910.00 2   0.0 -30.0     25192550   0   1600       878500
    23  0 1  95.62  9910.00 2   0.0 -30.0     26168150   0   1300       975600
    24  0 1  95.27 10066.00 2   0.0 -30.3     27298850   0   1150      1130700
    25  0 1  94.92  9997.00 2   0.0 -30.6     28232450   0   1400       933600
    26  0 1  95.62  9956.50 2   0.0 -31.3     29339900   0   1150      1107450
    27  0 1  95.27 10010.50 2   0.0 -31.9     30275500   0   1200       935600
    28  0 1  95.62 10039.00 2   0.0 -32.8     31315100   0   1250      1039600
    29  0 1  94.57 10045.00 2   0.0 -35.0     33347200   0   1500      2032100
    30  0 1  94.92 10051.00 2   0.0 -36.3     34461150   0   1250      1113950
    31  0 1  94.22 10027.00 2   0.0 -37.5     35596650   0   1250      1135500
    32  0 1  94.92 10004.50 2   0.0 -39.1     36527950   0   1600       931300
    33  0 1  95.62  9922.00 2   0.0 -40.9     37455750   0   1550       927800
    34  0 1  94.92 10031.50 2   0.0 -42.5     38493200   0   1550      1037450
    35  0 1  95.62 10051.00 2   0.0 -44.4     39443200   0   1400       950000
    36  0 1  94.57 10069.00 2   0.0 -46.6     40467500   0   1400      1024300
    37  0 1  94.57 10033.00 2   0.0 -48.4     41581650   0   1300      1114150
    38  0 1  94.57 10063.00 2   0.0 -53.1     43568250   0   1450      1986600
    39  0 1  94.92 10057.00 2   0.0 -55.3     44667300   0   1350      1099050
    40  0 1  94.57 10030.00 2   0.0 -57.5     45812000   0   1450      1144700
    41  0 1  94.92 10081.00 2   0.0 -60.0     46827450   0   1450      1015450
    42  0 1  94.57 10066.00 2   0.0 -62.5     47867400   0   1400      1039950
    43  0 1  95.62 10030.00 2   0.0 -65.0     48807300   0   1600       939900
    44  0 1  95.62  9937.00 2   0.0 -67.5     49888900   0   1200      1081600
