    NO  S V  AOA    FREQ    B  FMOP  AMP      TOA      PMOP  PW         dTOA  
------ -- - ------ -------- - ----- ----- ------------ --- ------ ------------
     0  0 1  95.27  9958.00 2   0.0 -70.0            0   0   1050  42949673000
     1  0 1  95.62  9958.00 2   0.0 -68.8      2019550   0   1300      2019550
     2  0 1  95.62  9959.50 2   0.0 -68.1      2999200   0   1200       979650
     3  0 1  94.92  9961.00 2   0.0 -67.5      4039200   0   1150      1040000
     4  0 1  94.57  9958.00 2   0.0 -66.9      5079150   0   1450      1039950
     5  0 1  95.62  9958.00 2   0.0 -66.3      6058900   0   1100       979750
     6  0 1  95.27  9959.50 2   0.0 -65.6      7098500   0   1400      1039600
     7  0 1  94.22  9970.00 2   0.0 -65.0      8068900   0   1450       970400
     8  0 1  94.57  9970.00 2   0.0 -64.4      8069350   0   1450          450
     9  0 1  94.57  9970.00 2   0.0 -63.8      8069800   0   1050          450
    10  0 1  94.57  9970.00 2   0.0 -62.5     10090500   0   1100      2020700
    11  0 1  95.27  9968.50 2   0.0 -61.9     11070750   0   1350       980250
    12  0 1  94.22  9970.00 2   0.0 -61.3     12110600   0   1050      1039850
    13  0 1  94.22  9970.00 2   0.0 -60.6     13150900   0   1500      1040300
    14  0 1  95.62 10000.00 2   0.0 -60.0     14131000   0   1200       980100
    15  0 1  94.22 10000.00 2   0.0 -59.4     15171400   0   1200      1040400
    16  0 1  95.62 10000.00 2   0.0 -58.8     16141200   0   1350       969800
    17  0 1  95.27 10000.00 2   0.0 -58.1     16141550   0   1050          350
    18  0 1  94.57 10000.00 2   0.0 -57.5     16141850   0   1350          300
    19  0 1  94.57 10000.00 2   0.0 -56.6     18161450   0   1450      2019600
    20  0 1  94.92  9998.50 2   0.0 -55.9     19141500   0   1250       980050
    21  0 1  95.27 10018.00 2   0.0 -55.3     20181200   0   1050      1039700
    22  0 1  94.92 10021.00 2   0.0 -54.7     21221450   0   1200      1040250
    23  0 1  94.57 10019.50 2   0.0 -54.1     22201350   0   1200       979900
    24  0 1  94.57 10018.00 2   0.0 -53.4     23240950   0   1200      1039600
    25  0 1  94.92 10021.00 2   0.0 -53.1     24211100   0   1050       970150
    26  0 1  95.27 10018.00 2   0.0 -52.5     24211200   0   1500          100
    27  0 1  94.57 10019.50 2   0.0 -51.9     24211200   0   1200            0
    28  0 1  94.57 10019.50 2   0.0 -50.6     26231200   0   1300      2020000
    29  0 1  94.22 10019.50 2   0.0 -50.3     27211100   0   1400       979900
    30  0 1  94.22 10019.50 2   0.0 -49.7     28251350   0   1100      1040250
    31  0 1  95.27 10021.00 2   0.0 -49.1     29291800   0   1050      1040450
    32  0 1  95.62 10021.00 2   0.0 -48.4     30271550   0   1250       979750
    33  0 1  94.92 10019.50 2   0.0 -48.1     31312000   0   1100      1040450
    34  0 1  95.62 10021.00 2   0.0 -47.5     32282050   0   1400       970050
    35  0 1  94.22 10018.00 2   0.0 -46.9     32281750   0   1300 214748364500
    36  0 1  95.27  9980.50 2   0.0 -46.6     32281900   0   1100          150
    37  0 1  95.62  9980.50 2   0.0 -45.6     34301500   0   1250      2019600
    38  0 1  94.57  9979.00 2   0.0 -45.0     35281650   0   1350       980150
    39  0 1  95.62  9979.00 2   0.0 -44.4     36321850   0   1050      1040200
    40  0 1  95.62  9980.50 2   0.0 -44.1     37362000   0   1050      1040150
    41  0 1  95.62  9979.00 2   0.0 -43.4     38341700   0   1050       979700
    42  0 1  94.57  9979.00 2   0.0 -43.1     39382050   0   1250      1040350
    43  0 1  95.27 10030.00 2   0.0 -42.5     40351650   0   1100       969600
    44  0 1  94.22 10030.00 2   0.0 -42.2     40351800   0   1300          150
    45  0 1  94.57 10030.00 2   0.0 -41.6     40352050   0   1400          250
    46  0 1  94.92 10030.00 2   0.0 -40.9     42372300   0   1200      2020250
    47  0 1  95.27 10030.00 2   0.0 -40.3     43352650   0   1500       980350
    48  0 1  94.22 10028.50 2   0.0 -40.0     44392200   0   1500      1039550
    49  0 1  94.92 10028.50 2   0.0 -39.7     45432500   0   1300      1040300
    50  0 1  94.22  9979.00 2   0.0 -39.1     46412450   0   1150       979950
    51  0 1  94.22  9980.50 2   0.0 -38.8     47452050   0   1150      1039600
    52  0 1  94.22  9979.00 2   0.0 -38.4     48421550   0   1050       969500
    53  0 1  95.27  9979.00 2   0.0 -38.1     48421250   0   1100 214748364500
    54  0 1  95.62  9979.00 2   0.0 -37.5     48421250   0   1100            0
    55  0 1  95.62  9979.00 2   0.0 -36.9     50441350   0   1450      2020100
    56  0 1  94.57  9979.00 2   0.0 -36.6     51421400   0   1150       980050
    57  0 1  94.92  9958.00 2   0.0 -36.3     52461400   0   1200      1040000
    58  0 1  94.22  9958.00 2   0.0 -35.9     53500950   0   1100      1039550
    59  0 1  94.22  9959.50 2   0.0 -35.6     54481350   0   1450       980400
    60  0 1  94.92  9961.00 2   0.0 -35.3     55521500   0   1250      1040150
    61  0 1  94.92  9961.00 2   0.0 -35.0     56491050   0   1050       969550
    62  0 1  95.27  9961.00 2   0.0 -34.7     56491250   0   1150          200
    63  0 1  94.92  9958.00 2   0.0 -34.4     56491050   0   1050 214748364600
    64  0 1  94.57  9968.50 2   0.0 -33.8     58510650   0   1100      2019600
    65  0 1  94.57  9970.00 2   0.0 -33.4     59490350   0   1350       979700
    66  0 1  94.22  9970.00 2   0.0 -33.4     60530000   0   1150      1039650
    67  0 1  95.62  9970.00 2   0.0 -33.1     61569800   0   1500      1039800
    68  0 1  95.62  9968.50 2   0.0 -32.8     62549400   0   1400       979600
    69  0 1  95.27  9970.00 2   0.0 -32.5     63589850   0   1150      1040450
    70  0 1  95.62  9970.00 2   0.0 -32.5     64559850   0   1100       970000
    71  0 1  95.27  9970.00 2   0.0 -32.2     64559950   0   1200          100
    72  0 1  94.57  9998.50 2   0.0 -31.9     64560300   0   1100          350
    73  0 1  95.62 10000.00 2   0.0 -31.6     66580350   0   1200      2020050
    74  0 1  95.27 10000.00 2   0.0 -31.6     67559850   0   1400       979500
    75  0 1  94.57 10000.00 2   0.0 -31.3     68600150   0   1200      1040300
    76  0 1  94.92 10000.00 2   0.0 -31.3     69640400   0   1100      1040250
    77  0 1  94.57 10000.00 2   0.0 -30.9     70620200   0   1150       979800
    78  0 1  94.92 10000.00 2   0.0 -30.9     71660550   0   1250      1040350
    79  0 1  95.27 10019.50 2   0.0 -30.6     72630800   0   1200       970250
    80  0 1  94.57 10019.50 2   0.0 -30.6     72630550   0   1250 214748364550
    81  0 1  94.22 10019.50 2   0.0 -30.6     72630700   0   1250          150
    82  0 1  94.22 10018.00 2   0.0 -30.3     74650500   0   1500      2019800
    83  0 1  94.22 10021.00 2   0.0 -30.3     75630050   0   1050       979550
    84  0 1  94.92 10019.50 2   0.0 -30.3     76669650   0   1100      1039600
    85  0 1  95.27 10018.00 2   0.0 -30.0     77709150   0   1200      1039500
    86  0 1  95.62 10019.50 2   0.0 -30.0     78689400   0   1300       980250
    87  0 1  95.62 10018.00 2   0.0 -30.0     79729500   0   1250      1040100
    88  0 1  95.27 10019.50 2   0.0 -30.0     80699300   0   1300       969800
    89  0 1  94.92 10018.00 2   0.0 -30.0     80699750   0   1400          450
    90  0 1  94.92 10018.00 2   0.0 -30.0     80699950   0   1100          200
    91  0 1  95.27 10019.50 2   0.0 -30.0     82720400   0   1250      2020450
    92  0 1  95.62 10018.00 2   0.0 -30.0     83700450   0   1100       980050
    93  0 1  95.27  9979.00 2   0.0 -30.0     84740200   0   1500      1039750
    94  0 1  95.62  9980.50 2   0.0 -30.0     85780400   0   1500      1040200
    95  0 1  94.92  9979.00 2   0.0 -30.3     86760250   0   1250       979850
    96  0 1  94.92  9980.50 2   0.0 -30.3     87800550   0   1400      1040300
    97  0 1  94.57  9979.00 2   0.0 -30.3     88770350   0   1500       969800
    98  0 1  94.57  9979.00 2   0.0 -30.3     88770400   0   1100           50
    99  0 1  94.92  9979.00 2   0.0 -30.6     88770000   0   1500 214748364400
   100  0 1  94.92 10030.00 2   0.0 -30.6     90790400   0   1250      2020400
   101  0 1  94.92 10030.00 2   0.0 -30.9     91770400   0   1450       980000
   102  0 1  95.27 10030.00 2   0.0 -30.9     92810050   0   1200      1039650
   103  0 1  94.92 10028.50 2   0.0 -31.3     93849600   0   1450      1039550
   104  0 1  94.57 10030.00 2   0.0 -31.3     94829100   0   1450       979500
   105  0 1  94.92 10030.00 2   0.0 -31.6     95869500   0   1050      1040400
   106  0 1  95.62 10028.50 2   0.0 -31.6     96839250   0   1150       969750
   107  0 1  95.62 10030.00 2   0.0 -31.9     96839550   0   1250          300
   108  0 1  94.22  9980.50 2   0.0 -31.9     96839400   0   1100 214748364650
   109  0 1  94.92  9979.00 2   0.0 -32.5     98859500   0   1250      2020100
   110  0 1  94.92  9979.00 2   0.0 -32.5     99839000   0   1100       979500
   111  0 1  94.57  9979.00 2   0.0 -32.8    100878850   0   1200      1039850
   112  0 1  94.92  9980.50 2   0.0 -33.1    101918500   0   1450      1039650
   113  0 1  94.57  9979.00 2   0.0 -33.4    102898600   0   1400       980100
   114  0 1  95.27  9979.00 2   0.0 -33.4    103938200   0   1500      1039600
   115  0 1  94.92  9961.00 2   0.0 -33.8    104908000   0   1100       969800
   116  0 1  94.92  9958.00 2   0.0 -34.1    104908100   0   1200          100
   117  0 1  94.22  9961.00 2   0.0 -34.4    104908400   0   1250          300
   118  0 1  94.57  9958.00 2   0.0 -35.0    106927750   0   1350      2019350
   119  0 1  94.92  9961.00 2   0.0 -35.3    107907250   0   1400       979500
   120  0 1  95.62  9961.00 2   0.0 -35.6    108947100   0   1150      1039850
   121  0 1  95.62  9958.00 2   0.0 -35.9    109987400   0   1050      1040300
   122  0 1  95.62  9970.00 2   0.0 -36.3    110967250   0   1250       979850
   123  0 1  95.62  9970.00 2   0.0 -36.6    112007600   0   1350      1040350
   124  0 1  94.57  9970.00 2   0.0 -36.9    112977700   0   1100       970100
   125  0 1  94.22  9970.00 2   0.0 -37.2    112977550   0   1150 214748364650
   126  0 1  94.92  9970.00 2   0.0 -37.5    112977800   0   1350          250
   127  0 1  94.22  9968.50 2   0.0 -38.4    114997850   0   1450      2020050
   128  0 1  95.27  9970.00 2   0.0 -38.8    115977550   0   1450       979700
   129  0 1  94.92 10000.00 2   0.0 -39.1    117017150   0   1500      1039600
   130  0 1  94.22 10000.00 2   0.0 -39.7    118057500   0   1100      1040350
   131  0 1  95.62  9998.50 2   0.0 -40.0    119037550   0   1350       980050
   132  0 1  95.62 10000.00 2   0.0 -40.3    120077450   0   1500      1039900
   133  0 1  95.27 10000.00 2   0.0 -40.9    121047550   0   1400       970100
   134  0 1  95.62 10000.00 2   0.0 -41.3    121047550   0   1100            0
   135  0 1  94.22 10000.00 2   0.0 -41.6    121047050   0   1500 214748364300
   136  0 1  94.22 10019.50 2   0.0 -42.5    123067000   0   1050      2019950
   137  0 1  95.62 10018.00 2   0.0 -43.1    124047250   0   1150       980250
   138  0 1  94.92 10019.50 2   0.0 -43.4    125087300   0   1150      1040050
   139  0 1  94.92 10021.00 2   0.0 -44.1    126127650   0   1300      1040350
   140  0 1  94.57 10019.50 2   0.0 -44.4    127107300   0   1250       979650
   141  0 1  94.92 10019.50 2   0.0 -45.0    128147750   0   1350      1040450
   142  0 1  94.22 10018.00 2   0.0 -45.6    129118200   0   1250       970450
   143  0 1  94.22 10021.00 2   0.0 -45.9    129118550   0   1200          350
   144  0 1  95.62 10019.50 2   0.0 -46.6    129118350   0   1500 214748364600
   145  0 1  95.62 10018.00 2   0.0 -47.5    131137700   0   1100      2019350
   146  0 1  95.27 10018.00 2   0.0 -48.1    132117350   0   1450       979650
   147  0 1  94.57 10018.00 2   0.0 -48.4    133157250   0   1150      1039900
   148  0 1  94.57 10019.50 2   0.0 -49.1    134197450   0   1300      1040200
   149  0 1  94.22 10021.00 2   0.0 -49.7    135177400   0   1100       979950
   150  0 1  94.22 10021.00 2   0.0 -50.3    136217600   0   1400      1040200
   151  0 1  95.27  9979.00 2   0.0 -50.6    137187400   0   1100       969800
   152  0 1  95.62  9979.00 2   0.0 -51.3    137187350   0   1150 214748364750
   153  0 1  94.57  9979.00 2   0.0 -51.9    137187500   0   1100          150
   154  0 1  94.57  9980.50 2   0.0 -53.1    139207550   0   1050      2020050
   155  0 1  95.27  9980.50 2   0.0 -53.4    140187500   0   1150       979950
   156  0 1  94.22  9979.00 2   0.0 -54.1    141227950   0   1350      1040450
   157  0 1  95.27  9979.00 2   0.0 -54.7    142267500   0   1300      1039550
   158  0 1  94.92 10030.00 2   0.0 -55.3    143247800   0   1500       980300
   159  0 1  95.27 10030.00 2   0.0 -55.9    144288100   0   1400      1040300
   160  0 1  94.22 10028.50 2   0.0 -56.6    145258000   0   1400       969900
   161  0 1  94.57 10028.50 2   0.0 -57.2    145257650   0   1150 214748364450
   162  0 1  94.92 10030.00 2   0.0 -57.5    145257650   0   1050            0
   163  0 1  94.92 10028.50 2   0.0 -58.8    147277800   0   1100      2020150
   164  0 1  94.57 10030.00 2   0.0 -59.4    148257500   0   1300       979700
   165  0 1  95.27  9980.50 2   0.0 -60.0    149297000   0   1150      1039500
   166  0 1  94.92  9980.50 2   0.0 -60.6    150336600   0   1250      1039600
   167  0 1  95.27  9980.50 2   0.0 -61.3    151316650   0   1300       980050
   168  0 1  95.62  9979.00 2   0.0 -61.9    152356900   0   1350      1040250
   169  0 1  94.57  9980.50 2   0.0 -62.5    153326400   0   1150       969500
   170  0 1  95.62  9980.50 2   0.0 -63.1    153326650   0   1450          250
   171  0 1  94.92  9980.50 2   0.0 -63.8    153326900   0   1200          250
   172  0 1  95.62  9959.50 2   0.0 -65.0    155346650   0   1100      2019750
   173  0 1  94.92  9958.00 2   0.0 -65.6    156326250   0   1500       979600
   174  0 1  94.22  9961.00 2   0.0 -66.3    157366000   0   1100      1039750
   175  0 1  94.92  9961.00 2   0.0 -66.9    158406150   0   1450      1040150
   176  0 1  94.92  9959.50 2   0.0 -67.5    159386450   0   1350       980300
   177  0 1  94.22  9961.00 2   0.0 -68.1    160426850   0   1150      1040400
   178  0 1  95.62  9961.00 2   0.0 -68.8    161396550   0   1350       969700
   179  0 1  94.92  9958.00 2   0.0 -69.4    161396350   0   1250 214748364600
