    NO  S V  AOA    FREQ    B  FMOP  AMP      TOA      PMOP  PW         dTOA  
------ -- - ------ -------- - ----- ----- ------------ --- ------ ------------
     0  0 1  94.57  9959.50 2   0.0 -70.0            0   0   1250  42949673000
     1  0 1  95.62  9959.50 2   0.0 -69.4       980400   0   1300       980400
     2  0 1  94.57  9958.00 2   0.0 -68.8      2020750   0   1500      1040350
     3  0 1  94.57  9961.00 2   0.0 -68.1      3001100   0   1200       980350
     4  0 1  95.27  9961.00 2   0.0 -66.9      5082000   0   1300      2080900
     5  0 1  94.92  9961.00 2   0.0 -66.3      6062050   0   1500       980050
     6  0 1  94.57  9961.00 2   0.0 -65.6      7102400   0   1200      1040350
     7  0 1  94.22  9970.00 2   0.0 -65.0      8072000   0   1250       969600
     8  0 1  94.22  9970.00 2   0.0 -64.4      8071700   0   1400 214748364500
     9  0 1  94.57  9970.00 2   0.0 -63.8      8071200   0   1500 214748364300
    10  0 1  95.62  9970.00 2   0.0 -63.1      9051300   0   1050       980100
    11  0 1  94.57  9970.00 2   0.0 -62.5     10091450   0   1450      1040150
    12  0 1  94.57  9970.00 2   0.0 -61.9     11071150   0   1350       979700
    13  0 1  94.92  9970.00 2   0.0 -60.6     13150650   0   1400      2079500
    14  0 1  94.57 10000.00 2   0.0 -60.0     14130350   0   1050       979700
    15  0 1  94.92 10000.00 2   0.0 -59.4     15170150   0   1500      1039800
    16  0 1  95.62 10000.00 2   0.0 -58.8     16139950   0   1450       969800
    17  0 1  95.27  9998.50 2   0.0 -58.1     16139550   0   1150 214748364400
    18  0 1  95.62  9998.50 2   0.0 -57.5     16139150   0   1350 214748364400
    19  0 1  95.62 10000.00 2   0.0 -57.2     17118950   0   1050       979800
    20  0 1  95.27  9998.50 2   0.0 -56.6     18158850   0   1200      1039900
    21  0 1  95.62 10000.00 2   0.0 -55.9     19139300   0   1050       980450
    22  0 1  94.92 10018.00 2   0.0 -54.7     21218700   0   1100      2079400
    23  0 1  95.27 10019.50 2   0.0 -54.1     22199050   0   1250       980350
    24  0 1  95.27 10021.00 2   0.0 -53.4     23238700   0   1450      1039650
    25  0 1  94.22 10018.00 2   0.0 -53.1     24208750   0   1250       970050
    26  0 1  94.22 10019.50 2   0.0 -52.5     24208300   0   1050 214748364350
    27  0 1  95.62 10018.00 2   0.0 -51.9     24208550   0   1050          250
    28  0 1  94.22 10019.50 2   0.0 -51.3     25188650   0   1050       980100
    29  0 1  95.62 10018.00 2   0.0 -50.6     26228800   0   1200      1040150
    30  0 1  95.62 10021.00 2   0.0 -50.3     27208950   0   1150       980150
    31  0 1  95.27 10019.50 2   0.0 -49.1     29288800   0   1150      2079850
    32  0 1  94.57 10021.00 2   0.0 -48.4     30268900   0   1450       980100
    33  0 1  94.92 10018.00 2   0.0 -48.1     31308400   0   1200      1039500
    34  0 1  94.92 10021.00 2   0.0 -47.5     32277900   0   1200       969500
    35  0 1  95.27 10021.00 2   0.0 -46.9     32278000   0   1100          100
    36  0 1  94.57  9979.00 2   0.0 -46.6     32277600   0   1050 214748364400
    37  0 1  94.92  9979.00 2   0.0 -45.9     33257600   0   1100       980000
    38  0 1  95.62  9980.50 2   0.0 -45.6     34298000   0   1100      1040400
    39  0 1  94.92  9979.00 2   0.0 -45.0     35277750   0   1250       979750
    40  0 1  94.57  9980.50 2   0.0 -44.1     37358000   0   1100      2080250
    41  0 1  94.57  9980.50 2   0.0 -43.4     38337650   0   1200       979650
    42  0 1  95.27  9979.00 2   0.0 -43.1     39377250   0   1400      1039600
    43  0 1  94.92 10030.00 2   0.0 -42.5     40346950   0   1400       969700
    44  0 1  94.22 10030.00 2   0.0 -42.2     40346450   0   1250 214748364300
    45  0 1  95.27 10030.00 2   0.0 -41.6     40346850   0   1350          400
    46  0 1  95.27 10028.50 2   0.0 -41.3     41327250   0   1200       980400
    47  0 1  95.27 10030.00 2   0.0 -40.9     42366800   0   1500      1039550
    48  0 1  95.27 10030.00 2   0.0 -40.3     43346550   0   1150       979750
    49  0 1  95.62 10030.00 2   0.0 -39.7     45426350   0   1250      2079800
    50  0 1  94.57  9980.50 2   0.0 -39.1     46406100   0   1100       979750
    51  0 1  94.57  9979.00 2   0.0 -38.8     47445700   0   1150      1039600
    52  0 1  95.62  9979.00 2   0.0 -38.4     48415650   0   1150       969950
    53  0 1  94.57  9980.50 2   0.0 -38.1     48415650   0   1250            0
    54  0 1  94.22  9979.00 2   0.0 -37.5     48416050   0   1300          400
    55  0 1  95.62  9980.50 2   0.0 -37.2     49396500   0   1050       980450
    56  0 1  94.22  9979.00 2   0.0 -36.9     50436500   0   1150      1040000
    57  0 1  94.57  9979.00 2   0.0 -36.6     51416000   0   1100       979500
    58  0 1  95.62  9961.00 2   0.0 -35.9     53495250   0   1200      2079250
    59  0 1  95.62  9958.00 2   0.0 -35.6     54475000   0   1400       979750
    60  0 1  94.92  9959.50 2   0.0 -35.3     55514700   0   1150      1039700
    61  0 1  95.62  9961.00 2   0.0 -35.0     56484300   0   1250       969600
    62  0 1  94.22  9959.50 2   0.0 -34.7     56484100   0   1350 214748364600
    63  0 1  94.57  9959.50 2   0.0 -34.4     56484550   0   1150          450
    64  0 1  94.92  9958.00 2   0.0 -34.1     57465000   0   1350       980450
    65  0 1  95.62  9970.00 2   0.0 -33.8     58504500   0   1500      1039500
    66  0 1  94.22  9968.50 2   0.0 -33.4     59484300   0   1400       979800
    67  0 1  94.57  9968.50 2   0.0 -33.1     61564000   0   1350      2079700
    68  0 1  95.27  9970.00 2   0.0 -32.8     62543600   0   1300       979600
    69  0 1  94.57  9970.00 2   0.0 -32.5     63583800   0   1500      1040200
    70  0 1  95.27  9970.00 2   0.0 -32.5     64553350   0   1500       969550
    71  0 1  94.22  9970.00 2   0.0 -32.2     64553300   0   1400 214748364750
    72  0 1  94.57 10000.00 2   0.0 -31.9     64553650   0   1250          350
    73  0 1  94.57 10000.00 2   0.0 -31.9     65533500   0   1100       979850
    74  0 1  95.62 10000.00 2   0.0 -31.6     66573200   0   1050      1039700
    75  0 1  95.62 10000.00 2   0.0 -31.6     67553000   0   1400       979800
    76  0 1  94.92  9998.50 2   0.0 -31.3     69632800   0   1450      2079800
    77  0 1  94.57 10000.00 2   0.0 -30.9     70612750   0   1400       979950
    78  0 1  94.22 10000.00 2   0.0 -30.9     71652950   0   1300      1040200
    79  0 1  95.27 10019.50 2   0.0 -30.6     72622500   0   1050       969550
    80  0 1  95.62 10018.00 2   0.0 -30.6     72622400   0   1050 214748364700
    81  0 1  95.27 10021.00 2   0.0 -30.6     72622600   0   1250          200
    82  0 1  95.62 10018.00 2   0.0 -30.3     73603000   0   1100       980400
    83  0 1  94.22 10021.00 2   0.0 -30.3     74642750   0   1400      1039750
    84  0 1  94.22 10018.00 2   0.0 -30.3     75623200   0   1050       980450
    85  0 1  95.62 10021.00 2   0.0 -30.0     77703250   0   1500      2080050
    86  0 1  95.27 10021.00 2   0.0 -30.0     78683050   0   1200       979800
    87  0 1  94.22 10018.00 2   0.0 -30.0     79723100   0   1300      1040050
    88  0 1  94.92 10021.00 2   0.0 -30.0     80692850   0   1450       969750
    89  0 1  94.92 10021.00 2   0.0 -30.0     80693150   0   1050          300
    90  0 1  94.57 10019.50 2   0.0 -30.0     80692700   0   1150 214748364350
    91  0 1  95.62 10019.50 2   0.0 -30.0     81673050   0   1350       980350
    92  0 1  95.62 10018.00 2   0.0 -30.0     82713050   0   1250      1040000
    93  0 1  94.92 10021.00 2   0.0 -30.0     83692950   0   1250       979900
    94  0 1  94.92  9979.00 2   0.0 -30.0     85772150   0   1450      2079200
    95  0 1  94.57  9979.00 2   0.0 -30.3     86752200   0   1100       980050
    96  0 1  95.62  9979.00 2   0.0 -30.3     87792300   0   1450      1040100
    97  0 1  94.22  9979.00 2   0.0 -30.3     88762200   0   1400       969900
    98  0 1  94.92  9980.50 2   0.0 -30.3     88762300   0   1150          100
    99  0 1  95.27  9980.50 2   0.0 -30.6     88762600   0   1200          300
   100  0 1  94.22  9980.50 2   0.0 -30.6     89742550   0   1100       979950
   101  0 1  95.27 10030.00 2   0.0 -30.6     90782550   0   1400      1040000
   102  0 1  94.57 10028.50 2   0.0 -30.9     91762750   0   1250       980200
   103  0 1  94.22 10030.00 2   0.0 -31.3     93842450   0   1250      2079700
   104  0 1  94.92 10028.50 2   0.0 -31.3     94822700   0   1250       980250
   105  0 1  95.27 10030.00 2   0.0 -31.6     95862950   0   1150      1040250
   106  0 1  94.92 10030.00 2   0.0 -31.6     96832800   0   1200       969850
   107  0 1  94.22 10030.00 2   0.0 -31.9     96832950   0   1300          150
   108  0 1  94.57  9980.50 2   0.0 -31.9     96832550   0   1250 214748364400
   109  0 1  94.92  9979.00 2   0.0 -32.2     97812800   0   1050       980250
   110  0 1  94.22  9980.50 2   0.0 -32.5     98852450   0   1050      1039650
   111  0 1  95.27  9979.00 2   0.0 -32.5     99832050   0   1150       979600
   112  0 1  95.62  9979.00 2   0.0 -33.1    101911350   0   1050      2079300
   113  0 1  94.22  9979.00 2   0.0 -33.4    102891250   0   1150       979900
   114  0 1  94.92  9980.50 2   0.0 -33.4    103931550   0   1500      1040300
   115  0 1  95.27  9959.50 2   0.0 -33.8    104901550   0   1200       970000
   116  0 1  94.22  9958.00 2   0.0 -34.1    104901700   0   1300          150
   117  0 1  94.22  9958.00 2   0.0 -34.4    104901300   0   1300 214748364400
   118  0 1  94.92  9961.00 2   0.0 -34.7    105881200   0   1100       979900
   119  0 1  94.22  9961.00 2   0.0 -35.0    106921300   0   1050      1040100
   120  0 1  94.57  9961.00 2   0.0 -35.3    107901050   0   1300       979750
   121  0 1  94.22  9961.00 2   0.0 -35.9    109981700   0   1150      2080650
   122  0 1  94.22  9970.00 2   0.0 -36.3    110961500   0   1200       979800
   123  0 1  94.22  9970.00 2   0.0 -36.6    112001000   0   1250      1039500
   124  0 1  94.57  9970.00 2   0.0 -36.9    112971250   0   1050       970250
   125  0 1  94.92  9968.50 2   0.0 -37.2    112970750   0   1100 214748364300
   126  0 1  94.57  9970.00 2   0.0 -37.5    112970600   0   1200 214748364650
   127  0 1  95.62  9968.50 2   0.0 -38.1    113950450   0   1050       979850
   128  0 1  94.22  9968.50 2   0.0 -38.4    114990550   0   1250      1040100
   129  0 1  95.62  9970.00 2   0.0 -38.8    115970950   0   1400       980400
   130  0 1  95.62 10000.00 2   0.0 -39.7    118050950   0   1150      2080000
   131  0 1  94.92  9998.50 2   0.0 -40.0    119030750   0   1300       979800
   132  0 1  94.57 10000.00 2   0.0 -40.3    120070600   0   1450      1039850
   133  0 1  94.92  9998.50 2   0.0 -40.9    121040750   0   1400       970150
   134  0 1  95.62 10000.00 2   0.0 -41.3    121041150   0   1350          400
   135  0 1  95.27  9998.50 2   0.0 -41.6    121040950   0   1100 214748364600
   136  0 1  94.92 10000.00 2   0.0 -42.2    122021150   0   1300       980200
   137  0 1  95.62 10019.50 2   0.0 -42.5    123061250   0   1350      1040100
   138  0 1  95.62 10019.50 2   0.0 -43.1    124040900   0   1200       979650
   139  0 1  94.22 10019.50 2   0.0 -44.1    126120800   0   1350      2079900
   140  0 1  94.57 10018.00 2   0.0 -44.4    127100450   0   1400       979650
   141  0 1  95.62 10018.00 2   0.0 -45.0    128140000   0   1450      1039550
   142  0 1  95.62 10021.00 2   0.0 -45.6    129110400   0   1150       970400
   143  0 1  94.22 10019.50 2   0.0 -45.9    129110500   0   1150          100
   144  0 1  94.22 10021.00 2   0.0 -46.6    129110550   0   1400           50
   145  0 1  94.57 10019.50 2   0.0 -46.9    130090050   0   1200       979500
   146  0 1  95.27 10019.50 2   0.0 -47.5    131130350   0   1450      1040300
   147  0 1  94.22 10018.00 2   0.0 -48.1    132110300   0   1350       979950
   148  0 1  94.57 10021.00 2   0.0 -49.1    134189850   0   1400      2079550
   149  0 1  94.57 10019.50 2   0.0 -49.7    135170200   0   1050       980350
   150  0 1  94.57 10018.00 2   0.0 -50.3    136209750   0   1450      1039550
   151  0 1  94.22  9979.00 2   0.0 -50.6    137179750   0   1050       970000
   152  0 1  94.92  9979.00 2   0.0 -51.3    137179750   0   1050            0
   153  0 1  94.92  9979.00 2   0.0 -51.9    137179250   0   1150 214748364300
   154  0 1  95.27  9979.00 2   0.0 -52.5    138158950   0   1400       979700
   155  0 1  94.22  9979.00 2   0.0 -53.1    139199000   0   1450      1040050
   156  0 1  95.27  9979.00 2   0.0 -53.4    140179450   0   1050       980450
   157  0 1  94.92  9980.50 2   0.0 -54.7    142259050   0   1250      2079600
   158  0 1  94.22 10028.50 2   0.0 -55.3    143239200   0   1050       980150
   159  0 1  94.22 10030.00 2   0.0 -55.9    144278950   0   1200      1039750
   160  0 1  95.62 10030.00 2   0.0 -56.6    145248950   0   1250       970000
   161  0 1  94.92 10030.00 2   0.0 -57.2    145248950   0   1450            0
   162  0 1  95.27 10030.00 2   0.0 -57.5    145249250   0   1250          300
   163  0 1  94.92 10030.00 2   0.0 -58.1    146229400   0   1250       980150
   164  0 1  95.27 10030.00 2   0.0 -58.8    147269600   0   1200      1040200
   165  0 1  95.27 10030.00 2   0.0 -59.4    148249850   0   1500       980250
   166  0 1  94.92  9979.00 2   0.0 -60.6    150329200   0   1100      2079350
   167  0 1  95.62  9980.50 2   0.0 -61.3    151309200   0   1500       980000
   168  0 1  94.22  9979.00 2   0.0 -61.9    152348850   0   1050      1039650
   169  0 1  94.92  9979.00 2   0.0 -62.5    153318850   0   1300       970000
   170  0 1  94.22  9979.00 2   0.0 -63.1    153319150   0   1400          300
   171  0 1  94.57  9979.00 2   0.0 -63.8    153318750   0   1150 214748364400
   172  0 1  94.57  9979.00 2   0.0 -64.4    154298250   0   1150       979500
   173  0 1  94.92  9958.00 2   0.0 -65.0    155338200   0   1450      1039950
   174  0 1  94.22  9958.00 2   0.0 -65.6    156318350   0   1050       980150
   175  0 1  95.27  9958.00 2   0.0 -66.9    158398450   0   1500      2080100
   176  0 1  94.57  9961.00 2   0.0 -67.5    159378900   0   1500       980450
   177  0 1  94.22  9958.00 2   0.0 -68.1    160418600   0   1200      1039700
   178  0 1  95.62  9959.50 2   0.0 -68.8    161388850   0   1500       970250
   179  0 1  95.62  9959.50 2   0.0 -69.4    161388550   0   1450 214748364500
