    NO  S V  AOA    FREQ    B  FMOP  AMP      TOA      PMOP  PW         dTOA  
------ -- - ------ -------- - ----- ----- ------------ --- ------ ------------
     0  0 1  94.57  9959.50 2   0.0 -70.0            0   0   1350  42949673000
     1  0 1  95.27  9958.00 2   0.0 -69.4       980350   0   1100       980350
     2  0 1  95.27  9958.00 2   0.0 -68.8      2020100   0   1050      1039750
     3  0 1  94.57  9961.00 2   0.0 -68.1      2999900   0   1350       979800
     4  0 1  94.57  9958.00 2   0.0 -67.5      4039500   0   1450      1039600
     5  0 1  94.22  9958.00 2   0.0 -66.9      5079500   0   1450      1040000
     6  0 1  94.57  9958.00 2   0.0 -65.6      7099300   0   1400      2019800
     7  0 1  95.27  9968.50 2   0.0 -65.0      8069350   0   1100       970050
     8  0 1  95.62  9968.50 2   0.0 -64.4      8069750   0   1300          400
     9  0 1  95.27  9968.50 2   0.0 -63.8      8070100   0   1450          350
    10  0 1  95.27  9970.00 2   0.0 -63.1      9050250   0   1100       980150
    11  0 1  94.57  9970.00 2   0.0 -62.5     10090450   0   1450      1040200
    12  0 1  95.27  9970.00 2   0.0 -61.9     11070200   0   1450       979750
    13  0 1  94.92  9970.00 2   0.0 -61.3     12110650   0   1200      1040450
    14  0 1  94.92  9970.00 2   0.0 -60.6     13150850   0   1300      1040200
    15  0 1  94.57 10000.00 2   0.0 -59.4     15171050   0   1450      2020200
    16  0 1  94.92 10000.00 2   0.0 -58.8     16141350   0   1400       970300
    17  0 1  94.92  9998.50 2   0.0 -58.1     16141050   0   1250 214748364500
    18  0 1  94.22  9998.50 2   0.0 -57.5     16140550   0   1050 214748364300
    19  0 1  94.92 10000.00 2   0.0 -57.2     17120550   0   1150       980000
    20  0 1  94.22 10000.00 2   0.0 -56.6     18160250   0   1150      1039700
    21  0 1  95.27 10000.00 2   0.0 -55.9     19140200   0   1450       979950
    22  0 1  95.27 10019.50 2   0.0 -55.3     20180350   0   1300      1040150
    23  0 1  95.27 10019.50 2   0.0 -54.7     21220300   0   1450      1039950
    24  0 1  95.62 10018.00 2   0.0 -53.4     23239600   0   1150      2019300
    25  0 1  94.57 10019.50 2   0.0 -53.1     24209500   0   1350       969900
    26  0 1  94.57 10019.50 2   0.0 -52.5     24209450   0   1500 214748364750
    27  0 1  94.22 10021.00 2   0.0 -51.9     24209200   0   1200 214748364550
    28  0 1  94.57 10021.00 2   0.0 -51.3     25189650   0   1200       980450
    29  0 1  95.27 10021.00 2   0.0 -50.6     26229950   0   1450      1040300
    30  0 1  95.27 10018.00 2   0.0 -50.3     27209900   0   1100       979950
    31  0 1  94.92 10021.00 2   0.0 -49.7     28250150   0   1100      1040250
    32  0 1  94.57 10021.00 2   0.0 -49.1     29290050   0   1400      1039900
    33  0 1  94.57 10018.00 2   0.0 -48.1     31310350   0   1350      2020300
    34  0 1  94.22 10019.50 2   0.0 -47.5     32280550   0   1150       970200
    35  0 1  94.22 10019.50 2   0.0 -46.9     32281000   0   1150          450
    36  0 1  95.62  9980.50 2   0.0 -46.6     32280550   0   1100 214748364350
    37  0 1  95.27  9979.00 2   0.0 -45.9     33260950   0   1300       980400
    38  0 1  94.57  9979.00 2   0.0 -45.6     34300450   0   1300      1039500
    39  0 1  95.27  9979.00 2   0.0 -45.0     35280150   0   1150       979700
    40  0 1  94.92  9980.50 2   0.0 -44.4     36320550   0   1450      1040400
    41  0 1  94.57  9980.50 2   0.0 -44.1     37360950   0   1400      1040400
    42  0 1  94.22  9979.00 2   0.0 -43.1     39380300   0   1050      2019350
    43  0 1  95.27 10028.50 2   0.0 -42.5     40350100   0   1350       969800
    44  0 1  95.62 10030.00 2   0.0 -42.2     40350100   0   1450            0
    45  0 1  94.57 10028.50 2   0.0 -41.6     40349850   0   1450 214748364550
    46  0 1  94.22 10030.00 2   0.0 -41.3     41329800   0   1500       979950
    47  0 1  94.92 10030.00 2   0.0 -40.9     42369600   0   1150      1039800
    48  0 1  94.22 10030.00 2   0.0 -40.3     43349100   0   1050       979500
    49  0 1  94.22 10030.00 2   0.0 -40.0     44388800   0   1250      1039700
    50  0 1  95.27 10030.00 2   0.0 -39.7     45429000   0   1200      1040200
    51  0 1  94.57  9979.00 2   0.0 -38.8     47448050   0   1150      2019050
    52  0 1  95.27  9980.50 2   0.0 -38.4     48417750   0   1300       969700
    53  0 1  94.92  9980.50 2   0.0 -38.1     48418150   0   1350          400
    54  0 1  94.22  9979.00 2   0.0 -37.5     48418550   0   1200          400
    55  0 1  94.22  9980.50 2   0.0 -37.2     49398650   0   1150       980100
    56  0 1  94.22  9979.00 2   0.0 -36.9     50438650   0   1400      1040000
    57  0 1  95.62  9980.50 2   0.0 -36.6     51418650   0   1450       980000
    58  0 1  94.22  9958.00 2   0.0 -36.3     52458850   0   1400      1040200
    59  0 1  94.22  9961.00 2   0.0 -35.9     53499000   0   1450      1040150
    60  0 1  95.62  9959.50 2   0.0 -35.3     55518950   0   1150      2019950
    61  0 1  95.27  9959.50 2   0.0 -35.0     56489050   0   1400       970100
    62  0 1  94.92  9958.00 2   0.0 -34.7     56489100   0   1250           50
    63  0 1  94.92  9958.00 2   0.0 -34.4     56488800   0   1350 214748364500
    64  0 1  94.92  9959.50 2   0.0 -34.1     57469050   0   1100       980250
    65  0 1  94.92  9970.00 2   0.0 -33.8     58509500   0   1450      1040450
    66  0 1  94.92  9968.50 2   0.0 -33.4     59489000   0   1200       979500
    67  0 1  94.22  9970.00 2   0.0 -33.4     60529150   0   1250      1040150
    68  0 1  95.62  9970.00 2   0.0 -33.1     61569100   0   1150      1039950
    69  0 1  95.62  9970.00 2   0.0 -32.5     63588500   0   1500      2019400
    70  0 1  94.57  9968.50 2   0.0 -32.5     64558250   0   1450       969750
    71  0 1  95.62  9968.50 2   0.0 -32.2     64558150   0   1250 214748364700
    72  0 1  95.62  9998.50 2   0.0 -31.9     64557950   0   1100 214748364600
    73  0 1  95.62  9998.50 2   0.0 -31.9     65538100   0   1250       980150
    74  0 1  95.62 10000.00 2   0.0 -31.6     66578550   0   1150      1040450
    75  0 1  94.57 10000.00 2   0.0 -31.6     67558800   0   1350       980250
    76  0 1  95.62 10000.00 2   0.0 -31.3     68598500   0   1400      1039700
    77  0 1  94.92 10000.00 2   0.0 -31.3     69638750   0   1150      1040250
    78  0 1  95.27  9998.50 2   0.0 -30.9     71659050   0   1050      2020300
    79  0 1  95.62 10021.00 2   0.0 -30.6     72629050   0   1150       970000
    80  0 1  94.22 10018.00 2   0.0 -30.6     72628750   0   1350 214748364500
    81  0 1  94.22 10021.00 2   0.0 -30.6     72628400   0   1050 214748364450
    82  0 1  94.92 10018.00 2   0.0 -30.3     73608550   0   1050       980150
    83  0 1  94.57 10019.50 2   0.0 -30.3     74648150   0   1050      1039600
    84  0 1  95.62 10018.00 2   0.0 -30.3     75628300   0   1300       980150
    85  0 1  94.22 10018.00 2   0.0 -30.3     76668000   0   1500      1039700
    86  0 1  95.27 10018.00 2   0.0 -30.0     77708200   0   1250      1040200
    87  0 1  95.62 10021.00 2   0.0 -30.0     79727700   0   1050      2019500
    88  0 1  95.62 10021.00 2   0.0 -30.0     80697600   0   1300       969900
    89  0 1  94.22 10018.00 2   0.0 -30.0     80697900   0   1500          300
    90  0 1  95.27 10018.00 2   0.0 -30.0     80698050   0   1400          150
    91  0 1  94.22 10018.00 2   0.0 -30.0     81678400   0   1400       980350
    92  0 1  94.22 10018.00 2   0.0 -30.0     82718250   0   1100      1039850
    93  0 1  94.57 10018.00 2   0.0 -30.0     83698550   0   1150       980300
    94  0 1  95.27  9980.50 2   0.0 -30.0     84739000   0   1150      1040450
    95  0 1  94.57  9979.00 2   0.0 -30.0     85779400   0   1100      1040400
    96  0 1  95.62  9979.00 2   0.0 -30.3     87799900   0   1100      2020500
    97  0 1  95.62  9980.50 2   0.0 -30.3     88769900   0   1100       970000
    98  0 1  94.92  9979.00 2   0.0 -30.3     88769950   0   1100           50
    99  0 1  94.92  9979.00 2   0.0 -30.6     88770100   0   1300          150
   100  0 1  94.22  9980.50 2   0.0 -30.6     89749700   0   1400       979600
   101  0 1  94.92 10030.00 2   0.0 -30.6     90789350   0   1100      1039650
   102  0 1  95.62 10030.00 2   0.0 -30.9     91769050   0   1100       979700
   103  0 1  95.27 10030.00 2   0.0 -30.9     92808650   0   1450      1039600
   104  0 1  95.27 10030.00 2   0.0 -31.3     93849050   0   1150      1040400
   105  0 1  94.92 10030.00 2   0.0 -31.6     95868750   0   1200      2019700
   106  0 1  94.57 10030.00 2   0.0 -31.6     96838350   0   1500       969600
   107  0 1  95.62 10030.00 2   0.0 -31.9     96838050   0   1200 214748364500
   108  0 1  95.27  9979.00 2   0.0 -31.9     96837550   0   1450 214748364300
   109  0 1  95.27  9979.00 2   0.0 -32.2     97817500   0   1100       979950
   110  0 1  95.27  9979.00 2   0.0 -32.5     98857600   0   1150      1040100
   111  0 1  94.22  9980.50 2   0.0 -32.5     99837600   0   1050       980000
   112  0 1  94.22  9980.50 2   0.0 -32.8    100878050   0   1450      1040450
   113  0 1  94.57  9979.00 2   0.0 -33.1    101917650   0   1400      1039600
   114  0 1  94.22  9979.00 2   0.0 -33.4    103938150   0   1100      2020500
   115  0 1  95.27  9959.50 2   0.0 -33.8    104908200   0   1450       970050
   116  0 1  94.57  9959.50 2   0.0 -34.1    104907900   0   1350 214748364500
   117  0 1  94.57  9958.00 2   0.0 -34.4    104907650   0   1100 214748364550
   118  0 1  95.27  9959.50 2   0.0 -34.7    105887600   0   1350       979950
   119  0 1  95.62  9961.00 2   0.0 -35.0    106927650   0   1450      1040050
   120  0 1  95.27  9961.00 2   0.0 -35.3    107908100   0   1200       980450
   121  0 1  95.27  9961.00 2   0.0 -35.6    108948350   0   1350      1040250
   122  0 1  94.57  9961.00 2   0.0 -35.9    109988750   0   1150      1040400
   123  0 1  94.92  9970.00 2   0.0 -36.6    112008750   0   1300      2020000
   124  0 1  94.57  9968.50 2   0.0 -36.9    112978350   0   1150       969600
   125  0 1  94.92  9968.50 2   0.0 -37.2    112977950   0   1500 214748364400
   126  0 1  95.27  9968.50 2   0.0 -37.5    112978300   0   1400          350
   127  0 1  94.92  9970.00 2   0.0 -38.1    113957950   0   1150       979650
   128  0 1  94.57  9968.50 2   0.0 -38.4    114997750   0   1350      1039800
   129  0 1  95.62  9970.00 2   0.0 -38.8    115977300   0   1200       979550
   130  0 1  95.62 10000.00 2   0.0 -39.1    117017050   0   1200      1039750
   131  0 1  94.22  9998.50 2   0.0 -39.7    118056600   0   1500      1039550
   132  0 1  95.62 10000.00 2   0.0 -40.3    120076200   0   1450      2019600
   133  0 1  94.92 10000.00 2   0.0 -40.9    121045700   0   1250       969500
   134  0 1  94.22  9998.50 2   0.0 -41.3    121045650   0   1500 214748364750
   135  0 1  95.27  9998.50 2   0.0 -41.6    121045400   0   1300 214748364550
   136  0 1  94.57 10000.00 2   0.0 -42.2    122025350   0   1100       979950
   137  0 1  95.62 10018.00 2   0.0 -42.5    123065600   0   1200      1040250
   138  0 1  95.62 10019.50 2   0.0 -43.1    124045450   0   1250       979850
   139  0 1  95.27 10021.00 2   0.0 -43.4    125085800   0   1250      1040350
   140  0 1  94.92 10018.00 2   0.0 -44.1    126125450   0   1300      1039650
   141  0 1  95.27 10019.50 2   0.0 -45.0    128144900   0   1150      2019450
   142  0 1  94.57 10021.00 2   0.0 -45.6    129114750   0   1050       969850
   143  0 1  94.22 10018.00 2   0.0 -45.9    129114700   0   1100 214748364750
   144  0 1  94.22 10021.00 2   0.0 -46.6    129114950   0   1150          250
   145  0 1  95.27 10019.50 2   0.0 -46.9    130094800   0   1250       979850
   146  0 1  94.57 10019.50 2   0.0 -47.5    131134500   0   1250      1039700
   147  0 1  95.62 10019.50 2   0.0 -48.1    132114800   0   1500       980300
   148  0 1  95.27 10018.00 2   0.0 -48.4    133154800   0   1500      1040000
   149  0 1  94.22 10019.50 2   0.0 -49.1    134194450   0   1500      1039650
   150  0 1  94.92 10018.00 2   0.0 -50.3    136214100   0   1200      2019650
   151  0 1  94.57  9979.00 2   0.0 -50.6    137184050   0   1200       969950
   152  0 1  95.62  9979.00 2   0.0 -51.3    137183850   0   1500 214748364600
   153  0 1  94.22  9980.50 2   0.0 -51.9    137184050   0   1300          200
   154  0 1  94.22  9979.00 2   0.0 -52.5    138164400   0   1050       980350
   155  0 1  95.27  9979.00 2   0.0 -53.1    139204750   0   1050      1040350
   156  0 1  94.57  9979.00 2   0.0 -53.4    140185050   0   1100       980300
   157  0 1  95.27  9979.00 2   0.0 -54.1    141225200   0   1150      1040150
   158  0 1  94.22  9980.50 2   0.0 -54.7    142265600   0   1350      1040400
   159  0 1  94.92 10030.00 2   0.0 -55.9    144285700   0   1200      2020100
   160  0 1  94.57 10028.50 2   0.0 -56.6    145255950   0   1300       970250
   161  0 1  94.57 10028.50 2   0.0 -57.2    145256400   0   1450          450
   162  0 1  94.57 10030.00 2   0.0 -57.5    145255950   0   1400 214748364350
   163  0 1  94.92 10030.00 2   0.0 -58.1    146236200   0   1050       980250
   164  0 1  94.92 10030.00 2   0.0 -58.8    147275950   0   1250      1039750
   165  0 1  94.22 10028.50 2   0.0 -59.4    148256150   0   1150       980200
   166  0 1  95.62  9979.00 2   0.0 -60.0    149296600   0   1300      1040450
   167  0 1  95.27  9979.00 2   0.0 -60.6    150336200   0   1400      1039600
   168  0 1  95.27  9980.50 2   0.0 -61.9    152356600   0   1350      2020400
   169  0 1  94.57  9979.00 2   0.0 -62.5    153326650   0   1150       970050
   170  0 1  95.62  9979.00 2   0.0 -63.1    153326350   0   1450 214748364500
   171  0 1  94.57  9980.50 2   0.0 -63.8    153326250   0   1250 214748364700
   172  0 1  94.57  9979.00 2   0.0 -64.4    154305750   0   1450       979500
   173  0 1  94.22  9961.00 2   0.0 -65.0    155345700   0   1350      1039950
   174  0 1  94.57  9961.00 2   0.0 -65.6    156325750   0   1200       980050
   175  0 1  95.62  9961.00 2   0.0 -66.3    157366200   0   1050      1040450
   176  0 1  95.62  9959.50 2   0.0 -66.9    158406450   0   1050      1040250
   177  0 1  94.92  9959.50 2   0.0 -68.1    160426750   0   1100      2020300
   178  0 1  94.92  9961.00 2   0.0 -68.8    161396950   0   1500       970200
   179  0 1  94.22  9961.00 2   0.0 -69.4    161396900   0   1250 214748364750
