    NO  S V  AOA    FREQ    B  FMOP  AMP      TOA      PMOP  PW         dTOA  
------ -- - ------ -------- - ----- ----- ------------ --- ------ ------------
     0  0 1  95.62  9959.50 2   0.0 -70.0            0   0   1300  42949673000
     1  0 1  95.27  9958.00 2   0.0 -69.4       979950   0   1250       979950
     2  0 1  94.22  9961.00 2   0.0 -68.8      2019550   0   1350      1039600
     3  0 1  94.92  9958.00 2   0.0 -67.5      4039350   0   1250      2019800
     4  0 1  94.92  9958.00 2   0.0 -66.9      5079400   0   1150      1040050
     5  0 1  94.57  9961.00 2   0.0 -66.3      6059500   0   1500       980100
     6  0 1  94.92  9958.00 2   0.0 -65.6      7099900   0   1100      1040400
     7  0 1  95.62  9970.00 2   0.0 -65.0      8069950   0   1350       970050
     8  0 1  94.22  9968.50 2   0.0 -64.4      8069800   0   1200 214748364650
     9  0 1  94.92  9968.50 2   0.0 -63.8      8069450   0   1250 214748364450
    10  0 1  94.57  9970.00 2   0.0 -63.1      9049600   0   1350       980150
    11  0 1  94.92  9970.00 2   0.0 -62.5     10089750   0   1150      1040150
    12  0 1  95.62  9970.00 2   0.0 -61.3     12109000   0   1200      2019250
    13  0 1  94.22  9968.50 2   0.0 -60.6     13149300   0   1050      1040300
    14  0 1  94.22 10000.00 2   0.0 -60.0     14129200   0   1150       979900
    15  0 1  94.57  9998.50 2   0.0 -59.4     15168900   0   1350      1039700
    16  0 1  94.22 10000.00 2   0.0 -58.8     16138900   0   1100       970000
    17  0 1  95.27 10000.00 2   0.0 -58.1     16138700   0   1150 214748364600
    18  0 1  95.62 10000.00 2   0.0 -57.5     16138650   0   1100 214748364750
    19  0 1  94.57 10000.00 2   0.0 -57.2     17118950   0   1350       980300
    20  0 1  95.62  9998.50 2   0.0 -56.6     18159000   0   1100      1040050
    21  0 1  95.62 10021.00 2   0.0 -55.3     20179200   0   1100      2020200
    22  0 1  95.62 10018.00 2   0.0 -54.7     21219350   0   1500      1040150
    23  0 1  94.92 10021.00 2   0.0 -54.1     22199050   0   1150       979700
    24  0 1  94.57 10021.00 2   0.0 -53.4     23239200   0   1500      1040150
    25  0 1  94.22 10018.00 2   0.0 -53.1     24208900   0   1300       969700
    26  0 1  94.92 10018.00 2   0.0 -52.5     24209250   0   1200          350
    27  0 1  94.57 10018.00 2   0.0 -51.9     24209050   0   1250 214748364600
    28  0 1  94.22 10019.50 2   0.0 -51.3     25189300   0   1150       980250
    29  0 1  94.22 10019.50 2   0.0 -50.6     26229350   0   1100      1040050
    30  0 1  94.92 10018.00 2   0.0 -49.7     28248750   0   1150      2019400
    31  0 1  95.27 10018.00 2   0.0 -49.1     29289100   0   1450      1040350
    32  0 1  95.62 10021.00 2   0.0 -48.4     30268850   0   1450       979750
    33  0 1  94.92 10019.50 2   0.0 -48.1     31308400   0   1200      1039550
    34  0 1  95.27 10021.00 2   0.0 -47.5     32278200   0   1150       969800
    35  0 1  94.92 10021.00 2   0.0 -46.9     32277700   0   1350 214748364300
    36  0 1  95.62  9980.50 2   0.0 -46.6     32277700   0   1350            0
    37  0 1  94.22  9979.00 2   0.0 -45.9     33257600   0   1250       979900
    38  0 1  94.57  9980.50 2   0.0 -45.6     34297200   0   1100      1039600
    39  0 1  95.27  9979.00 2   0.0 -44.4     36317300   0   1250      2020100
    40  0 1  95.27  9979.00 2   0.0 -44.1     37356850   0   1400      1039550
    41  0 1  94.22  9980.50 2   0.0 -43.4     38337250   0   1050       980400
    42  0 1  95.27  9979.00 2   0.0 -43.1     39377100   0   1150      1039850
    43  0 1  94.92 10028.50 2   0.0 -42.5     40347000   0   1350       969900
    44  0 1  95.27 10030.00 2   0.0 -42.2     40347000   0   1400            0
    45  0 1  94.22 10028.50 2   0.0 -41.6     40346950   0   1300 214748364750
    46  0 1  95.62 10030.00 2   0.0 -41.3     41326450   0   1050       979500
    47  0 1  95.62 10030.00 2   0.0 -40.9     42366850   0   1150      1040400
    48  0 1  95.27 10028.50 2   0.0 -40.0     44386800   0   1100      2019950
    49  0 1  95.62 10030.00 2   0.0 -39.7     45426450   0   1300      1039650
    50  0 1  95.27  9979.00 2   0.0 -39.1     46406350   0   1500       979900
    51  0 1  95.27  9980.50 2   0.0 -38.8     47445850   0   1050      1039500
    52  0 1  95.62  9979.00 2   0.0 -38.4     48415800   0   1200       969950
    53  0 1  95.27  9979.00 2   0.0 -38.1     48415900   0   1250          100
    54  0 1  94.22  9980.50 2   0.0 -37.5     48416300   0   1350          400
    55  0 1  94.22  9979.00 2   0.0 -37.2     49396700   0   1100       980400
    56  0 1  94.92  9979.00 2   0.0 -36.9     50437000   0   1050      1040300
    57  0 1  94.22  9961.00 2   0.0 -36.3     52456700   0   1050      2019700
    58  0 1  95.62  9958.00 2   0.0 -35.9     53496650   0   1100      1039950
    59  0 1  94.92  9958.00 2   0.0 -35.6     54476200   0   1300       979550
    60  0 1  94.92  9958.00 2   0.0 -35.3     55515750   0   1250      1039550
    61  0 1  94.22  9961.00 2   0.0 -35.0     56485850   0   1150       970100
    62  0 1  95.27  9959.50 2   0.0 -34.7     56485350   0   1250 214748364300
    63  0 1  94.57  9958.00 2   0.0 -34.4     56484900   0   1350 214748364350
    64  0 1  94.92  9959.50 2   0.0 -34.1     57465150   0   1050       980250
    65  0 1  95.27  9970.00 2   0.0 -33.8     58504750   0   1200      1039600
    66  0 1  94.57  9970.00 2   0.0 -33.4     60525050   0   1100      2020300
    67  0 1  95.27  9968.50 2   0.0 -33.1     61565350   0   1050      1040300
    68  0 1  95.62  9970.00 2   0.0 -32.8     62545100   0   1500       979750
    69  0 1  94.22  9968.50 2   0.0 -32.5     63584650   0   1200      1039550
    70  0 1  95.62  9968.50 2   0.0 -32.5     64555050   0   1300       970400
    71  0 1  94.92  9970.00 2   0.0 -32.2     64555500   0   1400          450
    72  0 1  94.57 10000.00 2   0.0 -31.9     64555450   0   1200 214748364750
    73  0 1  94.92 10000.00 2   0.0 -31.9     65535600   0   1350       980150
    74  0 1  95.27 10000.00 2   0.0 -31.6     66575400   0   1300      1039800
    75  0 1  94.57 10000.00 2   0.0 -31.3     68595950   0   1250      2020550
    76  0 1  94.22 10000.00 2   0.0 -31.3     69636100   0   1050      1040150
    77  0 1  94.92 10000.00 2   0.0 -30.9     70616200   0   1400       980100
    78  0 1  94.57 10000.00 2   0.0 -30.9     71656350   0   1400      1040150
    79  0 1  94.57 10019.50 2   0.0 -30.6     72626150   0   1050       969800
    80  0 1  95.62 10019.50 2   0.0 -30.6     72626450   0   1050          300
    81  0 1  95.27 10021.00 2   0.0 -30.6     72626700   0   1100          250
    82  0 1  94.92 10018.00 2   0.0 -30.3     73606400   0   1050       979700
    83  0 1  95.62 10021.00 2   0.0 -30.3     74646550   0   1050      1040150
    84  0 1  95.27 10021.00 2   0.0 -30.3     76666500   0   1500      2019950
    85  0 1  95.27 10021.00 2   0.0 -30.0     77706350   0   1200      1039850
    86  0 1  94.92 10019.50 2   0.0 -30.0     78685950   0   1300       979600
    87  0 1  95.62 10021.00 2   0.0 -30.0     79726150   0   1050      1040200
    88  0 1  95.27 10021.00 2   0.0 -30.0     80696250   0   1450       970100
    89  0 1  95.27 10021.00 2   0.0 -30.0     80696100   0   1150 214748364650
    90  0 1  95.27 10019.50 2   0.0 -30.0     80696250   0   1200          150
    91  0 1  94.92 10021.00 2   0.0 -30.0     81676350   0   1400       980100
    92  0 1  94.92 10019.50 2   0.0 -30.0     82716500   0   1150      1040150
    93  0 1  94.57  9979.00 2   0.0 -30.0     84736000   0   1400      2019500
    94  0 1  94.22  9980.50 2   0.0 -30.0     85775650   0   1200      1039650
    95  0 1  94.92  9979.00 2   0.0 -30.3     86755400   0   1100       979750
    96  0 1  95.62  9979.00 2   0.0 -30.3     87795000   0   1450      1039600
    97  0 1  95.27  9980.50 2   0.0 -30.3     88764850   0   1500       969850
    98  0 1  94.22  9980.50 2   0.0 -30.3     88764850   0   1300            0
    99  0 1  94.57  9980.50 2   0.0 -30.6     88764900   0   1150           50
   100  0 1  94.22  9980.50 2   0.0 -30.6     89744650   0   1100       979750
   101  0 1  95.62 10030.00 2   0.0 -30.6     90784900   0   1100      1040250
   102  0 1  95.27 10028.50 2   0.0 -30.9     92805250   0   1300      2020350
   103  0 1  95.27 10028.50 2   0.0 -31.3     93845300   0   1200      1040050
   104  0 1  94.22 10028.50 2   0.0 -31.3     94825750   0   1100       980450
   105  0 1  94.22 10030.00 2   0.0 -31.6     95865250   0   1050      1039500
   106  0 1  94.57 10030.00 2   0.0 -31.6     96835250   0   1150       970000
   107  0 1  95.62 10028.50 2   0.0 -31.9     96834900   0   1400 214748364450
   108  0 1  94.22  9979.00 2   0.0 -31.9     96834500   0   1250 214748364400
   109  0 1  94.22  9979.00 2   0.0 -32.2     97814850   0   1100       980350
   110  0 1  95.27  9980.50 2   0.0 -32.5     98854800   0   1250      1039950
   111  0 1  94.22  9980.50 2   0.0 -32.8    100874750   0   1450      2019950
   112  0 1  94.92  9979.00 2   0.0 -33.1    101914450   0   1050      1039700
   113  0 1  94.57  9979.00 2   0.0 -33.4    102894450   0   1300       980000
   114  0 1  95.27  9979.00 2   0.0 -33.4    103934500   0   1250      1040050
   115  0 1  95.27  9959.50 2   0.0 -33.8    104904500   0   1050       970000
   116  0 1  94.92  9961.00 2   0.0 -34.1    104904000   0   1400 214748364300
   117  0 1  95.27  9959.50 2   0.0 -34.4    104903500   0   1200 214748364300
   118  0 1  94.92  9958.00 2   0.0 -34.7    105883250   0   1350       979750
   119  0 1  95.27  9959.50 2   0.0 -35.0    106923650   0   1150      1040400
   120  0 1  94.57  9961.00 2   0.0 -35.6    108944150   0   1150      2020500
   121  0 1  95.27  9958.00 2   0.0 -35.9    109983650   0   1350      1039500
   122  0 1  94.57  9968.50 2   0.0 -36.3    110963400   0   1150       979750
   123  0 1  94.92  9970.00 2   0.0 -36.6    112003650   0   1250      1040250
   124  0 1  94.57  9970.00 2   0.0 -36.9    112973300   0   1500       969650
   125  0 1  94.57  9970.00 2   0.0 -37.2    112973100   0   1200 214748364600
   126  0 1  95.62  9968.50 2   0.0 -37.5    112973450   0   1200          350
   127  0 1  94.92  9970.00 2   0.0 -38.1    113953750   0   1450       980300
   128  0 1  94.22  9970.00 2   0.0 -38.4    114994100   0   1250      1040350
   129  0 1  94.57 10000.00 2   0.0 -39.1    117014200   0   1350      2020100
   130  0 1  95.62 10000.00 2   0.0 -39.7    118054350   0   1350      1040150
   131  0 1  94.92 10000.00 2   0.0 -40.0    119034550   0   1150       980200
   132  0 1  94.92 10000.00 2   0.0 -40.3    120074650   0   1100      1040100
   133  0 1  94.92  9998.50 2   0.0 -40.9    121044700   0   1150       970050
   134  0 1  95.27 10000.00 2   0.0 -41.3    121044950   0   1350          250
   135  0 1  94.57  9998.50 2   0.0 -41.6    121045150   0   1400          200
   136  0 1  94.57 10000.00 2   0.0 -42.2    122025600   0   1100       980450
   137  0 1  94.22 10019.50 2   0.0 -42.5    123065400   0   1400      1039800
   138  0 1  94.92 10021.00 2   0.0 -43.4    125085550   0   1100      2020150
   139  0 1  94.57 10019.50 2   0.0 -44.1    126125850   0   1050      1040300
   140  0 1  94.57 10018.00 2   0.0 -44.4    127105450   0   1350       979600
   141  0 1  94.22 10018.00 2   0.0 -45.0    128145600   0   1100      1040150
   142  0 1  94.57 10019.50 2   0.0 -45.6    129115200   0   1150       969600
   143  0 1  94.92 10021.00 2   0.0 -45.9    129114900   0   1150 214748364500
   144  0 1  94.22 10019.50 2   0.0 -46.6    129115200   0   1050          300
   145  0 1  95.27 10019.50 2   0.0 -46.9    130095450   0   1250       980250
   146  0 1  94.92 10021.00 2   0.0 -47.5    131135800   0   1200      1040350
   147  0 1  94.92 10018.00 2   0.0 -48.4    133155500   0   1300      2019700
   148  0 1  95.27 10018.00 2   0.0 -49.1    134195500   0   1350      1040000
   149  0 1  95.62 10021.00 2   0.0 -49.7    135175550   0   1450       980050
   150  0 1  94.92 10018.00 2   0.0 -50.3    136215800   0   1150      1040250
   151  0 1  95.27  9979.00 2   0.0 -50.6    137185500   0   1050       969700
   152  0 1  94.92  9979.00 2   0.0 -51.3    137185750   0   1500          250
   153  0 1  94.57  9979.00 2   0.0 -51.9    137185700   0   1500 214748364750
   154  0 1  95.62  9979.00 2   0.0 -52.5    138165550   0   1500       979850
   155  0 1  94.57  9980.50 2   0.0 -53.1    139205700   0   1450      1040150
   156  0 1  94.92  9979.00 2   0.0 -54.1    141225650   0   1350      2019950
   157  0 1  94.92  9979.00 2   0.0 -54.7    142265650   0   1450      1040000
   158  0 1  95.27 10030.00 2   0.0 -55.3    143245900   0   1200       980250
   159  0 1  95.62 10030.00 2   0.0 -55.9    144285750   0   1150      1039850
   160  0 1  94.57 10030.00 2   0.0 -56.6    145255300   0   1150       969550
   161  0 1  95.62 10028.50 2   0.0 -57.2    145255300   0   1300            0
   162  0 1  95.62 10028.50 2   0.0 -57.5    145255000   0   1350 214748364500
   163  0 1  95.27 10030.00 2   0.0 -58.1    146235050   0   1300       980050
   164  0 1  94.22 10028.50 2   0.0 -58.8    147275050   0   1100      1040000
   165  0 1  94.57  9980.50 2   0.0 -60.0    149294400   0   1100      2019350
   166  0 1  94.22  9980.50 2   0.0 -60.6    150334550   0   1450      1040150
   167  0 1  95.62  9979.00 2   0.0 -61.3    151314350   0   1200       979800
   168  0 1  95.62  9980.50 2   0.0 -61.9    152354800   0   1450      1040450
   169  0 1  94.22  9980.50 2   0.0 -62.5    153324550   0   1400       969750
   170  0 1  94.57  9979.00 2   0.0 -63.1    153324950   0   1250          400
   171  0 1  94.92  9979.00 2   0.0 -63.8    153325050   0   1500          100
   172  0 1  94.57  9979.00 2   0.0 -64.4    154305050   0   1200       980000
   173  0 1  94.22  9961.00 2   0.0 -65.0    155344700   0   1300      1039650
   174  0 1  95.27  9959.50 2   0.0 -66.3    157364800   0   1350      2020100
   175  0 1  95.62  9959.50 2   0.0 -66.9    158404750   0   1100      1039950
   176  0 1  95.27  9961.00 2   0.0 -67.5    159384650   0   1100       979900
   177  0 1  95.62  9961.00 2   0.0 -68.1    160424200   0   1050      1039550
   178  0 1  95.62  9958.00 2   0.0 -68.8    161394000   0   1300       969800
   179  0 1  95.27  9959.50 2   0.0 -69.4    161394000   0   1050            0
