    NO  S V  AOA    FREQ    B  FMOP  AMP      TOA      PMOP  PW         dTOA  
------ -- - ------ -------- - ----- ----- ------------ --- ------ ------------
     0  0 1  95.27 10000.00 2   0.0 -70.0            0   0   1700  42949673000
     1  0 1  95.27 10066.00 2   0.0 -68.8      1999900   0   1950      1999900
     2  0 1  95.62 10096.00 2   0.0 -68.1      3000200   0   2000      1000300
     3  0 1  94.57 10127.50 2   0.0 -67.5      4000250   0   2100      1000050
     4  0 1  94.57 10153.00 2   0.0 -66.9      5000250   0   1700      1000000
     5  0 1  95.62 10177.00 2   0.0 -66.3      6000300   0   1850      1000050
     6  0 1  94.22 10199.50 2   0.0 -65.6      7000150   0   1800       999850
     7  0 1  95.27 10217.50 2   0.0 -65.0      8000100   0   1650       999950
     8  0 1  95.27 10232.50 2   0.0 -64.4      8999700   0   1950       999600
     9  0 1  95.62 10243.00 2   0.0 -63.8     10000050   0   1800      1000350
    10  0 1  95.27 10249.00 2   0.0 -62.5     12000300   0   2050      2000250
    11  0 1  94.22 10246.00 2   0.0 -61.9     12979900   0   1900       979600
    12  0 1  94.57 10238.50 2   0.0 -61.3     13959800   0   1750       979900
    13  0 1  95.62 10225.00 2   0.0 -60.6     14939350   0   1800       979550
    14  0 1  94.57 10210.00 2   0.0 -60.0     15919700   0   1750       980350
    15  0 1  94.57 10192.00 2   0.0 -59.4     16899700   0   1650       980000
    16  0 1  95.62 10168.00 2   0.0 -58.8     17879750   0   1950       980050
    17  0 1  94.92 10145.50 2   0.0 -58.1     18849700   0   1700       969950
    18  0 1  94.22 10117.00 2   0.0 -57.5     19819600   0   1700       969900
    19  0 1  94.22 10057.00 2   0.0 -56.6     21759000   0   1700      1939400
    20  0 1  95.62 10024.00 2   0.0 -55.9     22728600   0   1950       969600
    21  0 1  94.22  9991.00 2   0.0 -55.3     23698150   0   2050       969550
    22  0 1  94.92  9961.00 2   0.0 -54.7     24668250   0   2000       970100
    23  0 1  94.57  9928.00 2   0.0 -54.1     25638300   0   1800       970050
    24  0 1  94.57  9899.50 2   0.0 -53.4     26608150   0   1850       969850
    25  0 1  94.22  9871.00 2   0.0 -53.1     27578300   0   1750       970150
    26  0 1  94.92  9841.00 2   0.0 -52.5     28548350   0   1700       970050
    27  0 1  94.22  9820.00 2   0.0 -51.9     29518000   0   1650       969650
    28  0 1  94.92  9778.00 2   0.0 -50.6     31517850   0   2050      1999850
    29  0 1  94.92  9764.50 2   0.0 -50.3     32518300   0   1650      1000450
    30  0 1  94.22  9757.00 2   0.0 -49.7     33518300   0   1750      1000000
    31  0 1  95.62  9749.50 2   0.0 -49.1     34517850   0   1700       999550
    32  0 1  95.62  9748.00 2   0.0 -48.4     35517700   0   1750       999850
    33  0 1  94.92  9752.50 2   0.0 -48.1     36517650   0   1650       999950
    34  0 1  94.57  9761.50 2   0.0 -47.5     37517550   0   1700       999900
    35  0 1  94.92  9772.00 2   0.0 -46.9     38517900   0   1950      1000350
    36  0 1  95.62  9787.00 2   0.0 -46.6     39518350   0   2050      1000450
    37  0 1  94.92  9832.00 2   0.0 -45.6     41517750   0   1700      1999400
    38  0 1  94.92  9857.50 2   0.0 -45.0     42508000   0   1900       990250
    39  0 1  95.62  9886.00 2   0.0 -44.4     43497800   0   1800       989800
    40  0 1  94.22  9916.00 2   0.0 -44.1     44487300   0   1750       989500
    41  0 1  94.22  9949.00 2   0.0 -43.4     45477050   0   1700       989750
    42  0 1  94.22  9980.50 2   0.0 -43.1     46466650   0   1850       989600
    43  0 1  94.22 10013.50 2   0.0 -42.5     47457000   0   1650       990350
    44  0 1  95.27 10048.00 2   0.0 -42.2     48456900   0   1800       999900
    45  0 1  94.57 10078.00 2   0.0 -41.6     49456850   0   1700       999950
    46  0 1  95.27 10141.00 2   0.0 -40.9     51456800   0   1800      1999950
    47  0 1  94.57 10165.00 2   0.0 -40.3     52456750   0   1650       999950
    48  0 1  94.92 10187.50 2   0.0 -40.0     53456450   0   1950       999700
    49  0 1  95.62 10210.00 2   0.0 -39.7     54466050   0   1650      1009600
    50  0 1  94.22 10225.00 2   0.0 -39.1     55476150   0   1900      1010100
    51  0 1  94.92 10238.50 2   0.0 -38.8     56486250   0   2000      1010100
    52  0 1  95.27 10246.00 2   0.0 -38.4     57496000   0   1750      1009750
    53  0 1  95.27 10249.00 2   0.0 -38.1     58505600   0   1950      1009600
    54  0 1  95.27 10247.50 2   0.0 -37.5     59515800   0   2000      1010200
    55  0 1  94.57 10232.50 2   0.0 -36.9     61515900   0   1700      2000100
    56  0 1  95.62 10219.00 2   0.0 -36.6     62515950   0   1950      1000050
    57  0 1  94.22 10201.00 2   0.0 -36.3     63515650   0   1700       999700
    58  0 1  94.22 10177.00 2   0.0 -35.9     64515900   0   1750      1000250
    59  0 1  95.27 10153.00 2   0.0 -35.6     65516350   0   2000      1000450
    60  0 1  94.92 10126.00 2   0.0 -35.3     66516050   0   1700       999700
    61  0 1  94.92 10097.50 2   0.0 -35.0     67516350   0   1950      1000300
    62  0 1  94.57 10063.00 2   0.0 -34.7     68515850   0   1650       999500
    63  0 1  94.92 10030.00 2   0.0 -34.4     69516300   0   1700      1000450
    64  0 1  95.27  9964.00 2   0.0 -33.8     71516700   0   1750      2000400
    65  0 1  94.57  9932.50 2   0.0 -33.4     72496600   0   2050       979900
    66  0 1  95.62  9904.00 2   0.0 -33.4     73476350   0   2000       979750
    67  0 1  94.92  9871.00 2   0.0 -33.1     74456500   0   1750       980150
    68  0 1  95.62  9847.00 2   0.0 -32.8     75436100   0   1650       979600
    69  0 1  95.62  9823.00 2   0.0 -32.5     76415900   0   2100       979800
    70  0 1  94.92  9800.50 2   0.0 -32.5     77395700   0   2050       979800
    71  0 1  94.92  9781.00 2   0.0 -32.2     78365750   0   1900       970050
    72  0 1  95.27  9767.50 2   0.0 -31.9     79336200   0   1950       970450
    73  0 1  95.27  9752.50 2   0.0 -31.6     81276550   0   1850      1940350
    74  0 1  94.22  9748.00 2   0.0 -31.6     82246750   0   2100       970200
    75  0 1  94.92  9751.00 2   0.0 -31.3     83216700   0   1750       969950
    76  0 1  95.27  9757.00 2   0.0 -31.3     84186550   0   1750       969850
    77  0 1  94.92  9766.00 2   0.0 -30.9     85156900   0   1750       970350
    78  0 1  94.57  9781.00 2   0.0 -30.9     86126950   0   2050       970050
    79  0 1  95.27  9800.50 2   0.0 -30.6     87097300   0   2100       970350
    80  0 1  95.62  9820.00 2   0.0 -30.6     88067300   0   1950       970000
    81  0 1  95.27  9844.00 2   0.0 -30.6     89037400   0   1950       970100
    82  0 1  94.57  9904.00 2   0.0 -30.3     91038200   0   2050      2000800
    83  0 1  95.27  9934.00 2   0.0 -30.3     92037750   0   1950       999550
    84  0 1  95.27  9967.00 2   0.0 -30.3     93037950   0   2050      1000200
    85  0 1  94.92 10001.50 2   0.0 -30.0     94038000   0   1750      1000050
    86  0 1  95.62 10034.50 2   0.0 -30.0     95037950   0   1700       999950
    87  0 1  95.27 10066.00 2   0.0 -30.0     96038250   0   2000      1000300
    88  0 1  94.22 10099.00 2   0.0 -30.0     97038200   0   1950       999950
    89  0 1  94.22 10127.50 2   0.0 -30.0     98037850   0   1800       999650
    90  0 1  94.57 10156.00 2   0.0 -30.0     99038250   0   1700      1000400
    91  0 1  94.57 10202.50 2   0.0 -30.0    101038800   0   1800      2000550
    92  0 1  95.27 10217.50 2   0.0 -30.0    102029000   0   2050       990200
    93  0 1  94.92 10231.00 2   0.0 -30.0    103018550   0   2000       989550
    94  0 1  94.57 10243.00 2   0.0 -30.0    104008050   0   2000       989500
    95  0 1  95.27 10246.00 2   0.0 -30.3    104998450   0   1800       990400
    96  0 1  95.62 10249.00 2   0.0 -30.3    105987950   0   2050       989500
    97  0 1  95.27 10244.50 2   0.0 -30.3    106978400   0   2000       990450
    98  0 1  94.22 10237.00 2   0.0 -30.3    107978200   0   1700       999800
    99  0 1  95.62 10226.50 2   0.0 -30.6    108978350   0   1700      1000150
   100  0 1  95.27 10192.00 2   0.0 -30.6    110978350   0   1900      2000000
   101  0 1  95.27 10168.00 2   0.0 -30.9    111978300   0   1850       999950
   102  0 1  94.92 10141.00 2   0.0 -30.9    112978050   0   1650       999750
   103  0 1  95.27 10112.50 2   0.0 -31.3    113987750   0   1950      1009700
   104  0 1  94.92 10082.50 2   0.0 -31.3    114997300   0   1800      1009550
   105  0 1  94.57 10048.00 2   0.0 -31.6    116007500   0   1850      1010200
   106  0 1  94.92 10016.50 2   0.0 -31.6    117017550   0   1700      1010050
   107  0 1  95.27  9980.50 2   0.0 -31.9    118027300   0   1900      1009750
   108  0 1  95.27  9947.50 2   0.0 -31.9    119037350   0   1800      1010050
   109  0 1  95.27  9886.00 2   0.0 -32.5    121036950   0   1750      1999600
   110  0 1  94.57  9856.00 2   0.0 -32.5    122037050   0   1950      1000100
   111  0 1  95.62  9830.50 2   0.0 -32.8    123036550   0   2000       999500
   112  0 1  94.92  9808.00 2   0.0 -33.1    124037000   0   2000      1000450
   113  0 1  95.27  9787.00 2   0.0 -33.4    125036700   0   1650       999700
   114  0 1  94.92  9772.00 2   0.0 -33.4    126036200   0   1750       999500
   115  0 1  94.22  9760.00 2   0.0 -33.8    127035800   0   2050       999600
   116  0 1  94.57  9752.50 2   0.0 -34.1    128035600   0   1800       999800
   117  0 1  95.27  9751.00 2   0.0 -34.4    129035500   0   1700       999900
   118  0 1  94.92  9755.50 2   0.0 -35.0    131035900   0   2000      2000400
   119  0 1  94.57  9766.00 2   0.0 -35.3    132015700   0   2050       979800
   120  0 1  94.22  9778.00 2   0.0 -35.6    132995950   0   1950       980250
   121  0 1  94.57  9797.50 2   0.0 -35.9    133976350   0   1850       980400
   122  0 1  95.27  9817.00 2   0.0 -36.3    134956500   0   1800       980150
   123  0 1  95.62  9844.00 2   0.0 -36.6    135936050   0   1650       979550
   124  0 1  95.27  9871.00 2   0.0 -36.9    136916350   0   2100       980300
   125  0 1  95.62  9896.50 2   0.0 -37.2    137886050   0   1750       969700
   126  0 1  94.57  9928.00 2   0.0 -37.5    138856000   0   2000       969950
   127  0 1  95.62  9992.50 2   0.0 -38.4    140796400   0   2050      1940400
   128  0 1  94.57 10024.00 2   0.0 -38.8    141766350   0   1650       969950
   129  0 1  94.92 10055.50 2   0.0 -39.1    142736700   0   1900       970350
   130  0 1  94.92 10088.50 2   0.0 -39.7    143707050   0   1850       970350
   131  0 1  94.57 10117.00 2   0.0 -40.0    144677300   0   2100       970250
   132  0 1  94.92 10144.00 2   0.0 -40.3    145647750   0   1750       970450
   133  0 1  94.92 10171.00 2   0.0 -40.9    146618000   0   2050       970250
   134  0 1  94.92 10192.00 2   0.0 -41.3    147588200   0   2050       970200
   135  0 1  94.57 10211.50 2   0.0 -41.6    148558400   0   1750       970200
   136  0 1  95.62 10237.00 2   0.0 -42.5    150557650   0   2100      1999250
   137  0 1  95.27 10246.00 2   0.0 -43.1    151557950   0   1700      1000300
   138  0 1  94.22 10249.00 2   0.0 -43.4    152558250   0   1750      1000300
   139  0 1  95.62 10246.00 2   0.0 -44.1    153558300   0   1900      1000050
   140  0 1  94.92 10243.00 2   0.0 -44.4    154558050   0   2050       999750
   141  0 1  94.57 10231.00 2   0.0 -45.0    155558250   0   2000      1000200
   142  0 1  94.92 10216.00 2   0.0 -45.6    156557850   0   1750       999600
   143  0 1  95.27 10199.50 2   0.0 -45.9    157558250   0   1800      1000400
   144  0 1  95.27 10177.00 2   0.0 -46.6    158558350   0   2000      1000100
   145  0 1  94.22 10124.50 2   0.0 -47.5    160558600   0   1750      2000250
   146  0 1  95.62 10094.50 2   0.0 -48.1    161548800   0   1750       990200
   147  0 1  95.27 10063.00 2   0.0 -48.4    162538900   0   2100       990100
   148  0 1  94.22 10031.50 2   0.0 -49.1    163529200   0   1750       990300
   149  0 1  95.62  9997.00 2   0.0 -49.7    164518750   0   1950       989550
   150  0 1  94.22  9967.00 2   0.0 -50.3    165508850   0   1850       990100
   151  0 1  95.62  9932.50 2   0.0 -50.6    166499300   0   1750       990450
   152  0 1  94.22  9901.00 2   0.0 -51.3    167498950   0   1950       999650
   153  0 1  95.27  9871.00 2   0.0 -51.9    168498600   0   1800       999650
   154  0 1  95.27  9820.00 2   0.0 -53.1    170498250   0   1850      1999650
   155  0 1  94.92  9797.50 2   0.0 -53.4    171498400   0   2000      1000150
   156  0 1  95.62  9779.50 2   0.0 -54.1    172498400   0   2050      1000000
   157  0 1  95.27  9764.50 2   0.0 -54.7    173508000   0   1800      1009600
   158  0 1  95.27  9754.00 2   0.0 -55.3    174518200   0   1650      1010200
   159  0 1  95.27  9751.00 2   0.0 -55.9    175528450   0   1650      1010250
   160  0 1  94.22  9748.00 2   0.0 -56.6    176538200   0   2000      1009750
   161  0 1  95.27  9752.50 2   0.0 -57.2    177548050   0   1750      1009850
   162  0 1  94.92  9760.00 2   0.0 -57.5    178557800   0   1750      1009750
   163  0 1  95.27  9790.00 2   0.0 -58.8    180557450   0   1950      1999650
   164  0 1  95.62  9811.00 2   0.0 -59.4    181557100   0   2050       999650
   165  0 1  94.92  9833.50 2   0.0 -60.0    182557100   0   1750      1000000
   166  0 1  94.92  9859.00 2   0.0 -60.6    183557050   0   1850       999950
   167  0 1  95.62  9887.50 2   0.0 -61.3    184556850   0   1650       999800
   168  0 1  94.92  9919.00 2   0.0 -61.9    185557050   0   2100      1000200
   169  0 1  94.22  9952.00 2   0.0 -62.5    186556700   0   2100       999650
   170  0 1  95.27  9985.00 2   0.0 -63.1    187556700   0   2000      1000000
   171  0 1  94.92 10018.00 2   0.0 -63.8    188556250   0   1650       999550
   172  0 1  95.62 10082.50 2   0.0 -65.0    190556450   0   2100      2000200
   173  0 1  95.62 10111.00 2   0.0 -65.6    191536750   0   1650       980300
   174  0 1  94.92 10141.00 2   0.0 -66.3    192516900   0   1750       980150
   175  0 1  95.27 10168.00 2   0.0 -66.9    193496400   0   2100       979500
   176  0 1  95.62 10190.50 2   0.0 -67.5    194476750   0   1750       980350
   177  0 1  94.92 10208.50 2   0.0 -68.1    195456450   0   2000       979700
   178  0 1  95.62 10225.00 2   0.0 -68.8    196436700   0   2100       980250
   179  0 1  94.92 10235.50 2   0.0 -69.4    197406300   0   1650       969600
