    NO  S V  AOA    FREQ    B  FMOP  AMP      TOA      PMOP  PW         dTOA  
------ -- - ------ -------- - ----- ----- ------------ --- ------ ------------
     0  0 1  95.27  9998.50 2   0.0 -70.0            0   0   1800  42949673000
     1  0 1  94.22 10031.50 2   0.0 -69.4       970100   0   1950       970100
     2  0 1  94.92 10063.00 2   0.0 -68.8      1940100   0   1750       970000
     3  0 1  94.57 10094.50 2   0.0 -68.1      2910100   0   2000       970000
     4  0 1  95.27 10150.00 2   0.0 -66.9      4849900   0   1950      1939800
     5  0 1  94.22 10174.00 2   0.0 -66.3      5820150   0   1950       970250
     6  0 1  95.62 10198.00 2   0.0 -65.6      6820000   0   1900       999850
     7  0 1  94.57 10216.00 2   0.0 -65.0      7820300   0   2050      1000300
     8  0 1  95.62 10231.00 2   0.0 -64.4      8820650   0   1650      1000350
     9  0 1  94.92 10240.00 2   0.0 -63.8      9820200   0   1650       999550
    10  0 1  94.22 10249.00 2   0.0 -63.1     10820550   0   1700      1000350
    11  0 1  95.27 10247.50 2   0.0 -62.5     11820200   0   1650       999650
    12  0 1  94.57 10247.50 2   0.0 -61.9     12820300   0   1900      1000100
    13  0 1  94.57 10228.00 2   0.0 -60.6     14820300   0   1850      2000000
    14  0 1  94.22 10213.00 2   0.0 -60.0     15820050   0   1700       999750
    15  0 1  95.62 10193.50 2   0.0 -59.4     16820450   0   1900      1000400
    16  0 1  94.22 10171.00 2   0.0 -58.8     17820600   0   1700      1000150
    17  0 1  94.57 10145.50 2   0.0 -58.1     18811000   0   1750       990400
    18  0 1  94.57 10117.00 2   0.0 -57.5     19800950   0   2050       989950
    19  0 1  94.92 10087.00 2   0.0 -57.2     20790800   0   1950       989850
    20  0 1  95.62 10054.00 2   0.0 -56.6     21781200   0   1700       990400
    21  0 1  94.92 10024.00 2   0.0 -55.9     22771100   0   2000       989900
    22  0 1  94.92  9958.00 2   0.0 -54.7     24760750   0   2000      1989650
    23  0 1  94.57  9925.00 2   0.0 -54.1     25760650   0   1700       999900
    24  0 1  95.27  9895.00 2   0.0 -53.4     26760500   0   1950       999850
    25  0 1  94.57  9863.50 2   0.0 -53.1     27760500   0   1650      1000000
    26  0 1  95.62  9836.50 2   0.0 -52.5     28760100   0   2100       999600
    27  0 1  94.57  9814.00 2   0.0 -51.9     29759950   0   1950       999850
    28  0 1  94.22  9793.00 2   0.0 -51.3     30770400   0   1750      1010450
    29  0 1  95.27  9776.50 2   0.0 -50.6     31780350   0   1750      1009950
    30  0 1  95.62  9763.00 2   0.0 -50.3     32789950   0   1950      1009600
    31  0 1  95.62  9751.00 2   0.0 -49.1     34809850   0   1700      2019900
    32  0 1  94.57  9749.50 2   0.0 -48.4     35819700   0   2000      1009850
    33  0 1  94.22  9755.50 2   0.0 -48.1     36819500   0   1850       999800
    34  0 1  95.62  9763.00 2   0.0 -47.5     37819450   0   1950       999950
    35  0 1  94.22  9778.00 2   0.0 -46.9     38819150   0   1700       999700
    36  0 1  94.92  9796.00 2   0.0 -46.6     39818900   0   1700       999750
    37  0 1  95.27  9814.00 2   0.0 -45.9     40819100   0   2050      1000200
    38  0 1  95.27  9839.50 2   0.0 -45.6     41819500   0   2050      1000400
    39  0 1  94.57  9866.50 2   0.0 -45.0     42819400   0   1850       999900
    40  0 1  94.92  9928.00 2   0.0 -44.1     44819350   0   2050      1999950
    41  0 1  94.22  9959.50 2   0.0 -43.4     45819100   0   1650       999750
    42  0 1  94.92  9992.50 2   0.0 -43.1     46819250   0   2100      1000150
    43  0 1  94.22 10027.00 2   0.0 -42.5     47819000   0   1800       999750
    44  0 1  94.92 10058.50 2   0.0 -42.2     48799200   0   1900       980200
    45  0 1  95.27 10090.00 2   0.0 -41.6     49779400   0   2050       980200
    46  0 1  95.62 10120.00 2   0.0 -41.3     50759500   0   1650       980100
    47  0 1  95.62 10147.00 2   0.0 -40.9     51739050   0   2100       979550
    48  0 1  94.92 10172.50 2   0.0 -40.3     52718800   0   1950       979750
    49  0 1  94.22 10211.50 2   0.0 -39.7     54669150   0   1950      1950350
    50  0 1  94.92 10228.00 2   0.0 -39.1     55638650   0   1700       969500
    51  0 1  95.27 10238.50 2   0.0 -38.8     56608500   0   1900       969850
    52  0 1  95.27 10246.00 2   0.0 -38.4     57578400   0   2000       969900
    53  0 1  95.27 10247.50 2   0.0 -38.1     58548500   0   1750       970100
    54  0 1  94.92 10246.00 2   0.0 -37.5     59518450   0   1650       969950
    55  0 1  95.27 10243.00 2   0.0 -37.2     60488700   0   2050       970250
    56  0 1  94.57 10232.50 2   0.0 -36.9     61459150   0   1800       970450
    57  0 1  94.57 10219.00 2   0.0 -36.6     62429550   0   2000       970400
    58  0 1  94.92 10181.50 2   0.0 -35.9     64368800   0   1900      1939250
    59  0 1  94.92 10159.00 2   0.0 -35.6     65339100   0   1950       970300
    60  0 1  94.92 10132.00 2   0.0 -35.3     66339300   0   1850      1000200
    61  0 1  95.62 10102.00 2   0.0 -35.0     67339650   0   1900      1000350
    62  0 1  94.57 10069.00 2   0.0 -34.7     68339450   0   1800       999800
    63  0 1  94.92 10039.00 2   0.0 -34.4     69339750   0   1800      1000300
    64  0 1  95.62 10003.00 2   0.0 -34.1     70339400   0   1850       999650
    65  0 1  94.92  9970.00 2   0.0 -33.8     71339050   0   1800       999650
    66  0 1  95.62  9938.50 2   0.0 -33.4     72339150   0   1850      1000100
    67  0 1  94.22  9877.00 2   0.0 -33.1     74338400   0   2000      1999250
    68  0 1  95.27  9847.00 2   0.0 -32.8     75338600   0   2100      1000200
    69  0 1  94.92  9823.00 2   0.0 -32.5     76338250   0   1800       999650
    70  0 1  94.22  9802.00 2   0.0 -32.5     77338550   0   1800      1000300
    71  0 1  95.62  9782.50 2   0.0 -32.2     78328750   0   1650       990200
    72  0 1  94.22  9767.50 2   0.0 -31.9     79318950   0   1950       990200
    73  0 1  94.22  9757.00 2   0.0 -31.9     80309250   0   2000       990300
    74  0 1  94.22  9751.00 2   0.0 -31.6     81298750   0   1650       989500
    75  0 1  95.27  9748.00 2   0.0 -31.6     82288650   0   1700       989900
    76  0 1  94.22  9758.50 2   0.0 -31.3     84278150   0   1650      1989500
    77  0 1  95.27  9770.50 2   0.0 -30.9     85278500   0   1650      1000350
    78  0 1  94.22  9784.00 2   0.0 -30.9     86278850   0   1950      1000350
    79  0 1  95.27  9802.00 2   0.0 -30.6     87279200   0   2000      1000350
    80  0 1  95.62  9826.00 2   0.0 -30.6     88278700   0   1950       999500
    81  0 1  94.22  9850.00 2   0.0 -30.6     89278650   0   2050       999950
    82  0 1  94.92  9880.00 2   0.0 -30.3     90288850   0   1650      1010200
    83  0 1  94.22  9911.50 2   0.0 -30.3     91298600   0   1850      1009750
    84  0 1  95.27  9943.00 2   0.0 -30.3     92308350   0   1850      1009750
    85  0 1  94.22 10010.50 2   0.0 -30.0     94327650   0   1700      2019300
    86  0 1  94.92 10042.00 2   0.0 -30.0     95337750   0   1850      1010100
    87  0 1  94.92 10076.50 2   0.0 -30.0     96337300   0   1750       999550
    88  0 1  94.22 10106.50 2   0.0 -30.0     97337000   0   1950       999700
    89  0 1  94.92 10136.50 2   0.0 -30.0     98336500   0   1650       999500
    90  0 1  94.22 10162.00 2   0.0 -30.0     99336650   0   2100      1000150
    91  0 1  95.62 10186.00 2   0.0 -30.0    100336750   0   1800      1000100
    92  0 1  94.92 10207.00 2   0.0 -30.0    101337050   0   2050      1000300
    93  0 1  94.22 10225.00 2   0.0 -30.0    102336850   0   1850       999800
    94  0 1  94.57 10246.00 2   0.0 -30.0    104337100   0   1850      2000250
    95  0 1  95.62 10247.50 2   0.0 -30.3    105336650   0   1850       999550
    96  0 1  94.57 10247.50 2   0.0 -30.3    106336400   0   1900       999750
    97  0 1  94.92 10243.00 2   0.0 -30.3    107335900   0   1850       999500
    98  0 1  94.22 10235.50 2   0.0 -30.3    108315550   0   1950       979650
    99  0 1  94.92 10222.00 2   0.0 -30.6    109295400   0   1650       979850
   100  0 1  94.22 10204.00 2   0.0 -30.6    110275150   0   1850       979750
   101  0 1  94.92 10186.00 2   0.0 -30.6    111254850   0   1950       979700
   102  0 1  94.57 10159.00 2   0.0 -30.9    112234450   0   2000       979600
   103  0 1  94.22 10108.00 2   0.0 -31.3    114184800   0   1650      1950350
   104  0 1  94.92 10076.50 2   0.0 -31.3    115155250   0   1650       970450
   105  0 1  95.27 10043.50 2   0.0 -31.6    116125550   0   1750       970300
   106  0 1  95.27 10013.50 2   0.0 -31.6    117095800   0   1750       970250
   107  0 1  95.62  9982.00 2   0.0 -31.9    118065650   0   1800       969850
   108  0 1  95.62  9947.50 2   0.0 -31.9    119035450   0   1650       969800
   109  0 1  94.57  9917.50 2   0.0 -32.2    120005450   0   1800       970000
   110  0 1  95.27  9887.50 2   0.0 -32.5    120975150   0   2000       969700
   111  0 1  94.92  9859.00 2   0.0 -32.5    121944950   0   1650       969800
   112  0 1  95.62  9809.50 2   0.0 -33.1    123884900   0   1950      1939950
   113  0 1  94.92  9790.00 2   0.0 -33.4    124855100   0   1750       970200
   114  0 1  94.22  9775.00 2   0.0 -33.4    125854950   0   1800       999850
   115  0 1  94.22  9763.00 2   0.0 -33.8    126854650   0   2100       999700
   116  0 1  95.27  9752.50 2   0.0 -34.1    127854850   0   1850      1000200
   117  0 1  95.27  9748.00 2   0.0 -34.4    128855250   0   2000      1000400
   118  0 1  95.27  9748.00 2   0.0 -34.7    129854900   0   1700       999650
   119  0 1  95.27  9755.50 2   0.0 -35.0    130854650   0   1950       999750
   120  0 1  95.27  9763.00 2   0.0 -35.3    131854500   0   2000       999850
   121  0 1  94.22  9794.50 2   0.0 -35.9    133853700   0   1850      1999200
   122  0 1  95.62  9815.50 2   0.0 -36.3    134853300   0   2100       999600
   123  0 1  94.92  9841.00 2   0.0 -36.6    135852950   0   1700       999650
   124  0 1  95.62  9868.00 2   0.0 -36.9    136852950   0   1650      1000000
   125  0 1  94.57  9896.50 2   0.0 -37.2    137842600   0   2100       989650
   126  0 1  95.27  9928.00 2   0.0 -37.5    138832100   0   2100       989500
   127  0 1  94.92  9961.00 2   0.0 -38.1    139821850   0   2100       989750
   128  0 1  95.27  9992.50 2   0.0 -38.4    140812100   0   1850       990250
   129  0 1  94.22 10024.00 2   0.0 -38.8    141802200   0   1700       990100
   130  0 1  95.62 10090.00 2   0.0 -39.7    143792250   0   1800      1990050
   131  0 1  94.92 10120.00 2   0.0 -40.0    144791750   0   1950       999500
   132  0 1  94.92 10150.00 2   0.0 -40.3    145791300   0   2000       999550
   133  0 1  95.62 10174.00 2   0.0 -40.9    146790900   0   1650       999600
   134  0 1  94.92 10198.00 2   0.0 -41.3    147791050   0   1950      1000150
   135  0 1  95.62 10214.50 2   0.0 -41.6    148791300   0   1750      1000250
   136  0 1  95.62 10228.00 2   0.0 -42.2    149801250   0   1900      1009950
   137  0 1  94.57 10240.00 2   0.0 -42.5    150811200   0   1950      1009950
   138  0 1  95.27 10247.50 2   0.0 -43.1    151821500   0   1850      1010300
   139  0 1  94.57 10246.00 2   0.0 -44.1    153841550   0   2000      2020050
   140  0 1  94.92 10240.00 2   0.0 -44.4    154851300   0   1750      1009750
   141  0 1  95.62 10228.00 2   0.0 -45.0    155851450   0   1850      1000150
   142  0 1  95.27 10211.50 2   0.0 -45.6    156851200   0   1800       999750
   143  0 1  94.57 10192.00 2   0.0 -45.9    157850950   0   2100       999750
   144  0 1  94.22 10169.50 2   0.0 -46.6    158850950   0   1650      1000000
   145  0 1  94.57 10145.50 2   0.0 -46.9    159850450   0   1950       999500
   146  0 1  95.27 10117.00 2   0.0 -47.5    160850350   0   1700       999900
   147  0 1  95.27 10087.00 2   0.0 -48.1    161850800   0   1650      1000450
   148  0 1  95.62 10021.00 2   0.0 -49.1    163850250   0   2100      1999450
   149  0 1  95.27  9988.00 2   0.0 -49.7    164850150   0   1650       999900
   150  0 1  95.27  9955.00 2   0.0 -50.3    165850450   0   1750      1000300
   151  0 1  95.62  9922.00 2   0.0 -50.6    166850300   0   1800       999850
   152  0 1  94.92  9892.00 2   0.0 -51.3    167830600   0   1700       980300
   153  0 1  95.27  9863.50 2   0.0 -51.9    168810700   0   2100       980100
   154  0 1  95.27  9838.00 2   0.0 -52.5    169790900   0   1950       980200
   155  0 1  95.62  9814.00 2   0.0 -53.1    170770400   0   1750       979500
   156  0 1  94.92  9793.00 2   0.0 -53.4    171750300   0   1950       979900
   157  0 1  94.92  9763.00 2   0.0 -54.7    173699800   0   1900      1949500
   158  0 1  95.62  9754.00 2   0.0 -55.3    174670100   0   1800       970300
   159  0 1  94.22  9749.50 2   0.0 -55.9    175639700   0   1700       969600
   160  0 1  95.62  9748.00 2   0.0 -56.6    176609650   0   1700       969950
   161  0 1  95.27  9752.50 2   0.0 -57.2    177579700   0   1750       970050
   162  0 1  94.22  9760.00 2   0.0 -57.5    178549500   0   1650       969800
   163  0 1  95.62  9772.00 2   0.0 -58.1    179519350   0   1800       969850
   164  0 1  95.62  9788.50 2   0.0 -58.8    180489050   0   2050       969700
   165  0 1  95.62  9806.50 2   0.0 -59.4    181459200   0   1750       970150
   166  0 1  95.62  9853.00 2   0.0 -60.6    183399400   0   1750      1940200
   167  0 1  95.27  9881.50 2   0.0 -61.3    184369850   0   1900       970450
   168  0 1  95.62  9913.00 2   0.0 -61.9    185369550   0   1750       999700
   169  0 1  94.22  9943.00 2   0.0 -62.5    186369250   0   1900       999700
   170  0 1  94.92  9977.50 2   0.0 -63.1    187368850   0   1750       999600
   171  0 1  95.27 10012.00 2   0.0 -63.8    188368550   0   1800       999700
   172  0 1  94.22 10045.00 2   0.0 -64.4    189368050   0   2050       999500
   173  0 1  94.57 10076.50 2   0.0 -65.0    190367800   0   1800       999750
   174  0 1  94.22 10108.00 2   0.0 -65.6    191367850   0   1650      1000050
   175  0 1  95.27 10162.00 2   0.0 -66.9    193367400   0   2050      1999550
   176  0 1  94.22 10186.00 2   0.0 -67.5    194366950   0   2000       999550
   177  0 1  94.57 10207.00 2   0.0 -68.1    195367200   0   2000      1000250
   178  0 1  94.22 10225.00 2   0.0 -68.8    196367050   0   1700       999850
   179  0 1  95.62 10237.00 2   0.0 -69.4    197356650   0   1900       989600
