    NO  S V  AOA    FREQ    B  FMOP  AMP      TOA      PMOP  PW         dTOA  
------ -- - ------ -------- - ----- ----- ------------ --- ------ ------------
     0  0 1  94.57  9890.50 2   0.0 -70.0            0   0   1650  42949673000
     1  0 1  94.57 10136.50 2   0.0 -69.4       929800   0   2050       929800
     2  0 1  94.22 10049.50 2   0.0 -68.8      1859900   0   1650       930100
     3  0 1  94.92 10085.50 2   0.0 -67.5      3720200   0   1850      1860300
     4  0 1  95.62  9982.00 2   0.0 -66.9      4649750   0   2000       929550
     5  0 1  95.27 10183.00 2   0.0 -66.3      5569350   0   1700       919600
     6  0 1  94.57 10183.00 2   0.0 -65.6      6489650   0   2050       920300
     7  0 1  95.27 10066.00 2   0.0 -65.0      7409750   0   1700       920100
     8  0 1  94.92 10120.00 2   0.0 -64.4      8329950   0   2000       920200
     9  0 1  94.22 10046.50 2   0.0 -63.8      9250100   0   1750       920150
    10  0 1  94.22  9874.00 2   0.0 -63.1     10159750   0   2050       909650
    11  0 1  94.22  9832.00 2   0.0 -62.5     11070100   0   2000       910350
    12  0 1  94.22  9817.00 2   0.0 -61.3     12890000   0   1850      1819900
    13  0 1  94.22 10102.00 2   0.0 -60.6     13800300   0   1750       910300
    14  0 1  94.92 10153.00 2   0.0 -60.0     14700100   0   1800       899800
    15  0 1  94.22 10016.50 2   0.0 -59.4     15600000   0   1850       899900
    16  0 1  95.27 10147.00 2   0.0 -58.8     16500400   0   2000       900400
    17  0 1  94.92 10112.50 2   0.0 -58.1     17400400   0   2100       900000
    18  0 1  94.57 10178.50 2   0.0 -57.5     18300550   0   1800       900150
    19  0 1  94.92  9877.00 2   0.0 -57.2     19190850   0   1650       890300
    20  0 1  94.22  9905.50 2   0.0 -56.6     20080500   0   1650       889650
    21  0 1  94.57 10192.00 2   0.0 -55.3     21860050   0   1900      1779550
    22  0 1  95.62  9926.50 2   0.0 -54.7     22749800   0   1750       889750
    23  0 1  95.62 10069.00 2   0.0 -54.1     23750150   0   1700      1000350
    24  0 1  95.27 10073.50 2   0.0 -53.4     24750100   0   1950       999950
    25  0 1  95.62 10192.00 2   0.0 -53.1     25750050   0   1850       999950
    26  0 1  94.22  9910.00 2   0.0 -52.5     26749800   0   1750       999750
    27  0 1  94.92 10094.50 2   0.0 -51.9     27750250   0   1650      1000450
    28  0 1  94.22 10189.00 2   0.0 -51.3     28739800   0   2100       989550
    29  0 1  94.92 10184.50 2   0.0 -50.6     29729800   0   2000       990000
    30  0 1  95.62 10141.00 2   0.0 -49.7     31709850   0   2000      1980050
    31  0 1  94.92 10147.00 2   0.0 -49.1     32699950   0   1700       990100
    32  0 1  95.62  9988.00 2   0.0 -48.4     33679450   0   2100       979500
    33  0 1  94.57  9994.00 2   0.0 -48.1     34659450   0   1900       980000
    34  0 1  95.27 10121.50 2   0.0 -47.5     35639650   0   1800       980200
    35  0 1  95.62 10097.50 2   0.0 -46.9     36619150   0   1900       979500
    36  0 1  95.62 10067.50 2   0.0 -46.6     37598750   0   1650       979600
    37  0 1  95.27 10072.00 2   0.0 -45.9     38568300   0   2100       969550
    38  0 1  94.22  9824.50 2   0.0 -45.6     39538750   0   1900       970450
    39  0 1  95.62  9971.50 2   0.0 -44.4     41479150   0   2100      1940400
    40  0 1  94.57 10033.00 2   0.0 -44.1     42448950   0   1900       969800
    41  0 1  94.22  9977.50 2   0.0 -43.4     43409100   0   1950       960150
    42  0 1  94.57 10133.50 2   0.0 -43.1     44369500   0   2050       960400
    43  0 1  95.27  9850.00 2   0.0 -42.5     45329750   0   2100       960250
    44  0 1  94.92 10138.00 2   0.0 -42.2     46290100   0   1950       960350
    45  0 1  95.27 10078.00 2   0.0 -41.6     47250300   0   1650       960200
    46  0 1  95.27  9943.00 2   0.0 -41.3     48200500   0   1800       950200
    47  0 1  94.22  9860.50 2   0.0 -40.9     49150900   0   2000       950400
    48  0 1  94.22  9874.00 2   0.0 -40.0     51050650   0   1900      1899750
    49  0 1  94.92 10175.50 2   0.0 -39.7     52000750   0   1650       950100
    50  0 1  94.22  9877.00 2   0.0 -39.1     52940500   0   1900       939750
    51  0 1  95.62  9856.00 2   0.0 -38.8     53880350   0   2000       939850
    52  0 1  94.92  9829.00 2   0.0 -38.4     54820550   0   1650       940200
    53  0 1  95.27  9850.00 2   0.0 -38.1     55760050   0   1950       939500
    54  0 1  95.27 10006.00 2   0.0 -37.5     56700500   0   2000       940450
    55  0 1  95.62 10124.50 2   0.0 -37.2     57630000   0   1950       929500
    56  0 1  94.92  9962.50 2   0.0 -36.9     58559500   0   1700       929500
    57  0 1  94.57 10165.00 2   0.0 -36.3     60419500   0   1750      1860000
    58  0 1  95.62 10147.00 2   0.0 -35.9     61349250   0   1900       929750
    59  0 1  95.62  9817.00 2   0.0 -35.6     62268950   0   1950       919700
    60  0 1  95.62 10129.00 2   0.0 -35.3     63188900   0   1900       919950
    61  0 1  94.57  9869.50 2   0.0 -35.0     64108650   0   1800       919750
    62  0 1  95.62  9991.00 2   0.0 -34.7     65028600   0   1650       919950
    63  0 1  94.57  9973.00 2   0.0 -34.4     65948700   0   1700       920100
    64  0 1  95.27 10168.00 2   0.0 -34.1     66858800   0   2100       910100
    65  0 1  94.57 10189.00 2   0.0 -33.8     67768650   0   1750       909850
    66  0 1  95.62  9856.00 2   0.0 -33.4     69588850   0   1700      1820200
    67  0 1  95.27  9998.50 2   0.0 -33.1     70498500   0   1700       909650
    68  0 1  95.27 10009.00 2   0.0 -32.8     71398800   0   1850       900300
    69  0 1  94.92  9959.50 2   0.0 -32.5     72298800   0   1650       900000
    70  0 1  95.62  9844.00 2   0.0 -32.5     73199000   0   2050       900200
    71  0 1  94.57  9964.00 2   0.0 -32.2     74098750   0   1900       899750
    72  0 1  95.62 10072.00 2   0.0 -31.9     74998700   0   1900       899950
    73  0 1  94.92  9994.00 2   0.0 -31.9     75888650   0   1750       889950
    74  0 1  95.62  9884.50 2   0.0 -31.6     76778950   0   2000       890300
    75  0 1  94.57  9910.00 2   0.0 -31.3     78558900   0   1650      1779950
    76  0 1  94.92  9814.00 2   0.0 -31.3     79448400   0   1750       889500
    77  0 1  94.22  9949.00 2   0.0 -30.9     80448750   0   2100      1000350
    78  0 1  95.27  9850.00 2   0.0 -30.9     81449000   0   2100      1000250
    79  0 1  94.22 10057.00 2   0.0 -30.6     82449400   0   1750      1000400
    80  0 1  94.92 10156.00 2   0.0 -30.6     83449850   0   1800      1000450
    81  0 1  95.27 10166.50 2   0.0 -30.6     84449450   0   1750       999600
    82  0 1  95.62 10048.00 2   0.0 -30.3     85439100   0   2050       989650
    83  0 1  94.92 10096.00 2   0.0 -30.3     86429200   0   1650       990100
    84  0 1  94.22  9893.50 2   0.0 -30.3     88408750   0   1750      1979550
    85  0 1  94.57 10004.50 2   0.0 -30.0     89398700   0   1750       989950
    86  0 1  95.62  9908.50 2   0.0 -30.0     90379150   0   1800       980450
    87  0 1  94.22 10115.50 2   0.0 -30.0     91359100   0   1700       979950
    88  0 1  95.62  9944.50 2   0.0 -30.0     92339200   0   1700       980100
    89  0 1  94.92 10078.00 2   0.0 -30.0     93319550   0   1650       980350
    90  0 1  94.92  9832.00 2   0.0 -30.0     94300000   0   1800       980450
    91  0 1  94.22 10040.50 2   0.0 -30.0     95269750   0   2000       969750
    92  0 1  95.27 10114.00 2   0.0 -30.0     96239850   0   1750       970100
    93  0 1  94.22  9866.50 2   0.0 -30.0     98179350   0   1650      1939500
    94  0 1  95.62 10120.00 2   0.0 -30.0     99149000   0   1950       969650
    95  0 1  94.57 10105.00 2   0.0 -30.3    100108550   0   1650       959550
    96  0 1  94.92 10189.00 2   0.0 -30.3    101068200   0   2100       959650
    97  0 1  94.92  9841.00 2   0.0 -30.3    102028200   0   1700       960000
    98  0 1  95.62 10000.00 2   0.0 -30.3    102987900   0   1700       959700
    99  0 1  94.92  9871.00 2   0.0 -30.6    103947900   0   1650       960000
   100  0 1  94.57 10096.00 2   0.0 -30.6    104897650   0   2100       949750
   101  0 1  95.27 10166.50 2   0.0 -30.6    105847450   0   1900       949800
   102  0 1  94.22 10130.50 2   0.0 -30.9    107747050   0   1700      1899600
   103  0 1  94.92  9847.00 2   0.0 -31.3    108696950   0   2000       949900
   104  0 1  95.62  9865.00 2   0.0 -31.3    109636500   0   1650       939550
   105  0 1  94.22 10051.00 2   0.0 -31.6    110576650   0   2050       940150
   106  0 1  94.92 10057.00 2   0.0 -31.6    111517000   0   1850       940350
   107  0 1  95.27  9916.00 2   0.0 -31.9    112457350   0   1650       940350
   108  0 1  94.92  9826.00 2   0.0 -31.9    113397300   0   1650       939950
   109  0 1  95.27 10048.00 2   0.0 -32.2    114327450   0   1700       930150
   110  0 1  94.57 10019.50 2   0.0 -32.5    115257750   0   1700       930300
   111  0 1  94.92  9803.50 2   0.0 -32.8    117117750   0   1850      1860000
   112  0 1  94.92 10180.00 2   0.0 -33.1    118047350   0   1700       929600
   113  0 1  95.27  9812.50 2   0.0 -33.4    118967200   0   1700       919850
   114  0 1  94.92  9838.00 2   0.0 -33.4    119887600   0   1700       920400
   115  0 1  95.62  9977.50 2   0.0 -33.8    120808000   0   1650       920400
   116  0 1  95.62  9814.00 2   0.0 -34.1    121727950   0   2100       919950
   117  0 1  95.27  9961.00 2   0.0 -34.4    122648350   0   2000       920400
   118  0 1  94.57 10159.00 2   0.0 -34.7    123558200   0   1750       909850
   119  0 1  94.22 10024.00 2   0.0 -35.0    124468250   0   1800       910050
   120  0 1  95.27  9955.00 2   0.0 -35.6    126288200   0   1700      1819950
   121  0 1  94.92  9977.50 2   0.0 -35.9    127198650   0   1700       910450
   122  0 1  94.92 10097.50 2   0.0 -36.3    128099100   0   1750       900450
   123  0 1  94.22  9925.00 2   0.0 -36.6    128999450   0   1900       900350
   124  0 1  94.22 10016.50 2   0.0 -36.9    129899550   0   1850       900100
   125  0 1  95.62  9823.00 2   0.0 -37.2    130799450   0   1650       899900
   126  0 1  94.22  9844.00 2   0.0 -37.5    131699500   0   1700       900050
   127  0 1  94.92  9983.50 2   0.0 -38.1    132589650   0   2050       890150
   128  0 1  94.92  9893.50 2   0.0 -38.4    133479250   0   2050       889600
   129  0 1  95.62 10192.00 2   0.0 -39.1    135258850   0   1850      1779600
   130  0 1  94.22 10009.00 2   0.0 -39.7    136148900   0   1650       890050
   131  0 1  94.22  9979.00 2   0.0 -40.0    137148450   0   1950       999550
   132  0 1  95.27 10163.50 2   0.0 -40.3    138147950   0   1750       999500
   133  0 1  95.27 10090.00 2   0.0 -40.9    139148200   0   1750      1000250
   134  0 1  94.92 10067.50 2   0.0 -41.3    140148500   0   1950      1000300
   135  0 1  95.27  9935.50 2   0.0 -41.6    141148500   0   2100      1000000
   136  0 1  94.92  9889.00 2   0.0 -42.2    142138550   0   1900       990050
   137  0 1  95.27 10150.00 2   0.0 -42.5    143128550   0   1850       990000
   138  0 1  94.92 10150.00 2   0.0 -43.4    145108300   0   1850      1979750
   139  0 1  94.92  9805.00 2   0.0 -44.1    146098000   0   2000       989700
   140  0 1  94.57 10133.50 2   0.0 -44.4    147077950   0   2050       979950
   141  0 1  95.62  9817.00 2   0.0 -45.0    148057950   0   2000       980000
   142  0 1  95.62  9922.00 2   0.0 -45.6    149038250   0   1800       980300
   143  0 1  94.22  9953.50 2   0.0 -45.9    150018550   0   1850       980300
   144  0 1  94.22 10108.00 2   0.0 -46.6    150998300   0   1850       979750
   145  0 1  95.62  9971.50 2   0.0 -46.9    151968050   0   2050       969750
   146  0 1  94.57  9982.00 2   0.0 -47.5    152937950   0   1850       969900
   147  0 1  94.22 10186.00 2   0.0 -48.4    154877950   0   1700      1940000
   148  0 1  94.57  9973.00 2   0.0 -49.1    155847850   0   2100       969900
   149  0 1  94.57  9986.50 2   0.0 -49.7    156808200   0   2000       960350
   150  0 1  94.92 10069.00 2   0.0 -50.3    157768000   0   1700       959800
   151  0 1  94.57  9943.00 2   0.0 -50.6    158728450   0   1750       960450
   152  0 1  94.22  9991.00 2   0.0 -51.3    159688050   0   1800       959600
   153  0 1  94.57 10063.00 2   0.0 -51.9    160647850   0   1950       959800
   154  0 1  94.22 10183.00 2   0.0 -52.5    161597850   0   1900       950000
   155  0 1  95.62  9979.00 2   0.0 -53.1    162547950   0   1950       950100
   156  0 1  94.92 10073.50 2   0.0 -54.1    164448550   0   2100      1900600
   157  0 1  95.27  9889.00 2   0.0 -54.7    165398600   0   2050       950050
   158  0 1  94.57  9968.50 2   0.0 -55.3    166339050   0   2050       940450
   159  0 1  95.27 10124.50 2   0.0 -55.9    167279350   0   2050       940300
   160  0 1  95.62 10111.00 2   0.0 -56.6    168219100   0   1650       939750
   161  0 1  94.92 10148.50 2   0.0 -57.2    169158750   0   2050       939650
   162  0 1  95.27 10129.00 2   0.0 -57.5    170098300   0   1900       939550
   163  0 1  95.62 10145.50 2   0.0 -58.1    171028350   0   1800       930050
   164  0 1  94.57  9931.00 2   0.0 -58.8    171957900   0   1700       929550
   165  0 1  94.57 10099.00 2   0.0 -60.0    173817800   0   1900      1859900
   166  0 1  95.62  9853.00 2   0.0 -60.6    174748050   0   2000       930250
   167  0 1  94.92  9910.00 2   0.0 -61.3    175668250   0   2000       920200
   168  0 1  94.22  9872.50 2   0.0 -61.9    176587950   0   2100       919700
   169  0 1  94.92 10009.00 2   0.0 -62.5    177508250   0   1750       920300
   170  0 1  94.22 10177.00 2   0.0 -63.1    178428000   0   1750       919750
   171  0 1  95.62  9889.00 2   0.0 -63.8    179348150   0   1900       920150
   172  0 1  94.57  9958.00 2   0.0 -64.4    180258600   0   1750       910450
   173  0 1  95.27 10009.00 2   0.0 -65.0    181168150   0   1850       909550
   174  0 1  94.92  9920.50 2   0.0 -66.3    182987800   0   1750      1819650
   175  0 1  94.92 10106.50 2   0.0 -66.9    183898250   0   1700       910450
   176  0 1  95.27 10166.50 2   0.0 -67.5    184798700   0   1700       900450
   177  0 1  94.92 10076.50 2   0.0 -68.1    185698550   0   1700       899850
   178  0 1  94.22 10073.50 2   0.0 -68.8    186598150   0   1950       899600
   179  0 1  95.27 10153.00 2   0.0 -69.4    187497850   0   1950       899700
