    NO  S V  AOA    FREQ    B  FMOP  AMP      TOA      PMOP  PW         dTOA  
------ -- - ------ -------- - ----- ----- ------------ --- ------ ------------
     0  0 1  95.62  9847.00 2   0.0 -70.0            0   0   1900  42949673000
     1  0 1  94.92 10180.00 2   0.0 -69.4       899850   0   1900       899850
     2  0 1  94.57  9802.00 2   0.0 -68.1      2699850   0   1650      1800000
     3  0 1  94.22 10132.00 2   0.0 -67.5      3600100   0   2050       900250
     4  0 1  95.62 10177.00 2   0.0 -66.9      4500550   0   1650       900450
     5  0 1  94.57 10018.00 2   0.0 -66.3      5390100   0   2100       889550
     6  0 1  95.62 10076.50 2   0.0 -65.6      6280050   0   1750       889950
     7  0 1  95.62 10099.00 2   0.0 -65.0      7169750   0   1800       889700
     8  0 1  94.92  9841.00 2   0.0 -64.4      8060150   0   1750       890400
     9  0 1  94.57  9826.00 2   0.0 -63.8      8949800   0   1950       889650
    10  0 1  94.92 10183.00 2   0.0 -63.1      9949800   0   1800      1000000
    11  0 1  94.57  9896.50 2   0.0 -61.9     11949950   0   1750      2000150
    12  0 1  94.92  9836.50 2   0.0 -61.3     12950200   0   1750      1000250
    13  0 1  94.22 10181.50 2   0.0 -60.6     13950600   0   1950      1000400
    14  0 1  95.27  9820.00 2   0.0 -60.0     14940500   0   1700       989900
    15  0 1  95.27  9883.00 2   0.0 -59.4     15930000   0   2100       989500
    16  0 1  94.57  9982.00 2   0.0 -58.8     16919850   0   1750       989850
    17  0 1  94.22  9838.00 2   0.0 -58.1     17910050   0   1800       990200
    18  0 1  94.22 10192.00 2   0.0 -57.5     18899950   0   1750       989900
    19  0 1  95.27 10027.00 2   0.0 -57.2     19880100   0   1750       980150
    20  0 1  94.22  9844.00 2   0.0 -55.9     21839800   0   2100      1959700
    21  0 1  95.62  9899.50 2   0.0 -55.3     22820100   0   1650       980300
    22  0 1  95.62 10082.50 2   0.0 -54.7     23799950   0   1900       979850
    23  0 1  95.27 10052.50 2   0.0 -54.1     24770200   0   1700       970250
    24  0 1  95.27  9874.00 2   0.0 -53.4     25739850   0   1950       969650
    25  0 1  95.27 10156.00 2   0.0 -53.1     26709550   0   1700       969700
    26  0 1  95.62  9989.50 2   0.0 -52.5     27680000   0   2100       970450
    27  0 1  94.57  9910.00 2   0.0 -51.9     28650400   0   2000       970400
    28  0 1  94.92  9919.00 2   0.0 -51.3     29610850   0   1700       960450
    29  0 1  94.22 10018.00 2   0.0 -50.3     31530850   0   2050      1920000
    30  0 1  95.62 10102.00 2   0.0 -49.7     32491200   0   1750       960350
    31  0 1  94.57 10142.50 2   0.0 -49.1     33451200   0   1750       960000
    32  0 1  94.57  9823.00 2   0.0 -48.4     34400750   0   1650       949550
    33  0 1  94.57 10168.00 2   0.0 -48.1     35351150   0   1650       950400
    34  0 1  94.22  9808.00 2   0.0 -47.5     36301400   0   1750       950250
    35  0 1  94.22  9916.00 2   0.0 -46.9     37251500   0   1850       950100
    36  0 1  94.57  9932.50 2   0.0 -46.6     38201650   0   1950       950150
    37  0 1  94.57 10018.00 2   0.0 -45.9     39142000   0   1850       940350
    38  0 1  94.92  9833.50 2   0.0 -45.0     41022350   0   1650      1880350
    39  0 1  94.22 10040.50 2   0.0 -44.4     41962600   0   1700       940250
    40  0 1  95.62  9977.50 2   0.0 -44.1     42903000   0   1800       940400
    41  0 1  94.92 10045.00 2   0.0 -43.4     43833200   0   1750       930200
    42  0 1  94.92  9952.00 2   0.0 -43.1     44763150   0   1800       929950
    43  0 1  94.22 10141.00 2   0.0 -42.5     45693500   0   1650       930350
    44  0 1  95.27 10063.00 2   0.0 -42.2     46623050   0   1950       929550
    45  0 1  95.62 10082.50 2   0.0 -41.6     47553300   0   1950       930250
    46  0 1  94.92  9881.50 2   0.0 -41.3     48473400   0   1900       920100
    47  0 1  95.62 10033.00 2   0.0 -40.3     50313400   0   2000      1840000
    48  0 1  94.92 10180.00 2   0.0 -40.0     51233050   0   1700       919650
    49  0 1  95.62 10021.00 2   0.0 -39.7     52152800   0   2050       919750
    50  0 1  95.27 10031.50 2   0.0 -39.1     53062600   0   1850       909800
    51  0 1  95.27 10177.00 2   0.0 -38.8     53972400   0   2050       909800
    52  0 1  94.22 10075.00 2   0.0 -38.4     54882450   0   1650       910050
    53  0 1  94.92  9929.50 2   0.0 -38.1     55792000   0   1650       909550
    54  0 1  94.22  9872.50 2   0.0 -37.5     56702450   0   2100       910450
    55  0 1  94.22  9898.00 2   0.0 -37.2     57602050   0   1650       899600
    56  0 1  95.62 10055.50 2   0.0 -36.6     59401750   0   1650      1799700
    57  0 1  94.22  9820.00 2   0.0 -36.3     60301450   0   2050       899700
    58  0 1  94.22  9898.00 2   0.0 -35.9     61201400   0   1950       899950
    59  0 1  94.92  9940.00 2   0.0 -35.6     62091100   0   2100       889700
    60  0 1  95.27 10138.00 2   0.0 -35.3     62981100   0   1900       890000
    61  0 1  94.92 10049.50 2   0.0 -35.0     63870850   0   2050       889750
    62  0 1  94.22  9931.00 2   0.0 -34.7     64760700   0   1950       889850
    63  0 1  94.22  9850.00 2   0.0 -34.4     65650400   0   1950       889700
    64  0 1  94.22 10075.00 2   0.0 -34.1     66650850   0   2000      1000450
    65  0 1  95.27 10072.00 2   0.0 -33.4     68650950   0   1700      2000100
    66  0 1  94.92  9862.00 2   0.0 -33.4     69651350   0   1800      1000400
    67  0 1  94.92  9841.00 2   0.0 -33.1     70650850   0   1750       999500
    68  0 1  94.57  9997.00 2   0.0 -32.8     71640500   0   1700       989650
    69  0 1  94.22  9871.00 2   0.0 -32.5     72630050   0   1900       989550
    70  0 1  95.27  9835.00 2   0.0 -32.5     73620200   0   1750       990150
    71  0 1  94.92 10144.00 2   0.0 -32.2     74610050   0   1800       989850
    72  0 1  94.92 10120.00 2   0.0 -31.9     75599950   0   1650       989900
    73  0 1  95.62  9847.00 2   0.0 -31.9     76579750   0   1700       979800
    74  0 1  95.27 10064.50 2   0.0 -31.6     78538800   0   2000      1959050
    75  0 1  94.57 10118.50 2   0.0 -31.3     79518600   0   1700       979800
    76  0 1  94.22  9892.00 2   0.0 -31.3     80498300   0   1700       979700
    77  0 1  95.27  9968.50 2   0.0 -30.9     81468250   0   2000       969950
    78  0 1  94.22 10024.00 2   0.0 -30.9     82438250   0   1850       970000
    79  0 1  94.22 10030.00 2   0.0 -30.6     83408450   0   1700       970200
    80  0 1  95.62  9961.00 2   0.0 -30.6     84377950   0   1800       969500
    81  0 1  95.27  9805.00 2   0.0 -30.6     85348050   0   1900       970100
    82  0 1  94.22  9961.00 2   0.0 -30.3     86308000   0   1750       959950
    83  0 1  94.57  9850.00 2   0.0 -30.3     88227600   0   2000      1919600
    84  0 1  95.62  9971.50 2   0.0 -30.3     89187700   0   2050       960100
    85  0 1  94.57  9898.00 2   0.0 -30.0     90147200   0   1650       959500
    86  0 1  94.57 10043.50 2   0.0 -30.0     91096950   0   1800       949750
    87  0 1  95.62  9893.50 2   0.0 -30.0     92047050   0   2100       950100
    88  0 1  94.57  9982.00 2   0.0 -30.0     92997050   0   1800       950000
    89  0 1  94.22 10183.00 2   0.0 -30.0     93946800   0   1850       949750
    90  0 1  94.92 10097.50 2   0.0 -30.0     94896300   0   1950       949500
    91  0 1  95.62  9896.50 2   0.0 -30.0     95835850   0   1650       939550
    92  0 1  94.92  9967.00 2   0.0 -30.0     97716150   0   1750      1880300
    93  0 1  95.62  9995.50 2   0.0 -30.0     98656000   0   2000       939850
    94  0 1  94.92 10010.50 2   0.0 -30.0     99595650   0   1900       939650
    95  0 1  95.27  9973.00 2   0.0 -30.3    100525550   0   2000       929900
    96  0 1  95.27  9823.00 2   0.0 -30.3    101455250   0   1650       929700
    97  0 1  94.22 10109.50 2   0.0 -30.3    102384950   0   1950       929700
    98  0 1  94.92 10030.00 2   0.0 -30.3    103315000   0   2100       930050
    99  0 1  94.22  9997.00 2   0.0 -30.6    104245000   0   1850       930000
   100  0 1  94.92  9826.00 2   0.0 -30.6    105164500   0   1950       919500
   101  0 1  94.57  9971.50 2   0.0 -30.9    107004350   0   2000      1839850
   102  0 1  94.57 10084.00 2   0.0 -30.9    107924050   0   1800       919700
   103  0 1  95.62 10075.00 2   0.0 -31.3    108844200   0   1650       920150
   104  0 1  94.57 10126.00 2   0.0 -31.3    109754650   0   1750       910450
   105  0 1  94.22  9803.50 2   0.0 -31.6    110664500   0   2100       909850
   106  0 1  95.27 10003.00 2   0.0 -31.6    111574850   0   1700       910350
   107  0 1  94.22 10019.50 2   0.0 -31.9    112484500   0   1650       909650
   108  0 1  95.62 10111.00 2   0.0 -31.9    113394900   0   1700       910400
   109  0 1  95.27 10130.50 2   0.0 -32.2    114295050   0   2100       900150
   110  0 1  95.62  9908.50 2   0.0 -32.5    116095550   0   1700      1800500
   111  0 1  95.27  9961.00 2   0.0 -32.8    116995100   0   1900       899550
   112  0 1  94.57  9970.00 2   0.0 -33.1    117894850   0   1850       899750
   113  0 1  94.92 10108.00 2   0.0 -33.4    118784400   0   1700       889550
   114  0 1  94.22  9983.50 2   0.0 -33.4    119674250   0   1800       889850
   115  0 1  95.27  9952.00 2   0.0 -33.8    120564100   0   2000       889850
   116  0 1  95.27  9949.00 2   0.0 -34.1    121454050   0   1950       889950
   117  0 1  95.62 10072.00 2   0.0 -34.4    122344200   0   1750       890150
   118  0 1  94.22 10058.50 2   0.0 -34.7    123344100   0   1750       999900
   119  0 1  94.92 10003.00 2   0.0 -35.3    125344800   0   1950      2000700
   120  0 1  95.27 10081.00 2   0.0 -35.6    126345200   0   2050      1000400
   121  0 1  94.92  9980.50 2   0.0 -35.9    127344700   0   2050       999500
   122  0 1  95.27  9922.00 2   0.0 -36.3    128335100   0   1850       990400
   123  0 1  95.27 10019.50 2   0.0 -36.6    129325500   0   1650       990400
   124  0 1  94.57 10156.00 2   0.0 -36.9    130315050   0   2050       989550
   125  0 1  94.92 10177.00 2   0.0 -37.2    131304800   0   1700       989750
   126  0 1  94.92 10007.50 2   0.0 -37.5    132295100   0   1850       990300
   127  0 1  94.22  9998.50 2   0.0 -38.1    133275100   0   1800       980000
   128  0 1  95.27 10198.00 2   0.0 -38.8    135234600   0   1800      1959500
   129  0 1  94.22 10019.50 2   0.0 -39.1    136214400   0   1750       979800
   130  0 1  95.27 10048.00 2   0.0 -39.7    137194100   0   1800       979700
   131  0 1  94.92 10022.50 2   0.0 -40.0    138164300   0   1650       970200
   132  0 1  95.62 10096.00 2   0.0 -40.3    139134400   0   1750       970100
   133  0 1  94.92 10016.50 2   0.0 -40.9    140104200   0   1650       969800
   134  0 1  95.62  9887.50 2   0.0 -41.3    141074100   0   1650       969900
   135  0 1  94.57  9956.50 2   0.0 -41.6    142044400   0   1700       970300
   136  0 1  94.92  9824.50 2   0.0 -42.2    143004150   0   2000       959750
   137  0 1  95.62 10051.00 2   0.0 -43.1    144923650   0   1700      1919500
   138  0 1  94.57 10090.00 2   0.0 -43.4    145883150   0   1950       959500
   139  0 1  94.57  9973.00 2   0.0 -44.1    146842900   0   1950       959750
   140  0 1  94.57 10009.00 2   0.0 -44.4    147793250   0   1900       950350
   141  0 1  95.27  9986.50 2   0.0 -45.0    148743200   0   2050       949950
   142  0 1  94.92  9847.00 2   0.0 -45.6    149692900   0   1650       949700
   143  0 1  94.57 10160.50 2   0.0 -45.9    150642800   0   1950       949900
   144  0 1  95.27 10162.00 2   0.0 -46.6    151592600   0   2100       949800
   145  0 1  95.62  9911.50 2   0.0 -46.9    152533000   0   1750       940400
   146  0 1  94.92  9982.00 2   0.0 -48.1    154412900   0   2050      1879900
   147  0 1  94.92  9799.00 2   0.0 -48.4    155352600   0   1650       939700
   148  0 1  95.62  9817.00 2   0.0 -49.1    156292750   0   1950       940150
   149  0 1  94.92 10111.00 2   0.0 -49.7    157222400   0   1700       929650
   150  0 1  94.92  9823.00 2   0.0 -50.3    158152150   0   1650       929750
   151  0 1  95.27  9956.50 2   0.0 -50.6    159082450   0   1700       930300
   152  0 1  94.57  9880.00 2   0.0 -51.3    160012800   0   1700       930350
   153  0 1  95.27 10126.00 2   0.0 -51.9    160942800   0   1900       930000
   154  0 1  95.27  9916.00 2   0.0 -52.5    161863100   0   1950       920300
   155  0 1  95.62 10042.00 2   0.0 -53.4    163702950   0   2100      1839850
   156  0 1  94.92  9847.00 2   0.0 -54.1    164622900   0   1750       919950
   157  0 1  94.57  9818.50 2   0.0 -54.7    165542800   0   2100       919900
   158  0 1  94.57 10037.50 2   0.0 -55.3    166452750   0   1750       909950
   159  0 1  94.92  9857.50 2   0.0 -55.9    167362300   0   2100       909550
   160  0 1  95.27  9814.00 2   0.0 -56.6    168272050   0   2050       909750
   161  0 1  94.92 10043.50 2   0.0 -57.2    169182350   0   1950       910300
   162  0 1  94.22  9973.00 2   0.0 -57.5    170092800   0   2000       910450
   163  0 1  94.22  9817.00 2   0.0 -58.1    170993250   0   1850       900450
   164  0 1  94.22  9829.00 2   0.0 -59.4    172793450   0   1900      1800200
   165  0 1  94.22  9961.00 2   0.0 -60.0    173693500   0   1750       900050
   166  0 1  94.92  9895.00 2   0.0 -60.6    174593400   0   2100       899900
   167  0 1  94.57  9991.00 2   0.0 -61.3    175482900   0   1750       889500
   168  0 1  94.22  9958.00 2   0.0 -61.9    176372500   0   1800       889600
   169  0 1  95.27 10060.00 2   0.0 -62.5    177262250   0   1700       889750
   170  0 1  94.22 10004.50 2   0.0 -63.1    178152600   0   1900       890350
   171  0 1  95.62 10094.50 2   0.0 -63.8    179042700   0   1650       890100
   172  0 1  95.62 10021.00 2   0.0 -64.4    180042600   0   2100       999900
   173  0 1  95.62 10030.00 2   0.0 -65.6    182043100   0   1950      2000500
   174  0 1  94.57  9913.00 2   0.0 -66.3    183043300   0   1800      1000200
   175  0 1  94.92  9928.00 2   0.0 -66.9    184043250   0   1650       999950
   176  0 1  94.57 10096.00 2   0.0 -67.5    185032800   0   1850       989550
   177  0 1  95.27  9916.00 2   0.0 -68.1    186022400   0   1750       989600
   178  0 1  95.27 10138.00 2   0.0 -68.8    187012850   0   1700       990450
   179  0 1  94.92 10111.00 2   0.0 -69.4    188003050   0   1750       990200
