    NO  S V  AOA    FREQ    B  FMOP  AMP      TOA      PMOP  PW         dTOA  
------ -- - ------ -------- - ----- ----- ------------ --- ------ ------------
     0  0 1  94.57 10099.00 2   0.0 -70.0            0   0   1950  42949673000
     1  0 1  94.57  9886.00 2   0.0 -69.4       979650   0   1650       979650
     2  0 1  94.22  9955.00 2   0.0 -68.8      1959200   0   2000       979550
     3  0 1  94.92 10171.00 2   0.0 -68.1      2938850   0   1750       979650
     4  0 1  95.62 10153.00 2   0.0 -67.5      3919200   0   2100       980350
     5  0 1  95.62 10082.50 2   0.0 -66.9      4899400   0   1700       980200
     6  0 1  95.62 10021.00 2   0.0 -66.3      5869200   0   2000       969800
     7  0 1  95.62  9809.50 2   0.0 -65.6      6839000   0   1750       969800
     8  0 1  94.22 10004.50 2   0.0 -64.4      8778900   0   2100      1939900
     9  0 1  95.62 10196.50 2   0.0 -63.8      9748500   0   1850       969600
    10  0 1  94.22  9880.00 2   0.0 -63.1     10708150   0   1700       959650
    11  0 1  95.27 10096.00 2   0.0 -62.5     11668050   0   1800       959900
    12  0 1  94.92 10141.00 2   0.0 -61.9     12628000   0   1900       959950
    13  0 1  95.27 10183.00 2   0.0 -61.3     13587900   0   1700       959900
    14  0 1  95.62 10096.00 2   0.0 -60.6     14548100   0   1750       960200
    15  0 1  94.22 10133.50 2   0.0 -60.0     15497800   0   2000       949700
    16  0 1  94.57  9844.00 2   0.0 -59.4     16447300   0   1650       949500
    17  0 1  95.62  9961.00 2   0.0 -58.1     18347150   0   1700      1899850
    18  0 1  94.57 10090.00 2   0.0 -57.5     19297300   0   2050       950150
    19  0 1  94.57 10120.00 2   0.0 -57.2     20236800   0   1850       939500
    20  0 1  94.92  9812.50 2   0.0 -56.6     21176950   0   1750       940150
    21  0 1  94.22 10183.00 2   0.0 -55.9     22116950   0   2100       940000
    22  0 1  95.27  9838.00 2   0.0 -55.3     23057100   0   1800       940150
    23  0 1  94.92  9886.00 2   0.0 -54.7     23997050   0   1650       939950
    24  0 1  94.22  9838.00 2   0.0 -54.1     24927350   0   1650       930300
    25  0 1  95.62 10121.50 2   0.0 -53.4     25857100   0   2100       929750
    26  0 1  94.22  9829.00 2   0.0 -52.5     27716450   0   1950      1859350
    27  0 1  95.62 10150.00 2   0.0 -51.9     28646200   0   1700       929750
    28  0 1  94.92 10096.00 2   0.0 -51.3     29566200   0   2050       920000
    29  0 1  94.22 10033.00 2   0.0 -50.6     30486650   0   2100       920450
    30  0 1  94.57 10052.50 2   0.0 -50.3     31406300   0   1950       919650
    31  0 1  94.57  9959.50 2   0.0 -49.7     32325900   0   1700       919600
    32  0 1  95.62 10168.00 2   0.0 -49.1     33245750   0   1900       919850
    33  0 1  94.57  9949.00 2   0.0 -48.4     34155750   0   1650       910000
    34  0 1  95.27  9932.50 2   0.0 -48.1     35065500   0   1750       909750
    35  0 1  95.27 10045.00 2   0.0 -46.9     36885050   0   1850      1819550
    36  0 1  94.92 10021.00 2   0.0 -46.6     37795400   0   2100       910350
    37  0 1  94.92 10019.50 2   0.0 -45.9     38695100   0   1750       899700
    38  0 1  94.92  9934.00 2   0.0 -45.6     39595100   0   1900       900000
    39  0 1  95.27 10114.00 2   0.0 -45.0     40494650   0   1650       899550
    40  0 1  94.92 10115.50 2   0.0 -44.4     41394950   0   1850       900300
    41  0 1  95.27 10036.00 2   0.0 -44.1     42295100   0   2000       900150
    42  0 1  94.22 10177.00 2   0.0 -43.4     43184650   0   1850       889550
    43  0 1  95.62 10117.00 2   0.0 -43.1     44074450   0   1650       889800
    44  0 1  94.92  9845.50 2   0.0 -42.2     45854200   0   1900      1779750
    45  0 1  94.22 10027.00 2   0.0 -41.6     46743800   0   2100       889600
    46  0 1  94.57  9880.00 2   0.0 -41.3     47744150   0   1800      1000350
    47  0 1  94.22  9823.00 2   0.0 -40.9     48743800   0   1700       999650
    48  0 1  94.22 10132.00 2   0.0 -40.3     49743700   0   1750       999900
    49  0 1  94.92  9886.00 2   0.0 -40.0     50743500   0   1650       999800
    50  0 1  94.92  9802.00 2   0.0 -39.7     51743750   0   1900      1000250
    51  0 1  94.57  9943.00 2   0.0 -39.1     52734200   0   1800       990450
    52  0 1  94.22  9844.00 2   0.0 -38.8     53724000   0   2050       989800
    53  0 1  94.57 10088.50 2   0.0 -38.1     55703850   0   1700      1979850
    54  0 1  94.92 10003.00 2   0.0 -37.5     56693900   0   1650       990050
    55  0 1  94.57  9925.00 2   0.0 -37.2     57673750   0   2050       979850
    56  0 1  95.27  9988.00 2   0.0 -36.9     58653500   0   2000       979750
    57  0 1  94.92  9904.00 2   0.0 -36.6     59633350   0   1700       979850
    58  0 1  94.92  9847.00 2   0.0 -36.3     60613450   0   2050       980100
    59  0 1  95.27 10123.00 2   0.0 -35.9     61593600   0   2050       980150
    60  0 1  94.92  9872.50 2   0.0 -35.6     62563550   0   1750       969950
    61  0 1  95.27 10015.00 2   0.0 -35.3     63533100   0   1900       969550
    62  0 1  94.57 10013.50 2   0.0 -34.7     65473100   0   1650      1940000
    63  0 1  95.27  9961.00 2   0.0 -34.4     66443100   0   1950       970000
    64  0 1  94.57 10049.50 2   0.0 -34.1     67403450   0   1700       960350
    65  0 1  95.62 10084.00 2   0.0 -33.8     68363050   0   1950       959600
    66  0 1  94.92  9901.00 2   0.0 -33.4     69322750   0   2050       959700
    67  0 1  94.57 10129.00 2   0.0 -33.4     70282300   0   1900       959550
    68  0 1  95.27 10099.00 2   0.0 -33.1     71242700   0   2000       960400
    69  0 1  94.92 10025.50 2   0.0 -32.8     72192400   0   1700       949700
    70  0 1  95.62  9995.50 2   0.0 -32.5     73142200   0   1800       949800
    71  0 1  94.22  9847.00 2   0.0 -32.2     75041850   0   1750      1899650
    72  0 1  94.92  9862.00 2   0.0 -31.9     75992300   0   1800       950450
    73  0 1  95.62  9967.00 2   0.0 -31.9     76932150   0   1950       939850
    74  0 1  94.92  9857.50 2   0.0 -31.6     77871650   0   1900       939500
    75  0 1  94.92 10021.00 2   0.0 -31.6     78811650   0   2000       940000
    76  0 1  94.22 10039.00 2   0.0 -31.3     79751900   0   1850       940250
    77  0 1  95.27  9847.00 2   0.0 -31.3     80691400   0   1850       939500
    78  0 1  95.62 10015.00 2   0.0 -30.9     81621000   0   1650       929600
    79  0 1  94.57 10171.00 2   0.0 -30.9     82551350   0   1850       930350
    80  0 1  95.27  9883.00 2   0.0 -30.6     84411150   0   2100      1859800
    81  0 1  94.57  9877.00 2   0.0 -30.6     85340700   0   1700       929550
    82  0 1  94.22 10036.00 2   0.0 -30.3     86261100   0   1750       920400
    83  0 1  94.22  9871.00 2   0.0 -30.3     87180900   0   2100       919800
    84  0 1  95.27  9935.50 2   0.0 -30.3     88100500   0   1700       919600
    85  0 1  94.22 10154.50 2   0.0 -30.3     89020500   0   1900       920000
    86  0 1  95.62 10021.00 2   0.0 -30.0     89940050   0   1750       919550
    87  0 1  94.57 10130.50 2   0.0 -30.0     90850200   0   1800       910150
    88  0 1  94.22  9871.00 2   0.0 -30.0     91759800   0   2100       909600
    89  0 1  94.57  9851.50 2   0.0 -30.0     93579650   0   2100      1819850
    90  0 1  95.27  9905.50 2   0.0 -30.0     94489750   0   2000       910100
    91  0 1  94.92 10033.00 2   0.0 -30.0     95389350   0   2050       899600
    92  0 1  94.92  9851.50 2   0.0 -30.0     96289750   0   2050       900400
    93  0 1  95.62  9991.00 2   0.0 -30.0     97189500   0   1750       899750
    94  0 1  94.57 10136.50 2   0.0 -30.0     98089900   0   2000       900400
    95  0 1  94.22 10043.50 2   0.0 -30.0     98990250   0   1800       900350
    96  0 1  94.92  9967.00 2   0.0 -30.3     99880350   0   2050       890100
    97  0 1  94.92  9841.00 2   0.0 -30.3    100770600   0   1950       890250
    98  0 1  95.27 10159.00 2   0.0 -30.3    102550800   0   1650      1780200
    99  0 1  95.62  9859.00 2   0.0 -30.6    103440300   0   2100       889500
   100  0 1  95.27  9817.00 2   0.0 -30.6    104440550   0   1750      1000250
   101  0 1  94.57  9805.00 2   0.0 -30.6    105440850   0   1800      1000300
   102  0 1  95.62  9848.50 2   0.0 -30.9    106441150   0   1700      1000300
   103  0 1  95.27  9976.00 2   0.0 -30.9    107441250   0   1650      1000100
   104  0 1  94.92 10121.50 2   0.0 -31.3    108441550   0   1650      1000300
   105  0 1  95.27  9824.50 2   0.0 -31.3    109431900   0   1900       990350
   106  0 1  94.57 10003.00 2   0.0 -31.6    110421550   0   1950       989650
   107  0 1  95.62 10015.00 2   0.0 -31.9    112401850   0   2100      1980300
   108  0 1  95.62 10129.00 2   0.0 -31.9    113392200   0   1800       990350
   109  0 1  94.57  9913.00 2   0.0 -32.2    114371750   0   1750       979550
   110  0 1  95.27 10159.00 2   0.0 -32.5    115352050   0   1900       980300
   111  0 1  95.62  9922.00 2   0.0 -32.5    116332500   0   1950       980450
   112  0 1  94.92 10091.50 2   0.0 -32.8    117312650   0   1800       980150
   113  0 1  94.22 10006.00 2   0.0 -33.1    118293050   0   1800       980400
   114  0 1  95.27 10198.00 2   0.0 -33.4    119263100   0   2050       970050
   115  0 1  94.92 10010.50 2   0.0 -33.4    120232900   0   1900       969800
   116  0 1  94.92  9974.50 2   0.0 -34.1    122173000   0   1850      1940100
   117  0 1  95.27 10046.50 2   0.0 -34.4    123142800   0   1650       969800
   118  0 1  95.62 10178.50 2   0.0 -34.7    124103100   0   1900       960300
   119  0 1  94.92 10196.50 2   0.0 -35.0    125062650   0   2000       959550
   120  0 1  95.27  9913.00 2   0.0 -35.3    126022950   0   1850       960300
   121  0 1  94.92  9988.00 2   0.0 -35.6    126983300   0   1800       960350
   122  0 1  94.22 10054.00 2   0.0 -35.9    127943600   0   2100       960300
   123  0 1  94.22 10087.00 2   0.0 -36.3    128893150   0   1900       949550
   124  0 1  95.27 10148.50 2   0.0 -36.6    129843350   0   1950       950200
   125  0 1  94.22 10150.00 2   0.0 -37.2    131743350   0   2100      1900000
   126  0 1  94.92  9863.50 2   0.0 -37.5    132693200   0   1900       949850
   127  0 1  94.92  9859.00 2   0.0 -38.1    133633100   0   1800       939900
   128  0 1  94.92  9835.00 2   0.0 -38.4    134573300   0   1750       940200
   129  0 1  95.62 10156.00 2   0.0 -38.8    135513350   0   1800       940050
   130  0 1  94.22 10015.00 2   0.0 -39.1    136453150   0   1900       939800
   131  0 1  95.62 10007.50 2   0.0 -39.7    137393250   0   1850       940100
   132  0 1  94.22  9958.00 2   0.0 -40.0    138323200   0   1700       929950
   133  0 1  94.22  9853.00 2   0.0 -40.3    139253100   0   1650       929900
   134  0 1  94.92 10055.50 2   0.0 -41.3    141113050   0   1950      1859950
   135  0 1  95.62  9970.00 2   0.0 -41.6    142042950   0   2050       929900
   136  0 1  94.22 10048.00 2   0.0 -42.2    142962500   0   1950       919550
   137  0 1  94.22 10162.00 2   0.0 -42.5    143882250   0   1750       919750
   138  0 1  94.57  9868.00 2   0.0 -43.1    144801750   0   1650       919500
   139  0 1  95.62  9892.00 2   0.0 -43.4    145721550   0   1750       919800
   140  0 1  94.22 10198.00 2   0.0 -44.1    146641200   0   1950       919650
   141  0 1  95.62  9973.00 2   0.0 -44.4    147550850   0   1900       909650
   142  0 1  95.27 10018.00 2   0.0 -45.0    148460350   0   1750       909500
   143  0 1  94.92 10180.00 2   0.0 -45.9    150279750   0   2000      1819400
   144  0 1  94.57  9979.00 2   0.0 -46.6    151189400   0   1950       909650
   145  0 1  94.22 10024.00 2   0.0 -46.9    152089700   0   1800       900300
   146  0 1  94.22  9895.00 2   0.0 -47.5    152989650   0   1900       899950
   147  0 1  94.92  9868.00 2   0.0 -48.1    153889400   0   1750       899750
   148  0 1  94.57 10084.00 2   0.0 -48.4    154789350   0   1900       899950
   149  0 1  94.57 10052.50 2   0.0 -49.1    155689500   0   2050       900150
   150  0 1  95.27 10057.00 2   0.0 -49.7    156579450   0   2050       889950
   151  0 1  95.27  9844.00 2   0.0 -50.3    157469600   0   1700       890150
   152  0 1  94.92 10135.00 2   0.0 -51.3    159249100   0   1750      1779500
   153  0 1  95.62 10172.50 2   0.0 -51.9    160139550   0   2000       890450
   154  0 1  95.62 10135.00 2   0.0 -52.5    161139300   0   1650       999750
   155  0 1  94.92 10033.00 2   0.0 -53.1    162139500   0   1700      1000200
   156  0 1  94.57  9922.00 2   0.0 -53.4    163139500   0   2100      1000000
   157  0 1  94.57  9859.00 2   0.0 -54.1    164139650   0   1700      1000150
   158  0 1  95.27 10118.50 2   0.0 -54.7    165139550   0   1700       999900
   159  0 1  94.22 10025.50 2   0.0 -55.3    166129050   0   1650       989500
   160  0 1  95.62  9971.50 2   0.0 -55.9    167119250   0   1750       990200
   161  0 1  95.27 10021.00 2   0.0 -57.2    169098400   0   1900      1979150
   162  0 1  94.92 10096.00 2   0.0 -57.5    170088850   0   2050       990450
   163  0 1  95.27 10126.00 2   0.0 -58.1    171068550   0   1650       979700
   164  0 1  95.62  9937.00 2   0.0 -58.8    172048400   0   1850       979850
   165  0 1  95.62 10070.50 2   0.0 -59.4    173028550   0   2100       980150
   166  0 1  95.62 10105.00 2   0.0 -60.0    174008200   0   1750       979650
   167  0 1  95.62  9875.50 2   0.0 -60.6    174988050   0   1800       979850
   168  0 1  95.62 10153.00 2   0.0 -61.3    175958350   0   2100       970300
   169  0 1  94.22  9838.00 2   0.0 -61.9    176928350   0   1700       970000
   170  0 1  94.92  9979.00 2   0.0 -63.1    178868750   0   1650      1940400
   171  0 1  95.62  9943.00 2   0.0 -63.8    179838500   0   2050       969750
   172  0 1  95.62  9868.00 2   0.0 -64.4    180798450   0   1850       959950
   173  0 1  95.62  9836.50 2   0.0 -65.0    181758900   0   1800       960450
   174  0 1  95.62  9850.00 2   0.0 -65.6    182718400   0   1850       959500
   175  0 1  95.27 10016.50 2   0.0 -66.3    183678350   0   1700       959950
   176  0 1  95.27 10033.00 2   0.0 -66.9    184638800   0   1800       960450
   177  0 1  94.57 10150.00 2   0.0 -67.5    185588600   0   1900       949800
   178  0 1  94.22 10165.00 2   0.0 -68.1    186538200   0   2100       949600
   179  0 1  95.27 10156.00 2   0.0 -69.4    188437950   0   1800      1899750
