    NO  S V  AOA    FREQ    B  FMOP  AMP      TOA      PMOP  PW         dTOA  
------ -- - ------ -------- - ----- ----- ------------ --- ------ ------------
     0  0 1  94.92  5261.25 1   0.0 -70.0            0   0   2000  42949673000
     1  0 1  94.92  5240.00 1   0.0 -67.5       439350   0   1950       439350
     2  0 1  94.92  5256.25 1   0.0 -65.0       881550   0   1950       442200
     3  0 1  94.92  5268.75 1   0.0 -62.5      1323500   0   2000       441950
     4  0 1  94.92  5260.00 1   0.0 -60.0      1763450   0   1950       439950
     5  0 1  94.92  5266.25 1   0.0 -57.5      2205850   0   1950       442400
     6  0 1  94.92  5240.00 1   0.0 -55.3      2674500   0   1950       468650
     7  0 1  94.92  5253.75 1   0.0 -53.1      3145050   0   2000       470550
     8  0 1  94.92  5251.25 1   0.0 -48.4      4083500   0   1950       938450
     9  0 1  94.92  5236.25 1   0.0 -46.6      4555600   0   1950       472100
    10  0 1  94.92  5243.75 1   0.0 -44.4      5084600   0   2000       529000
    11  0 1  94.92  5232.50 1   0.0 -42.5      5613450   0   2000       528850
    12  0 1  94.92  5255.00 1   0.0 -40.9      6144650   0   1950       531200
    13  0 1  94.92  5237.50 1   0.0 -39.1      6676600   0   1950       531950
    14  0 1  94.92  5247.50 1   0.0 -37.5      7206450   0   1950       529850
    15  0 1  94.92  5238.75 1   0.0 -36.3      7777700   0   1950       571250
    16  0 1  94.92  5228.75 1   0.0 -35.0      8348500   0   2000       570800
    17  0 1  94.92  5256.25 1   0.0 -32.8      9489850   0   2000      1141350
    18  0 1  94.92  5240.00 1   0.0 -31.9     10061600   0   2000       571750
    19  0 1  94.92  5238.75 1   0.0 -31.3     10501850   0   1950       440250
    20  0 1  94.92  5253.75 1   0.0 -30.6     10943200   0   1950       441350
    21  0 1  94.92  5235.00 1   0.0 -30.3     11384300   0   1950       441100
    22  0 1  94.92  5268.75 1   0.0 -30.0     11824100   0   1950       439800
    23  0 1  94.92  5250.00 1   0.0 -30.0     12262850   0   1950       438750
    24  0 1  94.92  5243.75 1   0.0 -30.0     12734250   0   2000       471400
    25  0 1  94.92  5245.00 1   0.0 -30.3     13203100   0   2000       468850
    26  0 1  94.92  5242.50 1   0.0 -31.3     14143700   0   1950       940600
    27  0 1  94.92  5228.75 1   0.0 -31.9     14614000   0   1950       470300
    28  0 1  94.92  5255.00 1   0.0 -32.8     15143750   0   2000       529750
    29  0 1  94.92  5265.00 1   0.0 -33.8     15674900   0   2000       531150
    30  0 1  94.92  5266.25 1   0.0 -35.0     16202650   0   1950       527750
    31  0 1  94.92  5256.25 1   0.0 -36.3     16732100   0   2000       529450
    32  0 1  94.92  5268.75 1   0.0 -37.5     17261150   0   1950       529050
    33  0 1  94.92  5262.50 1   0.0 -39.1     17830100   0   1950       568950
    34  0 1  94.92  5265.00 1   0.0 -40.9     18399850   0   2000       569750
    35  0 1  94.92  5236.25 1   0.0 -44.4     19543300   0   2000      1143450
    36  0 1  94.92  5242.50 1   0.0 -46.6     20114650   0   2000       571350
    37  0 1  94.92  5237.50 1   0.0 -48.4     20556050   0   2000       441400
    38  0 1  94.92  5247.50 1   0.0 -50.6     20997450   0   1950       441400
    39  0 1  94.92  5267.50 1   0.0 -53.1     21436250   0   2000       438800
    40  0 1  94.92  5250.00 1   0.0 -55.3     21874950   0   1950       438700
    41  0 1  94.92  5236.25 1   0.0 -57.5     22315550   0   1950       440600
    42  0 1  94.92  5245.00 1   0.0 -60.0     22787250   0   1950       471700
    43  0 1  94.92  5253.75 1   0.0 -62.5     23259400   0   1950       472150
    44  0 1  94.92  5246.25 1   0.0 -67.5     24199300   0   1950       939900
