    NO  S V  AOA    FREQ    B  FMOP  AMP      TOA      PMOP  PW         dTOA  
------ -- - ------ -------- - ----- ----- ------------ --- ------ ------------
     0  0 1  94.92  5270.00 1   0.0 -70.0            0   0   2000  42949673000
     1  0 1  94.92  5233.75 1   0.0 -67.5       530550   0   1950       530550
     2  0 1  94.92  5247.50 1   0.0 -62.5      1591250   0   2000      1060700
     3  0 1  94.92  5267.50 1   0.0 -60.0      2122750   0   2000       531500
     4  0 1  94.92  5263.75 1   0.0 -57.5      2653650   0   1950       530900
     5  0 1  94.92  5250.00 1   0.0 -55.3      3224000   0   2000       570350
     6  0 1  94.92  5245.00 1   0.0 -53.1      3791550   0   2000       567550
     7  0 1  94.92  5235.00 1   0.0 -50.6      4361000   0   1950       569450
     8  0 1  94.92  5265.00 1   0.0 -48.4      4932400   0   1950       571400
     9  0 1  94.92  5246.25 1   0.0 -46.6      5504250   0   1950       571850
    10  0 1  94.92  5268.75 1   0.0 -44.4      5942000   0   1950       437750
    11  0 1  94.92  5258.75 1   0.0 -40.9      6821600   0   2000       879600
    12  0 1  94.92  5235.00 1   0.0 -39.1      7264050   0   1950       442450
    13  0 1  94.92  5260.00 1   0.0 -37.5      7703300   0   1950       439250
    14  0 1  94.92  5237.50 1   0.0 -36.3      8175750   0   1950       472450
    15  0 1  94.92  5257.50 1   0.0 -35.0      8643950   0   1950       468200
    16  0 1  94.92  5230.00 1   0.0 -33.8      9112800   0   1950       468850
    17  0 1  94.92  5256.25 1   0.0 -32.8      9585200   0   1950       472400
    18  0 1  94.92  5232.50 1   0.0 -31.9     10055300   0   1950       470100
    19  0 1  94.92  5237.50 1   0.0 -31.3     10587450   0   1950       532150
    20  0 1  94.92  5236.25 1   0.0 -30.3     11649100   0   1950      1061650
    21  0 1  94.92  5250.00 1   0.0 -30.0     12177850   0   2000       528750
    22  0 1  94.92  5260.00 1   0.0 -30.0     12707500   0   1950       529650
    23  0 1  94.92  5240.00 1   0.0 -30.0     13277300   0   1950       569800
    24  0 1  94.92  5265.00 1   0.0 -30.3     13845800   0   1950       568500
    25  0 1  94.92  5247.50 1   0.0 -30.6     14414550   0   1950       568750
    26  0 1  94.92  5267.50 1   0.0 -31.3     14985750   0   1950       571200
    27  0 1  94.92  5245.00 1   0.0 -31.9     15555050   0   2000       569300
    28  0 1  94.92  5256.25 1   0.0 -32.8     15994150   0   2000       439100
    29  0 1  94.92  5245.00 1   0.0 -35.0     16870300   0   1950       876150
    30  0 1  94.92  5236.25 1   0.0 -36.3     17310850   0   2000       440550
    31  0 1  94.92  5248.75 1   0.0 -37.5     17749000   0   1950       438150
    32  0 1  94.92  5261.25 1   0.0 -39.1     18217900   0   2000       468900
    33  0 1  94.92  5240.00 1   0.0 -40.9     18686550   0   2000       468650
    34  0 1  94.92  5261.25 1   0.0 -42.5     19155600   0   1950       469050
    35  0 1  94.92  5235.00 1   0.0 -44.4     19627200   0   1950       471600
    36  0 1  94.92  5256.25 1   0.0 -46.6     20097550   0   1950       470350
    37  0 1  94.92  5247.50 1   0.0 -48.4     20628700   0   2000       531150
    38  0 1  94.92  5240.00 1   0.0 -53.1     21689650   0   1950      1060950
    39  0 1  94.92  5246.25 1   0.0 -55.3     22218350   0   2000       528700
    40  0 1  94.92  5253.75 1   0.0 -57.5     22749500   0   2000       531150
    41  0 1  94.92  5230.00 1   0.0 -60.0     23319900   0   2000       570400
    42  0 1  94.92  5243.75 1   0.0 -62.5     23890900   0   2000       571000
    43  0 1  94.92  5266.25 1   0.0 -65.0     24461350   0   2000       570450
    44  0 1  94.92  5250.00 1   0.0 -67.5     25029750   0   2000       568400
