    NO  S V  AOA    FREQ    B  FMOP  AMP      TOA      PMOP  PW         dTOA  
------ -- - ------ -------- - ----- ----- ------------ --- ------ ------------
     0  0 1  94.92  5248.75 1   0.0 -70.0            0   0   2000  42949673000
     1  0 1  94.92  5260.00 1   0.0 -67.5       467850   0   2000       467850
     2  0 1  94.92  5245.00 1   0.0 -65.0       938250   0   1950       470400
     3  0 1  94.92  5235.00 1   0.0 -62.5      1408650   0   2000       470400
     4  0 1  94.92  5230.00 1   0.0 -60.0      1877500   0   2000       468850
     5  0 1  94.92  5256.25 1   0.0 -57.5      2347750   0   2000       470250
     6  0 1  94.92  5253.75 1   0.0 -55.3      2878900   0   1950       531150
     7  0 1  94.92  5242.50 1   0.0 -53.1      3409400   0   1950       530500
     8  0 1  94.92  5235.00 1   0.0 -50.6      3939200   0   1950       529800
     9  0 1  94.92  5257.50 1   0.0 -46.6      4997550   0   2000      1058350
    10  0 1  94.92  5258.75 1   0.0 -44.4      5568100   0   1950       570550
    11  0 1  94.92  5255.00 1   0.0 -42.5      6137800   0   2000       569700
    12  0 1  94.92  5252.50 1   0.0 -40.9      6707450   0   1950       569650
    13  0 1  94.92  5265.00 1   0.0 -39.1      7279300   0   2000       571850
    14  0 1  94.92  5260.00 1   0.0 -37.5      7847850   0   2000       568550
    15  0 1  94.92  5240.00 1   0.0 -36.3      8289850   0   2000       442000
    16  0 1  94.92  5231.25 1   0.0 -35.0      8730600   0   1950       440750
    17  0 1  94.92  5236.25 1   0.0 -33.8      9169900   0   1950       439300
    18  0 1  94.92  5255.00 1   0.0 -31.9     10051850   0   1950       881950
    19  0 1  94.92  5262.50 1   0.0 -31.3     10524300   0   2000       472450
    20  0 1  94.92  5260.00 1   0.0 -30.6     10994150   0   2000       469850
    21  0 1  94.92  5237.50 1   0.0 -30.3     11462100   0   1950       467950
    22  0 1  94.92  5260.00 1   0.0 -30.0     11932700   0   1950       470600
    23  0 1  94.92  5263.75 1   0.0 -30.0     12403250   0   2000       470550
    24  0 1  94.92  5252.50 1   0.0 -30.0     12930950   0   2000       527700
    25  0 1  94.92  5230.00 1   0.0 -30.3     13459400   0   1950       528450
    26  0 1  94.92  5241.25 1   0.0 -30.6     13990150   0   1950       530750
    27  0 1  94.92  5230.00 1   0.0 -31.9     15050650   0   2000      1060500
    28  0 1  94.92  5233.75 1   0.0 -32.8     15618550   0   1950       567900
    29  0 1  94.92  5260.00 1   0.0 -33.8     16189300   0   2000       570750
    30  0 1  94.92  5260.00 1   0.0 -35.0     16760500   0   2000       571200
    31  0 1  94.92  5255.00 1   0.0 -36.3     17328700   0   1950       568200
    32  0 1  94.92  5246.25 1   0.0 -37.5     17899900   0   2000       571200
    33  0 1  94.92  5245.00 1   0.0 -39.1     18337900   0   1950       438000
    34  0 1  94.92  5242.50 1   0.0 -40.9     18778950   0   2000       441050
    35  0 1  94.92  5235.00 1   0.0 -42.5     19218250   0   1950       439300
    36  0 1  94.92  5235.00 1   0.0 -46.6     20096350   0   1950       878100
    37  0 1  94.92  5260.00 1   0.0 -48.4     20564400   0   1950       468050
    38  0 1  94.92  5255.00 1   0.0 -50.6     21032150   0   1950       467750
    39  0 1  94.92  5235.00 1   0.0 -53.1     21501850   0   1950       469700
    40  0 1  94.92  5231.25 1   0.0 -55.3     21971250   0   2000       469400
    41  0 1  94.92  5270.00 1   0.0 -57.5     22438850   0   2000       467600
    42  0 1  94.92  5248.75 1   0.0 -60.0     22967000   0   2000       528150
    43  0 1  94.92  5267.50 1   0.0 -62.5     23497200   0   2000       530200
    44  0 1  94.92  5250.00 1   0.0 -65.0     24025450   0   1950       528250
