    NO  S V  AOA    FREQ    B  FMOP  AMP      TOA      PMOP  PW         dTOA  
------ -- - ------ -------- - ----- ----- ------------ --- ------ ------------
     0  0 1  94.92  5266.25 1   0.0 -70.0            0   0   2000  42949673000
     1  0 1  94.92  5230.00 1   0.0 -67.5       528350   0   2000       528350
     2  0 1  94.92  5238.75 1   0.0 -65.0      1058500   0   2000       530150
     3  0 1  94.92  5232.50 1   0.0 -62.5      1590300   0   1950       531800
     4  0 1  94.92  5245.00 1   0.0 -60.0      2119400   0   1950       529100
     5  0 1  94.92  5245.00 1   0.0 -55.3      3218900   0   1950      1099500
     6  0 1  94.92  5241.25 1   0.0 -53.1      3790400   0   2000       571500
     7  0 1  94.92  5257.50 1   0.0 -50.6      4359200   0   2000       568800
     8  0 1  94.92  5232.50 1   0.0 -48.4      4929950   0   2000       570750
     9  0 1  94.92  5233.75 1   0.0 -46.6      5501700   0   1950       571750
    10  0 1  94.92  5261.25 1   0.0 -44.4      5939900   0   2000       438200
    11  0 1  94.92  5236.25 1   0.0 -42.5      6379700   0   2000       439800
    12  0 1  94.92  5251.25 1   0.0 -40.9      6821550   0   1950       441850
    13  0 1  94.92  5262.50 1   0.0 -39.1      7260150   0   2000       438600
    14  0 1  94.92  5237.50 1   0.0 -36.3      8171600   0   1950       911450
    15  0 1  94.92  5268.75 1   0.0 -35.0      8642000   0   2000       470400
    16  0 1  94.92  5237.50 1   0.0 -33.8      9112850   0   2000       470850
    17  0 1  94.92  5260.00 1   0.0 -32.8      9584550   0   2000       471700
    18  0 1  94.92  5265.00 1   0.0 -31.9     10052400   0   2000       467850
    19  0 1  94.92  5251.25 1   0.0 -31.3     10581250   0   2000       528850
    20  0 1  94.92  5267.50 1   0.0 -30.6     11109700   0   2000       528450
    21  0 1  94.92  5236.25 1   0.0 -30.3     11639950   0   2000       530250
    22  0 1  94.92  5235.00 1   0.0 -30.0     12170550   0   2000       530600
    23  0 1  94.92  5238.75 1   0.0 -30.0     13272350   0   2000      1101800
    24  0 1  94.92  5241.25 1   0.0 -30.3     13841100   0   2000       568750
    25  0 1  94.92  5253.75 1   0.0 -30.6     14413150   0   1950       572050
    26  0 1  94.92  5267.50 1   0.0 -31.3     14983600   0   1950       570450
    27  0 1  94.92  5230.00 1   0.0 -31.9     15555200   0   2000       571600
    28  0 1  94.92  5266.25 1   0.0 -32.8     15995450   0   2000       440250
    29  0 1  94.92  5240.00 1   0.0 -33.8     16433900   0   2000       438450
    30  0 1  94.92  5245.00 1   0.0 -35.0     16873450   0   1950       439550
    31  0 1  94.92  5260.00 1   0.0 -36.3     17315650   0   1950       442200
    32  0 1  94.92  5246.25 1   0.0 -39.1     18227550   0   2000       911900
    33  0 1  94.92  5265.00 1   0.0 -40.9     18699050   0   1950       471500
    34  0 1  94.92  5255.00 1   0.0 -42.5     19166650   0   2000       467600
    35  0 1  94.92  5267.50 1   0.0 -44.4     19636250   0   2000       469600
    36  0 1  94.92  5237.50 1   0.0 -46.6     20107300   0   2000       471050
    37  0 1  94.92  5250.00 1   0.0 -48.4     20635900   0   1950       528600
    38  0 1  94.92  5246.25 1   0.0 -50.6     21165750   0   2000       529850
    39  0 1  94.92  5260.00 1   0.0 -53.1     21695700   0   1950       529950
    40  0 1  94.92  5231.25 1   0.0 -55.3     22226300   0   1950       530600
    41  0 1  94.92  5250.00 1   0.0 -60.0     23329100   0   1950      1102800
    42  0 1  94.92  5252.50 1   0.0 -62.5     23900150   0   1950       571050
    43  0 1  94.92  5257.50 1   0.0 -65.0     24468200   0   2000       568050
    44  0 1  94.92  5257.50 1   0.0 -67.5     25035700   0   2000       567500
