    NO  S V  AOA    FREQ    B  FMOP  AMP      TOA      PMOP  PW         dTOA  
------ -- - ------ -------- - ----- ----- ------------ --- ------ ------------
     0  0 1   9.84  5247.50 1   0.0 -70.0            0   0   1950  42949673000
     1  0 1   9.84  5262.50 1   0.0 -65.9       521800   0   1950       521800
     2  0 1   9.84  5268.75 1   0.0 -61.6      1054200   0   1950       532400
     3  0 1   9.84  5235.00 1   0.0 -57.5      1506050   0   2000       451850
     4  0 1   9.84  5246.25 1   0.0 -53.8      2014050   0   2000       508000
     5  0 1   9.84  5258.75 1   0.0 -50.0      2507450   0   1950       493400
     6  0 1   9.84  5237.50 1   0.0 -43.1      3518050   0   2000      1010600
     7  0 1   9.84  5233.75 1   0.0 -40.3      3985650   0   2000       467600
     8  0 1   9.84  5235.00 1   0.0 -37.5      4473200   0   2000       487550
     9  0 1   9.84  5260.00 1   0.0 -35.3      4980800   0   1950       507600
    10  0 1   9.84  5255.00 1   0.0 -33.4      5442850   0   2000       462050
    11  0 1   9.84  5257.50 1   0.0 -31.9      5914850   0   1950       472000
    12  0 1   9.84  5257.50 1   0.0 -30.9      6404900   0   2000       490050
    13  0 1   9.84  5235.00 1   0.0 -30.3      6868300   0   1950       463400
    14  0 1   9.84  5270.00 1   0.0 -30.0      7392800   0   2000       524500
    15  0 1   9.84  5238.75 1   0.0 -30.9      8368000   0   2000       975200
    16  0 1   9.84  5233.75 1   0.0 -31.9      8848150   0   1950       480150
    17  0 1   9.84  5265.00 1   0.0 -33.4      9306850   0   1950       458700
    18  0 1   9.84  5266.25 1   0.0 -35.3      9805500   0   2000       498650
    19  0 1   9.84  5265.00 1   0.0 -37.5     10281850   0   2000       476350
    20  0 1   9.84  5246.25 1   0.0 -40.3     10803800   0   2000       521950
    21  0 1   9.84  5246.25 1   0.0 -43.1     11268900   0   2000       465100
    22  0 1   9.84  5260.00 1   0.0 -46.6     11758550   0   1950       489650
    23  0 1   9.84  5245.00 1   0.0 -50.0     12266650   0   2000       508100
    24  0 1   9.84  5231.25 1   0.0 -57.5     13288300   0   1950      1021650
    25  0 1   9.84  5255.00 1   0.0 -61.6     13819350   0   1950       531050
    26  0 1   9.84  5250.00 1   0.0 -65.9     14343750   0   2000       524400
