    NO  S V  AOA    FREQ    B  FMOP  AMP      TOA      PMOP  PW         dTOA  
------ -- - ------ -------- - ----- ----- ------------ --- ------ ------------
     0  0 1  95.27  9983.50 2   0.0 -70.0            0   0   1250  42949673000
     1  0 1  94.22 10024.00 2   0.0 -67.5       942800   0   1450       942800
     2  0 1  94.57 10084.00 2   0.0 -65.0      1866900   0   1150       924100
     3  0 1  94.22  9982.00 2   0.0 -62.5      2809000   0   1400       942100
     4  0 1  95.62 10075.00 2   0.0 -60.0      3768950   0   1550       959950
     5  0 1  94.92  9964.00 2   0.0 -55.3      5970750   0   1550      2201800
     6  0 1  95.27  9953.50 2   0.0 -53.1      6833800   0   1350       863050
     7  0 1  94.57  9938.50 2   0.0 -50.6      7878400   0   1250      1044600
     8  0 1  95.62 10006.00 2   0.0 -48.4      8896100   0   1200      1017700
     9  0 1  94.92  9946.00 2   0.0 -46.6      9978600   0   1400      1082500
    10  0 1  94.22  9988.00 2   0.0 -44.4     11068200   0   1450      1089600
    11  0 1  94.57  9964.00 2   0.0 -42.5     12072450   0   1250      1004250
    12  0 1  95.62 10061.50 2   0.0 -40.9     12945050   0   1250       872600
    13  0 1  95.27  9991.00 2   0.0 -39.1     13848550   0   1200       903500
    14  0 1  94.22 10024.00 2   0.0 -36.3     15928450   0   1350      2079900
    15  0 1  95.62 10054.00 2   0.0 -35.0     16964650   0   1400      1036200
    16  0 1  94.57  9958.00 2   0.0 -33.8     17926250   0   1600       961600
    17  0 1  94.22  9961.00 2   0.0 -32.8     18933150   0   1350      1006900
    18  0 1  94.92 10052.50 2   0.0 -31.9     19884300   0   1600       951150
    19  0 1  94.57  9937.00 2   0.0 -31.3     20809000   0   1300       924700
    20  0 1  94.57 10048.00 2   0.0 -30.6     21659650   0   1200       850650
    21  0 1  95.27  9940.00 2   0.0 -30.3     22628100   0   1350       968450
    22  0 1  95.62 10036.00 2   0.0 -30.0     23532250   0   1300       904150
    23  0 1  95.27 10018.00 2   0.0 -30.0     25681500   0   1250      2149250
    24  0 1  94.57 10042.00 2   0.0 -30.3     26828400   0   1500      1146900
    25  0 1  95.27  9985.00 2   0.0 -30.6     27759000   0   1150       930600
    26  0 1  94.22 10003.00 2   0.0 -31.3     28873650   0   1250      1114650
    27  0 1  94.22 10022.50 2   0.0 -31.9     30008050   0   1300      1134400
    28  0 1  95.27  9934.00 2   0.0 -32.8     31057950   0   1450      1049900
    29  0 1  94.22  9980.50 2   0.0 -33.8     32189050   0   1150      1131100
    30  0 1  94.22  9980.50 2   0.0 -35.0     33239850   0   1600      1050800
    31  0 1  95.27  9946.00 2   0.0 -36.3     34326500   0   1550      1086650
    32  0 1  95.62 10088.50 2   0.0 -39.1     36422100   0   1350      2095600
    33  0 1  95.27 10076.50 2   0.0 -40.9     37478150   0   1600      1056050
    34  0 1  94.22  9994.00 2   0.0 -42.5     38411850   0   1550       933700
    35  0 1  94.22 10075.00 2   0.0 -44.4     39543700   0   1550      1131850
    36  0 1  94.22  9949.00 2   0.0 -46.6     40482200   0   1250       938500
    37  0 1  94.92  9910.00 2   0.0 -48.4     41488550   0   1200      1006350
    38  0 1  94.57 10064.50 2   0.0 -50.6     42463200   0   1200       974650
    39  0 1  94.22 10069.00 2   0.0 -53.1     43319100   0   1250       855900
    40  0 1  95.27 10006.00 2   0.0 -55.3     44281750   0   1250       962650
    41  0 1  95.27  9937.00 2   0.0 -60.0     46231050   0   1350      1949300
    42  0 1  95.27  9943.00 2   0.0 -62.5     47171200   0   1500       940150
    43  0 1  94.57  9976.00 2   0.0 -65.0     48193200   0   1500      1022000
    44  0 1  94.22  9931.00 2   0.0 -67.5     49055900   0   1250       862700
