    NO  S V  AOA    FREQ    B  FMOP  AMP      TOA      PMOP  PW         dTOA  
------ -- - ------ -------- - ----- ----- ------------ --- ------ ------------
     0  0 1  94.22  9994.00 2   0.0 -70.0            0   0   1200  42949673000
     1  0 1  94.92 10060.00 2   0.0 -67.5       870500   0   1300       870500
     2  0 1  94.22 10052.50 2   0.0 -62.5      3010350   0   1450      2139850
     3  0 1  94.92  9958.00 2   0.0 -60.0      3874450   0   1450       864100
     4  0 1  94.57  9929.50 2   0.0 -57.5      4829250   0   1500       954800
     5  0 1  94.22 10042.00 2   0.0 -55.3      5920050   0   1400      1090800
     6  0 1  95.62 10081.00 2   0.0 -53.1      6994350   0   1350      1074300
     7  0 1  94.92 10030.00 2   0.0 -50.6      8071200   0   1600      1076850
     8  0 1  95.27  9994.00 2   0.0 -48.4      8948550   0   1400       877350
     9  0 1  94.57  9965.50 2   0.0 -46.6      9881100   0   1350       932550
    10  0 1  95.62  9941.50 2   0.0 -44.4     10811300   0   1500       930200
    11  0 1  94.22  9913.00 2   0.0 -40.9     12634950   0   1200      1823650
    12  0 1  95.27  9910.00 2   0.0 -39.1     13758500   0   1150      1123550
    13  0 1  94.57 10015.00 2   0.0 -37.5     14893900   0   1200      1135400
    14  0 1  94.57 10075.00 2   0.0 -36.3     15940000   0   1400      1046100
    15  0 1  94.92  9976.00 2   0.0 -35.0     17014700   0   1150      1074700
    16  0 1  94.22  9947.50 2   0.0 -33.8     18117050   0   1450      1102350
    17  0 1  95.62 10021.00 2   0.0 -32.8     18985200   0   1400       868150
    18  0 1  95.62 10055.50 2   0.0 -31.9     19902850   0   1300       917650
    19  0 1  95.62 10006.00 2   0.0 -31.3     20791500   0   1550       888650
    20  0 1  95.27 10066.00 2   0.0 -30.3     22840450   0   1550      2048950
    21  0 1  95.27  9952.00 2   0.0 -30.0     23944850   0   1200      1104400
    22  0 1  95.62 10033.00 2   0.0 -30.0     24893200   0   1400       948350
    23  0 1  95.62 10054.00 2   0.0 -30.0     25932500   0   1150      1039300
    24  0 1  94.57 10070.50 2   0.0 -30.3     26814900   0   1400       882400
    25  0 1  94.22  9959.50 2   0.0 -30.6     27673300   0   1300       858400
    26  0 1  95.27 10024.00 2   0.0 -31.3     28692150   0   1550      1018850
    27  0 1  95.62  9952.00 2   0.0 -31.9     29825050   0   1450      1132900
    28  0 1  94.57  9934.00 2   0.0 -32.8     30741300   0   1350       916250
    29  0 1  94.22 10090.00 2   0.0 -35.0     32571000   0   1250      1829700
    30  0 1  94.92  9926.50 2   0.0 -36.3     33591800   0   1400      1020800
    31  0 1  95.27 10004.50 2   0.0 -37.5     34729950   0   1400      1138150
    32  0 1  94.92  9934.00 2   0.0 -39.1     35747750   0   1600      1017800
    33  0 1  94.57  9946.00 2   0.0 -40.9     36894500   0   1350      1146750
    34  0 1  94.57 10049.50 2   0.0 -42.5     37951500   0   1200      1057000
    35  0 1  94.57 10060.00 2   0.0 -44.4     38813000   0   1350       861500
    36  0 1  95.62 10046.50 2   0.0 -46.6     39808450   0   1200       995450
    37  0 1  94.57  9977.50 2   0.0 -48.4     40930750   0   1150      1122300
    38  0 1  95.62 10069.00 2   0.0 -53.1     42938100   0   1450      2007350
    39  0 1  95.27  9913.00 2   0.0 -55.3     43842900   0   1300       904800
    40  0 1  95.27  9991.00 2   0.0 -57.5     44710800   0   1250       867900
    41  0 1  94.57  9985.00 2   0.0 -60.0     45656850   0   1300       946050
    42  0 1  95.62  9940.00 2   0.0 -62.5     46588450   0   1200       931600
    43  0 1  95.27 10022.50 2   0.0 -65.0     47439350   0   1450       850900
    44  0 1  94.92 10060.00 2   0.0 -67.5     48415000   0   1400       975650
