    NO  S V  AOA    FREQ    B  FMOP  AMP      TOA      PMOP  PW         dTOA  
------ -- - ------ -------- - ----- ----- ------------ --- ------ ------------
     0  0 1  95.27 10000.00 2   0.0 -70.0            0   0   1500  42949673000
     1  0 1  94.92 10072.00 2   0.0 -67.5      1057550   0   1550      1057550
     2  0 1  94.57  9982.00 2   0.0 -65.0      1908500   0   1300       850950
     3  0 1  95.62  9964.00 2   0.0 -60.0      3810950   0   1250      1902450
     4  0 1  95.62  9943.00 2   0.0 -57.5      4694350   0   1450       883400
     5  0 1  95.62  9980.50 2   0.0 -55.3      5593450   0   1550       899100
     6  0 1  94.92 10084.00 2   0.0 -53.1      6465700   0   1450       872250
     7  0 1  94.92 10031.50 2   0.0 -50.6      7475300   0   1350      1009600
     8  0 1  94.57  9967.00 2   0.0 -48.4      8362650   0   1450       887350
     9  0 1  94.22 10007.50 2   0.0 -46.6      9349000   0   1150       986350
    10  0 1  94.22 10087.00 2   0.0 -44.4     10345700   0   1500       996700
    11  0 1  95.27 10004.50 2   0.0 -42.5     11424100   0   1450      1078400
    12  0 1  95.62 10036.00 2   0.0 -39.1     13306850   0   1400      1882750
    13  0 1  95.62 10084.00 2   0.0 -37.5     14262800   0   1400       955950
    14  0 1  95.27  9997.00 2   0.0 -36.3     15373650   0   1500      1110850
    15  0 1  94.22 10000.00 2   0.0 -35.0     16519600   0   1300      1145950
    16  0 1  94.57  9992.50 2   0.0 -33.8     17484400   0   1400       964800
    17  0 1  95.62  9922.00 2   0.0 -32.8     18471700   0   1450       987300
    18  0 1  94.22  9935.50 2   0.0 -31.9     19598450   0   1150      1126750
    19  0 1  95.62  9976.00 2   0.0 -31.3     20466350   0   1200       867900
    20  0 1  94.57  9958.00 2   0.0 -30.6     21541650   0   1500      1075300
    21  0 1  94.22 10075.00 2   0.0 -30.0     23752600   0   1250      2210950
    22  0 1  94.22  9976.00 2   0.0 -30.0     24768150   0   1550      1015550
    23  0 1  94.92 10087.00 2   0.0 -30.0     25774000   0   1400      1005850
    24  0 1  94.22 10040.50 2   0.0 -30.3     26698250   0   1550       924250
    25  0 1  94.92  9997.00 2   0.0 -30.6     27744600   0   1600      1046350
    26  0 1  95.62  9914.50 2   0.0 -31.3     28640200   0   1150       895600
    27  0 1  94.57  9968.50 2   0.0 -31.9     29496400   0   1250       856200
    28  0 1  94.92 10006.00 2   0.0 -32.8     30368850   0   1450       872450
    29  0 1  94.92  9973.00 2   0.0 -33.8     31375850   0   1150      1007000
    30  0 1  94.92  9989.50 2   0.0 -36.3     33594250   0   1250      2218400
    31  0 1  94.92 10006.00 2   0.0 -37.5     34563100   0   1300       968850
    32  0 1  94.92 10048.00 2   0.0 -39.1     35426050   0   1450       862950
    33  0 1  95.62 10028.50 2   0.0 -40.9     36496600   0   1550      1070550
    34  0 1  95.27  9973.00 2   0.0 -42.5     37615950   0   1150      1119350
    35  0 1  94.57  9989.50 2   0.0 -44.4     38504050   0   1200       888100
    36  0 1  95.27 10033.00 2   0.0 -46.6     39376900   0   1400       872850
    37  0 1  95.62 10022.50 2   0.0 -48.4     40442800   0   1300      1065900
    38  0 1  95.62  9946.00 2   0.0 -50.6     41443850   0   1300      1001050
    39  0 1  94.92  9970.00 2   0.0 -55.3     43442250   0   1150      1998400
    40  0 1  94.57 10048.00 2   0.0 -57.5     44369350   0   1300       927100
    41  0 1  95.62  9952.00 2   0.0 -60.0     45486600   0   1450      1117250
    42  0 1  95.62 10018.00 2   0.0 -62.5     46477500   0   1600       990900
    43  0 1  94.57 10007.50 2   0.0 -65.0     47499400   0   1550      1021900
    44  0 1  94.22 10024.00 2   0.0 -67.5     48590150   0   1400      1090750
