    NO  S V  AOA    FREQ    B  FMOP  AMP      TOA      PMOP  PW         dTOA  
------ -- - ------ -------- - ----- ----- ------------ --- ------ ------------
     0  0 1  94.92 10052.50 2   0.0 -70.0            0   0   1200  42949673000
     1  0 1  94.57  9949.00 2   0.0 -67.5       984150   0   1500       984150
     2  0 1  95.27 10037.50 2   0.0 -65.0      1868650   0   1400       884500
     3  0 1  95.27  9950.50 2   0.0 -62.5      2792300   0   1150       923650
     4  0 1  95.62  9961.00 2   0.0 -60.0      3673200   0   1150       880900
     5  0 1  94.57 10015.00 2   0.0 -57.5      4769200   0   1250      1096000
     6  0 1  95.62 10003.00 2   0.0 -55.3      5813250   0   1600      1044050
     7  0 1  94.92 10018.00 2   0.0 -53.1      6718750   0   1250       905500
     8  0 1  94.92  9982.00 2   0.0 -48.4      8611700   0   1400      1892950
     9  0 1  95.27  9929.50 2   0.0 -46.6      9479400   0   1450       867700
    10  0 1  95.27 10000.00 2   0.0 -44.4     10598550   0   1400      1119150
    11  0 1  94.57  9985.00 2   0.0 -42.5     11668800   0   1350      1070250
    12  0 1  94.22  9958.00 2   0.0 -40.9     12681700   0   1500      1012900
    13  0 1  94.92  9977.50 2   0.0 -39.1     13619950   0   1150       938250
    14  0 1  94.92 10078.00 2   0.0 -37.5     14481850   0   1600       861900
    15  0 1  94.92 10054.00 2   0.0 -36.3     15352650   0   1500       870800
    16  0 1  94.22  9974.50 2   0.0 -35.0     16496850   0   1150      1144200
    17  0 1  95.27  9928.00 2   0.0 -32.8     18391150   0   1300      1894300
    18  0 1  94.57 10081.00 2   0.0 -31.9     19416650   0   1150      1025500
    19  0 1  94.57  9961.00 2   0.0 -31.3     20465000   0   1450      1048350
    20  0 1  94.92  9919.00 2   0.0 -30.6     21408350   0   1400       943350
    21  0 1  94.57 10045.00 2   0.0 -30.3     22290150   0   1300       881800
    22  0 1  94.92 10012.00 2   0.0 -30.0     23256050   0   1450       965900
    23  0 1  95.27  9919.00 2   0.0 -30.0     24249150   0   1500       993100
    24  0 1  94.57 10061.50 2   0.0 -30.0     25357200   0   1200      1108050
    25  0 1  94.22 10024.00 2   0.0 -30.3     26297650   0   1200       940450
    26  0 1  94.57 10043.50 2   0.0 -31.3     28327200   0   1250      2029550
    27  0 1  95.27 10003.00 2   0.0 -31.9     29180900   0   1200       853700
    28  0 1  95.27  9970.00 2   0.0 -32.8     30275700   0   1500      1094800
    29  0 1  94.92 10069.00 2   0.0 -33.8     31413350   0   1400      1137650
    30  0 1  95.62  9922.00 2   0.0 -35.0     32384000   0   1200       970650
    31  0 1  95.27 10066.00 2   0.0 -36.3     33288450   0   1350       904450
    32  0 1  95.27  9955.00 2   0.0 -37.5     34391150   0   1400      1102700
    33  0 1  94.57 10033.00 2   0.0 -39.1     35267800   0   1600       876650
    34  0 1  95.62  9946.00 2   0.0 -40.9     36395250   0   1250      1127450
    35  0 1  94.57  9911.50 2   0.0 -44.4     38510700   0   1400      2115450
    36  0 1  94.92  9938.50 2   0.0 -46.6     39646400   0   1150      1135700
    37  0 1  94.57  9920.50 2   0.0 -48.4     40631500   0   1350       985100
    38  0 1  94.22  9922.00 2   0.0 -50.6     41599050   0   1500       967550
    39  0 1  95.62 10081.00 2   0.0 -53.1     42532100   0   1350       933050
    40  0 1  94.22  9955.00 2   0.0 -55.3     43597700   0   1300      1065600
    41  0 1  95.62 10042.00 2   0.0 -57.5     44506400   0   1500       908700
    42  0 1  94.22  9932.50 2   0.0 -60.0     45582000   0   1350      1075600
    43  0 1  95.27 10042.00 2   0.0 -62.5     46480300   0   1550       898300
    44  0 1  94.57  9914.50 2   0.0 -67.5     48532900   0   1200      2052600
