    NO  S V  AOA    FREQ    B  FMOP  AMP      TOA      PMOP  PW         dTOA  
------ -- - ------ -------- - ----- ----- ------------ --- ------ ------------
     0  0 1  94.57 10058.50 2   0.0 -70.0            0   0   1450  42949673000
     1  0 1  95.62 10072.00 2   0.0 -67.5      1060500   0   1250      1060500
     2  0 1  94.57  9976.00 2   0.0 -62.5      3079800   0   1300      2019300
     3  0 1  94.22 10039.00 2   0.0 -60.0      3978950   0   1600       899150
     4  0 1  94.57  9940.00 2   0.0 -57.5      4950750   0   1150       971800
     5  0 1  94.22  9961.00 2   0.0 -55.3      5868650   0   1200       917900
     6  0 1  94.57 10052.50 2   0.0 -53.1      6974850   0   1550      1106200
     7  0 1  95.27 10001.50 2   0.0 -50.6      7858550   0   1200       883700
     8  0 1  94.92 10081.00 2   0.0 -48.4      8865900   0   1550      1007350
     9  0 1  95.62 10033.00 2   0.0 -46.6     10004150   0   1550      1138250
    10  0 1  94.57 10030.00 2   0.0 -44.4     11141450   0   1550      1137300
    11  0 1  95.62  9982.00 2   0.0 -40.9     13043200   0   1600      1901750
    12  0 1  94.22 10066.00 2   0.0 -39.1     14150000   0   1600      1106800
    13  0 1  94.57  9931.00 2   0.0 -37.5     15282450   0   1450      1132450
    14  0 1  95.62  9973.00 2   0.0 -36.3     16322600   0   1150      1040150
    15  0 1  95.27 10001.50 2   0.0 -35.0     17176500   0   1250       853900
    16  0 1  94.92  9955.00 2   0.0 -33.8     18033650   0   1350       857150
    17  0 1  95.27 10027.00 2   0.0 -32.8     19024900   0   1450       991250
    18  0 1  94.57  9995.50 2   0.0 -31.9     20078100   0   1200      1053200
    19  0 1  94.22  9991.00 2   0.0 -31.3     20982800   0   1400       904700
    20  0 1  94.92 10078.00 2   0.0 -30.3     22912550   0   1450      1929750
    21  0 1  94.57  9943.00 2   0.0 -30.0     24033500   0   1200      1120950
    22  0 1  94.92 10037.50 2   0.0 -30.0     25098350   0   1600      1064850
    23  0 1  94.57 10054.00 2   0.0 -30.0     26030150   0   1350       931800
    24  0 1  94.22 10006.00 2   0.0 -30.3     27031700   0   1400      1001550
    25  0 1  94.57 10054.00 2   0.0 -30.6     28019150   0   1250       987450
    26  0 1  95.62  9935.50 2   0.0 -31.3     29039300   0   1200      1020150
    27  0 1  94.22 10018.00 2   0.0 -31.9     29918550   0   1550       879250
    28  0 1  95.62 10051.00 2   0.0 -32.8     30972250   0   1350      1053700
    29  0 1  95.62  9992.50 2   0.0 -35.0     32912800   0   1350      1940550
    30  0 1  94.22  9976.00 2   0.0 -36.3     33826950   0   1450       914150
    31  0 1  94.57  9964.00 2   0.0 -37.5     34916700   0   1550      1089750
    32  0 1  94.22 10043.50 2   0.0 -39.1     36028150   0   1300      1111450
    33  0 1  94.22 10055.50 2   0.0 -40.9     36941350   0   1250       913200
    34  0 1  95.62 10027.00 2   0.0 -42.5     37856000   0   1300       914650
    35  0 1  94.92  9991.00 2   0.0 -44.4     38888200   0   1450      1032200
    36  0 1  94.92 10031.50 2   0.0 -46.6     39807700   0   1450       919500
    37  0 1  95.27 10058.50 2   0.0 -48.4     40894300   0   1250      1086600
    38  0 1  95.62 10079.50 2   0.0 -53.1     42905450   0   1300      2011150
    39  0 1  94.92 10075.00 2   0.0 -55.3     44003800   0   1150      1098350
    40  0 1  95.62 10012.00 2   0.0 -57.5     45127050   0   1250      1123250
    41  0 1  95.62  9991.00 2   0.0 -60.0     46237050   0   1600      1110000
    42  0 1  94.92  9961.00 2   0.0 -62.5     47297900   0   1300      1060850
    43  0 1  95.27  9989.50 2   0.0 -65.0     48241450   0   1250       943550
    44  0 1  95.27  9952.00 2   0.0 -67.5     49104500   0   1200       863050
