    NO  S V  AOA    FREQ    B  FMOP  AMP      TOA      PMOP  PW         dTOA  
------ -- - ------ -------- - ----- ----- ------------ --- ------ ------------
     0  0 1  94.92 10006.00 2   0.0 -70.0            0   0   1000  42949673000
     1  0 1  93.87 10006.00 2   0.0 -67.5      1000250   0   1150      1000250
     2  0 1  94.92 10004.50 2   0.0 -65.0      2009750   0   1400      1009500
     3  0 1  95.27 10006.00 2   0.0 -62.5      3029750   0   1250      1020000
     4  0 1  95.27 10006.00 2   0.0 -57.5      5059550   0   1050      2029800
     5  0 1  94.92 10006.00 2   0.0 -55.3      6069500   0   1300      1009950
     6  0 1  94.22 10006.00 2   0.0 -53.1      7089200   0   1100      1019700
     7  0 1  95.98 10004.50 2   0.0 -50.6      8119550   0    950      1030350
     8  0 1  94.57 10006.00 2   0.0 -48.4      9119300   0   1000       999750
     9  0 1  93.52 10006.00 2   0.0 -46.6     10129200   0   1250      1009900
    10  0 1  94.22 10006.00 2   0.0 -44.4     11148700   0   1150      1019500
    11  0 1  94.92 10006.00 2   0.0 -42.5     12178600   0   1350      1029900
    12  0 1  95.27 10006.00 2   0.0 -40.9     13178350   0   1050       999750
    13  0 1  95.62 10006.00 2   0.0 -37.5     15208100   0    950      2029750
    14  0 1  93.52 10006.00 2   0.0 -36.3     16237650   0    950      1029550
    15  0 1  94.92 10006.00 2   0.0 -35.0     17237950   0   1100      1000300
    16  0 1  95.27 10004.50 2   0.0 -33.8     18248300   0    950      1010350
    17  0 1  93.52 10006.00 2   0.0 -32.8     19268000   0   1200      1019700
    18  0 1  94.92 10006.00 2   0.0 -31.9     20297850   0   1250      1029850
    19  0 1  93.52 10004.50 2   0.0 -31.3     21297750   0   1150       999900
    20  0 1  95.98 10006.00 2   0.0 -30.6     22308150   0    950      1010400
    21  0 1  93.52 10006.00 2   0.0 -30.3     23327800   0   1300      1019650
    22  0 1  94.92 10004.50 2   0.0 -30.0     25357450   0   1200      2029650
    23  0 1  93.87 10006.00 2   0.0 -30.0     26367150   0   1050      1009700
    24  0 1  95.98 10006.00 2   0.0 -30.3     27387250   0    950      1020100
    25  0 1  95.62 10006.00 2   0.0 -30.6     28417250   0   1150      1030000
    26  0 1  95.98 10006.00 2   0.0 -31.3     29417700   0   1050      1000450
    27  0 1  95.62 10004.50 2   0.0 -31.9     30427850   0   1200      1010150
    28  0 1  95.98 10004.50 2   0.0 -32.8     31447700   0   1300      1019850
    29  0 1  95.98 10004.50 2   0.0 -33.8     32477850   0   1350      1030150
    30  0 1  94.57 10004.50 2   0.0 -35.0     33477600   0   1100       999750
    31  0 1  93.52 10004.50 2   0.0 -37.5     35507550   0   1300      2029950
    32  0 1  94.22 10006.00 2   0.0 -39.1     36537650   0   1000      1030100
    33  0 1  94.22 10006.00 2   0.0 -40.9     37537500   0   1250       999850
    34  0 1  94.57 10006.00 2   0.0 -42.5     38547700   0   1350      1010200
    35  0 1  94.57 10006.00 2   0.0 -44.4     39567300   0   1250      1019600
    36  0 1  94.57 10006.00 2   0.0 -46.6     40597050   0   1000      1029750
    37  0 1  94.22 10004.50 2   0.0 -48.4     41597450   0   1000      1000400
    38  0 1  94.92 10006.00 2   0.0 -50.6     42607150   0    950      1009700
    39  0 1  94.22 10006.00 2   0.0 -53.1     43627400   0   1150      1020250
    40  0 1  95.98 10006.00 2   0.0 -57.5     45657750   0   1150      2030350
    41  0 1  94.57 10006.00 2   0.0 -60.0     46667650   0   1000      1009900
    42  0 1  95.27 10006.00 2   0.0 -62.5     47687900   0   1150      1020250
    43  0 1  95.62 10006.00 2   0.0 -65.0     48717400   0   1150      1029500
    44  0 1  93.87 10006.00 2   0.0 -67.5     49717750   0   1100      1000350
