    NO  S V  AOA    FREQ    B  FMOP  AMP      TOA      PMOP  PW         dTOA  
------ -- - ------ -------- - ----- ----- ------------ --- ------ ------------
     0  0 1  95.62 10058.50 2   0.0 -70.0            0   0   1400  42949673000
     1  0 1  94.22 10007.50 2   0.0 -67.5      1000050   0   1350      1000050
     2  0 1  94.22  9988.00 2   0.0 -65.0      2009600   0   1050      1009550
     3  0 1  94.57  9934.00 2   0.0 -62.5      3029400   0   1500      1019800
     4  0 1  95.62 10067.50 2   0.0 -60.0      4059000   0   1100      1029600
     5  0 1  94.22  9952.00 2   0.0 -55.3      6148850   0   1450      2089850
     6  0 1  94.92  9989.50 2   0.0 -53.1      7208350   0   1050      1059500
     7  0 1  95.62  9943.00 2   0.0 -50.6      8278200   0   1100      1069850
     8  0 1  94.92  9977.50 2   0.0 -48.4      9277750   0   1100       999550
     9  0 1  95.62  9943.00 2   0.0 -46.6     10287450   0   1500      1009700
    10  0 1  94.57  9982.00 2   0.0 -44.4     11307100   0   1050      1019650
    11  0 1  95.27  9922.00 2   0.0 -42.5     12337400   0   1250      1030300
    12  0 1  95.27  9959.50 2   0.0 -40.9     13377300   0   1100      1039900
    13  0 1  95.27  9943.00 2   0.0 -39.1     14426900   0   1450      1049600
    14  0 1  95.27  9965.50 2   0.0 -36.3     16557050   0   1500      2130150
    15  0 1  94.92 10051.00 2   0.0 -35.0     17557400   0   1100      1000350
    16  0 1  95.27 10042.00 2   0.0 -33.8     18567450   0   1450      1010050
    17  0 1  94.22  9958.00 2   0.0 -32.8     19587300   0   1150      1019850
    18  0 1  94.57 10057.00 2   0.0 -31.9     20617600   0   1450      1030300
    19  0 1  94.92  9979.00 2   0.0 -31.3     21657450   0   1500      1039850
    20  0 1  94.22  9970.00 2   0.0 -30.6     22707850   0   1500      1050400
    21  0 1  94.57 10016.50 2   0.0 -30.3     23767950   0   1200      1060100
    22  0 1  95.62 10072.00 2   0.0 -30.0     24837550   0   1400      1069600
    23  0 1  94.22 10072.00 2   0.0 -30.0     26847550   0   1250      2010000
    24  0 1  94.92 10072.00 2   0.0 -30.3     27867050   0   1150      1019500
    25  0 1  94.22 10021.00 2   0.0 -30.6     28896650   0   1450      1029600
    26  0 1  95.27  9955.00 2   0.0 -31.3     29936600   0   1400      1039950
    27  0 1  94.57 10076.50 2   0.0 -31.9     30986900   0   1050      1050300
    28  0 1  94.57  9934.00 2   0.0 -32.8     32046950   0   1500      1060050
    29  0 1  95.62  9928.00 2   0.0 -33.8     33116700   0   1300      1069750
    30  0 1  95.62 10013.50 2   0.0 -35.0     34116450   0   1450       999750
    31  0 1  94.22  9932.50 2   0.0 -36.3     35126750   0   1450      1010300
    32  0 1  94.57 10006.00 2   0.0 -39.1     37176900   0   1100      2050150
    33  0 1  95.27 10070.50 2   0.0 -40.9     38217100   0   1300      1040200
    34  0 1  95.62 10070.50 2   0.0 -42.5     39267300   0   1350      1050200
    35  0 1  94.22  9964.00 2   0.0 -44.4     40327350   0   1050      1060050
    36  0 1  95.27 10033.00 2   0.0 -46.6     41397300   0   1150      1069950
    37  0 1  95.62  9958.00 2   0.0 -48.4     42396950   0   1500       999650
    38  0 1  95.27 10057.00 2   0.0 -50.6     43406650   0   1450      1009700
    39  0 1  94.92  9968.50 2   0.0 -53.1     44426250   0   1050      1019600
    40  0 1  95.27 10021.00 2   0.0 -55.3     45455850   0   1450      1029600
    41  0 1  94.57 10003.00 2   0.0 -60.0     47545850   0   1050      2090000
    42  0 1  95.62  9997.00 2   0.0 -62.5     48606250   0   1400      1060400
    43  0 1  95.27 10030.00 2   0.0 -65.0     49676150   0   1400      1069900
    44  0 1  95.27 10021.00 2   0.0 -67.5     50675800   0   1150       999650
