    NO  S V  AOA    FREQ    B  FMOP  AMP      TOA      PMOP  PW         dTOA  
------ -- - ------ -------- - ----- ----- ------------ --- ------ ------------
     0  0 1  95.62  9952.00 2   0.0 -70.0            0   0   1100  42949673000
     1  0 1  95.62  9997.00 2   0.0 -67.5      1000200   0   1400      1000200
     2  0 1  94.22  9961.00 2   0.0 -65.0      2010100   0   1350      1009900
     3  0 1  94.22  9971.50 2   0.0 -62.5      3030450   0   1350      1020350
     4  0 1  94.57 10007.50 2   0.0 -60.0      4060050   0   1050      1029600
     5  0 1  94.57 10072.00 2   0.0 -57.5      5099800   0   1450      1039750
     6  0 1  95.62  9986.50 2   0.0 -55.3      6149500   0   1350      1049700
     7  0 1  95.27 10027.00 2   0.0 -53.1      7209650   0   1100      1060150
     8  0 1  95.62 10049.50 2   0.0 -50.6      8280050   0   1150      1070400
     9  0 1  95.62  9989.50 2   0.0 -46.6     10290250   0   1250      2010200
    10  0 1  94.92  9979.00 2   0.0 -44.4     11310400   0   1450      1020150
    11  0 1  94.92 10075.00 2   0.0 -42.5     12340850   0   1050      1030450
    12  0 1  94.92  9928.00 2   0.0 -40.9     13381100   0   1100      1040250
    13  0 1  94.57  9929.50 2   0.0 -39.1     14430850   0   1100      1049750
    14  0 1  95.62  9937.00 2   0.0 -37.5     15490800   0   1400      1059950
    15  0 1  94.92  9919.00 2   0.0 -36.3     16560500   0   1400      1069700
    16  0 1  94.92 10070.50 2   0.0 -35.0     17560400   0   1400       999900
    17  0 1  95.62  9932.50 2   0.0 -33.8     18570000   0   1050      1009600
    18  0 1  95.27  9971.50 2   0.0 -31.9     20620300   0   1100      2050300
    19  0 1  94.22 10046.50 2   0.0 -31.3     21660150   0   1250      1039850
    20  0 1  94.22 10048.00 2   0.0 -30.6     22710000   0   1250      1049850
    21  0 1  94.22  9961.00 2   0.0 -30.3     23770100   0   1350      1060100
    22  0 1  94.57  9959.50 2   0.0 -30.0     24840050   0   1050      1069950
    23  0 1  94.22 10060.00 2   0.0 -30.0     25840000   0   1100       999950
    24  0 1  94.57 10030.00 2   0.0 -30.0     26849550   0   1050      1009550
    25  0 1  94.57  9986.50 2   0.0 -30.3     27869400   0   1100      1019850
    26  0 1  94.92 10045.00 2   0.0 -30.6     28899650   0   1100      1030250
    27  0 1  95.27 10042.00 2   0.0 -31.9     30989250   0   1450      2089600
    28  0 1  95.62 10054.00 2   0.0 -32.8     32049300   0   1150      1060050
    29  0 1  94.22  9997.00 2   0.0 -33.8     33119750   0   1050      1070450
    30  0 1  94.57 10037.50 2   0.0 -35.0     34119950   0   1050      1000200
    31  0 1  94.22  9959.50 2   0.0 -36.3     35129600   0   1100      1009650
    32  0 1  95.62  9997.00 2   0.0 -37.5     36149850   0   1150      1020250
    33  0 1  94.92 10015.00 2   0.0 -39.1     37180250   0   1400      1030400
    34  0 1  95.62 10040.50 2   0.0 -40.9     38220600   0   1050      1040350
    35  0 1  94.57 10036.00 2   0.0 -42.5     39270500   0   1250      1049900
    36  0 1  95.62  9922.00 2   0.0 -46.6     41400100   0   1300      2129600
    37  0 1  95.27 10069.00 2   0.0 -48.4     42400350   0   1100      1000250
    38  0 1  94.57  9998.50 2   0.0 -50.6     43410100   0   1300      1009750
    39  0 1  94.22  9949.00 2   0.0 -53.1     44430400   0   1050      1020300
    40  0 1  94.22  9982.00 2   0.0 -55.3     45460100   0   1100      1029700
    41  0 1  94.92  9982.00 2   0.0 -57.5     46500450   0   1150      1040350
    42  0 1  94.22  9928.00 2   0.0 -60.0     47550600   0   1100      1050150
    43  0 1  95.27  9923.50 2   0.0 -62.5     48610950   0   1300      1060350
    44  0 1  94.92  9988.00 2   0.0 -65.0     49681350   0   1500      1070400
