    NO  S V  AOA    FREQ    B  FMOP  AMP      TOA      PMOP  PW         dTOA  
------ -- - ------ -------- - ----- ----- ------------ --- ------ ------------
     0  0 1 109.69  5248.75 1   0.0 -70.0            0   0   2950  42949673000
     1  0 1 109.69  5257.50 1   0.0 -68.8       471250   0   3000       471250
     2  0 1 109.69  5271.25 1   0.0 -66.3      1412400   0   3000       941150
     3  0 1 109.69  5275.00 1   0.0 -65.0      1884550   0   3000       472150
     4  0 1 109.69  5283.75 1   0.0 -63.8      2353500   0   3000       468950
     5  0 1 109.69  5288.75 1   0.0 -62.5      2884600   0   2950       531100
     6  0 1 109.69  5293.75 1   0.0 -61.3      3413750   0   2950       529150
     7  0 1 109.69  5297.50 1   0.0 -60.0      3944450   0   2950       530700
     8  0 1 109.69  5297.50 1   0.0 -58.8      4473850   0   2950       529400
     9  0 1 109.69  5300.00 1   0.0 -57.5      5003450   0   2950       529600
    10  0 1 109.69  5298.75 1   0.0 -56.6      5572750   0   3000       569300
    11  0 1 109.69  5291.25 1   0.0 -54.1      6712250   0   2950      1139500
    12  0 1 109.69  5285.00 1   0.0 -53.1      7281850   0   2950       569600
    13  0 1 109.69  5280.00 1   0.0 -51.9      7850500   0   2950       568650
    14  0 1 109.69  5275.00 1   0.0 -50.6      8290450   0   2950       439950
    15  0 1 109.69  5270.00 1   0.0 -49.7      8730400   0   2950       439950
    16  0 1 109.69  5260.00 1   0.0 -48.4      9172200   0   2950       441800
    17  0 1 109.69  5256.25 1   0.0 -47.5      9614350   0   3000       442150
    18  0 1 109.69  5250.00 1   0.0 -46.6     10055200   0   3000       440850
    19  0 1 109.69  5241.25 1   0.0 -45.6     10524900   0   3000       469700
    20  0 1 109.69  5226.25 1   0.0 -43.4     11462800   0   2950       937900
    21  0 1 109.69  5220.00 1   0.0 -42.5     11933000   0   2950       470200
    22  0 1 109.69  5213.75 1   0.0 -41.6     12401550   0   3000       468550
    23  0 1 109.69  5208.75 1   0.0 -40.9     12932400   0   2950       530850
    24  0 1 109.69  5205.00 1   0.0 -40.0     13460700   0   3000       528300
    25  0 1 109.69  5201.25 1   0.0 -39.1     13993000   0   3000       532300
    26  0 1 109.69  5198.75 1   0.0 -38.4     14521200   0   3000       528200
    27  0 1 109.69  5198.75 1   0.0 -37.5     15053200   0   3000       532000
    28  0 1 109.69  5198.75 1   0.0 -36.9     15624250   0   2950       571050
    29  0 1 109.69  5205.00 1   0.0 -35.6     16764950   0   2950      1140700
    30  0 1 109.69  5212.50 1   0.0 -35.0     17333600   0   2950       568650
    31  0 1 109.69  5217.50 1   0.0 -34.4     17905600   0   3000       572000
    32  0 1 109.69  5225.00 1   0.0 -33.8     18344250   0   3000       438650
    33  0 1 109.69  5230.00 1   0.0 -33.4     18784150   0   3000       439900
    34  0 1 109.69  5235.00 1   0.0 -32.8     19223950   0   3000       439800
    35  0 1 109.69  5242.50 1   0.0 -32.5     19662500   0   3000       438550
    36  0 1 109.69  5251.25 1   0.0 -31.9     20100150   0   2950       437650
    37  0 1 109.69  5258.75 1   0.0 -31.6     20572550   0   2950       472400
    38  0 1 109.69  5271.25 1   0.0 -30.9     21510550   0   3000       938000
    39  0 1 109.69  5278.75 1   0.0 -30.6     21980100   0   2950       469550
    40  0 1 109.69  5282.50 1   0.0 -30.6     22450600   0   3000       470500
    41  0 1 109.69  5288.75 1   0.0 -30.3     22982650   0   2950       532050
    42  0 1 109.69  5293.75 1   0.0 -30.3     23514750   0   2950       532100
    43  0 1 109.69  5296.25 1   0.0 -30.0     24042900   0   3000       528150
    44  0 1 109.69  5298.75 1   0.0 -30.0     24570400   0   3000       527500
    45  0 1 109.69  5298.75 1   0.0 -30.0     25102450   0   3000       532050
    46  0 1 109.69  5297.50 1   0.0 -30.0     25672900   0   2950       570450
    47  0 1 109.69  5291.25 1   0.0 -30.3     26809450   0   3000      1136550
    48  0 1 109.69  5286.25 1   0.0 -30.3     27379750   0   2950       570300
    49  0 1 109.69  5277.50 1   0.0 -30.6     27951700   0   3000       571950
    50  0 1 109.69  5272.50 1   0.0 -30.6     28390350   0   3000       438650
    51  0 1 109.69  5265.00 1   0.0 -30.9     28831350   0   2950       441000
    52  0 1 109.69  5261.25 1   0.0 -31.3     29270700   0   3000       439350
    53  0 1 109.69  5255.00 1   0.0 -31.6     29712700   0   3000       442000
    54  0 1 109.69  5247.50 1   0.0 -31.9     30151950   0   3000       439250
    55  0 1 109.69  5240.00 1   0.0 -32.5     30620400   0   3000       468450
    56  0 1 109.69  5225.00 1   0.0 -33.4     31560550   0   3000       940150
    57  0 1 109.69  5220.00 1   0.0 -33.8     32033000   0   2950       472450
    58  0 1 109.69  5212.50 1   0.0 -34.4     32500650   0   3000       467650
    59  0 1 109.69  5208.75 1   0.0 -35.0     33028950   0   3000       528300
    60  0 1 109.69  5205.00 1   0.0 -35.6     33559700   0   3000       530750
    61  0 1 109.69  5200.00 1   0.0 -36.3     34089600   0   2950       529900
    62  0 1 109.69  5200.00 1   0.0 -36.9     34618400   0   3000       528800
    63  0 1 109.69  5198.75 1   0.0 -37.5     35147300   0   3000       528900
    64  0 1 109.69  5200.00 1   0.0 -38.4     35717200   0   2950       569900
    65  0 1 109.69  5208.75 1   0.0 -40.0     36856850   0   3000      1139650
    66  0 1 109.69  5212.50 1   0.0 -40.9     37424350   0   2950       567500
    67  0 1 109.69  5220.00 1   0.0 -41.6     37991950   0   3000       567600
    68  0 1 109.69  5225.00 1   0.0 -42.5     38429750   0   2950       437800
    69  0 1 109.69  5232.50 1   0.0 -43.4     38868700   0   2950       438950
    70  0 1 109.69  5237.50 1   0.0 -44.4     39308850   0   2950       440150
    71  0 1 109.69  5245.00 1   0.0 -45.6     39748300   0   3000       439450
    72  0 1 109.69  5252.50 1   0.0 -46.6     40185850   0   2950       437550
    73  0 1 109.69  5260.00 1   0.0 -47.5     40657500   0   3000       471650
    74  0 1 109.69  5275.00 1   0.0 -49.7     41593950   0   2950       936450
    75  0 1 109.69  5280.00 1   0.0 -50.6     42062600   0   3000       468650
    76  0 1 109.69  5283.75 1   0.0 -51.9     42531350   0   2950       468750
    77  0 1 109.69  5290.00 1   0.0 -53.1     43061850   0   3000       530500
    78  0 1 109.69  5293.75 1   0.0 -54.1     43589550   0   2950       527700
    79  0 1 109.69  5296.25 1   0.0 -55.3     44117800   0   3000       528250
    80  0 1 109.69  5297.50 1   0.0 -56.6     44647400   0   2950       529600
    81  0 1 109.69  5297.50 1   0.0 -57.5     45175750   0   2950       528350
    82  0 1 109.69  5297.50 1   0.0 -58.8     45745250   0   3000       569500
    83  0 1 109.69  5290.00 1   0.0 -61.3     46885700   0   3000      1140450
    84  0 1 109.69  5283.75 1   0.0 -62.5     47456400   0   2950       570700
    85  0 1 109.69  5278.75 1   0.0 -63.8     48024500   0   3000       568100
    86  0 1 109.69  5272.50 1   0.0 -65.0     48462800   0   3000       438300
    87  0 1 109.69  5266.25 1   0.0 -66.3     48904800   0   3000       442000
    88  0 1 109.69  5260.00 1   0.0 -67.5     49342900   0   3000       438100
    89  0 1 109.69  5251.25 1   0.0 -68.8     49783050   0   2950       440150
