    NO  S V  AOA    FREQ    B  FMOP  AMP      TOA      PMOP  PW         dTOA  
------ -- - ------ -------- - ----- ----- ------------ --- ------ ------------
     0  0 1 109.69  5258.75 1   0.0 -68.8       531150   0   3000  42950204150
     1  0 1 109.69  5266.25 1   0.0 -67.5      1063050   0   3000       531900
     2  0 1 109.69  5271.25 1   0.0 -66.3      1592400   0   2950       529350
     3  0 1 109.69  5280.00 1   0.0 -65.0      2123250   0   2950       530850
     4  0 1 109.69  5285.00 1   0.0 -63.8      2654800   0   3000       531550
     5  0 1 109.69  5292.50 1   0.0 -62.5      3224900   0   3000       570100
     6  0 1 109.69  5296.25 1   0.0 -61.3      3795750   0   3000       570850
     7  0 1 109.69  5300.00 1   0.0 -60.0      4366900   0   2950       571150
     8  0 1 109.69  5297.50 1   0.0 -58.8      4934600   0   3000       567700
     9  0 1 109.69  5296.25 1   0.0 -56.6      5948800   0   3000      1014200
    10  0 1 109.69  5295.00 1   0.0 -55.3      6389050   0   2950       440250
    11  0 1 109.69  5290.00 1   0.0 -54.1      6827150   0   3000       438100
    12  0 1 109.69  5287.50 1   0.0 -53.1      7266250   0   2950       439100
    13  0 1 109.69  5282.50 1   0.0 -51.9      7707100   0   2950       440850
    14  0 1 109.69  5275.00 1   0.0 -50.6      8179050   0   3000       471950
    15  0 1 109.69  5268.75 1   0.0 -49.7      8650400   0   2950       471350
    16  0 1 109.69  5262.50 1   0.0 -48.4      9120050   0   3000       469650
    17  0 1 109.69  5255.00 1   0.0 -47.5      9592500   0   3000       472450
    18  0 1 109.69  5238.75 1   0.0 -45.6     10588700   0   2950       996200
    19  0 1 109.69  5232.50 1   0.0 -44.4     11118550   0   2950       529850
    20  0 1 109.69  5225.00 1   0.0 -43.4     11647500   0   2950       528950
    21  0 1 109.69  5217.50 1   0.0 -42.5     12179800   0   3000       532300
    22  0 1 109.69  5210.00 1   0.0 -41.6     12708350   0   2950       528550
    23  0 1 109.69  5205.00 1   0.0 -40.9     13276100   0   2950       567750
    24  0 1 109.69  5201.25 1   0.0 -40.0     13844450   0   2950       568350
    25  0 1 109.69  5200.00 1   0.0 -39.1     14413650   0   2950       569200
    26  0 1 109.69  5198.75 1   0.0 -38.4     14982350   0   2950       568700
    27  0 1 109.69  5201.25 1   0.0 -36.9     15988550   0   3000      1006200
    28  0 1 109.69  5203.75 1   0.0 -36.3     16428150   0   2950       439600
    29  0 1 109.69  5207.50 1   0.0 -35.6     16867650   0   2950       439500
    30  0 1 109.69  5211.25 1   0.0 -35.0     17307800   0   3000       440150
    31  0 1 109.69  5216.25 1   0.0 -34.4     17745950   0   2950       438150
    32  0 1 109.69  5222.50 1   0.0 -33.8     18217500   0   3000       471550
    33  0 1 109.69  5227.50 1   0.0 -33.4     18685200   0   3000       467700
    34  0 1 109.69  5235.00 1   0.0 -32.8     19154550   0   3000       469350
    35  0 1 109.69  5245.00 1   0.0 -32.5     19624750   0   2950       470200
    36  0 1 109.69  5257.50 1   0.0 -31.6     20627000   0   3000      1002250
    37  0 1 109.69  5265.00 1   0.0 -31.3     21157950   0   2950       530950
    38  0 1 109.69  5275.00 1   0.0 -30.9     21687200   0   2950       529250
    39  0 1 109.69  5282.50 1   0.0 -30.6     22218450   0   3000       531250
    40  0 1 109.69  5287.50 1   0.0 -30.6     22746000   0   2950       527550
    41  0 1 109.69  5292.50 1   0.0 -30.3     23315150   0   3000       569150
    42  0 1 109.69  5295.00 1   0.0 -30.3     23884250   0   3000       569100
    43  0 1 109.69  5300.00 1   0.0 -30.0     24451900   0   2950       567650
    44  0 1 109.69  5300.00 1   0.0 -30.0     25024100   0   2950       572200
    45  0 1 109.69  5296.25 1   0.0 -30.0     26035450   0   2950      1011350
    46  0 1 109.69  5295.00 1   0.0 -30.0     26475050   0   2950       439600
    47  0 1 109.69  5290.00 1   0.0 -30.3     26913850   0   2950       438800
    48  0 1 109.69  5285.00 1   0.0 -30.3     27355500   0   3000       441650
    49  0 1 109.69  5280.00 1   0.0 -30.6     27794550   0   2950       439050
    50  0 1 109.69  5275.00 1   0.0 -30.6     28264050   0   2950       469500
    51  0 1 109.69  5268.75 1   0.0 -30.9     28732850   0   3000       468800
    52  0 1 109.69  5262.50 1   0.0 -31.3     29202750   0   2950       469900
    53  0 1 109.69  5255.00 1   0.0 -31.6     29674700   0   3000       471950
    54  0 1 109.69  5238.75 1   0.0 -32.5     30674450   0   2950       999750
    55  0 1 109.69  5231.25 1   0.0 -32.8     31202100   0   3000       527650
    56  0 1 109.69  5225.00 1   0.0 -33.4     31733250   0   2950       531150
    57  0 1 109.69  5216.25 1   0.0 -33.8     32262600   0   2950       529350
    58  0 1 109.69  5210.00 1   0.0 -34.4     32794800   0   3000       532200
    59  0 1 109.69  5205.00 1   0.0 -35.0     33364600   0   2950       569800
    60  0 1 109.69  5202.50 1   0.0 -35.6     33936150   0   2950       571550
    61  0 1 109.69  5200.00 1   0.0 -36.3     34508350   0   2950       572200
    62  0 1 109.69  5198.75 1   0.0 -36.9     35078800   0   3000       570450
    63  0 1 109.69  5200.00 1   0.0 -38.4     36086600   0   3000      1007800
    64  0 1 109.69  5205.00 1   0.0 -39.1     36527200   0   3000       440600
    65  0 1 109.69  5207.50 1   0.0 -40.0     36967200   0   3000       440000
    66  0 1 109.69  5211.25 1   0.0 -40.9     37406200   0   3000       439000
    67  0 1 109.69  5218.75 1   0.0 -41.6     37846900   0   3000       440700
    68  0 1 109.69  5222.50 1   0.0 -42.5     38316350   0   3000       469450
    69  0 1 109.69  5230.00 1   0.0 -43.4     38787000   0   3000       470650
    70  0 1 109.69  5236.25 1   0.0 -44.4     39258400   0   3000       471400
    71  0 1 109.69  5245.00 1   0.0 -45.6     39726050   0   3000       467650
    72  0 1 109.69  5261.25 1   0.0 -47.5     40729250   0   2950      1003200
    73  0 1 109.69  5268.75 1   0.0 -48.4     41260150   0   2950       530900
    74  0 1 109.69  5275.00 1   0.0 -49.7     41788950   0   3000       528800
    75  0 1 109.69  5282.50 1   0.0 -50.6     42320850   0   3000       531900
    76  0 1 109.69  5287.50 1   0.0 -51.9     42848650   0   2950       527800
    77  0 1 109.69  5292.50 1   0.0 -53.1     43416250   0   3000       567600
    78  0 1 109.69  5297.50 1   0.0 -54.1     43984800   0   2950       568550
    79  0 1 109.69  5300.00 1   0.0 -55.3     44555750   0   2950       570950
    80  0 1 109.69  5297.50 1   0.0 -56.6     45126850   0   2950       571100
    81  0 1 109.69  5295.00 1   0.0 -58.8     46137100   0   3000      1010250
    82  0 1 109.69  5293.75 1   0.0 -60.0     46577250   0   2950       440150
    83  0 1 109.69  5288.75 1   0.0 -61.3     47019600   0   2950       442350
    84  0 1 109.69  5285.00 1   0.0 -62.5     47461200   0   3000       441600
    85  0 1 109.69  5280.00 1   0.0 -63.8     47901950   0   2950       440750
    86  0 1 109.69  5275.00 1   0.0 -65.0     48373050   0   2950       471100
    87  0 1 109.69  5265.00 1   0.0 -66.3     48842950   0   3000       469900
    88  0 1 109.69  5258.75 1   0.0 -67.5     49313650   0   3000       470700
    89  0 1 109.69  5253.75 1   0.0 -68.8     49781500   0   3000       467850
