    NO  S V  AOA    FREQ    B  FMOP  AMP      TOA      PMOP  PW         dTOA  
------ -- - ------ -------- - ----- ----- ------------ --- ------ ------------
     0  0 1 109.69  5250.00 1   0.0 -70.0            0   0   3000  42949673000
     1  0 1 109.69  5276.25 1   0.0 -68.8      9198450   0   3000      9198450
     2  0 1 109.69  5295.00 1   0.0 -67.5     18800900   0   2950      9602450
     3  0 1 109.69  5297.50 1   0.0 -66.3     29400650   0   2950     10599750
     4  0 1 109.69  5278.75 1   0.0 -65.0     40199750   0   3000     10799100
     5  0 1 109.69  5251.25 1   0.0 -63.8     49397400   0   3000      9197650
     6  0 1 109.69  5221.25 1   0.0 -62.5     58997600   0   3000      9600200
     7  0 1 109.69  5200.00 1   0.0 -61.3     69595800   0   2950     10598200
     8  0 1 109.69  5200.00 1   0.0 -60.0     80397150   0   2950     10801350
     9  0 1 109.69  5247.50 1   0.0 -57.5     99196050   0   2950     18798900
    10  0 1 109.69  5276.25 1   0.0 -56.6    109797250   0   3000     10601200
    11  0 1 109.69  5298.75 1   0.0 -55.3    120599100   0   2950     10801850
    12  0 1 109.69  5295.00 1   0.0 -54.1    129801150   0   3000      9202050
    13  0 1 109.69  5280.00 1   0.0 -53.1    139400000   0   2950      9598850
    14  0 1 109.69  5247.50 1   0.0 -51.9    150002300   0   3000     10602300
    15  0 1 109.69  5216.25 1   0.0 -50.6    160804650   0   3000     10802350
    16  0 1 109.69  5201.25 1   0.0 -49.7    170002250   0   2950      9197600
    17  0 1 109.69  5201.25 1   0.0 -48.4    179600950   0   2950      9598700
    18  0 1 109.69  5251.25 1   0.0 -46.6    200997200   0   2950     21396250
    19  0 1 109.69  5280.00 1   0.0 -45.6    210199150   0   3000      9201950
    20  0 1 109.69  5296.25 1   0.0 -44.4    219798400   0   3000      9599250
    21  0 1 109.69  5295.00 1   0.0 -43.4    230398500   0   3000     10600100
    22  0 1 109.69  5275.00 1   0.0 -42.5    241197600   0   2950     10799100
    23  0 1 109.69  5246.25 1   0.0 -41.6    250398650   0   3000      9201050
    24  0 1 109.69  5220.00 1   0.0 -40.9    259996350   0   3000      9597700
    25  0 1 109.69  5200.00 1   0.0 -40.0    270594800   0   3000     10598450
    26  0 1 109.69  5202.50 1   0.0 -39.1    281393700   0   3000     10798900
    27  0 1 109.69  5250.00 1   0.0 -37.5    300195500   0   3000     18801800
    28  0 1 109.69  5281.25 1   0.0 -36.9    310793750   0   3000     10598250
    29  0 1 109.69  5296.25 1   0.0 -36.3    321594950   0   2950     10801200
    30  0 1 109.69  5295.00 1   0.0 -35.6    330794750   0   2950      9199800
    31  0 1 109.69  5278.75 1   0.0 -35.0    340393900   0   3000      9599150
    32  0 1 109.69  5246.25 1   0.0 -34.4    350992300   0   2950     10598400
    33  0 1 109.69  5215.00 1   0.0 -33.8    361792950   0   3000     10800650
    34  0 1 109.69  5201.25 1   0.0 -33.4    370993350   0   3000      9200400
    35  0 1 109.69  5203.75 1   0.0 -32.8    380593100   0   2950      9599750
    36  0 1 109.69  5255.00 1   0.0 -31.9    401992100   0   2950     21399000
    37  0 1 109.69  5281.25 1   0.0 -31.6    411191350   0   3000      9199250
    38  0 1 109.69  5298.75 1   0.0 -31.3    420790600   0   3000      9599250
    39  0 1 109.69  5295.00 1   0.0 -30.9    431391350   0   3000     10600750
    40  0 1 109.69  5272.50 1   0.0 -30.6    442190100   0   2950     10798750
    41  0 1 109.69  5245.00 1   0.0 -30.6    451388200   0   3000      9198100
    42  0 1 109.69  5218.75 1   0.0 -30.3    460985950   0   3000      9597750
    43  0 1 109.69  5201.25 1   0.0 -30.3    471587100   0   3000     10601150
    44  0 1 109.69  5205.00 1   0.0 -30.0    482389250   0   2950     10802150
    45  0 1 109.69  5251.25 1   0.0 -30.0    501184950   0   3000     18795700
    46  0 1 109.69  5283.75 1   0.0 -30.0    511786700   0   3000     10601750
    47  0 1 109.69  5298.75 1   0.0 -30.0    522587600   0   2950     10800900
    48  0 1 109.69  5293.75 1   0.0 -30.3    531787500   0   2950      9199900
    49  0 1 109.69  5275.00 1   0.0 -30.3    541388100   0   2950      9600600
    50  0 1 109.69  5241.25 1   0.0 -30.6    551990200   0   2950     10602100
    51  0 1 109.69  5213.75 1   0.0 -30.6    562788650   0   3000     10798450
    52  0 1 109.69  5200.00 1   0.0 -30.9    571990700   0   2950      9202050
    53  0 1 109.69  5203.75 1   0.0 -31.3    581588900   0   2950      9598200
    54  0 1 109.69  5258.75 1   0.0 -31.9    602989800   0   3000     21400900
    55  0 1 109.69  5282.50 1   0.0 -32.5    612191550   0   2950      9201750
    56  0 1 109.69  5298.75 1   0.0 -32.8    621793450   0   3000      9601900
    57  0 1 109.69  5295.00 1   0.0 -33.4    632395750   0   3000     10602300
    58  0 1 109.69  5268.75 1   0.0 -33.8    643193950   0   3000     10798200
    59  0 1 109.69  5240.00 1   0.0 -34.4    652393300   0   2950      9199350
    60  0 1 109.69  5215.00 1   0.0 -35.0    661995700   0   2950      9602400
    61  0 1 109.69  5200.00 1   0.0 -35.6    672596350   0   2950     10600650
    62  0 1 109.69  5205.00 1   0.0 -36.3    683395900   0   2950     10799550
    63  0 1 109.69  5256.25 1   0.0 -37.5    702194550   0   3000     18798650
    64  0 1 109.69  5286.25 1   0.0 -38.4    712795550   0   3000     10601000
    65  0 1 109.69  5300.00 1   0.0 -39.1    723595300   0   3000     10799750
    66  0 1 109.69  5295.00 1   0.0 -40.0    732796050   0   3000      9200750
    67  0 1 109.69  5272.50 1   0.0 -40.9    742395400   0   3000      9599350
    68  0 1 109.69  5240.00 1   0.0 -41.6    752997500   0   2950     10602100
    69  0 1 109.69  5211.25 1   0.0 -42.5    763796550   0   3000     10799050
    70  0 1 109.69  5198.75 1   0.0 -43.4    772995150   0   2950      9198600
    71  0 1 109.69  5205.00 1   0.0 -44.4    782596400   0   3000      9601250
    72  0 1 109.69  5261.25 1   0.0 -46.6    803995550   0   3000     21399150
    73  0 1 109.69  5285.00 1   0.0 -47.5    813194350   0   3000      9198800
    74  0 1 109.69  5298.75 1   0.0 -48.4    822795700   0   3000      9601350
    75  0 1 109.69  5292.50 1   0.0 -49.7    833395400   0   3000     10599700
    76  0 1 109.69  5266.25 1   0.0 -50.6    844193950   0   2950     10798550
    77  0 1 109.69  5237.50 1   0.0 -51.9    853394750   0   3000      9200800
    78  0 1 109.69  5212.50 1   0.0 -53.1    862994600   0   3000      9599850
    79  0 1 109.69  5200.00 1   0.0 -54.1    873594650   0   2950     10600050
    80  0 1 109.69  5207.50 1   0.0 -55.3    884396000   0   3000     10801350
    81  0 1 109.69  5257.50 1   0.0 -57.5    903198500   0   2950     18802500
    82  0 1 109.69  5286.25 1   0.0 -58.8    913796300   0   3000     10597800
    83  0 1 109.69  5297.50 1   0.0 -60.0    924596200   0   2950     10799900
    84  0 1 109.69  5291.25 1   0.0 -61.3    933796600   0   2950      9200400
    85  0 1 109.69  5270.00 1   0.0 -62.5    943397750   0   3000      9601150
    86  0 1 109.69  5235.00 1   0.0 -63.8    953999400   0   3000     10601650
    87  0 1 109.69  5207.50 1   0.0 -65.0    964797400   0   3000     10798000
    88  0 1 109.69  5198.75 1   0.0 -66.3    973998300   0   3000      9200900
    89  0 1 109.69  5206.25 1   0.0 -67.5    983596950   0   2950      9598650
