    NO  S V  AOA    FREQ    B  FMOP  AMP      TOA      PMOP  PW         dTOA  
------ -- - ------ -------- - ----- ----- ------------ --- ------ ------------
     0  0 1 109.69  5250.00 1   0.0 -70.0            0   0   2950  42949673000
     1  0 1 109.69  5275.00 1   0.0 -68.8      9199000   0   3000      9199000
     2  0 1 109.69  5295.00 1   0.0 -67.5     18798700   0   2950      9599700
     3  0 1 109.69  5277.50 1   0.0 -65.0     40199350   0   3000     21400650
     4  0 1 109.69  5250.00 1   0.0 -63.8     49399250   0   2950      9199900
     5  0 1 109.69  5221.25 1   0.0 -62.5     58999250   0   3000      9600000
     6  0 1 109.69  5200.00 1   0.0 -61.3     69600100   0   2950     10600850
     7  0 1 109.69  5201.25 1   0.0 -60.0     80399750   0   3000     10799650
     8  0 1 109.69  5217.50 1   0.0 -58.8     89601050   0   2950      9201300
     9  0 1 109.69  5245.00 1   0.0 -57.5     99200300   0   3000      9599250
    10  0 1 109.69  5277.50 1   0.0 -56.6    109801800   0   3000     10601500
    11  0 1 109.69  5298.75 1   0.0 -55.3    120603850   0   2950     10802050
    12  0 1 109.69  5280.00 1   0.0 -53.1    139407750   0   2950     18803900
    13  0 1 109.69  5248.75 1   0.0 -51.9    150009550   0   3000     10601800
    14  0 1 109.69  5216.25 1   0.0 -50.6    160808400   0   2950     10798850
    15  0 1 109.69  5201.25 1   0.0 -49.7    170010400   0   2950      9202000
    16  0 1 109.69  5201.25 1   0.0 -48.4    179611200   0   2950      9600800
    17  0 1 109.69  5220.00 1   0.0 -47.5    190211100   0   3000     10599900
    18  0 1 109.69  5253.75 1   0.0 -46.6    201009400   0   2950     10798300
    19  0 1 109.69  5278.75 1   0.0 -45.6    210209850   0   2950      9200450
    20  0 1 109.69  5295.00 1   0.0 -44.4    219810500   0   2950      9600650
    21  0 1 109.69  5276.25 1   0.0 -42.5    241211900   0   3000     21401400
    22  0 1 109.69  5248.75 1   0.0 -41.6    250411250   0   2950      9199350
    23  0 1 109.69  5220.00 1   0.0 -40.9    260008800   0   2950      9597550
    24  0 1 109.69  5201.25 1   0.0 -40.0    270607800   0   2950     10599000
    25  0 1 109.69  5202.50 1   0.0 -39.1    281409950   0   3000     10802150
    26  0 1 109.69  5220.00 1   0.0 -38.4    290607650   0   3000      9197700
    27  0 1 109.69  5248.75 1   0.0 -37.5    300208600   0   2950      9600950
    28  0 1 109.69  5281.25 1   0.0 -36.9    310807450   0   2950     10598850
    29  0 1 109.69  5296.25 1   0.0 -36.3    321606100   0   3000     10798650
    30  0 1 109.69  5278.75 1   0.0 -35.0    340402800   0   2950     18796700
    31  0 1 109.69  5245.00 1   0.0 -34.4    351002100   0   2950     10599300
    32  0 1 109.69  5216.25 1   0.0 -33.8    361804250   0   3000     10802150
    33  0 1 109.69  5201.25 1   0.0 -33.4    371002250   0   2950      9198000
    34  0 1 109.69  5201.25 1   0.0 -32.8    380603500   0   3000      9601250
    35  0 1 109.69  5223.75 1   0.0 -32.5    391205550   0   2950     10602050
    36  0 1 109.69  5255.00 1   0.0 -31.9    402003350   0   3000     10797800
    37  0 1 109.69  5282.50 1   0.0 -31.6    411204300   0   3000      9200950
    38  0 1 109.69  5298.75 1   0.0 -31.3    420803150   0   3000      9598850
    39  0 1 109.69  5271.25 1   0.0 -30.6    442203250   0   2950     21400100
    40  0 1 109.69  5245.00 1   0.0 -30.6    451403150   0   3000      9199900
    41  0 1 109.69  5216.25 1   0.0 -30.3    461001050   0   2950      9597900
    42  0 1 109.69  5200.00 1   0.0 -30.3    471600900   0   3000     10599850
    43  0 1 109.69  5203.75 1   0.0 -30.0    482403200   0   3000     10802300
    44  0 1 109.69  5225.00 1   0.0 -30.0    491601400   0   3000      9198200
    45  0 1 109.69  5251.25 1   0.0 -30.0    501199150   0   2950      9597750
    46  0 1 109.69  5283.75 1   0.0 -30.0    511799300   0   3000     10600150
    47  0 1 109.69  5297.50 1   0.0 -30.0    522598900   0   3000     10799600
    48  0 1 109.69  5275.00 1   0.0 -30.3    541397400   0   2950     18798500
    49  0 1 109.69  5243.75 1   0.0 -30.6    551998400   0   3000     10601000
    50  0 1 109.69  5213.75 1   0.0 -30.6    562796350   0   3000     10797950
    51  0 1 109.69  5198.75 1   0.0 -30.9    571995950   0   2950      9199600
    52  0 1 109.69  5205.00 1   0.0 -31.3    581594450   0   3000      9598500
    53  0 1 109.69  5226.25 1   0.0 -31.6    592192850   0   2950     10598400
    54  0 1 109.69  5257.50 1   0.0 -31.9    602992950   0   2950     10800100
    55  0 1 109.69  5285.00 1   0.0 -32.5    612194200   0   3000      9201250
    56  0 1 109.69  5297.50 1   0.0 -32.8    621791800   0   2950      9597600
    57  0 1 109.69  5270.00 1   0.0 -33.8    643190100   0   3000     21398300
    58  0 1 109.69  5240.00 1   0.0 -34.4    652390600   0   3000      9200500
    59  0 1 109.69  5215.00 1   0.0 -35.0    661992750   0   2950      9602150
    60  0 1 109.69  5198.75 1   0.0 -35.6    672592700   0   2950     10599950
    61  0 1 109.69  5205.00 1   0.0 -36.3    683391850   0   2950     10799150
    62  0 1 109.69  5225.00 1   0.0 -36.9    692593650   0   3000      9201800
    63  0 1 109.69  5255.00 1   0.0 -37.5    702191150   0   2950      9597500
    64  0 1 109.69  5283.75 1   0.0 -38.4    712790900   0   3000     10599750
    65  0 1 109.69  5300.00 1   0.0 -39.1    723593150   0   2950     10802250
    66  0 1 109.69  5273.75 1   0.0 -40.9    742390250   0   3000     18797100
    67  0 1 109.69  5238.75 1   0.0 -41.6    752992250   0   2950     10602000
    68  0 1 109.69  5210.00 1   0.0 -42.5    763791700   0   3000     10799450
    69  0 1 109.69  5200.00 1   0.0 -43.4    772992300   0   3000      9200600
    70  0 1 109.69  5205.00 1   0.0 -44.4    782593250   0   3000      9600950
    71  0 1 109.69  5228.75 1   0.0 -45.6    793195100   0   2950     10601850
    72  0 1 109.69  5260.00 1   0.0 -46.6    803994250   0   2950     10799150
    73  0 1 109.69  5285.00 1   0.0 -47.5    813193550   0   2950      9199300
    74  0 1 109.69  5300.00 1   0.0 -48.4    822791350   0   2950      9597800
    75  0 1 109.69  5265.00 1   0.0 -50.6    844190650   0   2950     21399300
    76  0 1 109.69  5238.75 1   0.0 -51.9    853389200   0   3000      9198550
    77  0 1 109.69  5212.50 1   0.0 -53.1    862989700   0   3000      9600500
    78  0 1 109.69  5200.00 1   0.0 -54.1    873589100   0   3000     10599400
    79  0 1 109.69  5206.25 1   0.0 -55.3    884388300   0   3000     10799200
    80  0 1 109.69  5228.75 1   0.0 -56.6    893589300   0   2950      9201000
    81  0 1 109.69  5258.75 1   0.0 -57.5    903190100   0   2950      9600800
    82  0 1 109.69  5288.75 1   0.0 -58.8    913791300   0   2950     10601200
    83  0 1 109.69  5297.50 1   0.0 -60.0    924588800   0   3000     10797500
    84  0 1 109.69  5270.00 1   0.0 -62.5    943389600   0   3000     18800800
    85  0 1 109.69  5237.50 1   0.0 -63.8    953990350   0   2950     10600750
    86  0 1 109.69  5207.50 1   0.0 -65.0    964788450   0   3000     10798100
    87  0 1 109.69  5198.75 1   0.0 -66.3    973990800   0   3000      9202350
    88  0 1 109.69  5205.00 1   0.0 -67.5    983589100   0   3000      9598300
    89  0 1 109.69  5232.50 1   0.0 -68.8    994187800   0   2950     10598700
