    NO  S V  AOA    FREQ    B  FMOP  AMP      TOA      PMOP  PW         dTOA  
------ -- - ------ -------- - ----- ----- ------------ --- ------ ------------
     0  0 1 109.69  5250.00 1   0.0 -70.0            0   0   3000  42949673000
     1  0 1 109.69  5275.00 1   0.0 -68.8      9201200   0   3000      9201200
     2  0 1 109.69  5295.00 1   0.0 -67.5     18801500   0   2950      9600300
     3  0 1 109.69  5297.50 1   0.0 -66.3     29400100   0   2950     10598600
     4  0 1 109.69  5276.25 1   0.0 -65.0     40201200   0   2950     10801100
     5  0 1 109.69  5250.00 1   0.0 -63.8     49402050   0   3000      9200850
     6  0 1 109.69  5223.75 1   0.0 -62.5     59001300   0   2950      9599250
     7  0 1 109.69  5200.00 1   0.0 -61.3     69602950   0   3000     10601650
     8  0 1 109.69  5218.75 1   0.0 -58.8     89602700   0   2950     19999750
     9  0 1 109.69  5246.25 1   0.0 -57.5     99204300   0   3000      9601600
    10  0 1 109.69  5277.50 1   0.0 -56.6    109805600   0   3000     10601300
    11  0 1 109.69  5296.25 1   0.0 -55.3    120605600   0   3000     10800000
    12  0 1 109.69  5297.50 1   0.0 -54.1    129805400   0   2950      9199800
    13  0 1 109.69  5278.75 1   0.0 -53.1    139404550   0   3000      9599150
    14  0 1 109.69  5248.75 1   0.0 -51.9    150005400   0   3000     10600850
    15  0 1 109.69  5217.50 1   0.0 -50.6    160807500   0   2950     10802100
    16  0 1 109.69  5202.50 1   0.0 -49.7    170009500   0   2950      9202000
    17  0 1 109.69  5220.00 1   0.0 -47.5    190205650   0   3000     20196150
    18  0 1 109.69  5252.50 1   0.0 -46.6    201006750   0   2950     10801100
    19  0 1 109.69  5280.00 1   0.0 -45.6    210208850   0   3000      9202100
    20  0 1 109.69  5297.50 1   0.0 -44.4    219809600   0   3000      9600750
    21  0 1 109.69  5296.25 1   0.0 -43.4    230409350   0   3000     10599750
    22  0 1 109.69  5276.25 1   0.0 -42.5    241209450   0   3000     10800100
    23  0 1 109.69  5247.50 1   0.0 -41.6    250411750   0   2950      9202300
    24  0 1 109.69  5218.75 1   0.0 -40.9    260013850   0   2950      9602100
    25  0 1 109.69  5200.00 1   0.0 -40.0    270615300   0   2950     10601450
    26  0 1 109.69  5221.25 1   0.0 -38.4    290615900   0   3000     20000600
    27  0 1 109.69  5248.75 1   0.0 -37.5    300216900   0   2950      9601000
    28  0 1 109.69  5280.00 1   0.0 -36.9    310818450   0   2950     10601550
    29  0 1 109.69  5296.25 1   0.0 -36.3    321615950   0   2950     10797500
    30  0 1 109.69  5295.00 1   0.0 -35.6    330817500   0   2950      9201550
    31  0 1 109.69  5276.25 1   0.0 -35.0    340418650   0   3000      9601150
    32  0 1 109.69  5245.00 1   0.0 -34.4    351018750   0   3000     10600100
    33  0 1 109.69  5215.00 1   0.0 -33.8    361820400   0   2950     10801650
    34  0 1 109.69  5201.25 1   0.0 -33.4    371019750   0   3000      9199350
    35  0 1 109.69  5223.75 1   0.0 -32.5    391218300   0   2950     20198550
    36  0 1 109.69  5255.00 1   0.0 -31.9    402019450   0   2950     10801150
    37  0 1 109.69  5280.00 1   0.0 -31.6    411218600   0   2950      9199150
    38  0 1 109.69  5297.50 1   0.0 -31.3    420817100   0   2950      9598500
    39  0 1 109.69  5295.00 1   0.0 -30.9    431418900   0   3000     10601800
    40  0 1 109.69  5271.25 1   0.0 -30.6    442218200   0   2950     10799300
    41  0 1 109.69  5245.00 1   0.0 -30.6    451420000   0   3000      9201800
    42  0 1 109.69  5216.25 1   0.0 -30.3    461020150   0   3000      9600150
    43  0 1 109.69  5200.00 1   0.0 -30.3    471621800   0   3000     10601650
    44  0 1 109.69  5222.50 1   0.0 -30.0    491620350   0   3000     19998550
    45  0 1 109.69  5253.75 1   0.0 -30.0    501222000   0   2950      9601650
    46  0 1 109.69  5281.25 1   0.0 -30.0    511823300   0   2950     10601300
    47  0 1 109.69  5298.75 1   0.0 -30.0    522625550   0   3000     10802250
    48  0 1 109.69  5293.75 1   0.0 -30.3    531827250   0   2950      9201700
    49  0 1 109.69  5275.00 1   0.0 -30.3    541426600   0   3000      9599350
    50  0 1 109.69  5242.50 1   0.0 -30.6    552024350   0   3000     10597750
    51  0 1 109.69  5212.50 1   0.0 -30.6    562825300   0   2950     10800950
    52  0 1 109.69  5200.00 1   0.0 -30.9    572023600   0   3000      9198300
    53  0 1 109.69  5226.25 1   0.0 -31.6    592224900   0   2950     20201300
    54  0 1 109.69  5258.75 1   0.0 -31.9    603022400   0   2950     10797500
    55  0 1 109.69  5282.50 1   0.0 -32.5    612221750   0   2950      9199350
    56  0 1 109.69  5298.75 1   0.0 -32.8    621820900   0   2950      9599150
    57  0 1 109.69  5293.75 1   0.0 -33.4    632420100   0   2950     10599200
    58  0 1 109.69  5270.00 1   0.0 -33.8    643222400   0   2950     10802300
    59  0 1 109.69  5240.00 1   0.0 -34.4    652424450   0   2950      9202050
    60  0 1 109.69  5215.00 1   0.0 -35.0    662022050   0   3000      9597600
    61  0 1 109.69  5200.00 1   0.0 -35.6    672623600   0   3000     10601550
    62  0 1 109.69  5225.00 1   0.0 -36.9    692622650   0   2950     19999050
    63  0 1 109.69  5255.00 1   0.0 -37.5    702224950   0   2950      9602300
    64  0 1 109.69  5285.00 1   0.0 -38.4    712823050   0   2950     10598100
    65  0 1 109.69  5300.00 1   0.0 -39.1    723625500   0   2950     10802450
    66  0 1 109.69  5295.00 1   0.0 -40.0    732824700   0   2950      9199200
    67  0 1 109.69  5272.50 1   0.0 -40.9    742426800   0   3000      9602100
    68  0 1 109.69  5240.00 1   0.0 -41.6    753026100   0   3000     10599300
    69  0 1 109.69  5210.00 1   0.0 -42.5    763827450   0   3000     10801350
    70  0 1 109.69  5200.00 1   0.0 -43.4    773026650   0   3000      9199200
    71  0 1 109.69  5227.50 1   0.0 -45.6    793223800   0   3000     20197150
    72  0 1 109.69  5262.50 1   0.0 -46.6    804023550   0   2950     10799750
    73  0 1 109.69  5286.25 1   0.0 -47.5    813222850   0   3000      9199300
    74  0 1 109.69  5297.50 1   0.0 -48.4    822820600   0   2950      9597750
    75  0 1 109.69  5293.75 1   0.0 -49.7    833419750   0   2950     10599150
    76  0 1 109.69  5265.00 1   0.0 -50.6    844219850   0   3000     10800100
    77  0 1 109.69  5237.50 1   0.0 -51.9    853420450   0   3000      9200600
    78  0 1 109.69  5211.25 1   0.0 -53.1    863019700   0   3000      9599250
    79  0 1 109.69  5200.00 1   0.0 -54.1    873621700   0   3000     10602000
    80  0 1 109.69  5230.00 1   0.0 -56.6    893624650   0   2950     20002950
    81  0 1 109.69  5260.00 1   0.0 -57.5    903224650   0   3000      9600000
    82  0 1 109.69  5288.75 1   0.0 -58.8    913823000   0   3000     10598350
    83  0 1 109.69  5298.75 1   0.0 -60.0    924622500   0   3000     10799500
    84  0 1 109.69  5292.50 1   0.0 -61.3    933824300   0   3000      9201800
    85  0 1 109.69  5268.75 1   0.0 -62.5    943424250   0   2950      9599950
    86  0 1 109.69  5236.25 1   0.0 -63.8    954021850   0   3000     10597600
    87  0 1 109.69  5210.00 1   0.0 -65.0    964824050   0   2950     10802200
    88  0 1 109.69  5200.00 1   0.0 -66.3    974022350   0   3000      9198300
    89  0 1 109.69  5232.50 1   0.0 -68.8    994220700   0   3000     20198350
