    NO  S V  AOA    FREQ    B  FMOP  AMP      TOA      PMOP  PW         dTOA  
------ -- - ------ -------- - ----- ----- ------------ --- ------ ------------
     0  0 1  95.27 10001.50 2   0.0 -70.0            0   0   1200  42949673000
     1  0 1  94.22 10060.00 2   0.0 -67.5       970250   0   1000       970250
     2  0 1  95.62 10009.00 2   0.0 -65.0      1949900   0   1050       979650
     3  0 1  95.62  9967.00 2   0.0 -62.5      2940250   0   1000       990350
     4  0 1  94.92 10019.50 2   0.0 -60.0      3940100   0   1400       999850
     5  0 1  95.27 10036.00 2   0.0 -57.5      4950500   0   1250      1010400
     6  0 1  95.27  9946.00 2   0.0 -55.3      5970550   0   1200      1020050
     7  0 1  94.57  9991.00 2   0.0 -50.6      8040600   0   1150      2070050
     8  0 1  94.22 10027.00 2   0.0 -48.4      9010850   0   1300       970250
     9  0 1  95.62 10045.00 2   0.0 -46.6      9991250   0   1300       980400
    10  0 1  95.62  9961.00 2   0.0 -44.4     10981550   0   1100       990300
    11  0 1  94.22  9955.00 2   0.0 -42.5     11981050   0   1050       999500
    12  0 1  95.62  9994.00 2   0.0 -40.9     12990800   0   1100      1009750
    13  0 1  95.62 10036.00 2   0.0 -39.1     14010750   0   1200      1019950
    14  0 1  94.22  9967.00 2   0.0 -37.5     15041050   0   1350      1030300
    15  0 1  95.62  9943.00 2   0.0 -36.3     16081100   0   1350      1040050
    16  0 1  94.57  9983.50 2   0.0 -33.8     18031700   0   1050      1950600
    17  0 1  94.92  9977.50 2   0.0 -32.8     19021750   0    950       990050
    18  0 1  94.22  9988.00 2   0.0 -31.9     20021550   0    950       999800
    19  0 1  94.22 10028.50 2   0.0 -31.3     21031650   0   1250      1010100
    20  0 1  94.57  9976.00 2   0.0 -30.6     22051950   0   1250      1020300
    21  0 1  95.62  9982.00 2   0.0 -30.3     23082200   0   1350      1030250
    22  0 1  94.22 10010.50 2   0.0 -30.0     24121850   0   1100      1039650
    23  0 1  95.27 10009.00 2   0.0 -30.0     25091750   0   1250       969900
    24  0 1  94.22 10048.00 2   0.0 -30.0     26072150   0   1000       980400
    25  0 1  95.27  9991.00 2   0.0 -30.6     28062350   0   1000      1990200
    26  0 1  94.22 10039.00 2   0.0 -31.3     29071850   0   1050      1009500
    27  0 1  94.22  9982.00 2   0.0 -31.9     30091500   0   1050      1019650
    28  0 1  94.92 10028.50 2   0.0 -32.8     31121500   0   1000      1030000
    29  0 1  94.92  9967.00 2   0.0 -33.8     32161650   0   1050      1040150
    30  0 1  94.92  9943.00 2   0.0 -35.0     33132100   0   1100       970450
    31  0 1  94.57 10061.50 2   0.0 -36.3     34112250   0   1250       980150
    32  0 1  94.22  9928.00 2   0.0 -37.5     35102550   0   1050       990300
    33  0 1  94.92 10010.50 2   0.0 -39.1     36102250   0    950       999700
    34  0 1  95.62  9947.50 2   0.0 -42.5     38131550   0   1400      2029300
    35  0 1  94.57 10027.00 2   0.0 -44.4     39161750   0   1250      1030200
    36  0 1  94.92 10007.50 2   0.0 -46.6     40201350   0    950      1039600
    37  0 1  95.62 10030.00 2   0.0 -48.4     41171300   0   1200       969950
    38  0 1  95.27 10021.00 2   0.0 -50.6     42151500   0   1050       980200
    39  0 1  95.62  9961.00 2   0.0 -53.1     43141500   0   1000       990000
    40  0 1  95.62  9934.00 2   0.0 -55.3     44141800   0   1250      1000300
    41  0 1  94.92  9980.50 2   0.0 -57.5     45152050   0   1150      1010250
    42  0 1  94.92 10009.00 2   0.0 -60.0     46171950   0   1150      1019900
    43  0 1  95.27 10025.50 2   0.0 -65.0     48241350   0   1150      2069400
    44  0 1  94.22  9988.00 2   0.0 -67.5     49211700   0   1200       970350
