    NO  S V  AOA    FREQ    B  FMOP  AMP      TOA      PMOP  PW         dTOA  
------ -- - ------ -------- - ----- ----- ------------ --- ------ ------------
     0  0 1  94.92  9938.50 2   0.0 -67.5       970100   0   1300  42950643100
     1  0 1  95.27  9958.00 2   0.0 -65.0      1949650   0   1150       979550
     2  0 1  94.22  9956.50 2   0.0 -62.5      2939600   0   1050       989950
     3  0 1  95.27  9967.00 2   0.0 -60.0      3939450   0   1200       999850
     4  0 1  94.57  9979.00 2   0.0 -57.5      4949100   0   1050      1009650
     5  0 1  94.57 10009.00 2   0.0 -55.3      5969000   0   1150      1019900
     6  0 1  94.22 10037.50 2   0.0 -53.1      6998900   0   1200      1029900
     7  0 1  95.27  9976.00 2   0.0 -50.6      8038900   0   1350      1040000
     8  0 1  94.57  9994.00 2   0.0 -48.4      9008550   0   1200       969650
     9  0 1  94.57  9973.00 2   0.0 -44.4     10979150   0   1050      1970600
    10  0 1  94.57  9953.50 2   0.0 -42.5     11979550   0   1050      1000400
    11  0 1  94.57 10034.50 2   0.0 -40.9     12989100   0   1100      1009550
    12  0 1  94.22 10063.00 2   0.0 -39.1     14008800   0   1000      1019700
    13  0 1  94.92 10057.00 2   0.0 -37.5     15039100   0   1150      1030300
    14  0 1  95.62 10054.00 2   0.0 -36.3     16079250   0   1400      1040150
    15  0 1  95.27  9974.50 2   0.0 -35.0     17049350   0   1400       970100
    16  0 1  95.62 10042.00 2   0.0 -33.8     18029650   0   1100       980300
    17  0 1  95.27  9973.00 2   0.0 -32.8     19019750   0   1000       990100
    18  0 1  94.57 10018.00 2   0.0 -31.3     21030050   0   1000      2010300
    19  0 1  95.27 10063.00 2   0.0 -30.6     22049650   0   1150      1019600
    20  0 1  94.92 10042.00 2   0.0 -30.3     23079750   0   1250      1030100
    21  0 1  95.27 10045.00 2   0.0 -30.0     24119400   0   1050      1039650
    22  0 1  95.27 10018.00 2   0.0 -30.0     25089100   0   1000       969700
    23  0 1  95.27  9988.00 2   0.0 -30.0     26068600   0   1000       979500
    24  0 1  95.62  9932.50 2   0.0 -30.3     27058850   0   1250       990250
    25  0 1  94.92  9991.00 2   0.0 -30.6     28058500   0   1000       999650
    26  0 1  95.27  9943.00 2   0.0 -31.3     29068400   0   1250      1009900
    27  0 1  95.62  9959.50 2   0.0 -32.8     31118450   0   1400      2050050
    28  0 1  95.62 10000.00 2   0.0 -33.8     32158200   0   1250      1039750
    29  0 1  95.62 10051.00 2   0.0 -35.0     33128350   0   1250       970150
    30  0 1  94.57 10003.00 2   0.0 -36.3     34108700   0   1100       980350
    31  0 1  95.27 10043.50 2   0.0 -37.5     35098250   0   1350       989550
    32  0 1  95.27  9928.00 2   0.0 -39.1     36098600   0   1200      1000350
    33  0 1  94.22  9983.50 2   0.0 -40.9     37108300   0   1100      1009700
    34  0 1  94.92  9958.00 2   0.0 -42.5     38128300   0   1250      1020000
    35  0 1  94.22 10052.50 2   0.0 -44.4     39158500   0   1400      1030200
    36  0 1  95.27 10043.50 2   0.0 -48.4     41168450   0   1350      2009950
    37  0 1  94.57 10058.50 2   0.0 -50.6     42148800   0   1050       980350
    38  0 1  94.22  9971.50 2   0.0 -53.1     43138700   0   1200       989900
    39  0 1  95.27  9989.50 2   0.0 -55.3     44138600   0   1000       999900
    40  0 1  94.57 10063.00 2   0.0 -57.5     45148350   0   1150      1009750
    41  0 1  95.27 10034.50 2   0.0 -60.0     46168500   0   1350      1020150
    42  0 1  95.27 10018.00 2   0.0 -62.5     47198450   0    950      1029950
    43  0 1  94.57  9997.00 2   0.0 -65.0     48238250   0   1250      1039800
    44  0 1  95.62  9952.00 2   0.0 -67.5     49208150   0   1250       969900
