    NO  S V  AOA    FREQ    B  FMOP  AMP      TOA      PMOP  PW         dTOA  
------ -- - ------ -------- - ----- ----- ------------ --- ------ ------------
     0  0 1  95.62 10058.50 2   0.0 -70.0            0   0   1000  42949673000
     1  0 1  94.22 10045.00 2   0.0 -67.5       969600   0   1400       969600
     2  0 1  95.27 10058.50 2   0.0 -65.0      1949800   0   1300       980200
     3  0 1  95.27  9952.00 2   0.0 -62.5      2939300   0   1200       989500
     4  0 1  94.92 10034.50 2   0.0 -60.0      3939150   0   1000       999850
     5  0 1  94.22  9977.50 2   0.0 -55.3      5968900   0   1050      2029750
     6  0 1  95.62 10052.50 2   0.0 -53.1      6998950   0   1050      1030050
     7  0 1  95.62  9956.50 2   0.0 -50.6      8039250   0   1400      1040300
     8  0 1  94.22 10007.50 2   0.0 -48.4      9009000   0   1200       969750
     9  0 1  95.62 10009.00 2   0.0 -46.6      9988600   0   1250       979600
    10  0 1  94.92  9958.00 2   0.0 -44.4     10978250   0   1350       989650
    11  0 1  94.57 10060.00 2   0.0 -42.5     11978250   0   1400      1000000
    12  0 1  94.92  9941.50 2   0.0 -40.9     12988650   0   1300      1010400
    13  0 1  95.27  9974.50 2   0.0 -39.1     14008200   0   1150      1019550
    14  0 1  94.57  9980.50 2   0.0 -36.3     16078900   0    950      2070700
    15  0 1  94.57 10066.00 2   0.0 -35.0     17048500   0   1350       969600
    16  0 1  94.92  9949.00 2   0.0 -33.8     18028500   0   1300       980000
    17  0 1  94.22  9929.50 2   0.0 -32.8     19018650   0   1200       990150
    18  0 1  94.57 10025.50 2   0.0 -31.9     20018550   0    950       999900
    19  0 1  94.22  9998.50 2   0.0 -31.3     21028750   0    950      1010200
    20  0 1  95.62 10000.00 2   0.0 -30.6     22049000   0   1250      1020250
    21  0 1  94.57 10016.50 2   0.0 -30.3     23078550   0   1250      1029550
    22  0 1  94.92  9985.00 2   0.0 -30.0     24118550   0   1100      1040000
    23  0 1  94.22  9961.00 2   0.0 -30.0     26068300   0   1050      1949750
    24  0 1  94.92  9973.00 2   0.0 -30.3     27058350   0   1350       990050
    25  0 1  95.62  9998.50 2   0.0 -30.6     28058500   0   1050      1000150
    26  0 1  94.22  9928.00 2   0.0 -31.3     29068200   0   1150      1009700
    27  0 1  95.62 10040.50 2   0.0 -31.9     30088250   0   1400      1020050
    28  0 1  95.62  9979.00 2   0.0 -32.8     31117750   0   1300      1029500
    29  0 1  94.22 10064.50 2   0.0 -33.8     32157600   0   1000      1039850
    30  0 1  94.92  9958.00 2   0.0 -35.0     33127500   0   1150       969900
    31  0 1  94.57 10048.00 2   0.0 -36.3     34107000   0   1000       979500
    32  0 1  94.92 10055.50 2   0.0 -39.1     36097500   0   1100      1990500
    33  0 1  95.27  9953.50 2   0.0 -40.9     37107150   0   1300      1009650
    34  0 1  94.22  9982.00 2   0.0 -42.5     38126850   0   1400      1019700
    35  0 1  94.92  9955.00 2   0.0 -44.4     39156550   0   1150      1029700
    36  0 1  95.27 10051.00 2   0.0 -46.6     40197000   0    950      1040450
    37  0 1  95.62  9976.00 2   0.0 -48.4     41166850   0   1150       969850
    38  0 1  95.62  9979.00 2   0.0 -50.6     42146750   0   1050       979900
    39  0 1  94.22 10009.00 2   0.0 -53.1     43136300   0   1300       989550
    40  0 1  95.62 10066.00 2   0.0 -55.3     44136150   0   1000       999850
    41  0 1  94.22 10037.50 2   0.0 -60.0     46166850   0   1350      2030700
    42  0 1  95.27  9934.00 2   0.0 -62.5     47196800   0   1050      1029950
    43  0 1  94.92 10024.00 2   0.0 -65.0     48236500   0   1000      1039700
    44  0 1  94.57 10000.00 2   0.0 -67.5     49206100   0   1150       969600
