    NO  S V  AOA    FREQ    B  FMOP  AMP      TOA      PMOP  PW         dTOA  
------ -- - ------ -------- - ----- ----- ------------ --- ------ ------------
     0  0 1  94.92  5238.75 1   0.0 -70.0            0   0   2000  42949673000
     1  0 1  94.92  5240.00 1   0.0 -60.0     18799000   0   1950     18799000
     2  0 1  94.92  5253.75 1   0.0 -55.3     29397550   0   2000     10598550
     3  0 1  94.92  5252.50 1   0.0 -50.6     40197550   0   1950     10800000
     4  0 1  94.92  5245.00 1   0.0 -46.6     49397250   0   2000      9199700
     5  0 1  94.92  5261.25 1   0.0 -42.5     58996000   0   2000      9598750
     6  0 1  94.92  5237.50 1   0.0 -39.1     69593800   0   2000     10597800
     7  0 1  94.92  5256.25 1   0.0 -36.3     80394800   0   1950     10801000
     8  0 1  94.92  5265.00 1   0.0 -33.8     89595250   0   1950      9200450
     9  0 1  94.92  5253.75 1   0.0 -31.9     99196650   0   1950      9601400
    10  0 1  94.92  5265.00 1   0.0 -30.0    120597300   0   1950     21400650
    11  0 1  94.92  5260.00 1   0.0 -30.0    129795850   0   1950      9198550
    12  0 1  94.92  5235.00 1   0.0 -30.6    139395650   0   1950      9599800
    13  0 1  94.92  5257.50 1   0.0 -31.9    149994400   0   2000     10598750
    14  0 1  94.92  5240.00 1   0.0 -33.8    160793350   0   2000     10798950
    15  0 1  94.92  5241.25 1   0.0 -36.3    169992300   0   2000      9198950
    16  0 1  94.92  5231.25 1   0.0 -39.1    179592100   0   1950      9599800
    17  0 1  94.92  5263.75 1   0.0 -42.5    190191550   0   2000     10599450
    18  0 1  94.92  5258.75 1   0.0 -46.6    200992550   0   2000     10801000
    19  0 1  94.92  5255.00 1   0.0 -55.3    219790800   0   2000     18798250
    20  0 1  94.92  5267.50 1   0.0 -60.0    230388950   0   2000     10598150
    21  0 1  94.92  5246.25 1   0.0 -65.0    241187200   0   1950     10798250
