    NO  S V  AOA    FREQ    B  FMOP  AMP      TOA      PMOP  PW         dTOA  
------ -- - ------ -------- - ----- ----- ------------ --- ------ ------------
     0  0 1  94.92  5265.00 1   0.0 -70.0            0   0   2000  42949673000
     1  0 1  94.92  5242.50 1   0.0 -65.0      9199250   0   1950      9199250
     2  0 1  94.92  5232.50 1   0.0 -60.0     18798150   0   1950      9598900
     3  0 1  94.92  5235.00 1   0.0 -55.3     29397300   0   2000     10599150
     4  0 1  94.92  5255.00 1   0.0 -50.6     40198900   0   1950     10801600
     5  0 1  94.92  5231.25 1   0.0 -46.6     49399600   0   1950      9200700
     6  0 1  94.92  5261.25 1   0.0 -42.5     58997500   0   2000      9597900
     7  0 1  94.92  5233.75 1   0.0 -39.1     69596300   0   1950     10598800
     8  0 1  94.92  5231.25 1   0.0 -33.8     89596050   0   2000     19999750
     9  0 1  94.92  5270.00 1   0.0 -31.9     99197900   0   1950      9601850
    10  0 1  94.92  5262.50 1   0.0 -30.6    109798000   0   2000     10600100
    11  0 1  94.92  5248.75 1   0.0 -30.0    120597600   0   1950     10799600
    12  0 1  94.92  5230.00 1   0.0 -30.0    129796800   0   2000      9199200
    13  0 1  94.92  5238.75 1   0.0 -30.6    139395450   0   1950      9598650
    14  0 1  94.92  5255.00 1   0.0 -31.9    149994650   0   1950     10599200
    15  0 1  94.92  5250.00 1   0.0 -33.8    160792550   0   2000     10797900
    16  0 1  94.92  5250.00 1   0.0 -36.3    169992500   0   1950      9199950
    17  0 1  94.92  5240.00 1   0.0 -42.5    190191900   0   2000     20199400
    18  0 1  94.92  5251.25 1   0.0 -46.6    200991050   0   2000     10799150
    19  0 1  94.92  5240.00 1   0.0 -50.6    210190550   0   1950      9199500
    20  0 1  94.92  5238.75 1   0.0 -55.3    219790400   0   2000      9599850
    21  0 1  94.92  5240.00 1   0.0 -60.0    230392700   0   1950     10602300
    22  0 1  94.92  5250.00 1   0.0 -65.0    241192750   0   1950     10800050
