    NO  S V  AOA    FREQ    B  FMOP  AMP      TOA      PMOP  PW         dTOA  
------ -- - ------ -------- - ----- ----- ------------ --- ------ ------------
     0  0 1  94.92  5235.00 1   0.0 -70.0            0   0   1950  42949673000
     1  0 1  94.92  5265.00 1   0.0 -65.0      9197800   0   2000      9197800
     2  0 1  94.92  5242.50 1   0.0 -60.0     18799700   0   1950      9601900
     3  0 1  94.92  5233.75 1   0.0 -55.3     29398350   0   2000     10598650
     4  0 1  94.92  5255.00 1   0.0 -50.6     40197150   0   1950     10798800
     5  0 1  94.92  5255.00 1   0.0 -46.6     49397950   0   2000      9200800
     6  0 1  94.92  5245.00 1   0.0 -39.1     69596000   0   1950     20198050
     7  0 1  94.92  5237.50 1   0.0 -36.3     80393750   0   2000     10797750
     8  0 1  94.92  5241.25 1   0.0 -33.8     89591400   0   2000      9197650
     9  0 1  94.92  5265.00 1   0.0 -31.9     99193100   0   1950      9601700
    10  0 1  94.92  5235.00 1   0.0 -30.6    109795100   0   1950     10602000
    11  0 1  94.92  5266.25 1   0.0 -30.0    120592950   0   1950     10797850
    12  0 1  94.92  5251.25 1   0.0 -30.0    129792750   0   1950      9199800
    13  0 1  94.92  5240.00 1   0.0 -30.6    139390900   0   2000      9598150
    14  0 1  94.92  5233.75 1   0.0 -31.9    149992950   0   2000     10602050
    15  0 1  94.92  5260.00 1   0.0 -36.3    169991500   0   1950     19998550
    16  0 1  94.92  5248.75 1   0.0 -39.1    179592950   0   2000      9601450
    17  0 1  94.92  5243.75 1   0.0 -42.5    190190900   0   1950     10597950
    18  0 1  94.92  5250.00 1   0.0 -46.6    200993250   0   1950     10802350
    19  0 1  94.92  5230.00 1   0.0 -50.6    210192700   0   1950      9199450
    20  0 1  94.92  5245.00 1   0.0 -55.3    219794800   0   1950      9602100
    21  0 1  94.92  5237.50 1   0.0 -60.0    230392950   0   1950     10598150
    22  0 1  94.92  5265.00 1   0.0 -65.0    241193000   0   1950     10800050
