    NO  S V  AOA    FREQ    B  FMOP  AMP      TOA      PMOP  PW         dTOA  
------ -- - ------ -------- - ----- ----- ------------ --- ------ ------------
     0  0 1  94.92  5230.00 1   0.0 -70.0            0   0   1950  42949673000
     1  0 1  94.92  5245.00 1   0.0 -65.0      9198500   0   1950      9198500
     2  0 1  94.92  5260.00 1   0.0 -60.0     18799600   0   1950      9601100
     3  0 1  94.92  5265.00 1   0.0 -55.3     29399850   0   1950     10600250
     4  0 1  94.92  5246.25 1   0.0 -50.6     40201100   0   2000     10801250
     5  0 1  94.92  5260.00 1   0.0 -46.6     49401000   0   1950      9199900
     6  0 1  94.92  5233.75 1   0.0 -42.5     59001850   0   2000      9600850
     7  0 1  94.92  5251.25 1   0.0 -36.3     80399600   0   1950     21397750
     8  0 1  94.92  5253.75 1   0.0 -33.8     89597150   0   1950      9197550
     9  0 1  94.92  5250.00 1   0.0 -31.9     99199200   0   2000      9602050
    10  0 1  94.92  5240.00 1   0.0 -30.6    109798000   0   2000     10598800
    11  0 1  94.92  5237.50 1   0.0 -30.0    120595850   0   1950     10797850
    12  0 1  94.92  5257.50 1   0.0 -30.0    129797500   0   1950      9201650
    13  0 1  94.92  5228.75 1   0.0 -30.6    139397400   0   1950      9599900
    14  0 1  94.92  5235.00 1   0.0 -31.9    149995350   0   1950     10597950
    15  0 1  94.92  5245.00 1   0.0 -33.8    160797200   0   2000     10801850
    16  0 1  94.92  5240.00 1   0.0 -39.1    179597000   0   2000     18799800
    17  0 1  94.92  5258.75 1   0.0 -42.5    190198400   0   2000     10601400
    18  0 1  94.92  5238.75 1   0.0 -46.6    200996000   0   2000     10797600
    19  0 1  94.92  5248.75 1   0.0 -50.6    210196800   0   1950      9200800
    20  0 1  94.92  5250.00 1   0.0 -55.3    219794350   0   1950      9597550
    21  0 1  94.92  5257.50 1   0.0 -60.0    230392500   0   2000     10598150
    22  0 1  94.92  5247.50 1   0.0 -65.0    241190200   0   1950     10797700
