    NO  S V  AOA    FREQ    B  FMOP  AMP      TOA      PMOP  PW         dTOA  
------ -- - ------ -------- - ----- ----- ------------ --- ------ ------------
     0  0 1  95.62  9979.00 2   0.0 -69.4       999750   0   1400  42950672750
     1  0 1  94.92  9979.00 2   0.0 -68.8      2045300   0   1700      1045550
     2  0 1  95.62  9979.00 2   0.0 -68.1      3134150   0   1700      1088850
     3  0 1  94.92  9979.00 2   0.0 -67.5      4258300   0   1400      1124150
     4  0 1  95.62 10019.50 2   0.0 -66.9      5403550   0   1500      1145250
     5  0 1  95.27 10021.00 2   0.0 -66.3      6551400   0   1600      1147850
     6  0 1  94.22 10019.50 2   0.0 -65.6      7683550   0   1750      1132150
     7  0 1  95.62 10019.50 2   0.0 -65.0      8782600   0   1550      1099050
     8  0 1  94.92 10018.00 2   0.0 -64.4      9837500   0   1500      1054900
     9  0 1  94.22 10018.00 2   0.0 -63.1     11804450   0   1450      1966950
    10  0 1  95.62 10018.00 2   0.0 -62.5     12723050   0   1400       918600
    11  0 1  95.62 10018.00 2   0.0 -61.9     13608950   0   1750       885900
    12  0 1  94.92 10019.50 2   0.0 -61.3     14472750   0   1500       863800
    13  0 1  94.57  9998.50 2   0.0 -60.6     15325150   0   1500       852400
    14  0 1  95.27  9998.50 2   0.0 -60.0     16174650   0   1800       849500
    15  0 1  94.92 10000.00 2   0.0 -59.4     17034200   0   1500       859550
    16  0 1  94.57 10000.00 2   0.0 -58.8     17912750   0   1350       878550
    17  0 1  95.27 10000.00 2   0.0 -58.1     18820400   0   1750       907650
    18  0 1  94.22  9970.00 2   0.0 -57.2     20754050   0   1550      1933650
    19  0 1  95.62  9970.00 2   0.0 -56.6     21789350   0   1800      1035300
    20  0 1  95.62  9970.00 2   0.0 -55.9     22868600   0   1450      1079250
    21  0 1  95.62  9970.00 2   0.0 -55.3     23985400   0   1500      1116800
    22  0 1  95.62  9958.00 2   0.0 -54.7     25127550   0   1550      1142150
    23  0 1  94.92  9961.00 2   0.0 -54.1     26276450   0   1400      1148900
    24  0 1  94.92  9961.00 2   0.0 -53.4     27414200   0   1600      1137750
    25  0 1  95.27  9958.00 2   0.0 -53.1     28522150   0   1550      1107950
    26  0 1  94.57  9959.50 2   0.0 -52.5     29589300   0   1550      1067150
    27  0 1  94.92  9979.00 2   0.0 -51.3     31580000   0   1600      1990700
    28  0 1  94.57  9979.00 2   0.0 -50.6     32508400   0   1500       928400
    29  0 1  94.22  9980.50 2   0.0 -50.3     33401650   0   1400       893250
    30  0 1  94.57  9979.00 2   0.0 -49.7     34269250   0   1450       867600
    31  0 1  94.57 10000.00 2   0.0 -49.1     35121950   0   1800       852700
    32  0 1  95.27  9998.50 2   0.0 -48.4     35971950   0   1400       850000
    33  0 1  94.57 10000.00 2   0.0 -48.1     36828300   0   1550       856350
    34  0 1  95.62  9998.50 2   0.0 -47.5     37702350   0   1400       874050
    35  0 1  94.22  9998.50 2   0.0 -46.9     38601950   0   1450       899600
    36  0 1  94.92  9970.00 2   0.0 -45.9     40516650   0   1650      1914700
    37  0 1  94.92  9970.00 2   0.0 -45.6     41540550   0   1450      1023900
    38  0 1  94.92  9968.50 2   0.0 -45.0     42609800   0   1450      1069250
    39  0 1  94.57  9968.50 2   0.0 -44.4     43719150   0   1650      1109350
    40  0 1  94.22 10030.00 2   0.0 -44.1     44857250   0   1600      1138100
    41  0 1  95.62 10030.00 2   0.0 -43.4     46006100   0   1550      1148850
    42  0 1  94.57 10028.50 2   0.0 -43.1     47148000   0   1600      1141900
    43  0 1  94.22 10030.00 2   0.0 -42.5     48264750   0   1600      1116750
    44  0 1  94.22 10030.00 2   0.0 -42.2     49341900   0   1600      1077150
    45  0 1  94.22 10049.50 2   0.0 -41.3     51354300   0   1350      2012400
    46  0 1  95.27 10049.50 2   0.0 -40.9     52292450   0   1550       938150
    47  0 1  94.22 10049.50 2   0.0 -40.3     53193150   0   1750       900700
    48  0 1  94.57 10048.00 2   0.0 -40.0     54065750   0   1800       872600
    49  0 1  94.92 10028.50 2   0.0 -39.7     54922200   0   1700       856450
    50  0 1  94.57 10030.00 2   0.0 -39.1     55772350   0   1600       850150
    51  0 1  95.27 10030.00 2   0.0 -38.8     56626750   0   1450       854400
    52  0 1  94.92 10030.00 2   0.0 -38.4     57496100   0   1700       869350
    53  0 1  95.27 10028.50 2   0.0 -38.1     58388700   0   1550       892600
    54  0 1  95.62  9980.50 2   0.0 -37.2     60282750   0   1700      1894050
    55  0 1  94.57  9980.50 2   0.0 -36.9     61295700   0   1650      1012950
    56  0 1  95.27  9979.00 2   0.0 -36.6     62354300   0   1650      1058600
    57  0 1  94.57  9979.00 2   0.0 -36.3     63455250   0   1450      1100950
    58  0 1  94.22 10019.50 2   0.0 -35.9     64587000   0   1700      1131750
    59  0 1  94.92 10021.00 2   0.0 -35.6     65734700   0   1650      1147700
    60  0 1  95.27 10019.50 2   0.0 -35.3     66880500   0   1450      1145800
    61  0 1  94.57 10021.00 2   0.0 -35.0     68004200   0   1350      1123700
    62  0 1  95.62 10021.00 2   0.0 -34.7     69091750   0   1800      1087550
    63  0 1  94.92 10021.00 2   0.0 -34.1     71126550   0   1550      2034800
    64  0 1  94.57 10019.50 2   0.0 -33.8     72074450   0   1600       947900
    65  0 1  95.62 10018.00 2   0.0 -33.4     72983900   0   1750       909450
    66  0 1  95.27 10021.00 2   0.0 -33.4     73862750   0   1400       878850
    67  0 1  94.22  9998.50 2   0.0 -33.1     74721550   0   1350       858800
    68  0 1  95.62 10000.00 2   0.0 -32.8     75571450   0   1550       849900
    69  0 1  94.57 10000.00 2   0.0 -32.5     76423750   0   1350       852300
    70  0 1  94.92 10000.00 2   0.0 -32.5     77287300   0   1650       863550
    71  0 1  94.22 10000.00 2   0.0 -32.2     78173800   0   1800       886500
    72  0 1  95.27  9970.00 2   0.0 -31.9     80049250   0   1650      1875450
    73  0 1  94.22  9970.00 2   0.0 -31.6     81051200   0   1800      1001950
    74  0 1  95.62  9970.00 2   0.0 -31.6     82099050   0   1500      1047850
    75  0 1  95.62  9970.00 2   0.0 -31.3     83190200   0   1750      1091150
    76  0 1  94.22  9958.00 2   0.0 -31.3     84316200   0   1400      1126000
    77  0 1  94.92  9958.00 2   0.0 -30.9     85462600   0   1750      1146400
    78  0 1  95.62  9961.00 2   0.0 -30.9     86610300   0   1450      1147700
    79  0 1  94.57  9961.00 2   0.0 -30.6     87741200   0   1750      1130900
    80  0 1  95.27  9959.50 2   0.0 -30.6     88838500   0   1700      1097300
    81  0 1  94.57  9980.50 2   0.0 -30.3     90896850   0   1700      2058350
    82  0 1  94.57  9979.00 2   0.0 -30.3     91855150   0   1650       958300
    83  0 1  95.62  9979.00 2   0.0 -30.3     92771950   0   1400       916800
    84  0 1  95.27  9980.50 2   0.0 -30.3     93656550   0   1500       884600
    85  0 1  94.22 10000.00 2   0.0 -30.0     94519850   0   1550       863300
    86  0 1  94.22  9998.50 2   0.0 -30.0     95371050   0   1350       851200
    87  0 1  95.62  9998.50 2   0.0 -30.0     96222200   0   1800       851150
    88  0 1  95.27  9998.50 2   0.0 -30.0     97082300   0   1450       860100
    89  0 1  94.22 10000.00 2   0.0 -30.0     97962050   0   1400       879750
    90  0 1  94.92  9970.00 2   0.0 -30.0     99818900   0   1550      1856850
    91  0 1  95.62  9970.00 2   0.0 -30.0    100810050   0   1400       991150
    92  0 1  94.92  9970.00 2   0.0 -30.0    101846950   0   1400      1036900
    93  0 1  94.22  9968.50 2   0.0 -30.0    102929350   0   1350      1082400
    94  0 1  95.27 10028.50 2   0.0 -30.0    104048650   0   1350      1119300
    95  0 1  94.92 10028.50 2   0.0 -30.3    105191750   0   1400      1143100
    96  0 1  95.62 10030.00 2   0.0 -30.3    106340800   0   1750      1149050
    97  0 1  95.27 10030.00 2   0.0 -30.3    107476750   0   1750      1135950
    98  0 1  94.22 10030.00 2   0.0 -30.3    108582550   0   1550      1105800
    99  0 1  94.57 10048.00 2   0.0 -30.6    110662600   0   1400      2080050
   100  0 1  94.57 10048.00 2   0.0 -30.6    111632000   0   1600       969400
   101  0 1  95.62 10048.00 2   0.0 -30.9    112557750   0   1650       925750
   102  0 1  95.62 10049.50 2   0.0 -30.9    113450000   0   1450       892250
   103  0 1  94.57 10030.00 2   0.0 -31.3    114317300   0   1500       867300
   104  0 1  94.22 10030.00 2   0.0 -31.3    115170750   0   1350       853450
   105  0 1  94.57 10030.00 2   0.0 -31.6    116020700   0   1800       849950
   106  0 1  95.27 10028.50 2   0.0 -31.6    116877900   0   1550       857200
   107  0 1  95.27 10028.50 2   0.0 -31.9    117752700   0   1800       874800
   108  0 1  94.57  9980.50 2   0.0 -32.2    119592550   0   1700      1839850
   109  0 1  95.27  9979.00 2   0.0 -32.5    120572950   0   1650       980400
   110  0 1  95.27  9979.00 2   0.0 -32.5    121599200   0   1800      1026250
   111  0 1  95.27  9980.50 2   0.0 -32.8    122671250   0   1750      1072050
   112  0 1  94.92 10018.00 2   0.0 -33.1    123782250   0   1450      1111000
   113  0 1  94.57 10018.00 2   0.0 -33.4    124921500   0   1450      1139250
   114  0 1  94.57 10019.50 2   0.0 -33.4    126070150   0   1650      1148650
   115  0 1  94.22 10019.50 2   0.0 -33.8    127210650   0   1600      1140500
   116  0 1  95.27 10019.50 2   0.0 -34.1    128325200   0   1400      1114550
   117  0 1  94.22 10021.00 2   0.0 -34.7    130428050   0   1350      2102850
   118  0 1  95.62 10021.00 2   0.0 -35.0    131407150   0   1400       979100
   119  0 1  94.57 10021.00 2   0.0 -35.3    132342550   0   1750       935400
   120  0 1  94.92 10021.00 2   0.0 -35.6    133241850   0   1400       899300
   121  0 1  95.27 10000.00 2   0.0 -35.9    134113600   0   1550       871750
   122  0 1  94.92 10000.00 2   0.0 -36.3    134968550   0   1650       854950
   123  0 1  95.62 10000.00 2   0.0 -36.6    135818100   0   1650       849550
   124  0 1  94.57 10000.00 2   0.0 -36.9    136672050   0   1700       853950
   125  0 1  95.27  9998.50 2   0.0 -37.2    137541550   0   1750       869500
   126  0 1  95.62  9968.50 2   0.0 -38.1    139365050   0   1450      1823500
   127  0 1  95.62  9968.50 2   0.0 -38.4    140335150   0   1350       970100
   128  0 1  95.27  9970.00 2   0.0 -38.8    141350600   0   1550      1015450
   129  0 1  94.22  9970.00 2   0.0 -39.1    142412050   0   1500      1061450
   130  0 1  94.57  9958.00 2   0.0 -39.7    143515150   0   1400      1103100
   131  0 1  94.92  9961.00 2   0.0 -40.0    144647900   0   1550      1132750
   132  0 1  95.62  9961.00 2   0.0 -40.3    145796750   0   1350      1148850
   133  0 1  95.62  9961.00 2   0.0 -40.9    146941350   0   1450      1144600
   134  0 1  94.92  9959.50 2   0.0 -41.3    148063700   0   1500      1122350
   135  0 1  95.62  9979.00 2   0.0 -42.2    150188300   0   1550      2124600
   136  0 1  94.92  9979.00 2   0.0 -42.5    151178900   0   1550       990600
   137  0 1  94.92  9979.00 2   0.0 -43.1    152123800   0   1500       944900
   138  0 1  94.57  9979.00 2   0.0 -43.4    153030950   0   1400       907150
   139  0 1  94.57 10000.00 2   0.0 -44.1    153908350   0   1500       877400
   140  0 1  94.92  9998.50 2   0.0 -44.4    154766600   0   1700       858250
   141  0 1  95.27  9998.50 2   0.0 -45.0    155616250   0   1550       849650
   142  0 1  94.57  9998.50 2   0.0 -45.6    156468650   0   1400       852400
   143  0 1  94.92  9998.50 2   0.0 -45.9    157333150   0   1800       864500
   144  0 1  94.92  9968.50 2   0.0 -46.9    159141450   0   1500      1808300
   145  0 1  94.92  9970.00 2   0.0 -47.5    160101000   0   1600       959550
   146  0 1  94.22  9970.00 2   0.0 -48.1    161104600   0   1700      1003600
   147  0 1  94.57  9970.00 2   0.0 -48.4    162155150   0   1400      1050550
   148  0 1  95.62 10030.00 2   0.0 -49.1    163247650   0   1750      1092500
   149  0 1  94.22 10028.50 2   0.0 -49.7    164374300   0   1350      1126650
   150  0 1  94.22 10030.00 2   0.0 -50.3    165521300   0   1350      1147000
   151  0 1  94.22 10030.00 2   0.0 -50.6    166668450   0   1500      1147150
   152  0 1  95.62 10028.50 2   0.0 -51.3    167797550   0   1500      1129100
   153  0 1  95.27 10051.00 2   0.0 -52.5    169943400   0   1450      2145850
   154  0 1  94.92 10048.00 2   0.0 -53.1    170945350   0   1450      1001950
   155  0 1  94.92 10051.00 2   0.0 -53.4    171901650   0   1450       956300
   156  0 1  94.22 10049.50 2   0.0 -54.1    172816800   0   1700       915150
   157  0 1  94.92 10030.00 2   0.0 -54.7    173700000   0   1450       883200
   158  0 1  95.62 10028.50 2   0.0 -55.3    174562300   0   1450       862300
   159  0 1  95.62 10028.50 2   0.0 -55.9    175412800   0   1450       850500
   160  0 1  95.62 10030.00 2   0.0 -56.6    176263350   0   1750       850550
   161  0 1  94.57 10028.50 2   0.0 -57.2    177124550   0   1500       861200
   162  0 1  94.22  9979.00 2   0.0 -58.1    178918300   0   1400      1793750
   163  0 1  95.27  9980.50 2   0.0 -58.8    179867650   0   1600       949350
   164  0 1  94.22  9979.00 2   0.0 -59.4    180860400   0   1700       992750
   165  0 1  95.62  9980.50 2   0.0 -60.0    181900550   0   1500      1040150
   166  0 1  94.57 10018.00 2   0.0 -60.6    182984750   0   1450      1084200
   167  0 1  94.92 10021.00 2   0.0 -61.3    184104350   0   1350      1119600
   168  0 1  95.62 10018.00 2   0.0 -61.9    185248400   0   1350      1144050
   169  0 1  94.57 10019.50 2   0.0 -62.5    186397300   0   1800      1148900
   170  0 1  95.62 10019.50 2   0.0 -63.1    187532250   0   1650      1134950
   171  0 1  95.62 10019.50 2   0.0 -64.4    189698750   0   1600      2166500
   172  0 1  95.27 10018.00 2   0.0 -65.0    190713150   0   1550      1014400
   173  0 1  95.62 10018.00 2   0.0 -65.6    191679150   0   1400       966000
   174  0 1  94.57 10019.50 2   0.0 -66.3    192603600   0   1600       924450
   175  0 1  94.22  9998.50 2   0.0 -66.9    193493100   0   1700       889500
   176  0 1  94.57  9998.50 2   0.0 -67.5    194358800   0   1450       865700
   177  0 1  94.92  9998.50 2   0.0 -68.1    195211500   0   1750       852700
   178  0 1  94.92 10000.00 2   0.0 -68.8    196061000   0   1800       849500
   179  0 1  95.62 10000.00 2   0.0 -69.4    196919150   0   1650       858150
