    NO  S V  AOA    FREQ    B  FMOP  AMP      TOA      PMOP  PW         dTOA  
------ -- - ------ -------- - ----- ----- ------------ --- ------ ------------
     0  0 1  94.92 10094.50 2   0.0 -70.0            0   0   1800  42949673000
     1  0 1  95.27 10021.00 2   0.0 -68.8      1009600   0   1600      1009600
     2  0 1  95.62 10021.00 2   0.0 -67.5      2029600   0   1800      1020000
     3  0 1  94.92  9961.00 2   0.0 -66.3      3059300   0   1800      1029700
     4  0 1  94.22 10078.00 2   0.0 -65.0      4099000   0   1500      1039700
     5  0 1  95.62 10115.50 2   0.0 -63.8      5149200   0   1700      1050200
     6  0 1  95.27  9952.00 2   0.0 -62.5      6208950   0   1450      1059750
     7  0 1  94.57  9926.50 2   0.0 -61.3      7279100   0   1650      1070150
     8  0 1  94.22  9907.00 2   0.0 -60.0      8359300   0   1450      1080200
     9  0 1  95.62 10070.50 2   0.0 -57.5     10549200   0   1500      2189900
    10  0 1  95.62  9985.00 2   0.0 -56.6     11459000   0   1450       909800
    11  0 1  95.27 10027.00 2   0.0 -55.3     12379150   0   1500       920150
    12  0 1  94.57 10039.00 2   0.0 -54.1     13308800   0   1450       929650
    13  0 1  94.22 10025.50 2   0.0 -53.1     14248400   0   1450       939600
    14  0 1  94.57  9979.00 2   0.0 -51.9     15198000   0   1600       949600
    15  0 1  94.22  9989.50 2   0.0 -50.6     16158200   0   1400       960200
    16  0 1  94.92 10030.00 2   0.0 -49.7     17128500   0   1400       970300
    17  0 1  94.22 10012.00 2   0.0 -48.4     18108050   0   1450       979550
    18  0 1  94.57 10012.00 2   0.0 -46.6     20097950   0   1700      1989900
    19  0 1  94.57 10072.00 2   0.0 -45.6     21108050   0   1700      1010100
    20  0 1  94.92  9929.50 2   0.0 -44.4     22128000   0   1500      1019950
    21  0 1  95.62 10094.50 2   0.0 -43.4     23157500   0   1500      1029500
    22  0 1  95.27  9988.00 2   0.0 -42.5     24197900   0   1350      1040400
    23  0 1  95.27  9964.00 2   0.0 -41.6     25247550   0   1350      1049650
    24  0 1  94.57  9970.00 2   0.0 -40.9     26307850   0   1400      1060300
    25  0 1  94.92  9985.00 2   0.0 -40.0     27377950   0   1450      1070100
    26  0 1  95.62  9998.50 2   0.0 -39.1     28458250   0   1600      1080300
    27  0 1  94.92  9901.00 2   0.0 -37.5     30648300   0   1550      2190050
    28  0 1  95.27  9886.00 2   0.0 -36.9     31557900   0   1550       909600
    29  0 1  95.27 10099.00 2   0.0 -36.3     32478350   0   1800       920450
    30  0 1  94.92 10114.00 2   0.0 -35.6     33407950   0   1500       929600
    31  0 1  95.62 10003.00 2   0.0 -35.0     34348400   0   1450       940450
    32  0 1  95.62 10108.00 2   0.0 -34.4     35298550   0   1600       950150
    33  0 1  95.62  9965.50 2   0.0 -33.8     36258550   0   1750       960000
    34  0 1  95.27  9892.00 2   0.0 -33.4     37228950   0   1500       970400
    35  0 1  94.57  9898.00 2   0.0 -32.8     38208800   0   1500       979850
    36  0 1  94.92 10045.00 2   0.0 -31.9     40198050   0   1500      1989250
    37  0 1  95.27  9923.50 2   0.0 -31.6     41207800   0   1600      1009750
    38  0 1  95.62  9998.50 2   0.0 -31.3     42227300   0   1650      1019500
    39  0 1  94.22  9901.00 2   0.0 -30.9     43257350   0   1400      1030050
    40  0 1  95.27 10123.00 2   0.0 -30.6     44297800   0   1600      1040450
    41  0 1  95.62  9901.00 2   0.0 -30.6     45347400   0   1700      1049600
    42  0 1  95.62  9983.50 2   0.0 -30.3     46407850   0   1750      1060450
    43  0 1  95.62  9913.00 2   0.0 -30.3     47477550   0   1350      1069700
    44  0 1  95.62  9955.00 2   0.0 -30.0     48557700   0   1400      1080150
    45  0 1  94.92 10094.50 2   0.0 -30.0     50748100   0   1650      2190400
    46  0 1  94.92 10042.00 2   0.0 -30.0     51658300   0   1600       910200
    47  0 1  94.22  9976.00 2   0.0 -30.0     52578150   0   1450       919850
    48  0 1  95.27  9877.00 2   0.0 -30.3     53507750   0   1750       929600
    49  0 1  94.22 10075.00 2   0.0 -30.3     54448050   0   1700       940300
    50  0 1  94.57 10031.50 2   0.0 -30.6     55397800   0   1450       949750
    51  0 1  95.62 10121.50 2   0.0 -30.6     56357550   0   1750       959750
    52  0 1  95.27 10057.00 2   0.0 -30.9     57327050   0   1450       969500
    53  0 1  94.92  9926.50 2   0.0 -31.3     58307200   0   1800       980150
    54  0 1  94.57  9934.00 2   0.0 -31.9     60297450   0   1750      1990250
    55  0 1  95.62  9991.00 2   0.0 -32.5     61307150   0   1800      1009700
    56  0 1  94.57  9970.00 2   0.0 -32.8     62326650   0   1400      1019500
    57  0 1  94.22  9973.00 2   0.0 -33.4     63356250   0   1750      1029600
    58  0 1  95.62  9901.00 2   0.0 -33.8     64396600   0   1550      1040350
    59  0 1  94.92 10087.00 2   0.0 -34.4     65446200   0   1700      1049600
    60  0 1  94.92 10069.00 2   0.0 -35.0     66505850   0   1650      1059650
    61  0 1  95.27  9953.50 2   0.0 -35.6     67576000   0   1600      1070150
    62  0 1  94.22  9928.00 2   0.0 -36.3     68656250   0   1650      1080250
    63  0 1  95.62 10091.50 2   0.0 -37.5     70845800   0   1700      2189550
    64  0 1  95.62 10027.00 2   0.0 -38.4     71755950   0   1700       910150
    65  0 1  94.92  9997.00 2   0.0 -39.1     72675950   0   1500       920000
    66  0 1  95.62  9970.00 2   0.0 -40.0     73606100   0   1350       930150
    67  0 1  94.22  9886.00 2   0.0 -40.9     74545850   0   1450       939750
    68  0 1  95.27  9931.00 2   0.0 -41.6     75495400   0   1350       949550
    69  0 1  94.57  9959.50 2   0.0 -42.5     76455000   0   1800       959600
    70  0 1  94.57 10036.00 2   0.0 -43.4     77424950   0   1550       969950
    71  0 1  94.92  9931.00 2   0.0 -44.4     78404600   0   1750       979650
    72  0 1  95.62  9928.00 2   0.0 -46.6     80394550   0   1350      1989950
    73  0 1  94.57  9874.00 2   0.0 -47.5     81404200   0   1400      1009650
    74  0 1  94.22  9968.50 2   0.0 -48.4     82423850   0   1500      1019650
    75  0 1  94.57  9952.00 2   0.0 -49.7     83454250   0   1450      1030400
    76  0 1  94.22  9952.00 2   0.0 -50.6     84494500   0   1350      1040250
    77  0 1  95.27  9875.50 2   0.0 -51.9     85544700   0   1650      1050200
    78  0 1  94.92  9904.00 2   0.0 -53.1     86604900   0   1750      1060200
    79  0 1  94.92  9949.00 2   0.0 -54.1     87675300   0   1350      1070400
    80  0 1  94.22  9994.00 2   0.0 -55.3     88754850   0   1750      1079550
    81  0 1  94.92  9938.50 2   0.0 -57.5     90944800   0   1700      2189950
    82  0 1  94.92  9904.00 2   0.0 -58.8     91854800   0   1650       910000
    83  0 1  95.27  9967.00 2   0.0 -60.0     92774950   0   1550       920150
    84  0 1  94.57 10021.00 2   0.0 -61.3     93705100   0   1550       930150
    85  0 1  94.92 10117.00 2   0.0 -62.5     94645400   0   1400       940300
    86  0 1  95.27 10103.50 2   0.0 -63.8     95595700   0   1750       950300
    87  0 1  95.27 10004.50 2   0.0 -65.0     96555450   0   1600       959750
    88  0 1  94.57  9986.50 2   0.0 -66.3     97525700   0   1450       970250
    89  0 1  95.27  9973.00 2   0.0 -67.5     98505500   0   1350       979800
