    NO  S V  AOA    FREQ    B  FMOP  AMP      TOA      PMOP  PW         dTOA  
------ -- - ------ -------- - ----- ----- ------------ --- ------ ------------
     0  0 1  95.27 10021.00 2   0.0 -70.0            0   0   1650  42949673000
     1  0 1  95.27  9928.00 2   0.0 -68.8      1009850   0   1550      1009850
     2  0 1  94.22  9925.00 2   0.0 -67.5      2030050   0   1500      1020200
     3  0 1  94.22 10087.00 2   0.0 -66.3      3060050   0   1800      1030000
     4  0 1  94.92  9910.00 2   0.0 -65.0      4100000   0   1650      1039950
     5  0 1  95.27 10096.00 2   0.0 -63.8      5149950   0   1400      1049950
     6  0 1  94.92  9985.00 2   0.0 -61.3      7279500   0   1800      2129550
     7  0 1  94.22 10079.50 2   0.0 -60.0      8359900   0   1800      1080400
     8  0 1  94.92 10117.00 2   0.0 -58.8      9450350   0   1500      1090450
     9  0 1  94.92  9965.50 2   0.0 -57.5     10550500   0   1550      1100150
    10  0 1  94.22  9919.00 2   0.0 -56.6     11460850   0   1500       910350
    11  0 1  95.62 10103.50 2   0.0 -55.3     12380650   0   1750       919800
    12  0 1  94.22 10040.50 2   0.0 -54.1     13310550   0   1750       929900
    13  0 1  95.27  9949.00 2   0.0 -53.1     14250500   0   1750       939950
    14  0 1  95.27  9950.50 2   0.0 -51.9     15200700   0   1600       950200
    15  0 1  94.22  9907.00 2   0.0 -49.7     17130050   0   1400      1929350
    16  0 1  94.92 10052.50 2   0.0 -48.4     18110300   0   1400       980250
    17  0 1  94.57 10006.00 2   0.0 -47.5     19100250   0   1450       989950
    18  0 1  95.27  9916.00 2   0.0 -46.6     20100100   0   1550       999850
    19  0 1  94.92  9926.50 2   0.0 -45.6     21110350   0   1500      1010250
    20  0 1  95.27  9889.00 2   0.0 -44.4     22130800   0   1550      1020450
    21  0 1  94.92  9967.00 2   0.0 -43.4     23160500   0   1350      1029700
    22  0 1  94.92  9902.50 2   0.0 -42.5     24200500   0   1450      1040000
    23  0 1  95.62  9895.00 2   0.0 -41.6     25250000   0   1500      1049500
    24  0 1  94.22 10039.00 2   0.0 -40.0     27380200   0   1500      2130200
    25  0 1  95.27 10096.00 2   0.0 -39.1     28459800   0   1600      1079600
    26  0 1  94.57  9898.00 2   0.0 -38.4     29549700   0   1500      1089900
    27  0 1  94.92  9892.00 2   0.0 -37.5     30650000   0   1800      1100300
    28  0 1  94.57 10066.00 2   0.0 -36.9     31560250   0   1550       910250
    29  0 1  95.27 10079.50 2   0.0 -36.3     32480200   0   1400       919950
    30  0 1  94.57 10115.50 2   0.0 -35.6     33410250   0   1450       930050
    31  0 1  95.62 10085.50 2   0.0 -35.0     34350200   0   1350       939950
    32  0 1  94.92  9904.00 2   0.0 -34.4     35300300   0   1400       950100
    33  0 1  94.57  9983.50 2   0.0 -33.4     37230000   0   1350      1929700
    34  0 1  94.22 10006.00 2   0.0 -32.8     38210450   0   1450       980450
    35  0 1  94.57 10069.00 2   0.0 -32.5     39200700   0   1450       990250
    36  0 1  94.22 10090.00 2   0.0 -31.9     40200850   0   1450      1000150
    37  0 1  94.22 10093.00 2   0.0 -31.6     41211300   0   1450      1010450
    38  0 1  94.92 10078.00 2   0.0 -31.3     42231500   0   1350      1020200
    39  0 1  95.62 10003.00 2   0.0 -30.9     43261350   0   1650      1029850
    40  0 1  95.62  9920.50 2   0.0 -30.6     44300900   0   1450      1039550
    41  0 1  94.22  9874.00 2   0.0 -30.6     45350900   0   1800      1050000
    42  0 1  94.22  9944.50 2   0.0 -30.3     47481350   0   1450      2130450
    43  0 1  95.27  9952.00 2   0.0 -30.0     48561750   0   1450      1080400
    44  0 1  94.92 10048.00 2   0.0 -30.0     49652200   0   1500      1090450
    45  0 1  95.27  9920.50 2   0.0 -30.0     50752300   0   1350      1100100
    46  0 1  95.27  9955.00 2   0.0 -30.0     51662150   0   1400       909850
    47  0 1  95.62 10084.00 2   0.0 -30.0     52581750   0   1600       919600
    48  0 1  95.27 10093.00 2   0.0 -30.3     53511550   0   1600       929800
    49  0 1  95.27 10052.50 2   0.0 -30.3     54451400   0   1700       939850
    50  0 1  95.62 10096.00 2   0.0 -30.6     55401100   0   1400       949700
    51  0 1  94.57  9943.00 2   0.0 -30.9     57331400   0   1350      1930300
    52  0 1  94.22  9883.00 2   0.0 -31.3     58310900   0   1550       979500
    53  0 1  94.92  9946.00 2   0.0 -31.6     59300750   0   1750       989850
    54  0 1  94.22  9887.50 2   0.0 -31.9     60301150   0   1450      1000400
    55  0 1  94.57 10016.50 2   0.0 -32.5     61311000   0   1650      1009850
    56  0 1  94.92  9886.00 2   0.0 -32.8     62331450   0   1700      1020450
    57  0 1  94.22  9970.00 2   0.0 -33.4     63361700   0   1350      1030250
    58  0 1  94.57 10028.50 2   0.0 -33.8     64401900   0   1750      1040200
    59  0 1  94.57 10058.50 2   0.0 -34.4     65451800   0   1700      1049900
    60  0 1  95.27 10057.00 2   0.0 -35.6     67580900   0   1400      2129100
    61  0 1  94.92  9998.50 2   0.0 -36.3     68661200   0   1350      1080300
    62  0 1  95.62  9928.00 2   0.0 -36.9     69751100   0   1550      1089900
    63  0 1  94.92 10054.00 2   0.0 -37.5     70851100   0   1500      1100000
    64  0 1  94.92 10075.00 2   0.0 -38.4     71761050   0   1500       909950
    65  0 1  94.22 10093.00 2   0.0 -39.1     72681150   0   1350       920100
    66  0 1  95.27  9928.00 2   0.0 -40.0     73611150   0   1550       930000
    67  0 1  94.57 10022.50 2   0.0 -40.9     74551600   0   1750       940450
    68  0 1  95.62 10004.50 2   0.0 -41.6     75501350   0   1550       949750
    69  0 1  94.57 10024.00 2   0.0 -43.4     77431500   0   1450      1930150
    70  0 1  94.92 10075.00 2   0.0 -44.4     78411800   0   1650       980300
    71  0 1  94.57 10090.00 2   0.0 -45.6     79401800   0   1750       990000
    72  0 1  94.92 10042.00 2   0.0 -46.6     80402200   0   1650      1000400
    73  0 1  94.92  9991.00 2   0.0 -47.5     81412150   0   1750      1009950
    74  0 1  95.62 10018.00 2   0.0 -48.4     82432000   0   1350      1019850
    75  0 1  94.57 10004.50 2   0.0 -49.7     83462250   0   1400      1030250
    76  0 1  94.22  9991.00 2   0.0 -50.6     84502300   0   1500      1040050
    77  0 1  94.92  9902.50 2   0.0 -51.9     85552250   0   1450      1049950
    78  0 1  95.27 10045.00 2   0.0 -54.1     87682200   0   1450      2129950
    79  0 1  94.22 10054.00 2   0.0 -55.3     88762450   0   1450      1080250
    80  0 1  95.27  9886.00 2   0.0 -56.6     89852100   0   1600      1089650
    81  0 1  94.22  9913.00 2   0.0 -57.5     90952000   0   1750      1099900
    82  0 1  95.27  9916.00 2   0.0 -58.8     91862200   0   1450       910200
    83  0 1  94.57 10051.00 2   0.0 -60.0     92782450   0   1350       920250
    84  0 1  94.22  9994.00 2   0.0 -61.3     93712250   0   1550       929800
    85  0 1  94.22  9938.50 2   0.0 -62.5     94652650   0   1600       940400
    86  0 1  95.62  9874.00 2   0.0 -63.8     95602300   0   1350       949650
    87  0 1  95.27  9985.00 2   0.0 -66.3     97531950   0   1750      1929650
    88  0 1  95.27 10108.00 2   0.0 -67.5     98512100   0   1350       980150
    89  0 1  94.92 10015.00 2   0.0 -68.8     99502500   0   1550       990400
