    NO  S V  AOA    FREQ    B  FMOP  AMP      TOA      PMOP  PW         dTOA  
------ -- - ------ -------- - ----- ----- ------------ --- ------ ------------
     0  0 1  94.22 10018.00 2   0.0 -70.0            0   0   1150  42949673000
     1  0 1  94.57 10021.00 2   0.0 -69.4       999900   0   1050       999900
     2  0 1  95.27 10019.50 2   0.0 -68.8      2000250   0    900      1000350
     3  0 1  95.62 10021.00 2   0.0 -68.1      3000600   0   1000      1000350
     4  0 1  94.57 10019.50 2   0.0 -67.5      4000550   0   1150       999950
     5  0 1  95.27 10019.50 2   0.0 -66.9      5000300   0   1250       999750
     6  0 1  95.27 10021.00 2   0.0 -66.3      6000400   0   1300      1000100
     7  0 1  94.22 10009.00 2   0.0 -65.0      8000050   0   1250      1999650
     8  0 1  94.57 10010.50 2   0.0 -64.4      9000100   0   1200      1000050
     9  0 1  94.22 10010.50 2   0.0 -63.8     10000350   0   1000      1000250
    10  0 1  95.27 10009.00 2   0.0 -63.1     11000800   0   1200      1000450
    11  0 1  95.27 10009.00 2   0.0 -62.5     12001000   0   1100      1000200
    12  0 1  94.57 10010.50 2   0.0 -61.9     13000650   0    850       999650
    13  0 1  94.22 10010.50 2   0.0 -61.3     14000400   0    900       999750
    14  0 1  94.22 10009.00 2   0.0 -60.6     15000150   0   1050       999750
    15  0 1  95.27  9998.50 2   0.0 -60.0     15999650   0    950       999500
    16  0 1  95.27  9998.50 2   0.0 -58.8     17999350   0   1100      1999700
    17  0 1  95.62 10000.00 2   0.0 -58.1     18999350   0   1250      1000000
    18  0 1  95.62 10000.00 2   0.0 -57.5     19999700   0   1100      1000350
    19  0 1  94.22 10000.00 2   0.0 -57.2     20999750   0   1100      1000050
    20  0 1  95.62  9998.50 2   0.0 -56.6     21999750   0   1000      1000000
    21  0 1  94.92  9998.50 2   0.0 -55.9     22999800   0   1150      1000050
    22  0 1  94.57  9988.00 2   0.0 -55.3     23999450   0    850       999650
    23  0 1  95.62  9988.00 2   0.0 -54.7     24999850   0    900      1000400
    24  0 1  94.57  9991.00 2   0.0 -54.1     26000100   0    850      1000250
    25  0 1  94.57  9991.00 2   0.0 -53.1     27999900   0   1300      1999800
    26  0 1  94.57  9989.50 2   0.0 -52.5     28999550   0   1200       999650
    27  0 1  94.57  9989.50 2   0.0 -51.9     29999350   0   1100       999800
    28  0 1  94.92  9988.00 2   0.0 -51.3     30999750   0   1050      1000400
    29  0 1  94.92  9980.50 2   0.0 -50.6     32000050   0   1250      1000300
    30  0 1  95.62  9979.00 2   0.0 -50.3     33000050   0    900      1000000
    31  0 1  94.57  9979.00 2   0.0 -49.7     34000000   0   1250       999950
    32  0 1  95.62  9980.50 2   0.0 -49.1     34999600   0   1000       999600
    33  0 1  94.22  9980.50 2   0.0 -48.4     35999350   0    850       999750
    34  0 1  94.57  9979.00 2   0.0 -47.5     37999750   0    950      2000400
    35  0 1  94.57  9979.00 2   0.0 -46.9     38999750   0   1000      1000000
    36  0 1  95.27  9968.50 2   0.0 -46.6     39999750   0   1150      1000000
    37  0 1  95.27  9970.00 2   0.0 -45.9     41000050   0   1200      1000300
    38  0 1  95.27  9970.00 2   0.0 -45.6     41999850   0   1000       999800
    39  0 1  94.57  9970.00 2   0.0 -45.0     42999950   0   1300      1000100
    40  0 1  95.62  9970.00 2   0.0 -44.4     43999900   0    950       999950
    41  0 1  94.92  9970.00 2   0.0 -44.1     44999450   0   1300       999550
    42  0 1  95.27  9970.00 2   0.0 -43.4     45999500   0   1150      1000050
    43  0 1  95.27  9961.00 2   0.0 -42.5     47999800   0   1000      2000300
    44  0 1  95.62  9958.00 2   0.0 -42.2     49000150   0   1300      1000350
    45  0 1  95.27  9961.00 2   0.0 -41.6     50000600   0    900      1000450
    46  0 1  94.22  9959.50 2   0.0 -41.3     51000800   0   1150      1000200
    47  0 1  95.27  9958.00 2   0.0 -40.9     52000700   0    900       999900
    48  0 1  94.22  9961.00 2   0.0 -40.3     53000250   0   1200       999550
    49  0 1  94.22  9961.00 2   0.0 -40.0     53999900   0   1150       999650
    50  0 1  94.57  9959.50 2   0.0 -39.7     54999450   0   1150       999550
    51  0 1  94.22 10030.00 2   0.0 -39.1     55999400   0    950       999950
    52  0 1  95.62 10030.00 2   0.0 -38.4     57999100   0    950      1999700
    53  0 1  94.57 10028.50 2   0.0 -38.1     58998650   0   1250       999550
    54  0 1  95.62 10030.00 2   0.0 -37.5     59998350   0   1250       999700
    55  0 1  94.57 10030.00 2   0.0 -37.2     60998650   0    900      1000300
    56  0 1  94.22 10030.00 2   0.0 -36.9     61998700   0    900      1000050
    57  0 1  95.62 10028.50 2   0.0 -36.6     62998950   0    900      1000250
    58  0 1  95.62 10021.00 2   0.0 -36.3     63998700   0    950       999750
    59  0 1  94.57 10021.00 2   0.0 -35.9     64999000   0   1250      1000300
    60  0 1  94.22 10018.00 2   0.0 -35.6     65999350   0    900      1000350
    61  0 1  94.92 10019.50 2   0.0 -35.0     67999500   0   1050      2000150
    62  0 1  94.57 10018.00 2   0.0 -34.7     68999450   0    900       999950
    63  0 1  94.92 10019.50 2   0.0 -34.4     69999900   0   1050      1000450
    64  0 1  94.22 10018.00 2   0.0 -34.1     71000300   0    950      1000400
    65  0 1  95.62 10009.00 2   0.0 -33.8     72000550   0    900      1000250
    66  0 1  95.27 10009.00 2   0.0 -33.4     73000750   0   1100      1000200
    67  0 1  95.62 10009.00 2   0.0 -33.4     74000750   0   1200      1000000
    68  0 1  94.57 10009.00 2   0.0 -33.1     75000500   0   1150       999750
    69  0 1  95.27 10009.00 2   0.0 -32.8     76000100   0    900       999600
    70  0 1  95.27 10009.00 2   0.0 -32.5     78000250   0   1300      2000150
    71  0 1  95.62 10009.00 2   0.0 -32.2     79000050   0    850       999800
    72  0 1  94.92 10000.00 2   0.0 -31.9     80000300   0   1300      1000250
    73  0 1  94.92 10000.00 2   0.0 -31.9     81000750   0   1250      1000450
    74  0 1  94.22 10000.00 2   0.0 -31.6     82000350   0    950       999600
    75  0 1  95.62 10000.00 2   0.0 -31.6     83000600   0    950      1000250
    76  0 1  94.92  9998.50 2   0.0 -31.3     84001050   0    950      1000450
    77  0 1  94.92 10000.00 2   0.0 -31.3     85000950   0   1150       999900
    78  0 1  94.22  9998.50 2   0.0 -30.9     86000550   0   1050       999600
    79  0 1  94.92  9989.50 2   0.0 -30.6     88001100   0   1050      2000550
    80  0 1  95.62  9989.50 2   0.0 -30.6     89001300   0   1150      1000200
    81  0 1  95.27  9991.00 2   0.0 -30.6     90001300   0   1000      1000000
    82  0 1  94.22  9991.00 2   0.0 -30.3     91001250   0   1100       999950
    83  0 1  94.57  9991.00 2   0.0 -30.3     92001500   0   1300      1000250
    84  0 1  95.62  9991.00 2   0.0 -30.3     93001100   0    950       999600
    85  0 1  94.22  9988.00 2   0.0 -30.3     94001050   0   1300       999950
    86  0 1  95.62  9988.00 2   0.0 -30.0     95001400   0    850      1000350
    87  0 1  94.57  9979.00 2   0.0 -30.0     96001700   0   1300      1000300
    88  0 1  94.22  9979.00 2   0.0 -30.0     98001600   0   1000      1999900
    89  0 1  94.92  9979.00 2   0.0 -30.0     99001900   0    900      1000300
    90  0 1  95.27  9979.00 2   0.0 -30.0    100002000   0    850      1000100
    91  0 1  94.22  9980.50 2   0.0 -30.0    101002000   0    900      1000000
    92  0 1  95.27  9979.00 2   0.0 -30.0    102001700   0   1200       999700
    93  0 1  94.57  9980.50 2   0.0 -30.0    103001800   0    900      1000100
    94  0 1  95.62  9970.00 2   0.0 -30.0    104001550   0    950       999750
    95  0 1  94.22  9968.50 2   0.0 -30.0    105001300   0   1300       999750
    96  0 1  94.57  9970.00 2   0.0 -30.3    106001500   0    850      1000200
    97  0 1  95.62  9970.00 2   0.0 -30.3    108001250   0   1150      1999750
    98  0 1  94.57  9970.00 2   0.0 -30.3    109001650   0   1250      1000400
    99  0 1  95.27  9970.00 2   0.0 -30.6    110002100   0   1200      1000450
   100  0 1  95.27  9970.00 2   0.0 -30.6    111002150   0    900      1000050
   101  0 1  94.92  9958.00 2   0.0 -30.6    112002050   0    850       999900
   102  0 1  94.92  9959.50 2   0.0 -30.9    113001600   0    950       999550
   103  0 1  94.57  9961.00 2   0.0 -30.9    114001600   0   1150      1000000
   104  0 1  94.92  9959.50 2   0.0 -31.3    115001950   0    850      1000350
   105  0 1  94.22  9958.00 2   0.0 -31.3    116002050   0    850      1000100
   106  0 1  95.62  9958.00 2   0.0 -31.6    118002500   0    950      2000450
   107  0 1  95.27  9958.00 2   0.0 -31.9    119002350   0    900       999850
   108  0 1  95.62 10030.00 2   0.0 -31.9    120002700   0   1100      1000350
   109  0 1  95.62 10030.00 2   0.0 -32.2    121003150   0   1150      1000450
   110  0 1  95.27 10030.00 2   0.0 -32.5    122002700   0   1150       999550
   111  0 1  95.62 10028.50 2   0.0 -32.5    123003100   0   1000      1000400
   112  0 1  95.62 10030.00 2   0.0 -32.8    124002950   0   1050       999850
   113  0 1  94.22 10030.00 2   0.0 -33.1    125002500   0   1200       999550
   114  0 1  94.92 10030.00 2   0.0 -33.4    126002000   0   1050       999500
   115  0 1  94.92 10021.00 2   0.0 -33.8    128001950   0   1000      1999950
   116  0 1  95.27 10018.00 2   0.0 -34.1    129001500   0   1200       999550
   117  0 1  95.27 10019.50 2   0.0 -34.4    130001850   0    900      1000350
   118  0 1  94.22 10021.00 2   0.0 -34.7    131002200   0    900      1000350
   119  0 1  94.22 10019.50 2   0.0 -35.0    132002650   0   1250      1000450
   120  0 1  94.57 10019.50 2   0.0 -35.3    133003000   0   1000      1000350
   121  0 1  95.27 10019.50 2   0.0 -35.6    134002800   0    900       999800
   122  0 1  94.92 10018.00 2   0.0 -35.9    135003200   0   1000      1000400
   123  0 1  95.27 10009.00 2   0.0 -36.3    136003300   0   1300      1000100
   124  0 1  94.92 10009.00 2   0.0 -36.9    138003150   0   1250      1999850
   125  0 1  95.62 10010.50 2   0.0 -37.2    139002650   0   1150       999500
   126  0 1  95.62 10009.00 2   0.0 -37.5    140003050   0   1000      1000400
   127  0 1  95.27 10010.50 2   0.0 -38.1    141003300   0    850      1000250
   128  0 1  94.92 10010.50 2   0.0 -38.4    142003200   0    850       999900
   129  0 1  95.27 10010.50 2   0.0 -38.8    143002900   0    950       999700
   130  0 1  94.92 10000.00 2   0.0 -39.1    144002500   0   1300       999600
   131  0 1  94.57  9998.50 2   0.0 -39.7    145002000   0   1000       999500
   132  0 1  94.92 10000.00 2   0.0 -40.0    146002050   0   1300      1000050
   133  0 1  94.92 10000.00 2   0.0 -40.9    148002150   0   1300      2000100
   134  0 1  94.57 10000.00 2   0.0 -41.3    149002300   0    850      1000150
   135  0 1  95.62  9998.50 2   0.0 -41.6    150002500   0   1150      1000200
   136  0 1  94.22 10000.00 2   0.0 -42.2    151002800   0   1300      1000300
   137  0 1  94.57  9989.50 2   0.0 -42.5    152002600   0   1200       999800
   138  0 1  95.27  9989.50 2   0.0 -43.1    153002800   0   1150      1000200
   139  0 1  94.22  9989.50 2   0.0 -43.4    154003000   0   1000      1000200
   140  0 1  95.62  9988.00 2   0.0 -44.1    155002550   0   1150       999550
   141  0 1  95.62  9988.00 2   0.0 -44.4    156002250   0   1100       999700
   142  0 1  94.57  9988.00 2   0.0 -45.6    158002850   0    950      2000600
   143  0 1  95.62  9989.50 2   0.0 -45.9    159002550   0   1250       999700
   144  0 1  95.27  9980.50 2   0.0 -46.6    160002850   0    900      1000300
   145  0 1  94.22  9980.50 2   0.0 -46.9    161002700   0   1050       999850
   146  0 1  95.62  9979.00 2   0.0 -47.5    162003000   0    850      1000300
   147  0 1  94.22  9980.50 2   0.0 -48.1    163003400   0   1050      1000400
   148  0 1  94.22  9979.00 2   0.0 -48.4    164003250   0   1150       999850
   149  0 1  95.62  9980.50 2   0.0 -49.1    165002950   0   1000       999700
   150  0 1  95.62  9979.00 2   0.0 -49.7    166003100   0   1100      1000150
   151  0 1  94.57  9968.50 2   0.0 -50.6    168002750   0   1300      1999650
   152  0 1  94.57  9970.00 2   0.0 -51.3    169002550   0    900       999800
   153  0 1  94.92  9970.00 2   0.0 -51.9    170002800   0    950      1000250
   154  0 1  95.27  9970.00 2   0.0 -52.5    171002350   0   1200       999550
   155  0 1  95.27  9970.00 2   0.0 -53.1    172002700   0   1000      1000350
   156  0 1  94.57  9968.50 2   0.0 -53.4    173002500   0    950       999800
   157  0 1  94.22  9968.50 2   0.0 -54.1    174002500   0   1000      1000000
   158  0 1  95.62  9968.50 2   0.0 -54.7    175002550   0   1250      1000050
   159  0 1  94.57  9958.00 2   0.0 -55.3    176002900   0    850      1000350
   160  0 1  94.92  9959.50 2   0.0 -56.6    178002550   0   1100      1999650
   161  0 1  95.62  9959.50 2   0.0 -57.2    179002050   0    900       999500
   162  0 1  94.57  9961.00 2   0.0 -57.5    180002150   0    850      1000100
   163  0 1  94.92  9959.50 2   0.0 -58.1    181001800   0    850       999650
   164  0 1  94.92  9959.50 2   0.0 -58.8    182001450   0    950       999650
   165  0 1  95.62  9958.00 2   0.0 -59.4    183001800   0   1000      1000350
   166  0 1  94.22 10028.50 2   0.0 -60.0    184001900   0    850      1000100
   167  0 1  94.57 10028.50 2   0.0 -60.6    185001450   0   1150       999550
   168  0 1  94.92 10030.00 2   0.0 -61.3    186001500   0   1000      1000050
   169  0 1  95.27 10028.50 2   0.0 -62.5    188001800   0   1250      2000300
   170  0 1  95.62 10030.00 2   0.0 -63.1    189001400   0   1200       999600
   171  0 1  95.27 10030.00 2   0.0 -63.8    190001700   0   1100      1000300
   172  0 1  95.62 10030.00 2   0.0 -64.4    191001850   0    950      1000150
   173  0 1  95.62 10019.50 2   0.0 -65.0    192001400   0   1150       999550
   174  0 1  95.62 10019.50 2   0.0 -65.6    193001150   0   1300       999750
   175  0 1  94.22 10021.00 2   0.0 -66.3    194001300   0    950      1000150
   176  0 1  94.57 10019.50 2   0.0 -66.9    195000850   0   1250       999550
   177  0 1  94.92 10019.50 2   0.0 -67.5    196000600   0   1100       999750
   178  0 1  95.62 10021.00 2   0.0 -68.8    198000450   0   1200      1999850
   179  0 1  94.92 10019.50 2   0.0 -69.4    199000000   0   1250       999550
