    NO  S V  AOA    FREQ    B  FMOP  AMP      TOA      PMOP  PW         dTOA  
------ -- - ------ -------- - ----- ----- ------------ --- ------ ------------
     0  0 1  94.22 10018.00 2   0.0 -70.0            0   0    900  42949673000
     1  0 1  95.27 10021.00 2   0.0 -69.4      1000400   0   1050      1000400
     2  0 1  95.27 10018.00 2   0.0 -68.8      2000200   0   1200       999800
     3  0 1  94.22 10021.00 2   0.0 -67.5      4000350   0    850      2000150
     4  0 1  94.22 10019.50 2   0.0 -66.9      5000550   0    900      1000200
     5  0 1  95.62 10018.00 2   0.0 -66.3      6001000   0   1100      1000450
     6  0 1  94.92 10018.00 2   0.0 -65.6      7000600   0    900       999600
     7  0 1  94.92 10009.00 2   0.0 -65.0      8000600   0   1000      1000000
     8  0 1  94.22 10010.50 2   0.0 -64.4      9000950   0    950      1000350
     9  0 1  94.92 10010.50 2   0.0 -63.8     10000800   0   1200       999850
    10  0 1  94.22 10010.50 2   0.0 -63.1     11000550   0   1250       999750
    11  0 1  94.92 10010.50 2   0.0 -62.5     12000750   0    900      1000200
    12  0 1  94.22 10010.50 2   0.0 -61.3     14000800   0   1200      2000050
    13  0 1  95.27 10010.50 2   0.0 -60.6     15000300   0   1100       999500
    14  0 1  95.27 10000.00 2   0.0 -60.0     16000500   0    950      1000200
    15  0 1  94.22 10000.00 2   0.0 -59.4     17000100   0   1250       999600
    16  0 1  95.27  9998.50 2   0.0 -58.8     18000100   0   1250      1000000
    17  0 1  95.27  9998.50 2   0.0 -58.1     18999900   0   1150       999800
    18  0 1  94.92 10000.00 2   0.0 -57.5     19999650   0   1050       999750
    19  0 1  94.57 10000.00 2   0.0 -57.2     21000050   0   1000      1000400
    20  0 1  95.27 10000.00 2   0.0 -56.6     22000300   0   1300      1000250
    21  0 1  94.22  9991.00 2   0.0 -55.3     24001150   0   1000      2000850
    22  0 1  95.27  9991.00 2   0.0 -54.7     25000700   0   1050       999550
    23  0 1  94.57  9988.00 2   0.0 -54.1     26000200   0   1150       999500
    24  0 1  95.62  9991.00 2   0.0 -53.4     27000200   0   1300      1000000
    25  0 1  94.22  9991.00 2   0.0 -53.1     27999950   0    850       999750
    26  0 1  94.22  9989.50 2   0.0 -52.5     28999650   0   1150       999700
    27  0 1  94.92  9991.00 2   0.0 -51.9     30000050   0    900      1000400
    28  0 1  95.62  9989.50 2   0.0 -51.3     31000500   0   1000      1000450
    29  0 1  95.27  9980.50 2   0.0 -50.6     32000600   0    900      1000100
    30  0 1  94.92  9979.00 2   0.0 -49.7     34000700   0   1300      2000100
    31  0 1  95.62  9979.00 2   0.0 -49.1     35000300   0   1250       999600
    32  0 1  95.62  9980.50 2   0.0 -48.4     36000300   0   1250      1000000
    33  0 1  94.92  9980.50 2   0.0 -48.1     37000050   0   1050       999750
    34  0 1  94.57  9979.00 2   0.0 -47.5     37999900   0   1200       999850
    35  0 1  94.57  9980.50 2   0.0 -46.9     39000200   0   1200      1000300
    36  0 1  95.27  9970.00 2   0.0 -46.6     40000000   0   1300       999800
    37  0 1  95.27  9970.00 2   0.0 -45.9     41000100   0    900      1000100
    38  0 1  95.62  9970.00 2   0.0 -45.6     42000450   0   1200      1000350
    39  0 1  94.57  9968.50 2   0.0 -44.4     43999900   0    900      1999450
    40  0 1  95.27  9970.00 2   0.0 -44.1     45000350   0   1200      1000450
    41  0 1  95.27  9968.50 2   0.0 -43.4     46000400   0    900      1000050
    42  0 1  94.57  9970.00 2   0.0 -43.1     47000550   0   1200      1000150
    43  0 1  94.22  9958.00 2   0.0 -42.5     48000700   0   1000      1000150
    44  0 1  94.92  9961.00 2   0.0 -42.2     49000600   0   1100       999900
    45  0 1  94.22  9959.50 2   0.0 -41.6     50000250   0   1250       999650
    46  0 1  94.57  9958.00 2   0.0 -41.3     51000050   0    900       999800
    47  0 1  94.57  9959.50 2   0.0 -40.9     52000450   0    850      1000400
    48  0 1  94.57  9961.00 2   0.0 -40.0     54000300   0   1200      1999850
    49  0 1  94.57  9961.00 2   0.0 -39.7     54999900   0   1300       999600
    50  0 1  95.62 10030.00 2   0.0 -39.1     56000050   0   1100      1000150
    51  0 1  94.92 10030.00 2   0.0 -38.8     57000450   0   1250      1000400
    52  0 1  94.22 10030.00 2   0.0 -38.4     58000000   0   1050       999550
    53  0 1  94.22 10030.00 2   0.0 -38.1     59000200   0   1100      1000200
    54  0 1  94.57 10028.50 2   0.0 -37.5     60000150   0   1000       999950
    55  0 1  94.92 10028.50 2   0.0 -37.2     60999700   0   1300       999550
    56  0 1  95.27 10030.00 2   0.0 -36.9     61999600   0   1300       999900
    57  0 1  94.57 10018.00 2   0.0 -36.3     64000050   0   1200      2000450
    58  0 1  95.62 10019.50 2   0.0 -35.9     64999650   0   1050       999600
    59  0 1  94.92 10021.00 2   0.0 -35.6     65999600   0   1100       999950
    60  0 1  95.27 10018.00 2   0.0 -35.3     66999800   0   1000      1000200
    61  0 1  95.27 10021.00 2   0.0 -35.0     67999350   0    850       999550
    62  0 1  94.57 10021.00 2   0.0 -34.7     68999100   0   1150       999750
    63  0 1  94.57 10019.50 2   0.0 -34.4     69999000   0   1200       999900
    64  0 1  94.22 10018.00 2   0.0 -34.1     70999250   0    950      1000250
    65  0 1  95.27 10010.50 2   0.0 -33.8     71999300   0    850      1000050
    66  0 1  94.92 10010.50 2   0.0 -33.4     73999050   0   1250      1999750
    67  0 1  94.57 10010.50 2   0.0 -33.1     74999000   0    850       999950
    68  0 1  94.92 10009.00 2   0.0 -32.8     75999400   0   1150      1000400
    69  0 1  95.62 10009.00 2   0.0 -32.5     76999000   0    850       999600
    70  0 1  94.57 10010.50 2   0.0 -32.5     77998700   0    950       999700
    71  0 1  95.62 10010.50 2   0.0 -32.2     78998550   0   1200       999850
    72  0 1  94.57 10000.00 2   0.0 -31.9     79998150   0   1200       999600
    73  0 1  95.27 10000.00 2   0.0 -31.9     80998200   0    850      1000050
    74  0 1  95.27 10000.00 2   0.0 -31.6     81998350   0    850      1000150
    75  0 1  94.22  9998.50 2   0.0 -31.3     83997950   0   1300      1999600
    76  0 1  94.22 10000.00 2   0.0 -31.3     84997550   0   1000       999600
    77  0 1  94.22 10000.00 2   0.0 -30.9     85997550   0    850      1000000
    78  0 1  94.92 10000.00 2   0.0 -30.9     86997050   0    900       999500
    79  0 1  94.22  9991.00 2   0.0 -30.6     87996800   0   1150       999750
    80  0 1  94.92  9989.50 2   0.0 -30.6     88996900   0   1100      1000100
    81  0 1  94.57  9989.50 2   0.0 -30.6     89997300   0   1000      1000400
    82  0 1  95.62  9989.50 2   0.0 -30.3     90997350   0   1200      1000050
    83  0 1  94.22  9989.50 2   0.0 -30.3     91997150   0    850       999800
    84  0 1  94.57  9991.00 2   0.0 -30.3     93997650   0   1050      2000500
    85  0 1  94.92  9988.00 2   0.0 -30.0     94997500   0    900       999850
    86  0 1  94.92  9979.00 2   0.0 -30.0     95997250   0   1300       999750
    87  0 1  94.92  9980.50 2   0.0 -30.0     96996900   0   1100       999650
    88  0 1  94.57  9979.00 2   0.0 -30.0     97996450   0    850       999550
    89  0 1  95.62  9979.00 2   0.0 -30.0     98996850   0   1250      1000400
    90  0 1  94.22  9980.50 2   0.0 -30.0     99996800   0   1200       999950
    91  0 1  94.92  9979.00 2   0.0 -30.0    100996800   0   1100      1000000
    92  0 1  95.27  9979.00 2   0.0 -30.0    101996800   0   1300      1000000
    93  0 1  95.27  9968.50 2   0.0 -30.0    103996600   0   1000      1999800
    94  0 1  95.27  9970.00 2   0.0 -30.0    104996500   0    950       999900
    95  0 1  94.57  9970.00 2   0.0 -30.3    105996550   0    900      1000050
    96  0 1  94.57  9970.00 2   0.0 -30.3    106996650   0   1000      1000100
    97  0 1  95.62  9970.00 2   0.0 -30.3    107996650   0   1000      1000000
    98  0 1  95.27  9968.50 2   0.0 -30.3    108996500   0    850       999850
    99  0 1  94.22  9970.00 2   0.0 -30.6    109996850   0    950      1000350
   100  0 1  95.27  9968.50 2   0.0 -30.6    110996900   0   1000      1000050
   101  0 1  94.22  9961.00 2   0.0 -30.6    111997350   0   1100      1000450
   102  0 1  95.27  9958.00 2   0.0 -30.9    113997300   0    900      1999950
   103  0 1  94.57  9961.00 2   0.0 -31.3    114997750   0   1250      1000450
   104  0 1  95.27  9958.00 2   0.0 -31.3    115997400   0   1200       999650
   105  0 1  94.57  9959.50 2   0.0 -31.6    116997550   0   1050      1000150
   106  0 1  94.22  9961.00 2   0.0 -31.6    117997950   0   1250      1000400
   107  0 1  95.27  9961.00 2   0.0 -31.9    118998350   0    900      1000400
   108  0 1  94.92 10030.00 2   0.0 -31.9    119998500   0   1050      1000150
   109  0 1  94.57 10028.50 2   0.0 -32.2    120998950   0   1100      1000450
   110  0 1  95.62 10030.00 2   0.0 -32.5    121999250   0   1250      1000300
   111  0 1  94.92 10030.00 2   0.0 -32.8    123999300   0   1100      2000050
   112  0 1  94.22 10030.00 2   0.0 -33.1    124999700   0   1300      1000400
   113  0 1  94.92 10030.00 2   0.0 -33.4    126000150   0   1200      1000450
   114  0 1  94.22 10030.00 2   0.0 -33.4    127000300   0   1250      1000150
   115  0 1  95.62 10018.00 2   0.0 -33.8    128000200   0   1000       999900
   116  0 1  94.22 10018.00 2   0.0 -34.1    129000000   0   1150       999800
   117  0 1  95.62 10021.00 2   0.0 -34.4    130000050   0   1050      1000050
   118  0 1  95.62 10021.00 2   0.0 -34.7    130999900   0    950       999850
   119  0 1  94.92 10019.50 2   0.0 -35.0    131999750   0   1150       999850
   120  0 1  94.92 10021.00 2   0.0 -35.6    133999050   0   1050      1999300
   121  0 1  95.27 10021.00 2   0.0 -35.9    134998750   0    950       999700
   122  0 1  94.57 10009.00 2   0.0 -36.3    135998650   0   1100       999900
   123  0 1  94.92 10009.00 2   0.0 -36.6    136998450   0    850       999800
   124  0 1  94.22 10009.00 2   0.0 -36.9    137998350   0   1200       999900
   125  0 1  95.27 10009.00 2   0.0 -37.2    138997900   0   1050       999550
   126  0 1  94.57 10009.00 2   0.0 -37.5    139997900   0    850      1000000
   127  0 1  94.22 10009.00 2   0.0 -38.1    140998000   0    850      1000100
   128  0 1  94.22 10009.00 2   0.0 -38.4    141998300   0   1050      1000300
   129  0 1  94.57  9998.50 2   0.0 -39.1    143999100   0    850      2000800
   130  0 1  94.92  9998.50 2   0.0 -39.7    144999400   0    850      1000300
   131  0 1  95.62 10000.00 2   0.0 -40.0    145999300   0   1200       999900
   132  0 1  95.62 10000.00 2   0.0 -40.3    146999150   0   1200       999850
   133  0 1  94.57 10000.00 2   0.0 -40.9    147999350   0   1150      1000200
   134  0 1  95.27 10000.00 2   0.0 -41.3    148999150   0   1250       999800
   135  0 1  95.27  9998.50 2   0.0 -41.6    149998650   0   1050       999500
   136  0 1  95.27  9998.50 2   0.0 -42.2    150998800   0    950      1000150
   137  0 1  94.57  9988.00 2   0.0 -42.5    151998850   0   1300      1000050
   138  0 1  94.92  9989.50 2   0.0 -43.4    153998650   0    900      1999800
   139  0 1  95.27  9988.00 2   0.0 -44.1    154998550   0   1250       999900
   140  0 1  95.27  9991.00 2   0.0 -44.4    155999000   0   1200      1000450
   141  0 1  94.57  9989.50 2   0.0 -45.0    156998600   0   1100       999600
   142  0 1  95.62  9989.50 2   0.0 -45.6    157998700   0    850      1000100
   143  0 1  95.27  9989.50 2   0.0 -45.9    158999000   0   1150      1000300
   144  0 1  95.27  9979.00 2   0.0 -46.6    159998750   0    900       999750
   145  0 1  94.22  9980.50 2   0.0 -46.9    160998300   0    950       999550
   146  0 1  95.62  9979.00 2   0.0 -47.5    161998450   0   1150      1000150
   147  0 1  94.92  9980.50 2   0.0 -48.4    163998350   0   1150      1999900
   148  0 1  94.57  9979.00 2   0.0 -49.1    164998400   0    850      1000050
   149  0 1  95.62  9980.50 2   0.0 -49.7    165998000   0    900       999600
   150  0 1  94.92  9979.00 2   0.0 -50.3    166997600   0   1250       999600
   151  0 1  94.22  9968.50 2   0.0 -50.6    167997700   0   1300      1000100
   152  0 1  94.57  9968.50 2   0.0 -51.3    168997650   0   1100       999950
   153  0 1  94.22  9970.00 2   0.0 -51.9    169997450   0   1300       999800
   154  0 1  94.22  9970.00 2   0.0 -52.5    170997850   0   1250      1000400
   155  0 1  94.57  9970.00 2   0.0 -53.1    171997750   0    900       999900
   156  0 1  94.22  9968.50 2   0.0 -54.1    173998400   0    850      2000650
   157  0 1  94.22  9970.00 2   0.0 -54.7    174998100   0   1150       999700
   158  0 1  95.62  9959.50 2   0.0 -55.3    175998450   0    900      1000350
   159  0 1  94.22  9958.00 2   0.0 -55.9    176998650   0    950      1000200
   160  0 1  94.22  9958.00 2   0.0 -56.6    177999050   0   1100      1000400
   161  0 1  94.22  9959.50 2   0.0 -57.2    178999100   0    850      1000050
   162  0 1  94.57  9959.50 2   0.0 -57.5    179999150   0   1150      1000050
   163  0 1  94.22  9961.00 2   0.0 -58.1    180999450   0   1050      1000300
   164  0 1  95.27  9959.50 2   0.0 -58.8    181999500   0    950      1000050
   165  0 1  95.27 10030.00 2   0.0 -60.0    183999650   0   1050      2000150
   166  0 1  95.27 10030.00 2   0.0 -60.6    184999800   0   1200      1000150
   167  0 1  94.92 10030.00 2   0.0 -61.3    185999500   0    950       999700
   168  0 1  94.57 10030.00 2   0.0 -61.9    186999200   0   1250       999700
   169  0 1  94.22 10030.00 2   0.0 -62.5    187999100   0   1300       999900
   170  0 1  95.62 10030.00 2   0.0 -63.1    188999500   0    850      1000400
   171  0 1  94.92 10028.50 2   0.0 -63.8    189999300   0   1000       999800
   172  0 1  95.62 10028.50 2   0.0 -64.4    190999350   0    950      1000050
   173  0 1  94.92 10019.50 2   0.0 -65.0    191999400   0   1000      1000050
   174  0 1  94.57 10019.50 2   0.0 -66.3    193999150   0   1250      1999750
   175  0 1  94.22 10019.50 2   0.0 -66.9    194999500   0   1150      1000350
   176  0 1  95.62 10019.50 2   0.0 -67.5    195999850   0   1200      1000350
   177  0 1  94.92 10018.00 2   0.0 -68.1    196999500   0    950       999650
   178  0 1  94.92 10018.00 2   0.0 -68.8    197999350   0    950       999850
   179  0 1  94.57 10019.50 2   0.0 -69.4    198999700   0    900      1000350
