    NO  S V  AOA    FREQ    B  FMOP  AMP      TOA      PMOP  PW         dTOA  
------ -- - ------ -------- - ----- ----- ------------ --- ------ ------------
     0  0 1  95.27 10025.50 2   0.0 -70.0            0   0   1100  42949673000
     1  0 1  95.27 10009.00 2   0.0 -67.5       970100   0   1250       970100
     2  0 1  94.57  9976.00 2   0.0 -65.0      1950100   0   1350       980000
     3  0 1  94.92  9961.00 2   0.0 -62.5      2940350   0   1300       990250
     4  0 1  95.27  9968.50 2   0.0 -60.0      3940600   0   1350      1000250
     5  0 1  95.62 10018.00 2   0.0 -57.5      4950350   0   1000      1009750
     6  0 1  95.27  9955.00 2   0.0 -55.3      5970100   0   1150      1019750
     7  0 1  94.92 10036.00 2   0.0 -53.1      6999750   0   1150      1029650
     8  0 1  94.57 10057.00 2   0.0 -50.6      8039500   0   1050      1039750
     9  0 1  95.27  9959.50 2   0.0 -46.6      9989500   0   1050      1950000
    10  0 1  94.22  9958.00 2   0.0 -44.4     10979950   0   1350       990450
    11  0 1  94.92  9964.00 2   0.0 -42.5     11980150   0   1350      1000200
    12  0 1  95.27  9965.50 2   0.0 -40.9     12990550   0   1150      1010400
    13  0 1  94.22  9968.50 2   0.0 -39.1     14010550   0   1300      1020000
    14  0 1  94.22  9931.00 2   0.0 -37.5     15040900   0   1200      1030350
    15  0 1  94.57 10045.00 2   0.0 -36.3     16080900   0   1050      1040000
    16  0 1  94.92 10030.00 2   0.0 -35.0     17051000   0   1100       970100
    17  0 1  94.22  9947.50 2   0.0 -33.8     18030800   0    950       979800
    18  0 1  95.27 10010.50 2   0.0 -31.9     20020100   0   1250      1989300
    19  0 1  94.92 10027.00 2   0.0 -31.3     21030300   0   1000      1010200
    20  0 1  95.27 10018.00 2   0.0 -30.6     22050350   0   1050      1020050
    21  0 1  95.27  9970.00 2   0.0 -30.3     23080100   0   1400      1029750
    22  0 1  94.57  9964.00 2   0.0 -30.0     24120350   0    950      1040250
    23  0 1  95.62  9949.00 2   0.0 -30.0     25090400   0   1350       970050
    24  0 1  95.62  9973.00 2   0.0 -30.0     26070850   0   1400       980450
    25  0 1  94.92 10013.50 2   0.0 -30.3     27060950   0    950       990100
    26  0 1  95.27 10063.00 2   0.0 -30.6     28061150   0   1050      1000200
    27  0 1  95.62 10061.50 2   0.0 -31.9     30091100   0   1050      2029950
    28  0 1  94.57  9950.50 2   0.0 -32.8     31121150   0   1300      1030050
    29  0 1  95.62  9964.00 2   0.0 -33.8     32161350   0    950      1040200
    30  0 1  95.27 10048.00 2   0.0 -35.0     33131500   0   1000       970150
    31  0 1  95.62 10027.00 2   0.0 -36.3     34111450   0   1300       979950
    32  0 1  94.22 10042.00 2   0.0 -37.5     35101000   0    950       989550
    33  0 1  94.57  9931.00 2   0.0 -39.1     36101200   0   1000      1000200
    34  0 1  95.62  9982.00 2   0.0 -40.9     37110950   0   1250      1009750
    35  0 1  94.57 10019.50 2   0.0 -42.5     38130800   0   1400      1019850
    36  0 1  95.62 10040.50 2   0.0 -46.6     40200950   0   1250      2070150
    37  0 1  94.22 10027.00 2   0.0 -48.4     41171350   0   1400       970400
    38  0 1  94.57  9964.00 2   0.0 -50.6     42150900   0   1300       979550
    39  0 1  94.57 10028.50 2   0.0 -53.1     43140500   0   1100       989600
    40  0 1  94.57 10030.00 2   0.0 -55.3     44140900   0   1050      1000400
    41  0 1  95.62 10003.00 2   0.0 -57.5     45150700   0   1150      1009800
    42  0 1  94.92  9946.00 2   0.0 -60.0     46170950   0   1050      1020250
    43  0 1  95.62 10001.50 2   0.0 -62.5     47201300   0    950      1030350
    44  0 1  95.62 10033.00 2   0.0 -65.0     48240800   0   1350      1039500
