    NO  S V  AOA    FREQ    B  FMOP  AMP      TOA      PMOP  PW         dTOA  
------ -- - ------ -------- - ----- ----- ------------ --- ------ ------------
     0  0 1  94.92  9994.00 2   0.0 -67.5       969700   0   1350  42950642700
     1  0 1  95.62  9952.00 2   0.0 -65.0      1949250   0   1400       979550
     2  0 1  94.22  9946.00 2   0.0 -62.5      2939000   0    950       989750
     3  0 1  95.62 10067.50 2   0.0 -60.0      3939400   0   1150      1000400
     4  0 1  95.62  9931.00 2   0.0 -57.5      4949400   0   1150      1010000
     5  0 1  95.27  9967.00 2   0.0 -55.3      5969800   0   1100      1020400
     6  0 1  95.27  9943.00 2   0.0 -53.1      6999550   0   1300      1029750
     7  0 1  95.27  9944.50 2   0.0 -50.6      8039500   0   1350      1039950
     8  0 1  95.27  9979.00 2   0.0 -48.4      9009650   0   1250       970150
     9  0 1  94.57  9998.50 2   0.0 -44.4     10979650   0    950      1970000
    10  0 1  94.57  9943.00 2   0.0 -42.5     11979450   0    950       999800
    11  0 1  94.92 10025.50 2   0.0 -40.9     12989800   0   1000      1010350
    12  0 1  94.92  9946.00 2   0.0 -39.1     14009650   0    950      1019850
    13  0 1  94.92 10055.50 2   0.0 -37.5     15039850   0   1400      1030200
    14  0 1  95.27 10006.00 2   0.0 -36.3     16080000   0   1150      1040150
    15  0 1  94.92  9995.50 2   0.0 -35.0     17049500   0   1100       969500
    16  0 1  94.22 10057.00 2   0.0 -33.8     18029750   0   1050       980250
    17  0 1  94.92 10055.50 2   0.0 -32.8     19019500   0   1250       989750
    18  0 1  94.92 10055.50 2   0.0 -31.3     21029350   0   1250      2009850
    19  0 1  94.57 10057.00 2   0.0 -30.6     22048900   0   1050      1019550
    20  0 1  95.62 10019.50 2   0.0 -30.3     23078700   0   1350      1029800
    21  0 1  94.22  9997.00 2   0.0 -30.0     24118500   0   1400      1039800
    22  0 1  94.92 10058.50 2   0.0 -30.0     25088000   0   1050       969500
    23  0 1  94.92 10064.50 2   0.0 -30.0     26067550   0   1350       979550
    24  0 1  94.57 10006.00 2   0.0 -30.3     27057350   0   1150       989800
    25  0 1  94.92 10033.00 2   0.0 -30.6     28056900   0   1000       999550
    26  0 1  95.62  9970.00 2   0.0 -31.3     29067150   0   1400      1010250
    27  0 1  94.92 10055.50 2   0.0 -32.8     31117250   0   1200      2050100
    28  0 1  94.22 10030.00 2   0.0 -33.8     32157050   0    950      1039800
    29  0 1  95.27 10045.00 2   0.0 -35.0     33127500   0   1100       970450
    30  0 1  95.27 10064.50 2   0.0 -36.3     34107050   0   1000       979550
    31  0 1  94.92  9970.00 2   0.0 -37.5     35097200   0   1300       990150
    32  0 1  94.92  9937.00 2   0.0 -39.1     36096850   0   1100       999650
    33  0 1  94.57 10057.00 2   0.0 -40.9     37106950   0   1350      1010100
    34  0 1  94.92 10003.00 2   0.0 -42.5     38127000   0   1100      1020050
    35  0 1  94.57 10067.50 2   0.0 -44.4     39156500   0   1250      1029500
    36  0 1  94.92 10009.00 2   0.0 -48.4     41166100   0   1150      2009600
    37  0 1  95.62  9994.00 2   0.0 -50.6     42146050   0   1000       979950
    38  0 1  94.22 10034.50 2   0.0 -53.1     43136450   0   1300       990400
    39  0 1  95.27  9988.00 2   0.0 -55.3     44136350   0   1200       999900
    40  0 1  94.22  9997.00 2   0.0 -57.5     45146350   0    950      1010000
    41  0 1  94.57 10063.00 2   0.0 -60.0     46165850   0    950      1019500
    42  0 1  94.22 10000.00 2   0.0 -62.5     47195600   0   1100      1029750
    43  0 1  94.57 10016.50 2   0.0 -65.0     48235450   0   1350      1039850
    44  0 1  94.57  9941.50 2   0.0 -67.5     49205300   0   1150       969850
