    NO  S V  AOA    FREQ    B  FMOP  AMP      TOA      PMOP  PW         dTOA  
------ -- - ------ -------- - ----- ----- ------------ --- ------ ------------
     0  0 1  94.92 10007.50 2   0.0 -70.0            0   0   1200  42949673000
     1  0 1  93.52 10007.50 2   0.0 -67.5      1000400   0   1100      1000400
     2  0 1  93.87 10009.00 2   0.0 -65.0      1990050   0   1100       989650
     3  0 1  93.52 10009.00 2   0.0 -60.0      3940750   0   1350      1950700
     4  0 1  93.52 10009.00 2   0.0 -57.5      4900450   0   1150       959700
     5  0 1  94.22 10007.50 2   0.0 -55.3      5850800   0   1350       950350
     6  0 1  94.57 10007.50 2   0.0 -53.1      6851150   0   1300      1000350
     7  0 1  94.57 10007.50 2   0.0 -50.6      7841250   0   1250       990100
     8  0 1  95.98 10007.50 2   0.0 -48.4      8821050   0   1050       979800
     9  0 1  95.62 10009.00 2   0.0 -46.6      9791200   0   1300       970150
    10  0 1  93.87 10009.00 2   0.0 -44.4     10750900   0   1200       959700
    11  0 1  95.98 10009.00 2   0.0 -42.5     11700600   0   1250       949700
    12  0 1  95.98 10009.00 2   0.0 -39.1     13690550   0   1200      1989950
    13  0 1  94.92 10009.00 2   0.0 -37.5     14670550   0   1050       980000
    14  0 1  94.57 10007.50 2   0.0 -36.3     15640850   0   1400       970300
    15  0 1  93.52 10007.50 2   0.0 -35.0     16600800   0   1500       959950
    16  0 1  95.27 10007.50 2   0.0 -33.8     17551000   0   1400       950200
    17  0 1  95.62 10009.00 2   0.0 -32.8     18551200   0   1150      1000200
    18  0 1  94.22 10009.00 2   0.0 -31.9     19541650   0   1450       990450
    19  0 1  94.92 10007.50 2   0.0 -31.3     20521350   0   1100       979700
    20  0 1  94.22 10009.00 2   0.0 -30.6     21490950   0   1400       969600
    21  0 1  94.92 10007.50 2   0.0 -30.0     23401500   0   1500      1910550
    22  0 1  94.57 10007.50 2   0.0 -30.0     24401750   0   1200      1000250
    23  0 1  95.98 10009.00 2   0.0 -30.0     25391850   0   1250       990100
    24  0 1  95.62 10009.00 2   0.0 -30.3     26372250   0   1150       980400
    25  0 1  94.22 10009.00 2   0.0 -30.6     27341750   0   1100       969500
    26  0 1  95.62 10007.50 2   0.0 -31.3     28301700   0   1500       959950
    27  0 1  95.27 10007.50 2   0.0 -31.9     29251950   0   1450       950250
    28  0 1  95.98 10009.00 2   0.0 -32.8     30252200   0   1400      1000250
    29  0 1  95.27 10007.50 2   0.0 -33.8     31241950   0   1350       989750
    30  0 1  94.92 10007.50 2   0.0 -36.3     33191900   0   1500      1949950
    31  0 1  94.22 10007.50 2   0.0 -37.5     34151950   0   1450       960050
    32  0 1  95.98 10007.50 2   0.0 -39.1     35102000   0   1400       950050
    33  0 1  95.98 10009.00 2   0.0 -40.9     36101550   0   1150       999550
    34  0 1  95.62 10009.00 2   0.0 -42.5     37091050   0   1050       989500
    35  0 1  93.52 10007.50 2   0.0 -44.4     38071100   0   1400       980050
    36  0 1  95.98 10007.50 2   0.0 -46.6     39041450   0   1050       970350
    37  0 1  95.62 10009.00 2   0.0 -48.4     40001850   0   1150       960400
    38  0 1  94.92 10009.00 2   0.0 -50.6     40951400   0   1300       949550
    39  0 1  93.52 10007.50 2   0.0 -55.3     42941500   0   1350      1990100
    40  0 1  95.27 10009.00 2   0.0 -57.5     43921850   0   1400       980350
    41  0 1  95.62 10009.00 2   0.0 -60.0     44891650   0   1200       969800
    42  0 1  93.87 10009.00 2   0.0 -62.5     45851800   0   1250       960150
    43  0 1  94.22 10009.00 2   0.0 -65.0     46802050   0   1400       950250
    44  0 1  95.62 10009.00 2   0.0 -67.5     47802100   0   1050      1000050
