    NO  S V  AOA    FREQ    B  FMOP  AMP      TOA      PMOP  PW         dTOA  
------ -- - ------ -------- - ----- ----- ------------ --- ------ ------------
     0  0 1  94.92 10009.00 2   0.0 -70.0            0   0   1050  42949673000
     1  0 1  93.87 10009.00 2   0.0 -67.5      1000450   0   1250      1000450
     2  0 1  94.57 10009.00 2   0.0 -65.0      1990100   0   1050       989650
     3  0 1  93.87 10007.50 2   0.0 -60.0      3940000   0   1250      1949900
     4  0 1  94.57 10009.00 2   0.0 -57.5      4900250   0   1250       960250
     5  0 1  94.57 10009.00 2   0.0 -55.3      5850400   0   1150       950150
     6  0 1  94.22 10009.00 2   0.0 -53.1      6849900   0   1400       999500
     7  0 1  95.27 10007.50 2   0.0 -50.6      7840350   0   1300       990450
     8  0 1  95.27 10009.00 2   0.0 -48.4      8820250   0   1200       979900
     9  0 1  94.92 10007.50 2   0.0 -46.6      9789950   0   1150       969700
    10  0 1  94.92 10009.00 2   0.0 -44.4     10750150   0   1350       960200
    11  0 1  94.22 10007.50 2   0.0 -42.5     11700600   0   1200       950450
    12  0 1  95.27 10009.00 2   0.0 -39.1     13689750   0   1050      1989150
    13  0 1  93.87 10009.00 2   0.0 -37.5     14669600   0   1100       979850
    14  0 1  93.52 10009.00 2   0.0 -36.3     15639650   0   1200       970050
    15  0 1  94.92 10009.00 2   0.0 -35.0     16599750   0   1050       960100
    16  0 1  93.52 10007.50 2   0.0 -33.8     17549750   0   1100       950000
    17  0 1  94.22 10009.00 2   0.0 -32.8     18550050   0   1050      1000300
    18  0 1  93.52 10009.00 2   0.0 -31.9     19540500   0   1500       990450
    19  0 1  93.87 10009.00 2   0.0 -31.3     20520300   0   1150       979800
    20  0 1  95.62 10009.00 2   0.0 -30.6     21490750   0   1400       970450
    21  0 1  94.92 10007.50 2   0.0 -30.0     23401400   0   1500      1910650
    22  0 1  94.92 10009.00 2   0.0 -30.0     24401350   0   1350       999950
    23  0 1  93.52 10009.00 2   0.0 -30.0     25391700   0   1400       990350
    24  0 1  95.27 10009.00 2   0.0 -30.3     26371850   0   1350       980150
    25  0 1  94.92 10009.00 2   0.0 -30.6     27341900   0   1050       970050
    26  0 1  95.62 10009.00 2   0.0 -31.3     28302350   0   1100       960450
    27  0 1  95.62 10009.00 2   0.0 -31.9     29252400   0   1500       950050
    28  0 1  93.52 10009.00 2   0.0 -32.8     30252200   0   1100       999800
    29  0 1  93.87 10007.50 2   0.0 -33.8     31242300   0   1150       990100
    30  0 1  94.22 10009.00 2   0.0 -36.3     33192000   0   1300      1949700
    31  0 1  94.92 10007.50 2   0.0 -37.5     34151650   0   1350       959650
    32  0 1  95.27 10009.00 2   0.0 -39.1     35101400   0   1150       949750
    33  0 1  93.87 10009.00 2   0.0 -40.9     36101100   0   1450       999700
    34  0 1  95.62 10009.00 2   0.0 -42.5     37091400   0   1100       990300
    35  0 1  93.52 10009.00 2   0.0 -44.4     38071800   0   1400       980400
    36  0 1  95.98 10007.50 2   0.0 -46.6     39041700   0   1150       969900
    37  0 1  95.27 10009.00 2   0.0 -48.4     40001850   0   1200       960150
    38  0 1  93.52 10007.50 2   0.0 -50.6     40951850   0   1300       950000
    39  0 1  94.57 10007.50 2   0.0 -55.3     42940950   0   1350      1989100
    40  0 1  94.57 10007.50 2   0.0 -57.5     43920500   0   1050       979550
    41  0 1  94.92 10009.00 2   0.0 -60.0     44890500   0   1400       970000
    42  0 1  93.52 10009.00 2   0.0 -62.5     45850800   0   1050       960300
    43  0 1  95.98 10009.00 2   0.0 -65.0     46800700   0   1450       949900
    44  0 1  94.92 10009.00 2   0.0 -67.5     47800450   0   1350       999750
