    NO  S V  AOA    FREQ    B  FMOP  AMP      TOA      PMOP  PW         dTOA  
------ -- - ------ -------- - ----- ----- ------------ --- ------ ------------
     0  0 1  94.57 10120.00 2   0.0 -70.0            0   0   1750  42949673000
     1  0 1  94.22  9907.00 2   0.0 -68.8      1010350   0   1800      1010350
     2  0 1  94.22 10039.00 2   0.0 -67.5      2030400   0   1700      1020050
     3  0 1  95.62  9994.00 2   0.0 -66.3      3060000   0   1350      1029600
     4  0 1  94.22 10031.50 2   0.0 -65.0      4099500   0   1700      1039500
     5  0 1  94.92  9890.50 2   0.0 -63.8      5149500   0   1400      1050000
     6  0 1  95.62  9955.00 2   0.0 -61.3      7279450   0   1450      2129950
     7  0 1  94.92  9997.00 2   0.0 -60.0      8359000   0   1550      1079550
     8  0 1  95.62 10093.00 2   0.0 -58.8      9449350   0   1650      1090350
     9  0 1  94.22 10030.00 2   0.0 -57.5     10549300   0   1650      1099950
    10  0 1  94.92 10006.00 2   0.0 -56.6     11459100   0   1600       909800
    11  0 1  94.22 10060.00 2   0.0 -55.3     12379400   0   1550       920300
    12  0 1  94.22  9973.00 2   0.0 -54.1     13309050   0   1600       929650
    13  0 1  94.22  9973.00 2   0.0 -53.1     14248950   0   1450       939900
    14  0 1  95.62  9977.50 2   0.0 -51.9     15199200   0   1600       950250
    15  0 1  95.62 10009.00 2   0.0 -49.7     17129050   0   1450      1929850
    16  0 1  95.27  9920.50 2   0.0 -48.4     18108550   0   1600       979500
    17  0 1  94.92 10091.50 2   0.0 -47.5     19098850   0   1550       990300
    18  0 1  95.62  9928.00 2   0.0 -46.6     20098450   0   1400       999600
    19  0 1  95.27 10117.00 2   0.0 -45.6     21108500   0   1450      1010050
    20  0 1  94.57  9947.50 2   0.0 -44.4     22128550   0   1400      1020050
    21  0 1  94.92  9937.00 2   0.0 -43.4     23158650   0   1800      1030100
    22  0 1  94.57  9886.00 2   0.0 -42.5     24198350   0   1450      1039700
    23  0 1  95.62  9886.00 2   0.0 -41.6     25248100   0   1500      1049750
    24  0 1  95.27  9970.00 2   0.0 -40.0     27378900   0   1750      2130800
    25  0 1  94.57  9967.00 2   0.0 -39.1     28458600   0   1600      1079700
    26  0 1  94.22  9892.00 2   0.0 -38.4     29549000   0   1350      1090400
    27  0 1  95.62  9874.00 2   0.0 -37.5     30648550   0   1450      1099550
    28  0 1  95.27  9884.50 2   0.0 -36.9     31558200   0   1600       909650
    29  0 1  94.92 10054.00 2   0.0 -36.3     32477950   0   1500       919750
    30  0 1  95.62  9950.50 2   0.0 -35.6     33408100   0   1500       930150
    31  0 1  94.92 10036.00 2   0.0 -35.0     34347900   0   1350       939800
    32  0 1  94.57  9887.50 2   0.0 -34.4     35297650   0   1800       949750
    33  0 1  94.22 10045.00 2   0.0 -33.4     37227400   0   1350      1929750
    34  0 1  94.92 10019.50 2   0.0 -32.8     38207750   0   1400       980350
    35  0 1  95.27 10120.00 2   0.0 -32.5     39198000   0   1700       990250
    36  0 1  94.92  9925.00 2   0.0 -31.9     40198100   0   1550      1000100
    37  0 1  94.92 10087.00 2   0.0 -31.6     41208200   0   1500      1010100
    38  0 1  95.62 10039.00 2   0.0 -31.3     42227750   0   1400      1019550
    39  0 1  94.22  9955.00 2   0.0 -30.9     43257800   0   1650      1030050
    40  0 1  94.92 10079.50 2   0.0 -30.6     44297300   0   1350      1039500
    41  0 1  94.22 10043.50 2   0.0 -30.6     45347550   0   1350      1050250
    42  0 1  95.62 10117.00 2   0.0 -30.3     47478100   0   1450      2130550
    43  0 1  94.92  9991.00 2   0.0 -30.0     48558350   0   1400      1080250
    44  0 1  94.22  9911.50 2   0.0 -30.0     49648450   0   1750      1090100
    45  0 1  94.22 10037.50 2   0.0 -30.0     50748900   0   1650      1100450
    46  0 1  94.92  9998.50 2   0.0 -30.0     51658700   0   1600       909800
    47  0 1  94.22  9959.50 2   0.0 -30.0     52578600   0   1350       919900
    48  0 1  94.57  9928.00 2   0.0 -30.3     53508500   0   1800       929900
    49  0 1  95.27  9931.00 2   0.0 -30.3     54448350   0   1550       939850
    50  0 1  94.22  9994.00 2   0.0 -30.6     55398700   0   1500       950350
    51  0 1  94.22 10109.50 2   0.0 -30.9     57328900   0   1400      1930200
    52  0 1  95.62 10018.00 2   0.0 -31.3     58309200   0   1650       980300
    53  0 1  94.22 10015.00 2   0.0 -31.6     59298750   0   1650       989550
    54  0 1  95.27 10123.00 2   0.0 -31.9     60298300   0   1400       999550
    55  0 1  95.27  9931.00 2   0.0 -32.5     61307850   0   1400      1009550
    56  0 1  94.22 10003.00 2   0.0 -32.8     62327950   0   1400      1020100
    57  0 1  94.57 10063.00 2   0.0 -33.4     63357600   0   1400      1029650
    58  0 1  95.27 10082.50 2   0.0 -33.8     64397950   0   1550      1040350
    59  0 1  94.57  9889.00 2   0.0 -34.4     65448400   0   1650      1050450
    60  0 1  95.62  9986.50 2   0.0 -35.6     67578150   0   1450      2129750
    61  0 1  94.57 10015.00 2   0.0 -36.3     68657900   0   1750      1079750
    62  0 1  94.57  9878.50 2   0.0 -36.9     69747500   0   1750      1089600
    63  0 1  95.62  9931.00 2   0.0 -37.5     70847850   0   1750      1100350
    64  0 1  94.22  9982.00 2   0.0 -38.4     71757800   0   1700       909950
    65  0 1  95.62  9956.50 2   0.0 -39.1     72678000   0   1350       920200
    66  0 1  94.22 10084.00 2   0.0 -40.0     73608000   0   1650       930000
    67  0 1  95.62 10066.00 2   0.0 -40.9     74547750   0   1450       939750
    68  0 1  95.27 10018.00 2   0.0 -41.6     75497900   0   1500       950150
    69  0 1  95.27  9962.50 2   0.0 -43.4     77427200   0   1400      1929300
    70  0 1  94.22 10120.00 2   0.0 -44.4     78407500   0   1800       980300
    71  0 1  94.92 10049.50 2   0.0 -45.6     79397250   0   1600       989750
    72  0 1  95.62  9985.00 2   0.0 -46.6     80396800   0   1600       999550
    73  0 1  95.62 10031.50 2   0.0 -47.5     81406850   0   1350      1010050
    74  0 1  94.57 10066.00 2   0.0 -48.4     82426550   0   1800      1019700
    75  0 1  95.62 10057.00 2   0.0 -49.7     83456050   0   1400      1029500
    76  0 1  94.22 10117.00 2   0.0 -50.6     84496100   0   1550      1040050
    77  0 1  94.22  9962.50 2   0.0 -51.9     85546550   0   1400      1050450
    78  0 1  94.92 10081.00 2   0.0 -54.1     87676250   0   1750      2129700
    79  0 1  94.22  9911.50 2   0.0 -55.3     88756650   0   1600      1080400
    80  0 1  95.27 10088.50 2   0.0 -56.6     89846550   0   1700      1089900
    81  0 1  94.22 10108.00 2   0.0 -57.5     90946500   0   1550      1099950
    82  0 1  95.27 10054.00 2   0.0 -58.8     91856750   0   1800       910250
    83  0 1  95.27 10088.50 2   0.0 -60.0     92777000   0   1450       920250
    84  0 1  94.92  9940.00 2   0.0 -61.3     93706700   0   1700       929700
    85  0 1  94.57  9970.00 2   0.0 -62.5     94646800   0   1450       940100
    86  0 1  94.22  9982.00 2   0.0 -63.8     95596800   0   1650       950000
    87  0 1  94.22  9953.50 2   0.0 -66.3     97526450   0   1750      1929650
    88  0 1  94.57 10102.00 2   0.0 -67.5     98506650   0   1600       980200
    89  0 1  95.62 10024.00 2   0.0 -68.8     99496650   0   1450       990000
