    NO  S V  AOA    FREQ    B  FMOP  AMP      TOA      PMOP  PW         dTOA  
------ -- - ------ -------- - ----- ----- ------------ --- ------ ------------
     0  0 1  94.22  9991.00 2   0.0 -70.0            0   0   1350  42949673000
     1  0 1  94.22 10073.50 2   0.0 -68.8      1010450   0   1450      1010450
     2  0 1  94.22  9892.00 2   0.0 -67.5      2030300   0   1350      1019850
     3  0 1  94.92 10123.00 2   0.0 -66.3      3060300   0   1450      1030000
     4  0 1  95.27  9955.00 2   0.0 -63.8      5151000   0   1450      2090700
     5  0 1  94.92 10102.00 2   0.0 -62.5      6211350   0   1450      1060350
     6  0 1  94.57  9877.00 2   0.0 -61.3      7281600   0   1600      1070250
     7  0 1  95.27  9982.00 2   0.0 -60.0      8361300   0   1800      1079700
     8  0 1  95.62 10042.00 2   0.0 -58.8      9450950   0   1600      1089650
     9  0 1  94.92 10123.00 2   0.0 -57.5     10551000   0   1450      1100050
    10  0 1  94.57  9950.50 2   0.0 -56.6     11460800   0   1800       909800
    11  0 1  95.62  9916.00 2   0.0 -55.3     12380750   0   1750       919950
    12  0 1  95.27  9967.00 2   0.0 -54.1     13310850   0   1650       930100
    13  0 1  94.57 10037.50 2   0.0 -51.9     15200850   0   1750      1890000
    14  0 1  94.22  9973.00 2   0.0 -50.6     16160500   0   1450       959650
    15  0 1  94.57  9952.00 2   0.0 -49.7     17130250   0   1550       969750
    16  0 1  94.57 10070.50 2   0.0 -48.4     18110650   0   1800       980400
    17  0 1  95.62  9875.50 2   0.0 -47.5     19100650   0   1500       990000
    18  0 1  95.62  9907.00 2   0.0 -46.6     20100800   0   1750      1000150
    19  0 1  94.92  9896.50 2   0.0 -45.6     21110900   0   1700      1010100
    20  0 1  94.57 10060.00 2   0.0 -44.4     22130900   0   1650      1020000
    21  0 1  95.27  9976.00 2   0.0 -43.4     23161350   0   1800      1030450
    22  0 1  94.57 10078.00 2   0.0 -41.6     25250850   0   1550      2089500
    23  0 1  95.27  9901.00 2   0.0 -40.9     26311050   0   1350      1060200
    24  0 1  94.57  9958.00 2   0.0 -40.0     27380700   0   1450      1069650
    25  0 1  94.92  9946.00 2   0.0 -39.1     28461050   0   1650      1080350
    26  0 1  94.22 10072.00 2   0.0 -38.4     29550600   0   1800      1089550
    27  0 1  94.57  9898.00 2   0.0 -37.5     30651000   0   1450      1100400
    28  0 1  95.27 10045.00 2   0.0 -36.9     31561400   0   1750       910400
    29  0 1  95.27 10106.50 2   0.0 -36.3     32481050   0   1800       919650
    30  0 1  95.27 10075.00 2   0.0 -35.6     33410550   0   1550       929500
    31  0 1  94.22 10099.00 2   0.0 -34.4     35300250   0   1550      1889700
    32  0 1  94.57  9913.00 2   0.0 -33.8     36260250   0   1750       960000
    33  0 1  94.22 10045.00 2   0.0 -33.4     37230250   0   1450       970000
    34  0 1  94.57 10004.50 2   0.0 -32.8     38209800   0   1650       979550
    35  0 1  94.22  9997.00 2   0.0 -32.5     39199800   0   1800       990000
    36  0 1  94.22 10055.50 2   0.0 -31.9     40199750   0   1700       999950
    37  0 1  95.27 10072.00 2   0.0 -31.6     41209900   0   1750      1010150
    38  0 1  94.57 10070.50 2   0.0 -31.3     42229950   0   1600      1020050
    39  0 1  95.27  9985.00 2   0.0 -30.9     43260150   0   1750      1030200
    40  0 1  94.57 10052.50 2   0.0 -30.6     45349800   0   1550      2089650
    41  0 1  95.62  9910.00 2   0.0 -30.3     46410200   0   1450      1060400
    42  0 1  94.22  9895.00 2   0.0 -30.3     47480650   0   1650      1070450
    43  0 1  95.27  9955.00 2   0.0 -30.0     48560900   0   1750      1080250
    44  0 1  95.62 10061.50 2   0.0 -30.0     49650750   0   1700      1089850
    45  0 1  95.62 10054.00 2   0.0 -30.0     50750250   0   1350      1099500
    46  0 1  95.27 10009.00 2   0.0 -30.0     51660300   0   1700       910050
    47  0 1  94.92 10030.00 2   0.0 -30.0     52580350   0   1800       920050
    48  0 1  94.22  9917.50 2   0.0 -30.3     53509950   0   1400       929600
    49  0 1  95.62 10111.00 2   0.0 -30.6     55399900   0   1750      1889950
    50  0 1  94.57 10108.00 2   0.0 -30.6     56360050   0   1350       960150
    51  0 1  95.62  9958.00 2   0.0 -30.9     57329800   0   1350       969750
    52  0 1  95.62  9904.00 2   0.0 -31.3     58309550   0   1500       979750
    53  0 1  95.27  9968.50 2   0.0 -31.6     59299350   0   1550       989800
    54  0 1  94.57 10087.00 2   0.0 -31.9     60298850   0   1700       999500
    55  0 1  95.62  9892.00 2   0.0 -32.5     61308900   0   1450      1010050
    56  0 1  95.62 10037.50 2   0.0 -32.8     62328950   0   1700      1020050
    57  0 1  94.22  9988.00 2   0.0 -33.4     63359100   0   1650      1030150
    58  0 1  95.27  9932.50 2   0.0 -34.4     65448350   0   1700      2089250
    59  0 1  94.22 10064.50 2   0.0 -35.0     66507950   0   1450      1059600
    60  0 1  94.92  9953.50 2   0.0 -35.6     67577550   0   1400      1069600
    61  0 1  95.27  9953.50 2   0.0 -36.3     68657900   0   1800      1080350
    62  0 1  95.27 10115.50 2   0.0 -36.9     69748200   0   1550      1090300
    63  0 1  94.92 10004.50 2   0.0 -37.5     70848400   0   1500      1100200
    64  0 1  94.92 10081.00 2   0.0 -38.4     71758500   0   1500       910100
    65  0 1  94.57 10042.00 2   0.0 -39.1     72678050   0   1650       919550
    66  0 1  95.62  9886.00 2   0.0 -40.0     73608350   0   1750       930300
    67  0 1  95.27  9893.50 2   0.0 -41.6     75498200   0   1800      1889850
    68  0 1  94.22  9916.00 2   0.0 -42.5     76458550   0   1500       960350
    69  0 1  94.22  9928.00 2   0.0 -43.4     77429000   0   1550       970450
    70  0 1  94.22  9916.00 2   0.0 -44.4     78409450   0   1500       980450
    71  0 1  95.27  9907.00 2   0.0 -45.6     79399000   0   1700       989550
    72  0 1  95.27  9958.00 2   0.0 -46.6     80398850   0   1450       999850
    73  0 1  95.62  9938.50 2   0.0 -47.5     81409050   0   1750      1010200
    74  0 1  95.62 10096.00 2   0.0 -48.4     82429150   0   1400      1020100
    75  0 1  94.92  9949.00 2   0.0 -49.7     83459000   0   1650      1029850
    76  0 1  94.22 10094.50 2   0.0 -51.9     85548650   0   1500      2089650
    77  0 1  94.22 10103.50 2   0.0 -53.1     86608300   0   1500      1059650
    78  0 1  94.22 10111.00 2   0.0 -54.1     87678100   0   1450      1069800
    79  0 1  94.22  9902.50 2   0.0 -55.3     88758250   0   1550      1080150
    80  0 1  94.22  9875.50 2   0.0 -56.6     89848250   0   1550      1090000
    81  0 1  95.62 10009.00 2   0.0 -57.5     90948100   0   1450      1099850
    82  0 1  94.22  9971.50 2   0.0 -58.8     91858450   0   1550       910350
    83  0 1  94.92  9937.00 2   0.0 -60.0     92778850   0   1750       920400
    84  0 1  95.27 10115.50 2   0.0 -61.3     93708550   0   1550       929700
    85  0 1  95.27 10096.00 2   0.0 -63.8     95597750   0   1500      1889200
    86  0 1  94.22 10120.00 2   0.0 -65.0     96557300   0   1400       959550
    87  0 1  94.57  9889.00 2   0.0 -66.3     97526900   0   1750       969600
    88  0 1  95.62 10006.00 2   0.0 -67.5     98507050   0   1500       980150
    89  0 1  94.92 10118.50 2   0.0 -68.8     99497250   0   1450       990200
