    NO  S V  AOA    FREQ    B  FMOP  AMP      TOA      PMOP  PW         dTOA  
------ -- - ------ -------- - ----- ----- ------------ --- ------ ------------
     0  0 1  94.92 10039.00 2   0.0 -68.8      1010350   0   1350  42950683350
     1  0 1  95.62 10031.50 2   0.0 -67.5      2030550   0   1650      1020200
     2  0 1  94.57  9913.00 2   0.0 -66.3      3061000   0   1800      1030450
     3  0 1  94.57  9955.00 2   0.0 -65.0      4101450   0   1800      1040450
     4  0 1  94.57  9979.00 2   0.0 -63.8      5151450   0   1700      1050000
     5  0 1  95.27 10031.50 2   0.0 -62.5      6211850   0   1400      1060400
     6  0 1  94.92 10028.50 2   0.0 -61.3      7281950   0   1750      1070100
     7  0 1  95.62  9914.50 2   0.0 -60.0      8361550   0   1650      1079600
     8  0 1  94.57 10028.50 2   0.0 -58.8      9452000   0   1650      1090450
     9  0 1  94.22 10055.50 2   0.0 -56.6     11462450   0   1650      2010450
    10  0 1  94.92  9985.00 2   0.0 -55.3     12382850   0   1400       920400
    11  0 1  95.27 10078.00 2   0.0 -54.1     13312850   0   1800       930000
    12  0 1  94.22 10045.00 2   0.0 -53.1     14252950   0   1650       940100
    13  0 1  95.62  9959.50 2   0.0 -51.9     15202750   0   1400       949800
    14  0 1  94.92 10093.00 2   0.0 -50.6     16162600   0   1750       959850
    15  0 1  95.27  9934.00 2   0.0 -49.7     17132200   0   1550       969600
    16  0 1  94.57 10108.00 2   0.0 -48.4     18111950   0   1450       979750
    17  0 1  94.92  9985.00 2   0.0 -47.5     19102350   0   1600       990400
    18  0 1  94.57 10030.00 2   0.0 -45.6     21112850   0   1400      2010500
    19  0 1  94.22 10093.00 2   0.0 -44.4     22133100   0   1550      1020250
    20  0 1  94.57 10073.50 2   0.0 -43.4     23162800   0   1600      1029700
    21  0 1  95.62  9935.50 2   0.0 -42.5     24203200   0   1800      1040400
    22  0 1  95.62  9970.00 2   0.0 -41.6     25252800   0   1750      1049600
    23  0 1  94.57  9887.50 2   0.0 -40.9     26312750   0   1450      1059950
    24  0 1  94.92  9920.50 2   0.0 -40.0     27383200   0   1650      1070450
    25  0 1  94.57 10120.00 2   0.0 -39.1     28462950   0   1550      1079750
    26  0 1  95.27  9938.50 2   0.0 -38.4     29552500   0   1650      1089550
    27  0 1  94.22 10027.00 2   0.0 -36.9     31562350   0   1800      2009850
    28  0 1  95.27  9907.00 2   0.0 -36.3     32482050   0   1700       919700
    29  0 1  94.92  9955.00 2   0.0 -35.6     33412350   0   1650       930300
    30  0 1  94.92 10066.00 2   0.0 -35.0     34351850   0   1650       939500
    31  0 1  94.22 10003.00 2   0.0 -34.4     35302200   0   1450       950350
    32  0 1  94.92 10048.00 2   0.0 -33.8     36262450   0   1450       960250
    33  0 1  95.62  9961.00 2   0.0 -33.4     37232650   0   1350       970200
    34  0 1  95.27 10123.00 2   0.0 -32.8     38212350   0   1500       979700
    35  0 1  94.22 10118.50 2   0.0 -32.5     39202700   0   1350       990350
    36  0 1  94.22 10019.50 2   0.0 -31.6     41212450   0   1500      2009750
    37  0 1  94.92 10081.00 2   0.0 -31.3     42232250   0   1500      1019800
    38  0 1  95.62 10006.00 2   0.0 -30.9     43262350   0   1450      1030100
    39  0 1  95.27 10088.50 2   0.0 -30.6     44302500   0   1450      1040150
    40  0 1  95.62 10054.00 2   0.0 -30.6     45352700   0   1400      1050200
    41  0 1  95.62  9886.00 2   0.0 -30.3     46413100   0   1350      1060400
    42  0 1  95.62 10099.00 2   0.0 -30.3     47483300   0   1450      1070200
    43  0 1  94.92 10006.00 2   0.0 -30.0     48563500   0   1650      1080200
    44  0 1  95.27 10007.50 2   0.0 -30.0     49653050   0   1450      1089550
    45  0 1  94.57 10087.00 2   0.0 -30.0     51663050   0   1350      2010000
    46  0 1  94.22 10123.00 2   0.0 -30.0     52583200   0   1550       920150
    47  0 1  94.22  9946.00 2   0.0 -30.3     53513050   0   1400       929850
    48  0 1  94.92 10117.00 2   0.0 -30.3     54453350   0   1350       940300
    49  0 1  95.27 10109.50 2   0.0 -30.6     55403400   0   1350       950050
    50  0 1  95.62 10057.00 2   0.0 -30.6     56363000   0   1750       959600
    51  0 1  94.22 10000.00 2   0.0 -30.9     57332700   0   1350       969700
    52  0 1  95.62  9986.50 2   0.0 -31.3     58312550   0   1600       979850
    53  0 1  95.27  9979.00 2   0.0 -31.6     59302750   0   1750       990200
    54  0 1  94.22  9976.00 2   0.0 -32.5     61313000   0   1750      2010250
    55  0 1  95.62 10121.50 2   0.0 -32.8     62332550   0   1750      1019550
    56  0 1  95.62 10114.00 2   0.0 -33.4     63362450   0   1450      1029900
    57  0 1  94.92 10087.00 2   0.0 -33.8     64402500   0   1750      1040050
    58  0 1  95.27 10040.50 2   0.0 -34.4     65452250   0   1450      1049750
    59  0 1  95.62  9929.50 2   0.0 -35.0     66512350   0   1400      1060100
    60  0 1  94.22  9935.50 2   0.0 -35.6     67582000   0   1600      1069650
    61  0 1  94.57 10036.00 2   0.0 -36.3     68662050   0   1400      1080050
    62  0 1  94.92 10090.00 2   0.0 -36.9     69752000   0   1650      1089950
    63  0 1  94.57 10045.00 2   0.0 -38.4     71762450   0   1600      2010450
    64  0 1  94.92 10000.00 2   0.0 -39.1     72682100   0   1400       919650
    65  0 1  94.22  9983.50 2   0.0 -40.0     73611600   0   1800       929500
    66  0 1  94.22  9898.00 2   0.0 -40.9     74552050   0   1700       940450
    67  0 1  94.92 10021.00 2   0.0 -41.6     75502100   0   1550       950050
    68  0 1  94.92  9994.00 2   0.0 -42.5     76461900   0   1400       959800
    69  0 1  94.92  9977.50 2   0.0 -43.4     77431550   0   1450       969650
    70  0 1  94.22  9992.50 2   0.0 -44.4     78411550   0   1550       980000
    71  0 1  94.57  9886.00 2   0.0 -45.6     79401050   0   1400       989500
    72  0 1  95.27  9968.50 2   0.0 -47.5     81411300   0   1450      2010250
    73  0 1  94.22 10027.00 2   0.0 -48.4     82431150   0   1400      1019850
    74  0 1  95.27 10096.00 2   0.0 -49.7     83460700   0   1750      1029550
    75  0 1  94.57 10081.00 2   0.0 -50.6     84500650   0   1700      1039950
    76  0 1  94.92  9956.50 2   0.0 -51.9     85550450   0   1600      1049800
    77  0 1  95.27 10000.00 2   0.0 -53.1     86610550   0   1400      1060100
    78  0 1  95.27 10061.50 2   0.0 -54.1     87680400   0   1600      1069850
    79  0 1  94.57  9907.00 2   0.0 -55.3     88760600   0   1350      1080200
    80  0 1  95.62 10003.00 2   0.0 -56.6     89850200   0   1600      1089600
    81  0 1  94.92 10003.00 2   0.0 -58.8     91860800   0   1600      2010600
    82  0 1  95.62 10058.50 2   0.0 -60.0     92780900   0   1650       920100
    83  0 1  95.62  9991.00 2   0.0 -61.3     93711050   0   1600       930150
    84  0 1  95.27  9898.00 2   0.0 -62.5     94651200   0   1350       940150
    85  0 1  94.57  9997.00 2   0.0 -63.8     95600950   0   1700       949750
    86  0 1  95.27 10105.00 2   0.0 -65.0     96560900   0   1550       959950
    87  0 1  94.22  9976.00 2   0.0 -66.3     97531200   0   1750       970300
    88  0 1  94.22 10060.00 2   0.0 -67.5     98511450   0   1800       980250
    89  0 1  94.57  9961.00 2   0.0 -68.8     99501850   0   1700       990400
