    NO  S V  AOA    FREQ    B  FMOP  AMP      TOA      PMOP  PW         dTOA  
------ -- - ------ -------- - ----- ----- ------------ --- ------ ------------
     0  0 1  94.22 10007.50 2   0.0 -68.8      1010300   0   1350  42950683300
     1  0 1  94.92 10003.00 2   0.0 -67.5      2030750   0   1750      1020450
     2  0 1  94.22  9877.00 2   0.0 -66.3      3061200   0   1450      1030450
     3  0 1  95.27 10087.00 2   0.0 -65.0      4100750   0   1800      1039550
     4  0 1  94.57  9991.00 2   0.0 -63.8      5150600   0   1450      1049850
     5  0 1  94.57  9907.00 2   0.0 -62.5      6210550   0   1800      1059950
     6  0 1  94.22  9962.50 2   0.0 -61.3      7280950   0   1550      1070400
     7  0 1  94.92  9884.50 2   0.0 -60.0      8361350   0   1750      1080400
     8  0 1  94.22 10070.50 2   0.0 -58.8      9451100   0   1750      1089750
     9  0 1  94.22 10079.50 2   0.0 -56.6     11461450   0   1550      2010350
    10  0 1  95.27  9986.50 2   0.0 -55.3     12381050   0   1650       919600
    11  0 1  94.22  9977.50 2   0.0 -54.1     13311300   0   1500       930250
    12  0 1  95.27  9946.00 2   0.0 -53.1     14251750   0   1450       940450
    13  0 1  95.62 10027.00 2   0.0 -51.9     15202100   0   1550       950350
    14  0 1  95.62 10121.50 2   0.0 -50.6     16162500   0   1550       960400
    15  0 1  94.22  9910.00 2   0.0 -49.7     17132950   0   1400       970450
    16  0 1  95.27 10111.00 2   0.0 -48.4     18113050   0   1400       980100
    17  0 1  95.27  9968.50 2   0.0 -47.5     19103500   0   1550       990450
    18  0 1  94.22  9899.50 2   0.0 -45.6     21112850   0   1700      2009350
    19  0 1  95.62 10001.50 2   0.0 -44.4     22132700   0   1350      1019850
    20  0 1  95.62 10022.50 2   0.0 -43.4     23162450   0   1350      1029750
    21  0 1  95.27  9878.50 2   0.0 -42.5     24202850   0   1750      1040400
    22  0 1  94.22 10015.00 2   0.0 -41.6     25253200   0   1450      1050350
    23  0 1  95.62 10111.00 2   0.0 -40.9     26313350   0   1400      1060150
    24  0 1  94.22  9877.00 2   0.0 -40.0     27383500   0   1450      1070150
    25  0 1  94.22  9880.00 2   0.0 -39.1     28463950   0   1650      1080450
    26  0 1  94.22  9961.00 2   0.0 -38.4     29554250   0   1800      1090300
    27  0 1  95.27 10105.00 2   0.0 -36.9     31564100   0   1550      2009850
    28  0 1  94.22 10006.00 2   0.0 -36.3     32483700   0   1750       919600
    29  0 1  94.22  9958.00 2   0.0 -35.6     33414150   0   1400       930450
    30  0 1  94.92 10052.50 2   0.0 -35.0     34353800   0   1400       939650
    31  0 1  94.22 10031.50 2   0.0 -34.4     35304200   0   1600       950400
    32  0 1  94.92  9970.00 2   0.0 -33.8     36264000   0   1500       959800
    33  0 1  94.22 10088.50 2   0.0 -33.4     37233850   0   1650       969850
    34  0 1  95.27 10003.00 2   0.0 -32.8     38214200   0   1550       980350
    35  0 1  94.92 10030.00 2   0.0 -32.5     39204000   0   1350       989800
    36  0 1  94.22  9935.50 2   0.0 -31.6     41213250   0   1350      2009250
    37  0 1  94.22 10069.00 2   0.0 -31.3     42233500   0   1650      1020250
    38  0 1  95.27  9922.00 2   0.0 -30.9     43263000   0   1650      1029500
    39  0 1  94.22 10063.00 2   0.0 -30.6     44302900   0   1750      1039900
    40  0 1  95.62  9994.00 2   0.0 -30.6     45352550   0   1450      1049650
    41  0 1  94.57 10058.50 2   0.0 -30.3     46412650   0   1500      1060100
    42  0 1  94.57  9922.00 2   0.0 -30.3     47482900   0   1500      1070250
    43  0 1  94.92 10019.50 2   0.0 -30.0     48562550   0   1350      1079650
    44  0 1  94.92  9893.50 2   0.0 -30.0     49652800   0   1400      1090250
    45  0 1  94.57 10004.50 2   0.0 -30.0     51662550   0   1750      2009750
    46  0 1  95.62  9961.00 2   0.0 -30.0     52582150   0   1800       919600
    47  0 1  95.27 10060.00 2   0.0 -30.3     53512400   0   1450       930250
    48  0 1  94.92  9896.50 2   0.0 -30.3     54452300   0   1650       939900
    49  0 1  95.27 10043.50 2   0.0 -30.6     55401900   0   1700       949600
    50  0 1  95.27 10073.50 2   0.0 -30.6     56362000   0   1400       960100
    51  0 1  94.57  9922.00 2   0.0 -30.9     57331800   0   1700       969800
    52  0 1  94.92  9937.00 2   0.0 -31.3     58311400   0   1450       979600
    53  0 1  94.22 10045.00 2   0.0 -31.6     59301500   0   1400       990100
    54  0 1  94.92  9907.00 2   0.0 -32.5     61311950   0   1350      2010450
    55  0 1  94.22  9913.00 2   0.0 -32.8     62332250   0   1350      1020300
    56  0 1  95.27  9959.50 2   0.0 -33.4     63362550   0   1500      1030300
    57  0 1  94.22  9940.00 2   0.0 -33.8     64402800   0   1750      1040250
    58  0 1  95.27 10000.00 2   0.0 -34.4     65452600   0   1400      1049800
    59  0 1  95.27  9964.00 2   0.0 -35.0     66512350   0   1400      1059750
    60  0 1  94.92  9877.00 2   0.0 -35.6     67582550   0   1450      1070200
    61  0 1  94.22 10123.00 2   0.0 -36.3     68662350   0   1750      1079800
    62  0 1  95.27  9890.50 2   0.0 -36.9     69752800   0   1600      1090450
    63  0 1  95.27 10055.50 2   0.0 -38.4     71762300   0   1700      2009500
    64  0 1  95.27  9883.00 2   0.0 -39.1     72682150   0   1400       919850
    65  0 1  95.62 10039.00 2   0.0 -40.0     73612100   0   1650       929950
    66  0 1  94.57  9946.00 2   0.0 -40.9     74551650   0   1600       939550
    67  0 1  94.22 10043.50 2   0.0 -41.6     75501450   0   1500       949800
    68  0 1  95.62 10060.00 2   0.0 -42.5     76461700   0   1800       960250
    69  0 1  95.27  9898.00 2   0.0 -43.4     77431500   0   1700       969800
    70  0 1  94.57 10048.00 2   0.0 -44.4     78411350   0   1600       979850
    71  0 1  94.92 10087.00 2   0.0 -45.6     79400950   0   1350       989600
    72  0 1  94.22 10121.50 2   0.0 -47.5     81410750   0   1550      2009800
    73  0 1  95.62  9892.00 2   0.0 -48.4     82430400   0   1400      1019650
    74  0 1  94.22  9994.00 2   0.0 -49.7     83460550   0   1700      1030150
    75  0 1  94.92  9973.00 2   0.0 -50.6     84500400   0   1600      1039850
    76  0 1  94.92 10117.00 2   0.0 -51.9     85550700   0   1700      1050300
    77  0 1  95.62  9982.00 2   0.0 -53.1     86611050   0   1600      1060350
    78  0 1  94.57  9893.50 2   0.0 -54.1     87681000   0   1450      1069950
    79  0 1  95.27  9976.00 2   0.0 -55.3     88761150   0   1350      1080150
    80  0 1  94.57  9952.00 2   0.0 -56.6     89851100   0   1350      1089950
    81  0 1  94.92 10096.00 2   0.0 -58.8     91861400   0   1750      2010300
    82  0 1  95.27 10057.00 2   0.0 -60.0     92781650   0   1600       920250
    83  0 1  95.27 10105.00 2   0.0 -61.3     93711900   0   1550       930250
    84  0 1  94.22 10105.00 2   0.0 -62.5     94652000   0   1450       940100
    85  0 1  95.27  9941.50 2   0.0 -63.8     95601750   0   1550       949750
    86  0 1  95.27 10030.00 2   0.0 -65.0     96561300   0   1500       959550
    87  0 1  94.92 10091.50 2   0.0 -66.3     97531400   0   1400       970100
    88  0 1  94.92  9967.00 2   0.0 -67.5     98511800   0   1700       980400
    89  0 1  95.62 10120.00 2   0.0 -68.8     99501500   0   1650       989700
