    NO  S V  AOA    FREQ    B  FMOP  AMP      TOA      PMOP  PW         dTOA  
------ -- - ------ -------- - ----- ----- ------------ --- ------ ------------
     0  0 1 109.69  5248.75 1   0.0 -70.0            0   0   3000  42949673000
     1  0 1 109.69  5266.25 1   0.0 -67.5      1138450   0   3000      1138450
     2  0 1 109.69  5275.00 1   0.0 -66.3      1707250   0   3000       568800
     3  0 1 109.69  5280.00 1   0.0 -65.0      2275450   0   3000       568200
     4  0 1 109.69  5286.25 1   0.0 -63.8      2845250   0   3000       569800
     5  0 1 109.69  5290.00 1   0.0 -62.5      3287400   0   2950       442150
     6  0 1 109.69  5295.00 1   0.0 -61.3      3726800   0   3000       439400
     7  0 1 109.69  5298.75 1   0.0 -60.0      4165000   0   2950       438200
     8  0 1 109.69  5297.50 1   0.0 -58.8      4603750   0   2950       438750
     9  0 1 109.69  5297.50 1   0.0 -57.5      5043450   0   3000       439700
    10  0 1 109.69  5295.00 1   0.0 -55.3      5984600   0   3000       941150
    11  0 1 109.69  5292.50 1   0.0 -54.1      6454300   0   3000       469700
    12  0 1 109.69  5291.25 1   0.0 -53.1      6925250   0   2950       470950
    13  0 1 109.69  5286.25 1   0.0 -51.9      7397550   0   3000       472300
    14  0 1 109.69  5278.75 1   0.0 -50.6      7928450   0   2950       530900
    15  0 1 109.69  5272.50 1   0.0 -49.7      8457450   0   2950       529000
    16  0 1 109.69  5265.00 1   0.0 -48.4      8989450   0   3000       532000
    17  0 1 109.69  5257.50 1   0.0 -47.5      9519250   0   3000       529800
    18  0 1 109.69  5250.00 1   0.0 -46.6     10047050   0   3000       527800
    19  0 1 109.69  5230.00 1   0.0 -44.4     11189700   0   2950      1142650
    20  0 1 109.69  5222.50 1   0.0 -43.4     11760550   0   3000       570850
    21  0 1 109.69  5216.25 1   0.0 -42.5     12328200   0   3000       567650
    22  0 1 109.69  5208.75 1   0.0 -41.6     12896500   0   2950       568300
    23  0 1 109.69  5205.00 1   0.0 -40.9     13334900   0   3000       438400
    24  0 1 109.69  5201.25 1   0.0 -40.0     13777250   0   3000       442350
    25  0 1 109.69  5201.25 1   0.0 -39.1     14218450   0   3000       441200
    26  0 1 109.69  5200.00 1   0.0 -38.4     14656300   0   2950       437850
    27  0 1 109.69  5198.75 1   0.0 -37.5     15095150   0   2950       438850
    28  0 1 109.69  5200.00 1   0.0 -36.3     16038850   0   3000       943700
    29  0 1 109.69  5205.00 1   0.0 -35.6     16506900   0   2950       468050
    30  0 1 109.69  5208.75 1   0.0 -35.0     16976150   0   3000       469250
    31  0 1 109.69  5215.00 1   0.0 -34.4     17444350   0   3000       468200
    32  0 1 109.69  5218.75 1   0.0 -33.8     17973450   0   2950       529100
    33  0 1 109.69  5226.25 1   0.0 -33.4     18501200   0   3000       527750
    34  0 1 109.69  5233.75 1   0.0 -32.8     19032100   0   3000       530900
    35  0 1 109.69  5242.50 1   0.0 -32.5     19563850   0   3000       531750
    36  0 1 109.69  5250.00 1   0.0 -31.9     20092550   0   2950       528700
    37  0 1 109.69  5266.25 1   0.0 -31.3     21230950   0   3000      1138400
    38  0 1 109.69  5275.00 1   0.0 -30.9     21798550   0   2950       567600
    39  0 1 109.69  5281.25 1   0.0 -30.6     22370750   0   3000       572200
    40  0 1 109.69  5290.00 1   0.0 -30.6     22939650   0   3000       568900
    41  0 1 109.69  5291.25 1   0.0 -30.3     23379700   0   2950       440050
    42  0 1 109.69  5296.25 1   0.0 -30.3     23819300   0   2950       439600
    43  0 1 109.69  5296.25 1   0.0 -30.0     24261300   0   3000       442000
    44  0 1 109.69  5298.75 1   0.0 -30.0     24700300   0   2950       439000
    45  0 1 109.69  5298.75 1   0.0 -30.0     25140900   0   2950       440600
    46  0 1 109.69  5297.50 1   0.0 -30.0     26084600   0   2950       943700
    47  0 1 109.69  5295.00 1   0.0 -30.3     26553550   0   2950       468950
    48  0 1 109.69  5290.00 1   0.0 -30.3     27023350   0   3000       469800
    49  0 1 109.69  5283.75 1   0.0 -30.6     27491950   0   3000       468600
    50  0 1 109.69  5280.00 1   0.0 -30.6     28022150   0   3000       530200
    51  0 1 109.69  5270.00 1   0.0 -30.9     28552200   0   3000       530050
    52  0 1 109.69  5263.75 1   0.0 -31.3     29081250   0   3000       529050
    53  0 1 109.69  5255.00 1   0.0 -31.6     29608850   0   3000       527600
    54  0 1 109.69  5245.00 1   0.0 -31.9     30139800   0   2950       530950
    55  0 1 109.69  5228.75 1   0.0 -32.8     31280400   0   2950      1140600
    56  0 1 109.69  5221.25 1   0.0 -33.4     31852850   0   2950       572450
    57  0 1 109.69  5215.00 1   0.0 -33.8     32425000   0   2950       572150
    58  0 1 109.69  5210.00 1   0.0 -34.4     32996100   0   3000       571100
    59  0 1 109.69  5205.00 1   0.0 -35.0     33438500   0   2950       442400
    60  0 1 109.69  5203.75 1   0.0 -35.6     33880350   0   3000       441850
    61  0 1 109.69  5200.00 1   0.0 -36.3     34320450   0   2950       440100
    62  0 1 109.69  5200.00 1   0.0 -36.9     34761850   0   2950       441400
    63  0 1 109.69  5198.75 1   0.0 -37.5     35200850   0   3000       439000
    64  0 1 109.69  5203.75 1   0.0 -39.1     36141650   0   3000       940800
    65  0 1 109.69  5205.00 1   0.0 -40.0     36609800   0   3000       468150
    66  0 1 109.69  5210.00 1   0.0 -40.9     37081700   0   2950       471900
    67  0 1 109.69  5215.00 1   0.0 -41.6     37553600   0   3000       471900
    68  0 1 109.69  5220.00 1   0.0 -42.5     38081250   0   2950       527650
    69  0 1 109.69  5227.50 1   0.0 -43.4     38609550   0   3000       528300
    70  0 1 109.69  5236.25 1   0.0 -44.4     39138300   0   3000       528750
    71  0 1 109.69  5243.75 1   0.0 -45.6     39665900   0   2950       527600
    72  0 1 109.69  5253.75 1   0.0 -46.6     40197800   0   3000       531900
    73  0 1 109.69  5270.00 1   0.0 -48.4     41337600   0   3000      1139800
    74  0 1 109.69  5278.75 1   0.0 -49.7     41907600   0   2950       570000
    75  0 1 109.69  5283.75 1   0.0 -50.6     42479400   0   3000       571800
    76  0 1 109.69  5288.75 1   0.0 -51.9     43046950   0   3000       567550
    77  0 1 109.69  5295.00 1   0.0 -53.1     43487800   0   2950       440850
    78  0 1 109.69  5295.00 1   0.0 -54.1     43929350   0   2950       441550
    79  0 1 109.69  5297.50 1   0.0 -55.3     44367250   0   3000       437900
    80  0 1 109.69  5300.00 1   0.0 -56.6     44808950   0   3000       441700
    81  0 1 109.69  5297.50 1   0.0 -57.5     45250750   0   3000       441800
    82  0 1 109.69  5295.00 1   0.0 -60.0     46193900   0   3000       943150
    83  0 1 109.69  5292.50 1   0.0 -61.3     46664500   0   3000       470600
    84  0 1 109.69  5290.00 1   0.0 -62.5     47134550   0   3000       470050
    85  0 1 109.69  5282.50 1   0.0 -63.8     47606300   0   2950       471750
    86  0 1 109.69  5277.50 1   0.0 -65.0     48134000   0   3000       527700
    87  0 1 109.69  5270.00 1   0.0 -66.3     48665700   0   3000       531700
    88  0 1 109.69  5261.25 1   0.0 -67.5     49194250   0   2950       528550
    89  0 1 109.69  5252.50 1   0.0 -68.8     49724600   0   3000       530350
