    NO  S V  AOA    FREQ    B  FMOP  AMP      TOA      PMOP  PW         dTOA  
------ -- - ------ -------- - ----- ----- ------------ --- ------ ------------
     0  0 1 109.69  5250.00 1   0.0 -70.0            0   0   3000  42949673000
     1  0 1 109.69  5267.50 1   0.0 -67.5      1143900   0   3000      1143900
     2  0 1 109.69  5273.75 1   0.0 -66.3      1716150   0   2950       572250
     3  0 1 109.69  5282.50 1   0.0 -65.0      2287450   0   2950       571300
     4  0 1 109.69  5287.50 1   0.0 -63.8      2856050   0   3000       568600
     5  0 1 109.69  5292.50 1   0.0 -62.5      3295350   0   3000       439300
     6  0 1 109.69  5295.00 1   0.0 -61.3      3737300   0   3000       441950
     7  0 1 109.69  5296.25 1   0.0 -60.0      4176450   0   2950       439150
     8  0 1 109.69  5298.75 1   0.0 -58.8      4614350   0   3000       437900
     9  0 1 109.69  5297.50 1   0.0 -57.5      5054250   0   3000       439900
    10  0 1 109.69  5296.25 1   0.0 -55.3      5998750   0   2950       944500
    11  0 1 109.69  5292.50 1   0.0 -54.1      6467250   0   2950       468500
    12  0 1 109.69  5290.00 1   0.0 -53.1      6936500   0   2950       469250
    13  0 1 109.69  5286.25 1   0.0 -51.9      7408450   0   2950       471950
    14  0 1 109.69  5280.00 1   0.0 -50.6      7940050   0   3000       531600
    15  0 1 109.69  5273.75 1   0.0 -49.7      8468800   0   2950       528750
    16  0 1 109.69  5265.00 1   0.0 -48.4      8997600   0   2950       528800
    17  0 1 109.69  5256.25 1   0.0 -47.5      9528500   0   3000       530900
    18  0 1 109.69  5248.75 1   0.0 -46.6     10056400   0   2950       527900
    19  0 1 109.69  5230.00 1   0.0 -44.4     11195750   0   3000      1139350
    20  0 1 109.69  5223.75 1   0.0 -43.4     11767550   0   2950       571800
    21  0 1 109.69  5215.00 1   0.0 -42.5     12337550   0   3000       570000
    22  0 1 109.69  5208.75 1   0.0 -41.6     12907600   0   2950       570050
    23  0 1 109.69  5205.00 1   0.0 -40.9     13348500   0   2950       440900
    24  0 1 109.69  5201.25 1   0.0 -40.0     13790750   0   3000       442250
    25  0 1 109.69  5200.00 1   0.0 -39.1     14232650   0   3000       441900
    26  0 1 109.69  5198.75 1   0.0 -38.4     14671600   0   3000       438950
    27  0 1 109.69  5200.00 1   0.0 -37.5     15111750   0   2950       440150
    28  0 1 109.69  5202.50 1   0.0 -36.3     16052450   0   2950       940700
    29  0 1 109.69  5205.00 1   0.0 -35.6     16521550   0   3000       469100
    30  0 1 109.69  5207.50 1   0.0 -35.0     16992400   0   2950       470850
    31  0 1 109.69  5212.50 1   0.0 -34.4     17461300   0   3000       468900
    32  0 1 109.69  5218.75 1   0.0 -33.8     17989000   0   3000       527700
    33  0 1 109.69  5226.25 1   0.0 -33.4     18519950   0   3000       530950
    34  0 1 109.69  5235.00 1   0.0 -32.8     19048800   0   2950       528850
    35  0 1 109.69  5241.25 1   0.0 -32.5     19581200   0   3000       532400
    36  0 1 109.69  5251.25 1   0.0 -31.9     20113500   0   3000       532300
    37  0 1 109.69  5267.50 1   0.0 -31.3     21255450   0   3000      1141950
    38  0 1 109.69  5276.25 1   0.0 -30.9     21824300   0   3000       568850
    39  0 1 109.69  5285.00 1   0.0 -30.6     22393250   0   2950       568950
    40  0 1 109.69  5288.75 1   0.0 -30.6     22963300   0   3000       570050
    41  0 1 109.69  5293.75 1   0.0 -30.3     23405100   0   2950       441800
    42  0 1 109.69  5295.00 1   0.0 -30.3     23846050   0   3000       440950
    43  0 1 109.69  5297.50 1   0.0 -30.0     24284600   0   3000       438550
    44  0 1 109.69  5297.50 1   0.0 -30.0     24722800   0   2950       438200
    45  0 1 109.69  5297.50 1   0.0 -30.0     25161000   0   3000       438200
    46  0 1 109.69  5296.25 1   0.0 -30.0     26100600   0   2950       939600
    47  0 1 109.69  5295.00 1   0.0 -30.3     26570150   0   2950       469550
    48  0 1 109.69  5290.00 1   0.0 -30.3     27037650   0   3000       467500
    49  0 1 109.69  5285.00 1   0.0 -30.6     27505150   0   2950       467500
    50  0 1 109.69  5278.75 1   0.0 -30.6     28035000   0   2950       529850
    51  0 1 109.69  5271.25 1   0.0 -30.9     28565650   0   3000       530650
    52  0 1 109.69  5262.50 1   0.0 -31.3     29095750   0   3000       530100
    53  0 1 109.69  5255.00 1   0.0 -31.6     29627400   0   3000       531650
    54  0 1 109.69  5246.25 1   0.0 -31.9     30158850   0   3000       531450
    55  0 1 109.69  5228.75 1   0.0 -32.8     31296300   0   2950      1137450
    56  0 1 109.69  5220.00 1   0.0 -33.4     31863950   0   3000       567650
    57  0 1 109.69  5213.75 1   0.0 -33.8     32434450   0   3000       570500
    58  0 1 109.69  5210.00 1   0.0 -34.4     33006100   0   3000       571650
    59  0 1 109.69  5203.75 1   0.0 -35.0     33446800   0   2950       440700
    60  0 1 109.69  5202.50 1   0.0 -35.6     33887300   0   3000       440500
    61  0 1 109.69  5200.00 1   0.0 -36.3     34329550   0   2950       442250
    62  0 1 109.69  5200.00 1   0.0 -36.9     34769450   0   2950       439900
    63  0 1 109.69  5200.00 1   0.0 -37.5     35209650   0   2950       440200
    64  0 1 109.69  5202.50 1   0.0 -39.1     36147700   0   3000       938050
    65  0 1 109.69  5205.00 1   0.0 -40.0     36618300   0   2950       470600
    66  0 1 109.69  5210.00 1   0.0 -40.9     37087900   0   3000       469600
    67  0 1 109.69  5215.00 1   0.0 -41.6     37557550   0   3000       469650
    68  0 1 109.69  5220.00 1   0.0 -42.5     38089500   0   2950       531950
    69  0 1 109.69  5226.25 1   0.0 -43.4     38617600   0   2950       528100
    70  0 1 109.69  5235.00 1   0.0 -44.4     39147400   0   3000       529800
    71  0 1 109.69  5243.75 1   0.0 -45.6     39676950   0   3000       529550
    72  0 1 109.69  5251.25 1   0.0 -46.6     40206700   0   3000       529750
    73  0 1 109.69  5268.75 1   0.0 -48.4     41349650   0   3000      1142950
    74  0 1 109.69  5278.75 1   0.0 -49.7     41921450   0   3000       571800
    75  0 1 109.69  5285.00 1   0.0 -50.6     42490550   0   2950       569100
    76  0 1 109.69  5291.25 1   0.0 -51.9     43061650   0   2950       571100
    77  0 1 109.69  5295.00 1   0.0 -53.1     43499300   0   3000       437650
    78  0 1 109.69  5295.00 1   0.0 -54.1     43937050   0   3000       437750
    79  0 1 109.69  5297.50 1   0.0 -55.3     44376250   0   3000       439200
    80  0 1 109.69  5297.50 1   0.0 -56.6     44815150   0   3000       438900
    81  0 1 109.69  5297.50 1   0.0 -57.5     45254400   0   3000       439250
    82  0 1 109.69  5295.00 1   0.0 -60.0     46190400   0   2950       936000
    83  0 1 109.69  5292.50 1   0.0 -61.3     46661000   0   2950       470600
    84  0 1 109.69  5288.75 1   0.0 -62.5     47131450   0   3000       470450
    85  0 1 109.69  5282.50 1   0.0 -63.8     47602750   0   3000       471300
    86  0 1 109.69  5276.25 1   0.0 -65.0     48131500   0   2950       528750
    87  0 1 109.69  5268.75 1   0.0 -66.3     48662400   0   3000       530900
    88  0 1 109.69  5262.50 1   0.0 -67.5     49190600   0   3000       528200
    89  0 1 109.69  5255.00 1   0.0 -68.8     49718850   0   2950       528250
