    NO  S V  AOA    FREQ    B  FMOP  AMP      TOA      PMOP  PW         dTOA  
------ -- - ------ -------- - ----- ----- ------------ --- ------ ------------
     0  0 1 109.69  5248.75 1   0.0 -70.0            0   0   3000  42949673000
     1  0 1 109.69  5266.25 1   0.0 -67.5      1056700   0   2950      1056700
     2  0 1 109.69  5271.25 1   0.0 -66.3      1587750   0   3000       531050
     3  0 1 109.69  5280.00 1   0.0 -65.0      2118850   0   3000       531100
     4  0 1 109.69  5285.00 1   0.0 -63.8      2647400   0   3000       528550
     5  0 1 109.69  5291.25 1   0.0 -62.5      3217450   0   3000       570050
     6  0 1 109.69  5295.00 1   0.0 -61.3      3789100   0   2950       571650
     7  0 1 109.69  5298.75 1   0.0 -60.0      4357700   0   3000       568600
     8  0 1 109.69  5298.75 1   0.0 -58.8      4928850   0   3000       571150
     9  0 1 109.69  5297.50 1   0.0 -57.5      5499050   0   3000       570200
    10  0 1 109.69  5293.75 1   0.0 -55.3      6376950   0   2950       877900
    11  0 1 109.69  5292.50 1   0.0 -54.1      6818200   0   2950       441250
    12  0 1 109.69  5285.00 1   0.0 -53.1      7260150   0   2950       441950
    13  0 1 109.69  5283.75 1   0.0 -51.9      7698000   0   2950       437850
    14  0 1 109.69  5275.00 1   0.0 -50.6      8165800   0   2950       467800
    15  0 1 109.69  5270.00 1   0.0 -49.7      8636000   0   2950       470200
    16  0 1 109.69  5261.25 1   0.0 -48.4      9103950   0   2950       467950
    17  0 1 109.69  5255.00 1   0.0 -47.5      9573950   0   3000       470000
    18  0 1 109.69  5247.50 1   0.0 -46.6     10044450   0   3000       470500
    19  0 1 109.69  5232.50 1   0.0 -44.4     11105800   0   3000      1061350
    20  0 1 109.69  5225.00 1   0.0 -43.4     11633650   0   3000       527850
    21  0 1 109.69  5218.75 1   0.0 -42.5     12164100   0   2950       530450
    22  0 1 109.69  5212.50 1   0.0 -41.6     12694350   0   2950       530250
    23  0 1 109.69  5206.25 1   0.0 -40.9     13264450   0   3000       570100
    24  0 1 109.69  5201.25 1   0.0 -40.0     13836550   0   2950       572100
    25  0 1 109.69  5200.00 1   0.0 -39.1     14404250   0   2950       567700
    26  0 1 109.69  5200.00 1   0.0 -38.4     14973450   0   3000       569200
    27  0 1 109.69  5200.00 1   0.0 -37.5     15540950   0   3000       567500
    28  0 1 109.69  5203.75 1   0.0 -36.3     16419250   0   2950       878300
    29  0 1 109.69  5208.75 1   0.0 -35.6     16861500   0   3000       442250
    30  0 1 109.69  5210.00 1   0.0 -35.0     17299300   0   2950       437800
    31  0 1 109.69  5216.25 1   0.0 -34.4     17738350   0   3000       439050
    32  0 1 109.69  5221.25 1   0.0 -33.8     18205850   0   3000       467500
    33  0 1 109.69  5230.00 1   0.0 -33.4     18674750   0   3000       468900
    34  0 1 109.69  5235.00 1   0.0 -32.8     19144550   0   3000       469800
    35  0 1 109.69  5241.25 1   0.0 -32.5     19615800   0   3000       471250
    36  0 1 109.69  5250.00 1   0.0 -31.9     20086100   0   3000       470300
    37  0 1 109.69  5267.50 1   0.0 -31.3     21146800   0   2950      1060700
    38  0 1 109.69  5273.75 1   0.0 -30.9     21677500   0   3000       530700
    39  0 1 109.69  5281.25 1   0.0 -30.6     22207900   0   3000       530400
    40  0 1 109.69  5287.50 1   0.0 -30.6     22739700   0   3000       531800
    41  0 1 109.69  5291.25 1   0.0 -30.3     23308400   0   3000       568700
    42  0 1 109.69  5295.00 1   0.0 -30.3     23875900   0   3000       567500
    43  0 1 109.69  5300.00 1   0.0 -30.0     24447300   0   2950       571400
    44  0 1 109.69  5298.75 1   0.0 -30.0     25016850   0   2950       569550
    45  0 1 109.69  5297.50 1   0.0 -30.0     25584500   0   2950       567650
    46  0 1 109.69  5293.75 1   0.0 -30.0     26465750   0   3000       881250
    47  0 1 109.69  5291.25 1   0.0 -30.3     26908200   0   2950       442450
    48  0 1 109.69  5285.00 1   0.0 -30.3     27347800   0   3000       439600
    49  0 1 109.69  5281.25 1   0.0 -30.6     27787850   0   2950       440050
    50  0 1 109.69  5275.00 1   0.0 -30.6     28256350   0   3000       468500
    51  0 1 109.69  5270.00 1   0.0 -30.9     28725250   0   2950       468900
    52  0 1 109.69  5262.50 1   0.0 -31.3     29194250   0   3000       469000
    53  0 1 109.69  5255.00 1   0.0 -31.6     29662700   0   3000       468450
    54  0 1 109.69  5245.00 1   0.0 -31.9     30130350   0   3000       467650
    55  0 1 109.69  5230.00 1   0.0 -32.8     31186350   0   2950      1056000
    56  0 1 109.69  5225.00 1   0.0 -33.4     31714800   0   2950       528450
    57  0 1 109.69  5216.25 1   0.0 -33.8     32245750   0   2950       530950
    58  0 1 109.69  5210.00 1   0.0 -34.4     32774000   0   3000       528250
    59  0 1 109.69  5205.00 1   0.0 -35.0     33345350   0   2950       571350
    60  0 1 109.69  5201.25 1   0.0 -35.6     33912850   0   3000       567500
    61  0 1 109.69  5200.00 1   0.0 -36.3     34480400   0   2950       567550
    62  0 1 109.69  5198.75 1   0.0 -36.9     35048550   0   2950       568150
    63  0 1 109.69  5200.00 1   0.0 -37.5     35617350   0   2950       568800
    64  0 1 109.69  5205.00 1   0.0 -39.1     36495100   0   2950       877750
    65  0 1 109.69  5208.75 1   0.0 -40.0     36933150   0   3000       438050
    66  0 1 109.69  5212.50 1   0.0 -40.9     37374800   0   2950       441650
    67  0 1 109.69  5217.50 1   0.0 -41.6     37814800   0   2950       440000
    68  0 1 109.69  5223.75 1   0.0 -42.5     38284050   0   3000       469250
    69  0 1 109.69  5228.75 1   0.0 -43.4     38756350   0   3000       472300
    70  0 1 109.69  5237.50 1   0.0 -44.4     39227700   0   3000       471350
    71  0 1 109.69  5245.00 1   0.0 -45.6     39696450   0   3000       468750
    72  0 1 109.69  5251.25 1   0.0 -46.6     40165350   0   2950       468900
    73  0 1 109.69  5268.75 1   0.0 -48.4     41223800   0   2950      1058450
    74  0 1 109.69  5275.00 1   0.0 -49.7     41752350   0   3000       528550
    75  0 1 109.69  5280.00 1   0.0 -50.6     42283250   0   2950       530900
    76  0 1 109.69  5287.50 1   0.0 -51.9     42811650   0   3000       528400
    77  0 1 109.69  5292.50 1   0.0 -53.1     43383250   0   3000       571600
    78  0 1 109.69  5297.50 1   0.0 -54.1     43954100   0   3000       570850
    79  0 1 109.69  5297.50 1   0.0 -55.3     44523800   0   2950       569700
    80  0 1 109.69  5297.50 1   0.0 -56.6     45092250   0   3000       568450
    81  0 1 109.69  5297.50 1   0.0 -57.5     45660100   0   3000       567850
    82  0 1 109.69  5292.50 1   0.0 -60.0     46536900   0   2950       876800
    83  0 1 109.69  5290.00 1   0.0 -61.3     46977050   0   2950       440150
    84  0 1 109.69  5286.25 1   0.0 -62.5     47418600   0   3000       441550
    85  0 1 109.69  5281.25 1   0.0 -63.8     47857950   0   2950       439350
    86  0 1 109.69  5275.00 1   0.0 -65.0     48330100   0   3000       472150
    87  0 1 109.69  5266.25 1   0.0 -66.3     48801900   0   3000       471800
    88  0 1 109.69  5260.00 1   0.0 -67.5     49271100   0   3000       469200
    89  0 1 109.69  5255.00 1   0.0 -68.8     49741050   0   2950       469950
