    NO  S V  AOA    FREQ    B  FMOP  AMP      TOA      PMOP  PW         dTOA  
------ -- - ------ -------- - ----- ----- ------------ --- ------ ------------
     0  0 1 109.69  5250.00 1   0.0 -70.0            0   0   2950  42949673000
     1  0 1 109.69  5256.25 1   0.0 -68.8       569850   0   3000       569850
     2  0 1 109.69  5265.00 1   0.0 -67.5      1141400   0   3000       571550
     3  0 1 109.69  5275.00 1   0.0 -66.3      1709500   0   2950       568100
     4  0 1 109.69  5281.25 1   0.0 -65.0      2278350   0   3000       568850
     5  0 1 109.69  5288.75 1   0.0 -63.8      2848050   0   3000       569700
     6  0 1 109.69  5292.50 1   0.0 -62.5      3287550   0   3000       439500
     7  0 1 109.69  5295.00 1   0.0 -61.3      3726300   0   3000       438750
     8  0 1 109.69  5298.75 1   0.0 -60.0      4164250   0   3000       437950
     9  0 1 109.69  5297.50 1   0.0 -57.5      5044500   0   2950       880250
    10  0 1 109.69  5300.00 1   0.0 -56.6      5512800   0   3000       468300
    11  0 1 109.69  5295.00 1   0.0 -55.3      5983200   0   3000       470400
    12  0 1 109.69  5295.00 1   0.0 -54.1      6451850   0   3000       468650
    13  0 1 109.69  5291.25 1   0.0 -53.1      6920450   0   3000       468600
    14  0 1 109.69  5286.25 1   0.0 -51.9      7391050   0   2950       470600
    15  0 1 109.69  5280.00 1   0.0 -50.6      7923000   0   2950       531950
    16  0 1 109.69  5273.75 1   0.0 -49.7      8452400   0   3000       529400
    17  0 1 109.69  5265.00 1   0.0 -48.4      8983550   0   2950       531150
    18  0 1 109.69  5248.75 1   0.0 -46.6     10043950   0   3000      1060400
    19  0 1 109.69  5240.00 1   0.0 -45.6     10615550   0   3000       571600
    20  0 1 109.69  5230.00 1   0.0 -44.4     11186400   0   3000       570850
    21  0 1 109.69  5221.25 1   0.0 -43.4     11756900   0   3000       570500
    22  0 1 109.69  5216.25 1   0.0 -42.5     12328200   0   3000       571300
    23  0 1 109.69  5210.00 1   0.0 -41.6     12897600   0   2950       569400
    24  0 1 109.69  5205.00 1   0.0 -40.9     13337750   0   3000       440150
    25  0 1 109.69  5202.50 1   0.0 -40.0     13780000   0   2950       442250
    26  0 1 109.69  5200.00 1   0.0 -39.1     14221750   0   3000       441750
    27  0 1 109.69  5200.00 1   0.0 -37.5     15103200   0   3000       881450
    28  0 1 109.69  5198.75 1   0.0 -36.9     15572200   0   2950       469000
    29  0 1 109.69  5200.00 1   0.0 -36.3     16041550   0   3000       469350
    30  0 1 109.69  5203.75 1   0.0 -35.6     16512800   0   3000       471250
    31  0 1 109.69  5208.75 1   0.0 -35.0     16985250   0   3000       472450
    32  0 1 109.69  5212.50 1   0.0 -34.4     17456300   0   3000       471050
    33  0 1 109.69  5220.00 1   0.0 -33.8     17987900   0   2950       531600
    34  0 1 109.69  5227.50 1   0.0 -33.4     18518300   0   3000       530400
    35  0 1 109.69  5235.00 1   0.0 -32.8     19045800   0   2950       527500
    36  0 1 109.69  5251.25 1   0.0 -31.9     20106000   0   2950      1060200
    37  0 1 109.69  5260.00 1   0.0 -31.6     20676200   0   2950       570200
    38  0 1 109.69  5268.75 1   0.0 -31.3     21245700   0   2950       569500
    39  0 1 109.69  5277.50 1   0.0 -30.9     21816750   0   2950       571050
    40  0 1 109.69  5285.00 1   0.0 -30.6     22386500   0   3000       569750
    41  0 1 109.69  5290.00 1   0.0 -30.6     22954450   0   3000       567950
    42  0 1 109.69  5292.50 1   0.0 -30.3     23394550   0   3000       440100
    43  0 1 109.69  5296.25 1   0.0 -30.3     23834700   0   2950       440150
    44  0 1 109.69  5296.25 1   0.0 -30.0     24272950   0   3000       438250
    45  0 1 109.69  5298.75 1   0.0 -30.0     25150750   0   2950       877800
    46  0 1 109.69  5297.50 1   0.0 -30.0     25622100   0   2950       471350
    47  0 1 109.69  5297.50 1   0.0 -30.0     26091050   0   3000       468950
    48  0 1 109.69  5293.75 1   0.0 -30.3     26562700   0   2950       471650
    49  0 1 109.69  5290.00 1   0.0 -30.3     27030900   0   3000       468200
    50  0 1 109.69  5283.75 1   0.0 -30.6     27500000   0   2950       469100
    51  0 1 109.69  5277.50 1   0.0 -30.6     28031600   0   3000       531600
    52  0 1 109.69  5270.00 1   0.0 -30.9     28559600   0   3000       528000
    53  0 1 109.69  5262.50 1   0.0 -31.3     29087250   0   3000       527650
    54  0 1 109.69  5247.50 1   0.0 -31.9     30147250   0   3000      1060000
    55  0 1 109.69  5238.75 1   0.0 -32.5     30718450   0   2950       571200
    56  0 1 109.69  5230.00 1   0.0 -32.8     31290250   0   2950       571800
    57  0 1 109.69  5221.25 1   0.0 -33.4     31861350   0   2950       571100
    58  0 1 109.69  5215.00 1   0.0 -33.8     32429950   0   3000       568600
    59  0 1 109.69  5210.00 1   0.0 -34.4     32998500   0   3000       568550
    60  0 1 109.69  5205.00 1   0.0 -35.0     33440900   0   3000       442400
    61  0 1 109.69  5202.50 1   0.0 -35.6     33880500   0   2950       439600
    62  0 1 109.69  5200.00 1   0.0 -36.3     34322300   0   3000       441800
    63  0 1 109.69  5198.75 1   0.0 -37.5     35205150   0   3000       882850
    64  0 1 109.69  5200.00 1   0.0 -38.4     35676050   0   3000       470900
    65  0 1 109.69  5203.75 1   0.0 -39.1     36143750   0   2950       467700
    66  0 1 109.69  5206.25 1   0.0 -40.0     36612900   0   2950       469150
    67  0 1 109.69  5210.00 1   0.0 -40.9     37082850   0   2950       469950
    68  0 1 109.69  5215.00 1   0.0 -41.6     37552200   0   3000       469350
    69  0 1 109.69  5220.00 1   0.0 -42.5     38082750   0   2950       530550
    70  0 1 109.69  5226.25 1   0.0 -43.4     38610950   0   2950       528200
    71  0 1 109.69  5235.00 1   0.0 -44.4     39141450   0   3000       530500
    72  0 1 109.69  5251.25 1   0.0 -46.6     40205500   0   3000      1064050
    73  0 1 109.69  5261.25 1   0.0 -47.5     40775600   0   3000       570100
    74  0 1 109.69  5268.75 1   0.0 -48.4     41347500   0   2950       571900
    75  0 1 109.69  5276.25 1   0.0 -49.7     41917250   0   2950       569750
    76  0 1 109.69  5285.00 1   0.0 -50.6     42489300   0   2950       572050
    77  0 1 109.69  5290.00 1   0.0 -51.9     43057600   0   2950       568300
    78  0 1 109.69  5295.00 1   0.0 -53.1     43496500   0   3000       438900
    79  0 1 109.69  5295.00 1   0.0 -54.1     43934800   0   2950       438300
    80  0 1 109.69  5298.75 1   0.0 -55.3     44374100   0   2950       439300
    81  0 1 109.69  5298.75 1   0.0 -57.5     45252200   0   3000       878100
    82  0 1 109.69  5297.50 1   0.0 -58.8     45720100   0   3000       467900
    83  0 1 109.69  5295.00 1   0.0 -60.0     46188950   0   3000       468850
    84  0 1 109.69  5291.25 1   0.0 -61.3     46659050   0   3000       470100
    85  0 1 109.69  5288.75 1   0.0 -62.5     47129100   0   2950       470050
    86  0 1 109.69  5285.00 1   0.0 -63.8     47597150   0   2950       468050
    87  0 1 109.69  5276.25 1   0.0 -65.0     48125850   0   2950       528700
    88  0 1 109.69  5268.75 1   0.0 -66.3     48654000   0   3000       528150
    89  0 1 109.69  5262.50 1   0.0 -67.5     49184550   0   3000       530550
