    NO  S V  AOA    FREQ    B  FMOP  AMP      TOA      PMOP  PW         dTOA  
------ -- - ------ -------- - ----- ----- ------------ --- ------ ------------
     0  0 1  94.57  9940.00 2   0.0 -70.0            0   0   1750  42949673000
     1  0 1  94.92 10057.00 2   0.0 -68.8      1009800   0   1600      1009800
     2  0 1  94.57 10036.00 2   0.0 -67.5      2029300   0   1800      1019500
     3  0 1  94.22 10027.00 2   0.0 -66.3      3059000   0   1500      1029700
     4  0 1  94.22  9886.00 2   0.0 -65.0      4098700   0   1550      1039700
     5  0 1  94.57  9886.00 2   0.0 -62.5      6208600   0   1550      2109900
     6  0 1  95.62  9958.00 2   0.0 -61.3      7278600   0   1400      1070000
     7  0 1  94.57 10027.00 2   0.0 -60.0      8358600   0   1550      1080000
     8  0 1  95.27 10117.00 2   0.0 -58.8      9448350   0   1350      1089750
     9  0 1  95.62 10084.00 2   0.0 -57.5     10548400   0   1650      1100050
    10  0 1  94.92  9892.00 2   0.0 -56.6     11458100   0   1650       909700
    11  0 1  95.27  9991.00 2   0.0 -55.3     12378500   0   1750       920400
    12  0 1  94.57 10087.00 2   0.0 -54.1     13308900   0   1450       930400
    13  0 1  94.57 10018.00 2   0.0 -53.1     14249300   0   1350       940400
    14  0 1  94.92  9973.00 2   0.0 -50.6     16159450   0   1750      1910150
    15  0 1  95.27 10006.00 2   0.0 -49.7     17129900   0   1550       970450
    16  0 1  94.92  9941.50 2   0.0 -48.4     18110150   0   1400       980250
    17  0 1  94.92  9952.00 2   0.0 -47.5     19100500   0   1550       990350
    18  0 1  95.62 10049.50 2   0.0 -46.6     20100800   0   1550      1000300
    19  0 1  94.22  9934.00 2   0.0 -45.6     21110750   0   1400      1009950
    20  0 1  94.22  9917.50 2   0.0 -44.4     22130350   0   1650      1019600
    21  0 1  94.57 10087.00 2   0.0 -43.4     23160550   0   1800      1030200
    22  0 1  95.27 10036.00 2   0.0 -42.5     24200450   0   1400      1039900
    23  0 1  94.22 10087.00 2   0.0 -40.9     26310900   0   1550      2110450
    24  0 1  95.62  9922.00 2   0.0 -40.0     27380500   0   1400      1069600
    25  0 1  94.22  9958.00 2   0.0 -39.1     28460500   0   1800      1080000
    26  0 1  94.57  9961.00 2   0.0 -38.4     29550500   0   1700      1090000
    27  0 1  95.62 10039.00 2   0.0 -37.5     30650650   0   1800      1100150
    28  0 1  94.22  9962.50 2   0.0 -36.9     31560600   0   1450       909950
    29  0 1  95.62 10093.00 2   0.0 -36.3     32480950   0   1800       920350
    30  0 1  94.22 10027.00 2   0.0 -35.6     33410850   0   1750       929900
    31  0 1  94.57  9950.50 2   0.0 -35.0     34350950   0   1650       940100
    32  0 1  94.57  9913.00 2   0.0 -33.8     36260700   0   1500      1909750
    33  0 1  94.22 10090.00 2   0.0 -33.4     37230450   0   1450       969750
    34  0 1  95.62 10039.00 2   0.0 -32.8     38210700   0   1500       980250
    35  0 1  94.22 10069.00 2   0.0 -32.5     39200900   0   1500       990200
    36  0 1  94.92 10093.00 2   0.0 -31.9     40200850   0   1650       999950
    37  0 1  94.57  9883.00 2   0.0 -31.6     41210900   0   1750      1010050
    38  0 1  94.22  9925.00 2   0.0 -31.3     42231100   0   1600      1020200
    39  0 1  95.62 10000.00 2   0.0 -30.9     43261150   0   1750      1030050
    40  0 1  94.22 10097.50 2   0.0 -30.6     44300750   0   1650      1039600
    41  0 1  95.62 10075.00 2   0.0 -30.3     46410050   0   1450      2109300
    42  0 1  94.92 10045.00 2   0.0 -30.3     47480250   0   1600      1070200
    43  0 1  94.92 10090.00 2   0.0 -30.0     48560150   0   1400      1079900
    44  0 1  95.27  9883.00 2   0.0 -30.0     49650400   0   1800      1090250
    45  0 1  95.62 10084.00 2   0.0 -30.0     50750100   0   1750      1099700
    46  0 1  94.22  9991.00 2   0.0 -30.0     51659900   0   1750       909800
    47  0 1  94.57 10097.50 2   0.0 -30.0     52579750   0   1750       919850
    48  0 1  94.92  9955.00 2   0.0 -30.3     53509300   0   1650       929550
    49  0 1  95.27 10106.50 2   0.0 -30.3     54448950   0   1800       939650
    50  0 1  95.62 10109.50 2   0.0 -30.6     56359250   0   1400      1910300
    51  0 1  95.62 10051.00 2   0.0 -30.9     57329200   0   1400       969950
    52  0 1  94.57  9907.00 2   0.0 -31.3     58309100   0   1800       979900
    53  0 1  94.57 10072.00 2   0.0 -31.6     59298950   0   1400       989850
    54  0 1  95.27  9919.00 2   0.0 -31.9     60298600   0   1350       999650
    55  0 1  94.92 10067.50 2   0.0 -32.5     61308350   0   1750      1009750
    56  0 1  95.27  9985.00 2   0.0 -32.8     62327900   0   1400      1019550
    57  0 1  95.62  9992.50 2   0.0 -33.4     63357850   0   1350      1029950
    58  0 1  95.27  9917.50 2   0.0 -33.8     64397600   0   1350      1039750
    59  0 1  94.22 10075.00 2   0.0 -35.0     66508050   0   1650      2110450
    60  0 1  95.27 10111.00 2   0.0 -35.6     67577600   0   1650      1069550
    61  0 1  95.62  9950.50 2   0.0 -36.3     68658050   0   1750      1080450
    62  0 1  95.27 10051.00 2   0.0 -36.9     69748050   0   1450      1090000
    63  0 1  94.57  9883.00 2   0.0 -37.5     70848050   0   1600      1100000
    64  0 1  94.57 10115.50 2   0.0 -38.4     71757550   0   1700       909500
    65  0 1  95.62  9964.00 2   0.0 -39.1     72677650   0   1550       920100
    66  0 1  94.22 10061.50 2   0.0 -40.0     73607300   0   1450       929650
    67  0 1  95.62  9971.50 2   0.0 -40.9     74547650   0   1650       940350
    68  0 1  94.22  9950.50 2   0.0 -42.5     76457150   0   1700      1909500
    69  0 1  94.22  9955.00 2   0.0 -43.4     77426950   0   1800       969800
    70  0 1  95.27  9964.00 2   0.0 -44.4     78406850   0   1800       979900
    71  0 1  95.62  9961.00 2   0.0 -45.6     79397100   0   1700       990250
    72  0 1  94.92  9994.00 2   0.0 -46.6     80396700   0   1650       999600
    73  0 1  94.92 10022.50 2   0.0 -47.5     81406900   0   1700      1010200
    74  0 1  95.62 10123.00 2   0.0 -48.4     82427150   0   1450      1020250
    75  0 1  94.57 10064.50 2   0.0 -49.7     83457100   0   1350      1029950
    76  0 1  95.27  9974.50 2   0.0 -50.6     84497200   0   1800      1040100
    77  0 1  94.22  9952.00 2   0.0 -53.1     86607700   0   1500      2110500
    78  0 1  94.92 10024.00 2   0.0 -54.1     87677400   0   1600      1069700
    79  0 1  94.92 10067.50 2   0.0 -55.3     88757050   0   1400      1079650
    80  0 1  95.62  9964.00 2   0.0 -56.6     89847100   0   1750      1090050
    81  0 1  94.22  9928.00 2   0.0 -57.5     90946850   0   1500      1099750
    82  0 1  95.62  9952.00 2   0.0 -58.8     91856950   0   1800       910100
    83  0 1  95.27 10066.00 2   0.0 -60.0     92777000   0   1500       920050
    84  0 1  94.57  9913.00 2   0.0 -61.3     93707350   0   1400       930350
    85  0 1  95.27 10112.50 2   0.0 -62.5     94647750   0   1450       940400
    86  0 1  94.92  9877.00 2   0.0 -65.0     96557550   0   1550      1909800
    87  0 1  95.62 10097.50 2   0.0 -66.3     97527400   0   1750       969850
    88  0 1  94.57 10015.00 2   0.0 -67.5     98507850   0   1500       980450
    89  0 1  94.92 10078.00 2   0.0 -68.8     99497500   0   1650       989650
