    NO  S V  AOA    FREQ    B  FMOP  AMP      TOA      PMOP  PW         dTOA  
------ -- - ------ -------- - ----- ----- ------------ --- ------ ------------
     0  0 1   9.84  5250.00 1   0.0 -70.0            0   0   1000  42949673000
     1  0 1   9.84  5250.00 1   0.0 -65.9       492000   0    950       492000
     2  0 1   9.84  5250.00 1   0.0 -57.5      1429400   0   1000       937400
     3  0 1   9.84  5250.00 1   0.0 -53.8      1895300   0   1000       465900
     4  0 1   9.84  5250.00 1   0.0 -50.0      2426300   0    950       531000
     5  0 1   9.84  5250.00 1   0.0 -46.6      2877000   0   1000       450700
     6  0 1   9.84  5250.00 1   0.0 -43.1      3407050   0    950       530050
     7  0 1   9.84  5250.00 1   0.0 -40.3      3899850   0    950       492800
     8  0 1   9.84  5250.00 1   0.0 -37.5      4443750   0    950       543900
     9  0 1   9.84  5248.75 1   0.0 -35.3      4905600   0    950       461850
    10  0 1   9.84  5250.00 1   0.0 -33.4      5408650   0    950       503050
    11  0 1   9.84  5248.75 1   0.0 -30.9      6410200   0    950      1001550
    12  0 1   9.84  5250.00 1   0.0 -30.3      6933850   0    950       523650
    13  0 1   9.84  5248.75 1   0.0 -30.0      7445150   0    950       511300
    14  0 1   9.84  5250.00 1   0.0 -30.3      7896700   0   1000       451550
    15  0 1   9.84  5250.00 1   0.0 -30.9      8422300   0   1000       525600
    16  0 1   9.84  5250.00 1   0.0 -31.9      8893800   0    950       471500
    17  0 1   9.84  5248.75 1   0.0 -33.4      9417300   0   1000       523500
    18  0 1   9.84  5250.00 1   0.0 -35.3      9906550   0   1000       489250
    19  0 1   9.84  5250.00 1   0.0 -37.5     10409450   0    950       502900
    20  0 1   9.84  5248.75 1   0.0 -43.1     11399150   0    950       989700
    21  0 1   9.84  5250.00 1   0.0 -46.6     11905000   0    950       505850
    22  0 1   9.84  5248.75 1   0.0 -50.0     12393300   0   1000       488300
    23  0 1   9.84  5250.00 1   0.0 -53.8     12907900   0   1000       514600
    24  0 1   9.84  5250.00 1   0.0 -57.5     13429150   0    950       521250
    25  0 1   9.84  5248.75 1   0.0 -61.6     13907050   0    950       477900
    26  0 1   9.84  5250.00 1   0.0 -65.9     14453050   0   1000       546000
