    NO  S V  AOA    FREQ    B  FMOP  AMP      TOA      PMOP  PW         dTOA  
------ -- - ------ -------- - ----- ----- ------------ --- ------ ------------
     0  0 1   9.84  5248.75 1   0.0 -70.0            0   0    950  42949673000
     1  0 1   9.84  5250.00 1   0.0 -65.9       548050   0    950       548050
     2  0 1   9.84  5248.75 1   0.0 -61.6      1004050   0   1000       456000
     3  0 1   9.84  5248.75 1   0.0 -57.5      1521700   0   1000       517650
     4  0 1   9.84  5248.75 1   0.0 -53.8      2052200   0   1000       530500
     5  0 1   9.84  5248.75 1   0.0 -50.0      2540850   0    950       488650
     6  0 1   9.84  5248.75 1   0.0 -43.1      3598900   0   1000      1058050
     7  0 1   9.84  5250.00 1   0.0 -40.3      4146550   0    950       547650
     8  0 1   9.84  5248.75 1   0.0 -37.5      4644550   0   1000       498000
     9  0 1   9.84  5250.00 1   0.0 -35.3      5113100   0    950       468550
    10  0 1   9.84  5250.00 1   0.0 -33.4      5617500   0    950       504400
    11  0 1   9.84  5250.00 1   0.0 -31.9      6158050   0   1000       540550
    12  0 1   9.84  5250.00 1   0.0 -30.9      6641300   0    950       483250
    13  0 1   9.84  5250.00 1   0.0 -30.3      7150800   0   1000       509500
    14  0 1   9.84  5248.75 1   0.0 -30.0      7684950   0   1000       534150
    15  0 1   9.84  5250.00 1   0.0 -30.9      8681900   0   1000       996950
    16  0 1   9.84  5248.75 1   0.0 -31.9      9230150   0    950       548250
    17  0 1   9.84  5250.00 1   0.0 -33.4      9730200   0   1000       500050
    18  0 1   9.84  5250.00 1   0.0 -35.3     10252500   0    950       522300
    19  0 1   9.84  5248.75 1   0.0 -37.5     10746100   0    950       493600
    20  0 1   9.84  5250.00 1   0.0 -40.3     11222400   0   1000       476300
    21  0 1   9.84  5248.75 1   0.0 -43.1     11728900   0   1000       506500
    22  0 1   9.84  5248.75 1   0.0 -46.6     12218950   0    950       490050
    23  0 1   9.84  5250.00 1   0.0 -50.0     12769200   0    950       550250
    24  0 1   9.84  5250.00 1   0.0 -57.5     13797950   0   1000      1028750
    25  0 1   9.84  5250.00 1   0.0 -61.6     14342700   0   1000       544750
    26  0 1   9.84  5250.00 1   0.0 -65.9     14811800   0    950       469100
