    NO  S V  AOA    FREQ    B  FMOP  AMP      TOA      PMOP  PW         dTOA  
------ -- - ------ -------- - ----- ----- ------------ --- ------ ------------
     0  0 1   9.84  5250.00 1   0.0 -70.0            0   0   1000  42949673000
     1  0 1   9.84  5250.00 1   0.0 -65.9       455600   0    950       455600
     2  0 1   9.84  5248.75 1   0.0 -61.6       928050   0   1000       472450
     3  0 1   9.84  5250.00 1   0.0 -57.5      1466150   0    950       538100
     4  0 1   9.84  5250.00 1   0.0 -53.8      1942050   0    950       475900
     5  0 1   9.84  5248.75 1   0.0 -50.0      2478250   0   1000       536200
     6  0 1   9.84  5250.00 1   0.0 -43.1      3495000   0    950      1016750
     7  0 1   9.84  5248.75 1   0.0 -40.3      3965350   0   1000       470350
     8  0 1   9.84  5250.00 1   0.0 -37.5      4485300   0    950       519950
     9  0 1   9.84  5250.00 1   0.0 -35.3      4985400   0   1000       500100
    10  0 1   9.84  5250.00 1   0.0 -33.4      5513450   0   1000       528050
    11  0 1   9.84  5250.00 1   0.0 -31.9      6060750   0   1000       547300
    12  0 1   9.84  5248.75 1   0.0 -30.9      6588850   0   1000       528100
    13  0 1   9.84  5248.75 1   0.0 -30.3      7132800   0    950       543950
    14  0 1   9.84  5250.00 1   0.0 -30.0      7670500   0   1000       537700
    15  0 1   9.84  5250.00 1   0.0 -30.9      8669000   0   1000       998500
    16  0 1   9.84  5250.00 1   0.0 -31.9      9183850   0   1000       514850
    17  0 1   9.84  5248.75 1   0.0 -33.4      9712250   0    950       528400
    18  0 1   9.84  5248.75 1   0.0 -35.3     10174800   0    950       462550
    19  0 1   9.84  5248.75 1   0.0 -37.5     10655300   0   1000       480500
    20  0 1   9.84  5250.00 1   0.0 -40.3     11138900   0    950       483600
    21  0 1   9.84  5250.00 1   0.0 -43.1     11633000   0   1000       494100
    22  0 1   9.84  5248.75 1   0.0 -46.6     12150150   0    950       517150
    23  0 1   9.84  5250.00 1   0.0 -50.0     12617950   0    950       467800
    24  0 1   9.84  5250.00 1   0.0 -57.5     13648150   0   1000      1030200
    25  0 1   9.84  5250.00 1   0.0 -61.6     14191750   0   1000       543600
    26  0 1   9.84  5248.75 1   0.0 -65.9     14648100   0   1000       456350
