    NO  S V  AOA    FREQ    B  FMOP  AMP      TOA      PMOP  PW         dTOA  
------ -- - ------ -------- - ----- ----- ------------ --- ------ ------------
     0  0 1  94.57 10024.00 2   0.0 -70.0            0   0   1600  42949673000
     1  0 1  95.62 10024.00 2   0.0 -69.4      1019550   0   1950      1019550
     2  0 1  94.22 10022.50 2   0.0 -68.1      3059350   0   1800      2039800
     3  0 1  94.92 10024.00 2   0.0 -67.5      4079650   0   1700      1020300
     4  0 1  94.22 10024.00 2   0.0 -66.9      5100100   0   1950      1020450
     5  0 1  95.27 10024.00 2   0.0 -66.3      6120000   0   1850      1019900
     6  0 1  95.62 10024.00 2   0.0 -65.6      7140350   0   1950      1020350
     7  0 1  95.62 10024.00 2   0.0 -65.0      8160550   0   1900      1020200
     8  0 1  94.22 10024.00 2   0.0 -64.4      9180300   0   1600      1019750
     9  0 1  95.62 10024.00 2   0.0 -63.8     10200500   0   1550      1020200
    10  0 1  95.27 10024.00 2   0.0 -63.1     11230150   0   1550      1029650
    11  0 1  94.22 10024.00 2   0.0 -61.9     13289700   0   1600      2059550
    12  0 1  95.27 10024.00 2   0.0 -61.3     14320100   0   1550      1030400
    13  0 1  95.62 10022.50 2   0.0 -60.6     15349700   0   1650      1029600
    14  0 1  95.62 10024.00 2   0.0 -60.0     16379950   0   1550      1030250
    15  0 1  94.22 10024.00 2   0.0 -59.4     17410050   0   1950      1030100
    16  0 1  95.62 10024.00 2   0.0 -58.8     18439850   0   1900      1029800
    17  0 1  95.62 10022.50 2   0.0 -58.1     19470150   0   1600      1030300
    18  0 1  94.57 10024.00 2   0.0 -57.5     20500450   0   1650      1030300
    19  0 1  95.62 10022.50 2   0.0 -57.2     21500500   0   1600      1000050
    20  0 1  94.92 10024.00 2   0.0 -55.9     23500750   0   1750      2000250
    21  0 1  94.22 10022.50 2   0.0 -55.3     24500600   0   1700       999850
    22  0 1  95.27 10022.50 2   0.0 -54.7     25500200   0   1750       999600
    23  0 1  95.62 10024.00 2   0.0 -54.1     26500100   0   1550       999900
    24  0 1  94.57 10022.50 2   0.0 -53.4     27500500   0   1600      1000400
    25  0 1  94.92 10024.00 2   0.0 -53.1     28500400   0   1550       999900
    26  0 1  94.22 10024.00 2   0.0 -52.5     29500400   0   1900      1000000
    27  0 1  94.57 10024.00 2   0.0 -51.9     30500400   0   1750      1000000
    28  0 1  94.92 10024.00 2   0.0 -51.3     31510150   0   1600      1009750
    29  0 1  94.22 10024.00 2   0.0 -50.3     33529550   0   1900      2019400
    30  0 1  95.27 10024.00 2   0.0 -49.7     34539100   0   1800      1009550
    31  0 1  95.62 10024.00 2   0.0 -49.1     35548700   0   2000      1009600
    32  0 1  95.27 10024.00 2   0.0 -48.4     36558450   0   1650      1009750
    33  0 1  95.27 10024.00 2   0.0 -48.1     37567950   0   1650      1009500
    34  0 1  94.22 10022.50 2   0.0 -47.5     38577500   0   1800      1009550
    35  0 1  94.92 10024.00 2   0.0 -46.9     39587100   0   1700      1009600
    36  0 1  94.57 10024.00 2   0.0 -46.6     40597400   0   1950      1010300
    37  0 1  94.57 10022.50 2   0.0 -45.9     41617750   0   1550      1020350
    38  0 1  95.27 10024.00 2   0.0 -45.0     43657250   0   1550      2039500
    39  0 1  94.57 10024.00 2   0.0 -44.4     44677650   0   1700      1020400
    40  0 1  94.57 10022.50 2   0.0 -44.1     45697450   0   1550      1019800
    41  0 1  95.27 10024.00 2   0.0 -43.4     46717550   0   1650      1020100
    42  0 1  94.57 10024.00 2   0.0 -43.1     47737100   0   2000      1019550
    43  0 1  95.62 10022.50 2   0.0 -42.5     48757150   0   1600      1020050
    44  0 1  95.62 10022.50 2   0.0 -42.2     49777300   0   1700      1020150
    45  0 1  95.27 10024.00 2   0.0 -41.6     50797450   0   1600      1020150
    46  0 1  94.22 10022.50 2   0.0 -41.3     51827000   0   1850      1029550
    47  0 1  95.27 10024.00 2   0.0 -40.3     53886550   0   1900      2059550
    48  0 1  95.27 10024.00 2   0.0 -40.0     54916600   0   1550      1030050
    49  0 1  95.27 10024.00 2   0.0 -39.7     55946750   0   1600      1030150
    50  0 1  95.62 10022.50 2   0.0 -39.1     56976800   0   1850      1030050
    51  0 1  95.62 10024.00 2   0.0 -38.8     58006900   0   1550      1030100
    52  0 1  95.62 10022.50 2   0.0 -38.4     59037000   0   1900      1030100
    53  0 1  94.22 10024.00 2   0.0 -38.1     60066500   0   1800      1029500
    54  0 1  94.92 10024.00 2   0.0 -37.5     61096250   0   1600      1029750
    55  0 1  94.57 10024.00 2   0.0 -37.2     62095900   0   2000       999650
    56  0 1  95.27 10024.00 2   0.0 -36.6     64095150   0   1600      1999250
    57  0 1  95.62 10024.00 2   0.0 -36.3     65094750   0   2000       999600
    58  0 1  95.27 10022.50 2   0.0 -35.9     66094600   0   1600       999850
    59  0 1  94.22 10022.50 2   0.0 -35.6     67094650   0   1550      1000050
    60  0 1  94.22 10024.00 2   0.0 -35.3     68094200   0   1650       999550
    61  0 1  95.27 10024.00 2   0.0 -35.0     69093900   0   1550       999700
    62  0 1  95.27 10024.00 2   0.0 -34.7     70094300   0   1800      1000400
    63  0 1  94.92 10024.00 2   0.0 -34.4     71094550   0   1650      1000250
    64  0 1  94.22 10024.00 2   0.0 -34.1     72104050   0   1800      1009500
    65  0 1  95.62 10024.00 2   0.0 -33.4     74123500   0   1950      2019450
    66  0 1  94.92 10022.50 2   0.0 -33.4     75133700   0   1650      1010200
    67  0 1  94.57 10024.00 2   0.0 -33.1     76144000   0   1550      1010300
    68  0 1  94.92 10024.00 2   0.0 -32.8     77154000   0   1550      1010000
    69  0 1  94.22 10022.50 2   0.0 -32.5     78164150   0   1550      1010150
    70  0 1  95.62 10022.50 2   0.0 -32.5     79174000   0   2000      1009850
    71  0 1  94.92 10024.00 2   0.0 -32.2     80183500   0   1550      1009500
    72  0 1  94.57 10022.50 2   0.0 -31.9     81193150   0   1550      1009650
    73  0 1  95.62 10024.00 2   0.0 -31.9     82213400   0   1800      1020250
    74  0 1  94.57 10022.50 2   0.0 -31.6     84253800   0   2000      2040400
    75  0 1  94.22 10024.00 2   0.0 -31.3     85274150   0   1700      1020350
    76  0 1  94.92 10024.00 2   0.0 -31.3     86294200   0   1750      1020050
    77  0 1  94.22 10024.00 2   0.0 -30.9     87313700   0   1950      1019500
    78  0 1  95.27 10022.50 2   0.0 -30.9     88333850   0   1550      1020150
    79  0 1  94.92 10022.50 2   0.0 -30.6     89353400   0   1850      1019550
    80  0 1  95.62 10022.50 2   0.0 -30.6     90372900   0   2000      1019500
    81  0 1  94.22 10024.00 2   0.0 -30.6     91392450   0   1650      1019550
    82  0 1  94.22 10024.00 2   0.0 -30.3     92422150   0   1650      1029700
    83  0 1  95.27 10022.50 2   0.0 -30.3     94481750   0   1950      2059600
    84  0 1  95.62 10022.50 2   0.0 -30.3     95511900   0   1950      1030150
    85  0 1  95.62 10024.00 2   0.0 -30.0     96541800   0   2000      1029900
    86  0 1  94.57 10024.00 2   0.0 -30.0     97571750   0   1650      1029950
    87  0 1  95.62 10022.50 2   0.0 -30.0     98601450   0   1550      1029700
    88  0 1  95.27 10024.00 2   0.0 -30.0     99631200   0   1700      1029750
    89  0 1  94.22 10024.00 2   0.0 -30.0    100661000   0   1900      1029800
