    NO  S V  AOA    FREQ    B  FMOP  AMP      TOA      PMOP  PW         dTOA  
------ -- - ------ -------- - ----- ----- ------------ --- ------ ------------
     0  0 1  95.27 10022.50 2   0.0 -70.0            0   0   1600  42949673000
     1  0 1  94.57 10024.00 2   0.0 -69.4      1030050   0   1950      1030050
     2  0 1  95.27 10024.00 2   0.0 -68.8      2060300   0   2000      1030250
     3  0 1  95.62 10024.00 2   0.0 -68.1      3090000   0   1800      1029700
     4  0 1  94.22 10022.50 2   0.0 -67.5      4120400   0   1600      1030400
     5  0 1  94.57 10024.00 2   0.0 -66.9      5149900   0   1600      1029500
     6  0 1  94.57 10024.00 2   0.0 -66.3      6180150   0   1750      1030250
     7  0 1  95.27 10024.00 2   0.0 -65.6      7210500   0   1650      1030350
     8  0 1  94.22 10024.00 2   0.0 -65.0      8240850   0   1900      1030350
     9  0 1  94.57 10024.00 2   0.0 -63.8     10300250   0   2000      2059400
    10  0 1  94.22 10022.50 2   0.0 -63.1     11300150   0   1600       999900
    11  0 1  94.92 10022.50 2   0.0 -62.5     12300300   0   1950      1000150
    12  0 1  95.62 10024.00 2   0.0 -61.9     13299800   0   1850       999500
    13  0 1  95.27 10024.00 2   0.0 -61.3     14299500   0   1800       999700
    14  0 1  95.62 10022.50 2   0.0 -60.6     15299200   0   1600       999700
    15  0 1  94.57 10022.50 2   0.0 -60.0     16298900   0   2000       999700
    16  0 1  94.57 10024.00 2   0.0 -59.4     17298600   0   1550       999700
    17  0 1  95.62 10024.00 2   0.0 -58.8     18298600   0   1700      1000000
    18  0 1  95.27 10024.00 2   0.0 -57.5     20298600   0   1750      2000000
    19  0 1  95.27 10024.00 2   0.0 -57.2     21308450   0   1550      1009850
    20  0 1  95.27 10024.00 2   0.0 -56.6     22318400   0   1950      1009950
    21  0 1  94.22 10022.50 2   0.0 -55.9     23328350   0   1600      1009950
    22  0 1  94.22 10024.00 2   0.0 -55.3     24338700   0   1700      1010350
    23  0 1  94.92 10024.00 2   0.0 -54.7     25348400   0   1950      1009700
    24  0 1  94.57 10022.50 2   0.0 -54.1     26357900   0   2000      1009500
    25  0 1  94.57 10024.00 2   0.0 -53.4     27367400   0   1850      1009500
    26  0 1  94.92 10024.00 2   0.0 -53.1     28377000   0   1900      1009600
    27  0 1  94.57 10024.00 2   0.0 -51.9     30397150   0   1600      2020150
    28  0 1  95.27 10024.00 2   0.0 -51.3     31417050   0   1700      1019900
    29  0 1  95.27 10024.00 2   0.0 -50.6     32437000   0   1850      1019950
    30  0 1  95.62 10024.00 2   0.0 -50.3     33457450   0   1800      1020450
    31  0 1  95.27 10022.50 2   0.0 -49.7     34477500   0   1700      1020050
    32  0 1  94.92 10024.00 2   0.0 -49.1     35497800   0   1950      1020300
    33  0 1  94.57 10024.00 2   0.0 -48.4     36517850   0   1900      1020050
    34  0 1  95.62 10022.50 2   0.0 -48.1     37538250   0   1850      1020400
    35  0 1  94.57 10022.50 2   0.0 -47.5     38558300   0   1650      1020050
    36  0 1  94.57 10024.00 2   0.0 -46.6     40598000   0   2000      2039700
    37  0 1  94.22 10022.50 2   0.0 -45.9     41627550   0   1750      1029550
    38  0 1  94.22 10022.50 2   0.0 -45.6     42657700   0   1850      1030150
    39  0 1  95.27 10024.00 2   0.0 -45.0     43687900   0   1600      1030200
    40  0 1  94.57 10024.00 2   0.0 -44.4     44717550   0   1650      1029650
    41  0 1  95.27 10022.50 2   0.0 -44.1     45748000   0   1550      1030450
    42  0 1  94.22 10024.00 2   0.0 -43.4     46778150   0   1800      1030150
    43  0 1  95.27 10024.00 2   0.0 -43.1     47808050   0   2000      1029900
    44  0 1  95.62 10022.50 2   0.0 -42.5     48837900   0   1600      1029850
    45  0 1  94.92 10024.00 2   0.0 -41.6     50897600   0   1950      2059700
    46  0 1  94.57 10024.00 2   0.0 -41.3     51897300   0   1850       999700
    47  0 1  94.22 10022.50 2   0.0 -40.9     52897100   0   1850       999800
    48  0 1  94.22 10024.00 2   0.0 -40.3     53896950   0   1950       999850
    49  0 1  94.57 10024.00 2   0.0 -40.0     54897400   0   1750      1000450
    50  0 1  94.57 10024.00 2   0.0 -39.7     55897800   0   1800      1000400
    51  0 1  95.27 10022.50 2   0.0 -39.1     56898150   0   1950      1000350
    52  0 1  94.22 10022.50 2   0.0 -38.8     57898600   0   2000      1000450
    53  0 1  94.22 10022.50 2   0.0 -38.4     58898100   0   1750       999500
    54  0 1  95.27 10022.50 2   0.0 -37.5     60897800   0   1650      1999700
    55  0 1  94.57 10024.00 2   0.0 -37.2     61908050   0   1550      1010250
    56  0 1  94.92 10022.50 2   0.0 -36.9     62918250   0   1600      1010200
    57  0 1  94.92 10024.00 2   0.0 -36.6     63927850   0   1550      1009600
    58  0 1  94.57 10024.00 2   0.0 -36.3     64938050   0   1600      1010200
    59  0 1  94.22 10024.00 2   0.0 -35.9     65948150   0   1600      1010100
    60  0 1  95.62 10024.00 2   0.0 -35.6     66958600   0   1800      1010450
    61  0 1  94.22 10024.00 2   0.0 -35.3     67968150   0   1800      1009550
    62  0 1  94.92 10022.50 2   0.0 -35.0     68978100   0   1650      1009950
    63  0 1  94.92 10024.00 2   0.0 -34.4     70998050   0   1900      2019950
    64  0 1  94.22 10022.50 2   0.0 -34.1     72018100   0   1550      1020050
    65  0 1  95.27 10022.50 2   0.0 -33.8     73037650   0   1650      1019550
    66  0 1  94.22 10022.50 2   0.0 -33.4     74057700   0   1550      1020050
    67  0 1  94.22 10022.50 2   0.0 -33.4     75078150   0   1650      1020450
    68  0 1  95.62 10024.00 2   0.0 -33.1     76097650   0   1600      1019500
    69  0 1  94.57 10024.00 2   0.0 -32.8     77117500   0   2000      1019850
    70  0 1  94.57 10022.50 2   0.0 -32.5     78137800   0   1800      1020300
    71  0 1  94.22 10022.50 2   0.0 -32.5     79157900   0   2000      1020100
    72  0 1  94.57 10024.00 2   0.0 -31.9     81198300   0   1750      2040400
    73  0 1  94.22 10024.00 2   0.0 -31.9     82228100   0   1800      1029800
    74  0 1  94.22 10024.00 2   0.0 -31.6     83257950   0   1550      1029850
    75  0 1  95.27 10024.00 2   0.0 -31.6     84288050   0   1650      1030100
    76  0 1  95.27 10024.00 2   0.0 -31.3     85317650   0   1550      1029600
    77  0 1  94.57 10022.50 2   0.0 -31.3     86347400   0   1650      1029750
    78  0 1  94.92 10024.00 2   0.0 -30.9     87377650   0   1900      1030250
    79  0 1  94.57 10022.50 2   0.0 -30.9     88407200   0   1750      1029550
    80  0 1  95.27 10022.50 2   0.0 -30.6     89436800   0   1900      1029600
    81  0 1  95.62 10024.00 2   0.0 -30.6     91496400   0   1550      2059600
    82  0 1  95.27 10022.50 2   0.0 -30.3     92495950   0   1850       999550
    83  0 1  95.62 10022.50 2   0.0 -30.3     93496250   0   1650      1000300
    84  0 1  94.57 10024.00 2   0.0 -30.3     94496650   0   1550      1000400
    85  0 1  94.92 10024.00 2   0.0 -30.3     95496900   0   1900      1000250
    86  0 1  95.27 10024.00 2   0.0 -30.0     96497300   0   1700      1000400
    87  0 1  94.92 10022.50 2   0.0 -30.0     97497000   0   1900       999700
    88  0 1  95.27 10022.50 2   0.0 -30.0     98496550   0   1950       999550
    89  0 1  94.92 10024.00 2   0.0 -30.0     99496500   0   1650       999950
