    NO  S V  AOA    FREQ    B  FMOP  AMP      TOA      PMOP  PW         dTOA  
------ -- - ------ -------- - ----- ----- ------------ --- ------ ------------
     0  0 1  94.92 10024.00 2   0.0 -70.0            0   0   2000  42949673000
     1  0 1  94.57 10022.50 2   0.0 -69.4      1010250   0   1950      1010250
     2  0 1  94.92 10024.00 2   0.0 -68.8      2020400   0   1750      1010150
     3  0 1  94.92 10024.00 2   0.0 -68.1      3030400   0   1950      1010000
     4  0 1  95.27 10024.00 2   0.0 -67.5      4040050   0   1700      1009650
     5  0 1  94.92 10022.50 2   0.0 -66.9      5049600   0   1950      1009550
     6  0 1  94.57 10024.00 2   0.0 -66.3      6059100   0   1950      1009500
     7  0 1  95.62 10022.50 2   0.0 -65.0      8079250   0   1650      2020150
     8  0 1  95.62 10024.00 2   0.0 -64.4      9089550   0   1750      1010300
     9  0 1  94.22 10024.00 2   0.0 -63.8     10099400   0   1600      1009850
    10  0 1  94.92 10024.00 2   0.0 -63.1     11119600   0   1750      1020200
    11  0 1  94.92 10022.50 2   0.0 -62.5     12139500   0   1750      1019900
    12  0 1  94.92 10024.00 2   0.0 -61.9     13159000   0   1600      1019500
    13  0 1  94.57 10022.50 2   0.0 -61.3     14178850   0   1700      1019850
    14  0 1  94.92 10024.00 2   0.0 -60.6     15198500   0   1950      1019650
    15  0 1  94.57 10024.00 2   0.0 -60.0     16218600   0   1900      1020100
    16  0 1  94.92 10024.00 2   0.0 -58.8     18258000   0   1600      2039400
    17  0 1  94.92 10022.50 2   0.0 -58.1     19278100   0   1700      1020100
    18  0 1  94.22 10024.00 2   0.0 -57.5     20298400   0   1750      1020300
    19  0 1  95.27 10024.00 2   0.0 -57.2     21328050   0   1800      1029650
    20  0 1  94.57 10022.50 2   0.0 -56.6     22357750   0   1850      1029700
    21  0 1  94.92 10024.00 2   0.0 -55.9     23387250   0   1900      1029500
    22  0 1  95.62 10024.00 2   0.0 -55.3     24417100   0   1650      1029850
    23  0 1  95.62 10022.50 2   0.0 -54.7     25447400   0   1550      1030300
    24  0 1  95.62 10024.00 2   0.0 -54.1     26477250   0   1750      1029850
    25  0 1  94.57 10024.00 2   0.0 -53.1     28537700   0   1600      2060450
    26  0 1  94.22 10024.00 2   0.0 -52.5     29567550   0   1650      1029850
    27  0 1  94.92 10024.00 2   0.0 -51.9     30597800   0   1850      1030250
    28  0 1  94.22 10022.50 2   0.0 -51.3     31597850   0   1850      1000050
    29  0 1  94.22 10022.50 2   0.0 -50.6     32597850   0   1950      1000000
    30  0 1  95.27 10024.00 2   0.0 -50.3     33597550   0   1950       999700
    31  0 1  94.92 10024.00 2   0.0 -49.7     34597150   0   2000       999600
    32  0 1  94.22 10024.00 2   0.0 -49.1     35597500   0   1600      1000350
    33  0 1  95.62 10022.50 2   0.0 -48.4     36597550   0   1850      1000050
    34  0 1  95.27 10024.00 2   0.0 -47.5     38597550   0   1900      2000000
    35  0 1  95.62 10024.00 2   0.0 -46.9     39597550   0   1600      1000000
    36  0 1  94.22 10024.00 2   0.0 -46.6     40597050   0   2000       999500
    37  0 1  95.62 10024.00 2   0.0 -45.9     41607150   0   1550      1010100
    38  0 1  94.22 10024.00 2   0.0 -45.6     42617000   0   1550      1009850
    39  0 1  95.62 10022.50 2   0.0 -45.0     43627250   0   1650      1010250
    40  0 1  94.92 10024.00 2   0.0 -44.4     44637300   0   1650      1010050
    41  0 1  94.92 10024.00 2   0.0 -44.1     45647650   0   1800      1010350
    42  0 1  94.57 10024.00 2   0.0 -43.4     46657300   0   1750      1009650
    43  0 1  94.22 10022.50 2   0.0 -42.5     48678200   0   1750      2020900
    44  0 1  94.22 10024.00 2   0.0 -42.2     49688550   0   1700      1010350
    45  0 1  95.62 10024.00 2   0.0 -41.6     50698350   0   2000      1009800
    46  0 1  95.27 10024.00 2   0.0 -41.3     51717900   0   1800      1019550
    47  0 1  95.62 10022.50 2   0.0 -40.9     52737700   0   1600      1019800
    48  0 1  95.27 10022.50 2   0.0 -40.3     53757350   0   1950      1019650
    49  0 1  94.57 10022.50 2   0.0 -40.0     54777250   0   1650      1019900
    50  0 1  94.57 10024.00 2   0.0 -39.7     55797450   0   1800      1020200
    51  0 1  94.22 10024.00 2   0.0 -39.1     56817400   0   1600      1019950
    52  0 1  95.27 10024.00 2   0.0 -38.4     58857400   0   1600      2040000
    53  0 1  95.62 10024.00 2   0.0 -38.1     59877350   0   1650      1019950
    54  0 1  94.57 10022.50 2   0.0 -37.5     60897500   0   1600      1020150
    55  0 1  95.62 10024.00 2   0.0 -37.2     61927750   0   1650      1030250
    56  0 1  94.57 10024.00 2   0.0 -36.9     62957550   0   1550      1029800
    57  0 1  95.27 10024.00 2   0.0 -36.6     63987500   0   1650      1029950
    58  0 1  94.22 10022.50 2   0.0 -36.3     65017950   0   1850      1030450
    59  0 1  95.27 10024.00 2   0.0 -35.9     66047500   0   1800      1029550
    60  0 1  94.92 10024.00 2   0.0 -35.6     67077800   0   2000      1030300
    61  0 1  94.22 10022.50 2   0.0 -35.0     69138000   0   1900      2060200
    62  0 1  94.57 10022.50 2   0.0 -34.7     70167650   0   1650      1029650
    63  0 1  94.92 10024.00 2   0.0 -34.4     71197650   0   1550      1030000
    64  0 1  95.62 10022.50 2   0.0 -34.1     72198050   0   1950      1000400
    65  0 1  94.92 10022.50 2   0.0 -33.8     73197800   0   1600       999750
    66  0 1  94.57 10024.00 2   0.0 -33.4     74197500   0   1800       999700
    67  0 1  95.27 10024.00 2   0.0 -33.4     75197000   0   1650       999500
    68  0 1  94.92 10024.00 2   0.0 -33.1     76196600   0   1750       999600
    69  0 1  95.27 10024.00 2   0.0 -32.8     77196650   0   1800      1000050
    70  0 1  94.57 10024.00 2   0.0 -32.5     79196400   0   1650      1999750
    71  0 1  95.62 10024.00 2   0.0 -32.2     80196650   0   1950      1000250
    72  0 1  94.92 10024.00 2   0.0 -31.9     81196900   0   1700      1000250
    73  0 1  95.27 10024.00 2   0.0 -31.9     82206650   0   2000      1009750
    74  0 1  95.62 10024.00 2   0.0 -31.6     83216650   0   1600      1010000
    75  0 1  94.92 10022.50 2   0.0 -31.6     84226250   0   2000      1009600
    76  0 1  94.22 10024.00 2   0.0 -31.3     85236000   0   1600      1009750
    77  0 1  94.92 10024.00 2   0.0 -31.3     86246150   0   1950      1010150
    78  0 1  94.92 10024.00 2   0.0 -30.9     87256450   0   1850      1010300
    79  0 1  95.62 10024.00 2   0.0 -30.6     89276550   0   1850      2020100
    80  0 1  94.92 10022.50 2   0.0 -30.6     90286350   0   1750      1009800
    81  0 1  94.57 10024.00 2   0.0 -30.6     91295950   0   1650      1009600
    82  0 1  95.27 10024.00 2   0.0 -30.3     92316150   0   1550      1020200
    83  0 1  94.92 10024.00 2   0.0 -30.3     93335650   0   1800      1019500
    84  0 1  95.27 10024.00 2   0.0 -30.3     94355900   0   2000      1020250
    85  0 1  95.62 10024.00 2   0.0 -30.3     95375850   0   2000      1019950
    86  0 1  94.57 10024.00 2   0.0 -30.0     96395750   0   1900      1019900
    87  0 1  94.22 10024.00 2   0.0 -30.0     97415300   0   1650      1019550
    88  0 1  95.62 10022.50 2   0.0 -30.0     99455200   0   1950      2039900
    89  0 1  95.62 10024.00 2   0.0 -30.0    100475100   0   1600      1019900
