    NO  S V  AOA    FREQ    B  FMOP  AMP      TOA      PMOP  PW         dTOA  
------ -- - ------ -------- - ----- ----- ------------ --- ------ ------------
     0  0 1 199.69  5300.00 1   0.0 -70.0            0   0   3950  42949673000
     1  0 1 199.69  5300.00 1   0.0 -68.1      9201350   0   3950      9201350
     2  0 1 199.69  5298.75 1   0.0 -66.6     18801450   0   3950      9600100
     3  0 1 199.69  5300.00 1   0.0 -64.7     29402600   0   3950     10601150
     4  0 1 199.69  5300.00 1   0.0 -62.8     40203850   0   3950     10801250
     5  0 1 199.69  5300.00 1   0.0 -61.3     49401850   0   3950      9198000
     6  0 1 199.69  5300.00 1   0.0 -59.4     58999950   0   3950      9598100
     7  0 1 199.69  5300.00 1   0.0 -57.5     69599000   0   3950     10599050
     8  0 1 199.69  5400.00 1   0.0 -54.4     89602700   0   4000     20003700
     9  0 1 199.69  5398.75 1   0.0 -52.5     99202850   0   3950      9600150
    10  0 1 199.69  5400.00 1   0.0 -50.9    109802350   0   4000     10599500
    11  0 1 199.69  5400.00 1   0.0 -49.4    120601600   0   3950     10799250
    12  0 1 199.69  5400.00 1   0.0 -47.8    129799350   0   3950      9197750
    13  0 1 199.69  5398.75 1   0.0 -46.6    139397000   0   3950      9597650
    14  0 1 199.69  5398.75 1   0.0 -45.0    149994900   0   4000     10597900
    15  0 1 199.69  5500.00 1   0.0 -43.8    160794850   0   3950     10799950
    16  0 1 199.69  5498.75 1   0.0 -42.5    169993700   0   3950      9198850
    17  0 1 199.69  5500.00 1   0.0 -40.0    190193850   0   3950     20200150
    18  0 1 199.69  5500.00 1   0.0 -38.8    200992100   0   3950     10798250
    19  0 1 199.69  5498.75 1   0.0 -37.5    210194200   0   4000      9202100
    20  0 1 199.69  5498.75 1   0.0 -36.6    219796300   0   3950      9602100
    21  0 1 199.69  5500.00 1   0.0 -35.6    230395200   0   4000     10598900
    22  0 1 199.69  5598.75 1   0.0 -34.7    241196450   0   3950     10801250
    23  0 1 199.69  5598.75 1   0.0 -34.1    250397450   0   4000      9201000
    24  0 1 199.69  5600.00 1   0.0 -33.1    259995150   0   4000      9597700
    25  0 1 199.69  5600.00 1   0.0 -32.5    270595800   0   4000     10600650
    26  0 1 199.69  5598.75 1   0.0 -31.6    290593300   0   4000     19997500
    27  0 1 199.69  5600.00 1   0.0 -30.9    300191750   0   3950      9598450
    28  0 1 199.69  5600.00 1   0.0 -30.6    310789450   0   3950     10597700
    29  0 1 199.69  5700.00 1   0.0 -30.3    321589450   0   4000     10800000
    30  0 1 199.69  5700.00 1   0.0 -30.3    330788900   0   3950      9199450
    31  0 1 199.69  5698.75 1   0.0 -30.0    340391300   0   4000      9602400
    32  0 1 199.69  5700.00 1   0.0 -30.0    350991200   0   3950     10599900
    33  0 1 199.69  5700.00 1   0.0 -30.0    361789350   0   4000     10798150
    34  0 1 199.69  5698.75 1   0.0 -30.3    370987450   0   3950      9198100
    35  0 1 199.69  5700.00 1   0.0 -30.6    391190150   0   4000     20202700
    36  0 1 199.69  5800.00 1   0.0 -30.9    401990900   0   4000     10800750
    37  0 1 199.69  5798.75 1   0.0 -31.6    411188800   0   4000      9197900
    38  0 1 199.69  5798.75 1   0.0 -31.9    420786350   0   4000      9597550
    39  0 1 199.69  5800.00 1   0.0 -32.5    431387450   0   4000     10601100
    40  0 1 199.69  5798.75 1   0.0 -33.1    442188450   0   3950     10801000
    41  0 1 199.69  5800.00 1   0.0 -34.1    451386100   0   4000      9197650
    42  0 1 199.69  5800.00 1   0.0 -34.7    460983600   0   3950      9597500
    43  0 1 199.69  5798.75 1   0.0 -35.6    471584350   0   3950     10600750
    44  0 1 199.69  5198.75 1   0.0 -37.5    491583550   0   3950     19999200
    45  0 1 199.69  5200.00 1   0.0 -38.8    501183500   0   3950      9599950
    46  0 1 199.69  5200.00 1   0.0 -40.0    511783100   0   4000     10599600
    47  0 1 199.69  5200.00 1   0.0 -40.9    522581650   0   4000     10798550
    48  0 1 199.69  5198.75 1   0.0 -42.5    531783550   0   3950      9201900
    49  0 1 199.69  5200.00 1   0.0 -43.8    541383500   0   4000      9599950
    50  0 1 199.69  5200.00 1   0.0 -45.0    551982000   0   4000     10598500
    51  0 1 199.69  5300.00 1   0.0 -46.6    562781300   0   4000     10799300
    52  0 1 199.69  5298.75 1   0.0 -47.8    571980100   0   3950      9198800
    53  0 1 199.69  5300.00 1   0.0 -50.9    592180150   0   4000     20200050
    54  0 1 199.69  5298.75 1   0.0 -52.5    602980500   0   4000     10800350
    55  0 1 199.69  5300.00 1   0.0 -54.4    612180750   0   3950      9200250
    56  0 1 199.69  5298.75 1   0.0 -55.9    621778800   0   4000      9598050
    57  0 1 199.69  5300.00 1   0.0 -57.5    632376350   0   4000     10597550
    58  0 1 199.69  5398.75 1   0.0 -59.4    643178050   0   3950     10801700
    59  0 1 199.69  5398.75 1   0.0 -61.3    652377650   0   4000      9199600
    60  0 1 199.69  5398.75 1   0.0 -62.8    661977250   0   3950      9599600
    61  0 1 199.69  5400.00 1   0.0 -64.7    672578350   0   3950     10601100
    62  0 1 199.69  5400.00 1   0.0 -68.1    692577250   0   3950     19998900
