    NO  S V  AOA    FREQ    B  FMOP  AMP      TOA      PMOP  PW         dTOA  
------ -- - ------ -------- - ----- ----- ------------ --- ------ ------------
     0  0 1 199.69  5300.00 1   0.0 -70.0            0   0   4000  42949673000
     1  0 1 199.69  5300.00 1   0.0 -68.1      9199200   0   3950      9199200
     2  0 1 199.69  5298.75 1   0.0 -66.6     18797900   0   3950      9598700
     3  0 1 199.69  5300.00 1   0.0 -64.7     29398500   0   3950     10600600
     4  0 1 199.69  5298.75 1   0.0 -62.8     40198250   0   3950     10799750
     5  0 1 199.69  5300.00 1   0.0 -61.3     49398800   0   3950      9200550
     6  0 1 199.69  5298.75 1   0.0 -59.4     58998400   0   3950      9599600
     7  0 1 199.69  5300.00 1   0.0 -57.5     69600450   0   3950     10602050
     8  0 1 199.69  5400.00 1   0.0 -55.9     80400600   0   4000     10800150
     9  0 1 199.69  5398.75 1   0.0 -52.5     99201400   0   4000     18800800
    10  0 1 199.69  5398.75 1   0.0 -50.9    109802450   0   3950     10601050
    11  0 1 199.69  5400.00 1   0.0 -49.4    120600550   0   3950     10798100
    12  0 1 199.69  5400.00 1   0.0 -47.8    129799800   0   4000      9199250
    13  0 1 199.69  5398.75 1   0.0 -46.6    139397850   0   3950      9598050
    14  0 1 199.69  5398.75 1   0.0 -45.0    149999000   0   3950     10601150
    15  0 1 199.69  5500.00 1   0.0 -43.8    160797050   0   3950     10798050
    16  0 1 199.69  5500.00 1   0.0 -42.5    169996900   0   3950      9199850
    17  0 1 199.69  5500.00 1   0.0 -40.9    179597250   0   4000      9600350
    18  0 1 199.69  5500.00 1   0.0 -38.8    200997300   0   3950     21400050
    19  0 1 199.69  5498.75 1   0.0 -37.5    210199300   0   3950      9202000
    20  0 1 199.69  5500.00 1   0.0 -36.6    219797100   0   3950      9597800
    21  0 1 199.69  5500.00 1   0.0 -35.6    230397800   0   3950     10600700
    22  0 1 199.69  5598.75 1   0.0 -34.7    241195550   0   4000     10797750
    23  0 1 199.69  5598.75 1   0.0 -34.1    250396550   0   4000      9201000
    24  0 1 199.69  5600.00 1   0.0 -33.1    259994100   0   3950      9597550
    25  0 1 199.69  5598.75 1   0.0 -32.5    270593050   0   4000     10598950
    26  0 1 199.69  5600.00 1   0.0 -31.9    281393250   0   4000     10800200
    27  0 1 199.69  5598.75 1   0.0 -30.9    300191950   0   4000     18798700
    28  0 1 199.69  5600.00 1   0.0 -30.6    310790750   0   4000     10598800
    29  0 1 199.69  5698.75 1   0.0 -30.3    321590150   0   4000     10799400
    30  0 1 199.69  5698.75 1   0.0 -30.3    330789100   0   3950      9198950
    31  0 1 199.69  5698.75 1   0.0 -30.0    340387350   0   4000      9598250
    32  0 1 199.69  5698.75 1   0.0 -30.0    350985050   0   3950     10597700
    33  0 1 199.69  5698.75 1   0.0 -30.0    361782850   0   4000     10797800
    34  0 1 199.69  5700.00 1   0.0 -30.3    370981400   0   3950      9198550
    35  0 1 199.69  5698.75 1   0.0 -30.3    380582500   0   4000      9601100
    36  0 1 199.69  5798.75 1   0.0 -30.9    401981950   0   3950     21399450
    37  0 1 199.69  5800.00 1   0.0 -31.6    411182500   0   3950      9200550
    38  0 1 199.69  5800.00 1   0.0 -31.9    420783350   0   3950      9600850
    39  0 1 199.69  5800.00 1   0.0 -32.5    431382400   0   4000     10599050
    40  0 1 199.69  5800.00 1   0.0 -33.1    442182400   0   3950     10800000
    41  0 1 199.69  5798.75 1   0.0 -34.1    451383200   0   3950      9200800
    42  0 1 199.69  5798.75 1   0.0 -34.7    460985250   0   3950      9602050
    43  0 1 199.69  5798.75 1   0.0 -35.6    471585600   0   4000     10600350
    44  0 1 199.69  5200.00 1   0.0 -36.6    482387250   0   4000     10801650
    45  0 1 199.69  5200.00 1   0.0 -38.8    501187100   0   3950     18799850
    46  0 1 199.69  5198.75 1   0.0 -40.0    511784900   0   4000     10597800
    47  0 1 199.69  5200.00 1   0.0 -40.9    522585800   0   3950     10800900
    48  0 1 199.69  5200.00 1   0.0 -42.5    531786400   0   3950      9200600
    49  0 1 199.69  5200.00 1   0.0 -43.8    541386850   0   3950      9600450
    50  0 1 199.69  5200.00 1   0.0 -45.0    551986750   0   3950     10599900
    51  0 1 199.69  5300.00 1   0.0 -46.6    562786300   0   3950     10799550
    52  0 1 199.69  5300.00 1   0.0 -47.8    571988350   0   4000      9202050
    53  0 1 199.69  5298.75 1   0.0 -49.4    581586850   0   4000      9598500
    54  0 1 199.69  5298.75 1   0.0 -52.5    602988450   0   4000     21401600
    55  0 1 199.69  5298.75 1   0.0 -54.4    612188600   0   4000      9200150
    56  0 1 199.69  5300.00 1   0.0 -55.9    621788000   0   3950      9599400
    57  0 1 199.69  5300.00 1   0.0 -57.5    632386850   0   3950     10598850
    58  0 1 199.69  5400.00 1   0.0 -59.4    643189000   0   3950     10802150
    59  0 1 199.69  5398.75 1   0.0 -61.3    652386850   0   3950      9197850
    60  0 1 199.69  5400.00 1   0.0 -62.8    661985200   0   3950      9598350
    61  0 1 199.69  5400.00 1   0.0 -64.7    672583150   0   3950     10597950
    62  0 1 199.69  5400.00 1   0.0 -66.6    683383200   0   4000     10800050
