    NO  S V  AOA    FREQ    B  FMOP  AMP      TOA      PMOP  PW         dTOA  
------ -- - ------ -------- - ----- ----- ------------ --- ------ ------------
     0  0 1 199.69  5298.75 1   0.0 -70.0            0   0   3950  42949673000
     1  0 1 199.69  5300.00 1   0.0 -68.1      9200550   0   4000      9200550
     2  0 1 199.69  5300.00 1   0.0 -66.6     18802350   0   4000      9601800
     3  0 1 199.69  5300.00 1   0.0 -64.7     29402500   0   4000     10600150
     4  0 1 199.69  5300.00 1   0.0 -62.8     40204550   0   3950     10802050
     5  0 1 199.69  5300.00 1   0.0 -61.3     49406100   0   4000      9201550
     6  0 1 199.69  5300.00 1   0.0 -59.4     59007150   0   3950      9601050
     7  0 1 199.69  5298.75 1   0.0 -57.5     69609150   0   3950     10602000
     8  0 1 199.69  5400.00 1   0.0 -55.9     80409950   0   4000     10800800
     9  0 1 199.69  5400.00 1   0.0 -52.5     99210450   0   3950     18800500
    10  0 1 199.69  5398.75 1   0.0 -50.9    109808900   0   4000     10598450
    11  0 1 199.69  5400.00 1   0.0 -49.4    120606650   0   3950     10797750
    12  0 1 199.69  5398.75 1   0.0 -47.8    129805350   0   4000      9198700
    13  0 1 199.69  5398.75 1   0.0 -46.6    139407750   0   4000      9602400
    14  0 1 199.69  5398.75 1   0.0 -45.0    150008250   0   3950     10600500
    15  0 1 199.69  5500.00 1   0.0 -43.8    160809000   0   4000     10800750
    16  0 1 199.69  5500.00 1   0.0 -42.5    170008400   0   4000      9199400
    17  0 1 199.69  5498.75 1   0.0 -40.9    179609000   0   3950      9600600
    18  0 1 199.69  5498.75 1   0.0 -38.8    201008200   0   3950     21399200
    19  0 1 199.69  5500.00 1   0.0 -37.5    210209150   0   3950      9200950
    20  0 1 199.69  5498.75 1   0.0 -36.6    219809700   0   3950      9600550
    21  0 1 199.69  5500.00 1   0.0 -35.6    230408650   0   3950     10598950
    22  0 1 199.69  5600.00 1   0.0 -34.7    241210900   0   4000     10802250
    23  0 1 199.69  5598.75 1   0.0 -34.1    250408400   0   4000      9197500
    24  0 1 199.69  5600.00 1   0.0 -33.1    260008950   0   4000      9600550
    25  0 1 199.69  5598.75 1   0.0 -32.5    270609400   0   4000     10600450
    26  0 1 199.69  5598.75 1   0.0 -31.9    281407550   0   4000     10798150
    27  0 1 199.69  5600.00 1   0.0 -30.9    300205800   0   3950     18798250
    28  0 1 199.69  5600.00 1   0.0 -30.6    310805250   0   4000     10599450
    29  0 1 199.69  5698.75 1   0.0 -30.3    321603950   0   4000     10798700
    30  0 1 199.69  5700.00 1   0.0 -30.3    330802600   0   4000      9198650
    31  0 1 199.69  5700.00 1   0.0 -30.0    340400800   0   4000      9598200
    32  0 1 199.69  5700.00 1   0.0 -30.0    350999300   0   4000     10598500
    33  0 1 199.69  5698.75 1   0.0 -30.0    361801700   0   3950     10802400
    34  0 1 199.69  5700.00 1   0.0 -30.3    371004050   0   4000      9202350
    35  0 1 199.69  5700.00 1   0.0 -30.3    380603950   0   3950      9599900
    36  0 1 199.69  5800.00 1   0.0 -30.9    402001650   0   4000     21397700
    37  0 1 199.69  5800.00 1   0.0 -31.6    411203200   0   3950      9201550
    38  0 1 199.69  5798.75 1   0.0 -31.9    420804450   0   4000      9601250
    39  0 1 199.69  5800.00 1   0.0 -32.5    431403600   0   3950     10599150
    40  0 1 199.69  5800.00 1   0.0 -33.1    442204450   0   3950     10800850
    41  0 1 199.69  5800.00 1   0.0 -34.1    451404000   0   4000      9199550
    42  0 1 199.69  5798.75 1   0.0 -34.7    461006400   0   3950      9602400
    43  0 1 199.69  5800.00 1   0.0 -35.6    471606850   0   3950     10600450
    44  0 1 199.69  5198.75 1   0.0 -36.6    482405800   0   4000     10798950
    45  0 1 199.69  5200.00 1   0.0 -38.8    501205500   0   4000     18799700
    46  0 1 199.69  5200.00 1   0.0 -40.0    511807800   0   3950     10602300
    47  0 1 199.69  5198.75 1   0.0 -40.9    522610100   0   3950     10802300
    48  0 1 199.69  5200.00 1   0.0 -42.5    531811000   0   4000      9200900
    49  0 1 199.69  5200.00 1   0.0 -43.8    541410150   0   3950      9599150
    50  0 1 199.69  5200.00 1   0.0 -45.0    552011850   0   3950     10601700
    51  0 1 199.69  5300.00 1   0.0 -46.6    562810600   0   4000     10798750
    52  0 1 199.69  5298.75 1   0.0 -47.8    572009150   0   4000      9198550
    53  0 1 199.69  5298.75 1   0.0 -49.4    581607750   0   3950      9598600
    54  0 1 199.69  5300.00 1   0.0 -52.5    603006350   0   4000     21398600
    55  0 1 199.69  5300.00 1   0.0 -54.4    612208750   0   4000      9202400
    56  0 1 199.69  5300.00 1   0.0 -55.9    621806500   0   3950      9597750
    57  0 1 199.69  5298.75 1   0.0 -57.5    632404700   0   3950     10598200
    58  0 1 199.69  5400.00 1   0.0 -59.4    643206800   0   3950     10802100
    59  0 1 199.69  5400.00 1   0.0 -61.3    652404550   0   3950      9197750
    60  0 1 199.69  5400.00 1   0.0 -62.8    662005600   0   3950      9601050
    61  0 1 199.69  5400.00 1   0.0 -64.7    672605150   0   4000     10599550
    62  0 1 199.69  5400.00 1   0.0 -66.6    683404400   0   3950     10799250
