    NO  S V  AOA    FREQ    B  FMOP  AMP      TOA      PMOP  PW         dTOA  
------ -- - ------ -------- - ----- ----- ------------ --- ------ ------------
     0  0 1 199.69  5300.00 1   0.0 -70.0            0   0   3950  42949673000
     1  0 1 199.69  5300.00 1   0.0 -68.1      9202050   0   3950      9202050
     2  0 1 199.69  5300.00 1   0.0 -66.6     18800450   0   4000      9598400
     3  0 1 199.69  5298.75 1   0.0 -64.7     29401100   0   4000     10600650
     4  0 1 199.69  5300.00 1   0.0 -62.8     40199350   0   4000     10798250
     5  0 1 199.69  5300.00 1   0.0 -61.3     49398150   0   3950      9198800
     6  0 1 199.69  5300.00 1   0.0 -59.4     59000450   0   3950      9602300
     7  0 1 199.69  5300.00 1   0.0 -57.5     69602900   0   4000     10602450
     8  0 1 199.69  5400.00 1   0.0 -55.9     80402850   0   4000     10799950
     9  0 1 199.69  5398.75 1   0.0 -52.5     99199750   0   4000     18796900
    10  0 1 199.69  5400.00 1   0.0 -50.9    109797750   0   4000     10598000
    11  0 1 199.69  5400.00 1   0.0 -49.4    120598650   0   3950     10800900
    12  0 1 199.69  5400.00 1   0.0 -47.8    129797650   0   4000      9199000
    13  0 1 199.69  5398.75 1   0.0 -46.6    139395250   0   3950      9597600
    14  0 1 199.69  5400.00 1   0.0 -45.0    149996150   0   4000     10600900
    15  0 1 199.69  5500.00 1   0.0 -43.8    160797700   0   4000     10801550
    16  0 1 199.69  5500.00 1   0.0 -42.5    169995550   0   3950      9197850
    17  0 1 199.69  5500.00 1   0.0 -40.9    179596850   0   4000      9601300
    18  0 1 199.69  5498.75 1   0.0 -38.8    200997900   0   3950     21401050
    19  0 1 199.69  5500.00 1   0.0 -37.5    210196700   0   3950      9198800
    20  0 1 199.69  5500.00 1   0.0 -36.6    219798550   0   3950      9601850
    21  0 1 199.69  5500.00 1   0.0 -35.6    230399550   0   4000     10601000
    22  0 1 199.69  5600.00 1   0.0 -34.7    241198250   0   4000     10798700
    23  0 1 199.69  5598.75 1   0.0 -34.1    250399750   0   4000      9201500
    24  0 1 199.69  5600.00 1   0.0 -33.1    259999850   0   4000      9600100
    25  0 1 199.69  5600.00 1   0.0 -32.5    270601650   0   3950     10601800
    26  0 1 199.69  5598.75 1   0.0 -31.9    281401450   0   4000     10799800
    27  0 1 199.69  5600.00 1   0.0 -30.9    300199000   0   3950     18797550
    28  0 1 199.69  5600.00 1   0.0 -30.6    310800900   0   4000     10601900
    29  0 1 199.69  5698.75 1   0.0 -30.3    321599050   0   3950     10798150
    30  0 1 199.69  5700.00 1   0.0 -30.3    330797000   0   4000      9197950
    31  0 1 199.69  5698.75 1   0.0 -30.0    340395350   0   4000      9598350
    32  0 1 199.69  5698.75 1   0.0 -30.0    350994500   0   4000     10599150
    33  0 1 199.69  5698.75 1   0.0 -30.0    361792550   0   4000     10798050
    34  0 1 199.69  5700.00 1   0.0 -30.3    370994300   0   3950      9201750
    35  0 1 199.69  5698.75 1   0.0 -30.3    380593500   0   4000      9599200
    36  0 1 199.69  5800.00 1   0.0 -30.9    401992800   0   3950     21399300
    37  0 1 199.69  5800.00 1   0.0 -31.6    411190500   0   4000      9197700
    38  0 1 199.69  5798.75 1   0.0 -31.9    420789750   0   4000      9599250
    39  0 1 199.69  5798.75 1   0.0 -32.5    431388350   0   4000     10598600
    40  0 1 199.69  5800.00 1   0.0 -33.1    442190650   0   3950     10802300
    41  0 1 199.69  5798.75 1   0.0 -34.1    451391500   0   3950      9200850
    42  0 1 199.69  5800.00 1   0.0 -34.7    460989800   0   4000      9598300
    43  0 1 199.69  5800.00 1   0.0 -35.6    471587300   0   3950     10597500
    44  0 1 199.69  5200.00 1   0.0 -36.6    482386400   0   3950     10799100
    45  0 1 199.69  5200.00 1   0.0 -38.8    501186400   0   3950     18800000
    46  0 1 199.69  5198.75 1   0.0 -40.0    511787550   0   3950     10601150
    47  0 1 199.69  5198.75 1   0.0 -40.9    522586400   0   3950     10798850
    48  0 1 199.69  5198.75 1   0.0 -42.5    531786800   0   4000      9200400
    49  0 1 199.69  5200.00 1   0.0 -43.8    541386350   0   4000      9599550
    50  0 1 199.69  5198.75 1   0.0 -45.0    551988600   0   4000     10602250
    51  0 1 199.69  5300.00 1   0.0 -46.6    562789650   0   4000     10801050
    52  0 1 199.69  5300.00 1   0.0 -47.8    571990350   0   3950      9200700
    53  0 1 199.69  5298.75 1   0.0 -49.4    581592600   0   4000      9602250
    54  0 1 199.69  5300.00 1   0.0 -52.5    602988750   0   4000     21396150
    55  0 1 199.69  5300.00 1   0.0 -54.4    612188800   0   4000      9200050
    56  0 1 199.69  5300.00 1   0.0 -55.9    621788250   0   3950      9599450
    57  0 1 199.69  5300.00 1   0.0 -57.5    632388850   0   4000     10600600
    58  0 1 199.69  5400.00 1   0.0 -59.4    643187850   0   3950     10799000
    59  0 1 199.69  5400.00 1   0.0 -61.3    652389600   0   3950      9201750
    60  0 1 199.69  5398.75 1   0.0 -62.8    661987650   0   3950      9598050
    61  0 1 199.69  5398.75 1   0.0 -64.7    672589500   0   4000     10601850
    62  0 1 199.69  5398.75 1   0.0 -66.6    683389850   0   3950     10800350
