    NO  S V  AOA    FREQ    B  FMOP  AMP      TOA      PMOP  PW         dTOA  
------ -- - ------ -------- - ----- ----- ------------ --- ------ ------------
     0  0 1 199.69  5300.00 1   0.0 -70.0            0   0   3950  42949673000
     1  0 1 199.69  5300.00 1   0.0 -68.1      9198050   0   3950      9198050
     2  0 1 199.69  5298.75 1   0.0 -66.6     18798800   0   3950      9600750
     3  0 1 199.69  5300.00 1   0.0 -64.7     29396900   0   3950     10598100
     4  0 1 199.69  5298.75 1   0.0 -62.8     40198900   0   4000     10802000
     5  0 1 199.69  5300.00 1   0.0 -61.3     49396450   0   3950      9197550
     6  0 1 199.69  5298.75 1   0.0 -57.5     69596650   0   4000     20200200
     7  0 1 199.69  5398.75 1   0.0 -55.9     80395750   0   4000     10799100
     8  0 1 199.69  5398.75 1   0.0 -54.4     89597950   0   3950      9202200
     9  0 1 199.69  5398.75 1   0.0 -52.5     99200100   0   4000      9602150
    10  0 1 199.69  5400.00 1   0.0 -50.9    109798000   0   3950     10597900
    11  0 1 199.69  5398.75 1   0.0 -49.4    120597850   0   4000     10799850
    12  0 1 199.69  5398.75 1   0.0 -47.8    129799400   0   4000      9201550
    13  0 1 199.69  5400.00 1   0.0 -46.6    139397500   0   3950      9598100
    14  0 1 199.69  5400.00 1   0.0 -45.0    149996350   0   4000     10598850
    15  0 1 199.69  5500.00 1   0.0 -42.5    169995550   0   4000     19999200
    16  0 1 199.69  5498.75 1   0.0 -40.9    179594300   0   4000      9598750
    17  0 1 199.69  5500.00 1   0.0 -40.0    190192250   0   4000     10597950
    18  0 1 199.69  5498.75 1   0.0 -38.8    200991900   0   4000     10799650
    19  0 1 199.69  5498.75 1   0.0 -37.5    210192500   0   3950      9200600
    20  0 1 199.69  5500.00 1   0.0 -36.6    219790800   0   4000      9598300
    21  0 1 199.69  5498.75 1   0.0 -35.6    230391200   0   4000     10600400
    22  0 1 199.69  5600.00 1   0.0 -34.7    241189850   0   4000     10798650
    23  0 1 199.69  5600.00 1   0.0 -34.1    250388450   0   4000      9198600
    24  0 1 199.69  5600.00 1   0.0 -32.5    270591000   0   3950     20202550
    25  0 1 199.69  5600.00 1   0.0 -31.9    281390400   0   4000     10799400
    26  0 1 199.69  5600.00 1   0.0 -31.6    290591550   0   3950      9201150
    27  0 1 199.69  5598.75 1   0.0 -30.9    300190900   0   4000      9599350
    28  0 1 199.69  5600.00 1   0.0 -30.6    310791950   0   4000     10601050
    29  0 1 199.69  5700.00 1   0.0 -30.3    321593550   0   4000     10801600
    30  0 1 199.69  5700.00 1   0.0 -30.3    330794400   0   4000      9200850
    31  0 1 199.69  5698.75 1   0.0 -30.0    340394900   0   4000      9600500
    32  0 1 199.69  5700.00 1   0.0 -30.0    350996200   0   4000     10601300
    33  0 1 199.69  5698.75 1   0.0 -30.3    370995750   0   4000     19999550
    34  0 1 199.69  5700.00 1   0.0 -30.3    380598000   0   3950      9602250
    35  0 1 199.69  5698.75 1   0.0 -30.6    391199750   0   4000     10601750
    36  0 1 199.69  5800.00 1   0.0 -30.9    401998850   0   3950     10799100
    37  0 1 199.69  5800.00 1   0.0 -31.6    411201200   0   4000      9202350
    38  0 1 199.69  5798.75 1   0.0 -31.9    420800200   0   3950      9599000
    39  0 1 199.69  5798.75 1   0.0 -32.5    431399550   0   4000     10599350
    40  0 1 199.69  5798.75 1   0.0 -33.1    442200800   0   4000     10801250
    41  0 1 199.69  5800.00 1   0.0 -34.1    451403250   0   4000      9202450
    42  0 1 199.69  5800.00 1   0.0 -35.6    471605900   0   3950     20202650
    43  0 1 199.69  5200.00 1   0.0 -36.6    482406300   0   4000     10800400
    44  0 1 199.69  5200.00 1   0.0 -37.5    491603800   0   3950      9197500
    45  0 1 199.69  5198.75 1   0.0 -38.8    501202750   0   4000      9598950
    46  0 1 199.69  5200.00 1   0.0 -40.0    511804000   0   3950     10601250
    47  0 1 199.69  5200.00 1   0.0 -40.9    522604200   0   3950     10800200
    48  0 1 199.69  5200.00 1   0.0 -42.5    531803700   0   3950      9199500
    49  0 1 199.69  5200.00 1   0.0 -43.8    541404750   0   3950      9601050
    50  0 1 199.69  5200.00 1   0.0 -45.0    552004500   0   4000     10599750
    51  0 1 199.69  5300.00 1   0.0 -47.8    572002550   0   4000     19998050
    52  0 1 199.69  5300.00 1   0.0 -49.4    581602700   0   3950      9600150
    53  0 1 199.69  5298.75 1   0.0 -50.9    592200950   0   4000     10598250
    54  0 1 199.69  5298.75 1   0.0 -52.5    603001250   0   4000     10800300
    55  0 1 199.69  5300.00 1   0.0 -54.4    612198750   0   3950      9197500
    56  0 1 199.69  5298.75 1   0.0 -55.9    621800100   0   3950      9601350
    57  0 1 199.69  5300.00 1   0.0 -57.5    632399050   0   4000     10598950
    58  0 1 199.69  5400.00 1   0.0 -59.4    643200700   0   3950     10801650
    59  0 1 199.69  5400.00 1   0.0 -61.3    652398900   0   4000      9198200
    60  0 1 199.69  5400.00 1   0.0 -64.7    672599600   0   4000     20200700
    61  0 1 199.69  5398.75 1   0.0 -66.6    683397600   0   4000     10798000
    62  0 1 199.69  5398.75 1   0.0 -68.1    692595250   0   4000      9197650
