    NO  S V  AOA    FREQ    B  FMOP  AMP      TOA      PMOP  PW         dTOA  
------ -- - ------ -------- - ----- ----- ------------ --- ------ ------------
     0  0 1 199.69  5300.00 1   0.0 -70.0            0   0   4000  42949673000
     1  0 1 199.69  5298.75 1   0.0 -68.1      9200850   0   3950      9200850
     2  0 1 199.69  5300.00 1   0.0 -66.6     18802800   0   3950      9601950
     3  0 1 199.69  5300.00 1   0.0 -64.7     29403050   0   4000     10600250
     4  0 1 199.69  5298.75 1   0.0 -62.8     40201350   0   3950     10798300
     5  0 1 199.69  5300.00 1   0.0 -59.4     59003550   0   3950     18802200
     6  0 1 199.69  5300.00 1   0.0 -57.5     69603000   0   4000     10599450
     7  0 1 199.69  5400.00 1   0.0 -55.9     80403100   0   4000     10800100
     8  0 1 199.69  5398.75 1   0.0 -54.4     89603900   0   4000      9200800
     9  0 1 199.69  5398.75 1   0.0 -52.5     99203050   0   3950      9599150
    10  0 1 199.69  5400.00 1   0.0 -50.9    109802200   0   4000     10599150
    11  0 1 199.69  5400.00 1   0.0 -49.4    120603850   0   3950     10801650
    12  0 1 199.69  5400.00 1   0.0 -47.8    129805600   0   3950      9201750
    13  0 1 199.69  5400.00 1   0.0 -46.6    139406650   0   4000      9601050
    14  0 1 199.69  5498.75 1   0.0 -43.8    160803650   0   4000     21397000
    15  0 1 199.69  5500.00 1   0.0 -42.5    170005200   0   4000      9201550
    16  0 1 199.69  5500.00 1   0.0 -40.9    179607550   0   4000      9602350
    17  0 1 199.69  5498.75 1   0.0 -40.0    190205350   0   4000     10597800
    18  0 1 199.69  5500.00 1   0.0 -38.8    201004400   0   4000     10799050
    19  0 1 199.69  5500.00 1   0.0 -37.5    210203750   0   4000      9199350
    20  0 1 199.69  5500.00 1   0.0 -36.6    219803350   0   3950      9599600
    21  0 1 199.69  5498.75 1   0.0 -35.6    230404950   0   3950     10601600
    22  0 1 199.69  5600.00 1   0.0 -34.7    241204450   0   3950     10799500
    23  0 1 199.69  5598.75 1   0.0 -33.1    260005050   0   3950     18800600
    24  0 1 199.69  5598.75 1   0.0 -32.5    270604000   0   4000     10598950
    25  0 1 199.69  5600.00 1   0.0 -31.9    281405300   0   3950     10801300
    26  0 1 199.69  5600.00 1   0.0 -31.6    290605550   0   3950      9200250
    27  0 1 199.69  5600.00 1   0.0 -30.9    300207200   0   4000      9601650
    28  0 1 199.69  5600.00 1   0.0 -30.6    310807700   0   3950     10600500
    29  0 1 199.69  5700.00 1   0.0 -30.3    321606650   0   4000     10798950
    30  0 1 199.69  5700.00 1   0.0 -30.3    330804550   0   4000      9197900
    31  0 1 199.69  5700.00 1   0.0 -30.0    340406300   0   3950      9601750
    32  0 1 199.69  5700.00 1   0.0 -30.0    361802150   0   3950     21395850
    33  0 1 199.69  5698.75 1   0.0 -30.3    371003600   0   3950      9201450
    34  0 1 199.69  5698.75 1   0.0 -30.3    380602100   0   3950      9598500
    35  0 1 199.69  5698.75 1   0.0 -30.6    391201700   0   4000     10599600
    36  0 1 199.69  5800.00 1   0.0 -30.9    401999450   0   4000     10797750
    37  0 1 199.69  5798.75 1   0.0 -31.6    411198650   0   4000      9199200
    38  0 1 199.69  5800.00 1   0.0 -31.9    420797500   0   4000      9598850
    39  0 1 199.69  5800.00 1   0.0 -32.5    431399000   0   4000     10601500
    40  0 1 199.69  5798.75 1   0.0 -33.1    442197350   0   4000     10798350
    41  0 1 199.69  5798.75 1   0.0 -34.7    460995600   0   4000     18798250
    42  0 1 199.69  5800.00 1   0.0 -35.6    471597650   0   4000     10602050
    43  0 1 199.69  5200.00 1   0.0 -36.6    482396800   0   4000     10799150
    44  0 1 199.69  5200.00 1   0.0 -37.5    491596950   0   3950      9200150
    45  0 1 199.69  5200.00 1   0.0 -38.8    501199350   0   3950      9602400
    46  0 1 199.69  5200.00 1   0.0 -40.0    511798350   0   3950     10599000
    47  0 1 199.69  5198.75 1   0.0 -40.9    522596200   0   4000     10797850
    48  0 1 199.69  5200.00 1   0.0 -42.5    531798550   0   4000      9202350
    49  0 1 199.69  5200.00 1   0.0 -43.8    541398300   0   3950      9599750
    50  0 1 199.69  5298.75 1   0.0 -46.6    562799350   0   3950     21401050
    51  0 1 199.69  5298.75 1   0.0 -47.8    572000400   0   3950      9201050
    52  0 1 199.69  5300.00 1   0.0 -49.4    581599900   0   3950      9599500
    53  0 1 199.69  5298.75 1   0.0 -50.9    592201000   0   3950     10601100
    54  0 1 199.69  5300.00 1   0.0 -52.5    603001150   0   4000     10800150
    55  0 1 199.69  5298.75 1   0.0 -54.4    612202400   0   3950      9201250
    56  0 1 199.69  5300.00 1   0.0 -55.9    621800750   0   3950      9598350
    57  0 1 199.69  5300.00 1   0.0 -57.5    632398900   0   3950     10598150
    58  0 1 199.69  5398.75 1   0.0 -59.4    643197200   0   4000     10798300
    59  0 1 199.69  5398.75 1   0.0 -62.8    661996400   0   3950     18799200
    60  0 1 199.69  5398.75 1   0.0 -64.7    672595350   0   4000     10598950
    61  0 1 199.69  5400.00 1   0.0 -66.6    683396100   0   3950     10800750
    62  0 1 199.69  5400.00 1   0.0 -68.1    692597450   0   4000      9201350
