    NO  S V  AOA    FREQ    B  FMOP  AMP      TOA      PMOP  PW         dTOA  
------ -- - ------ -------- - ----- ----- ------------ --- ------ ------------
     0  0 1 199.69  5300.00 1   0.0 -70.0            0   0   3950  42949673000
     1  0 1 199.69  5298.75 1   0.0 -68.1      9199700   0   3950      9199700
     2  0 1 199.69  5300.00 1   0.0 -66.6     18801850   0   4000      9602150
     3  0 1 199.69  5300.00 1   0.0 -64.7     29403800   0   4000     10601950
     4  0 1 199.69  5300.00 1   0.0 -62.8     40204050   0   3950     10800250
     5  0 1 199.69  5300.00 1   0.0 -61.3     49403050   0   4000      9199000
     6  0 1 199.69  5300.00 1   0.0 -59.4     59003150   0   3950      9600100
     7  0 1 199.69  5298.75 1   0.0 -57.5     69603500   0   3950     10600350
     8  0 1 199.69  5400.00 1   0.0 -55.9     80405950   0   3950     10802450
     9  0 1 199.69  5400.00 1   0.0 -52.5     99202200   0   4000     18796250
    10  0 1 199.69  5398.75 1   0.0 -50.9    109799850   0   3950     10597650
    11  0 1 199.69  5400.00 1   0.0 -49.4    120600250   0   3950     10800400
    12  0 1 199.69  5398.75 1   0.0 -47.8    129801400   0   3950      9201150
    13  0 1 199.69  5400.00 1   0.0 -46.6    139400050   0   3950      9598650
    14  0 1 199.69  5400.00 1   0.0 -45.0    149999950   0   4000     10599900
    15  0 1 199.69  5500.00 1   0.0 -43.8    160799550   0   4000     10799600
    16  0 1 199.69  5500.00 1   0.0 -42.5    170000200   0   3950      9200650
    17  0 1 199.69  5500.00 1   0.0 -40.9    179599900   0   3950      9599700
    18  0 1 199.69  5500.00 1   0.0 -38.8    200999550   0   3950     21399650
    19  0 1 199.69  5500.00 1   0.0 -37.5    210199000   0   3950      9199450
    20  0 1 199.69  5500.00 1   0.0 -36.6    219796750   0   4000      9597750
    21  0 1 199.69  5498.75 1   0.0 -35.6    230395700   0   4000     10598950
    22  0 1 199.69  5598.75 1   0.0 -34.7    241197500   0   4000     10801800
    23  0 1 199.69  5598.75 1   0.0 -34.1    250398700   0   4000      9201200
    24  0 1 199.69  5600.00 1   0.0 -33.1    260000700   0   4000      9602000
    25  0 1 199.69  5600.00 1   0.0 -32.5    270603050   0   4000     10602350
    26  0 1 199.69  5598.75 1   0.0 -31.9    281401900   0   4000     10798850
    27  0 1 199.69  5600.00 1   0.0 -30.9    300204300   0   3950     18802400
    28  0 1 199.69  5598.75 1   0.0 -30.6    310805750   0   4000     10601450
    29  0 1 199.69  5700.00 1   0.0 -30.3    321603900   0   3950     10798150
    30  0 1 199.69  5698.75 1   0.0 -30.3    330803900   0   4000      9200000
    31  0 1 199.69  5700.00 1   0.0 -30.0    340403250   0   3950      9599350
    32  0 1 199.69  5700.00 1   0.0 -30.0    351005150   0   4000     10601900
    33  0 1 199.69  5700.00 1   0.0 -30.0    361803700   0   3950     10798550
    34  0 1 199.69  5700.00 1   0.0 -30.3    371001450   0   4000      9197750
    35  0 1 199.69  5698.75 1   0.0 -30.3    380602050   0   4000      9600600
    36  0 1 199.69  5800.00 1   0.0 -30.9    402003400   0   3950     21401350
    37  0 1 199.69  5798.75 1   0.0 -31.6    411204400   0   4000      9201000
    38  0 1 199.69  5798.75 1   0.0 -31.9    420804850   0   3950      9600450
    39  0 1 199.69  5800.00 1   0.0 -32.5    431403850   0   3950     10599000
    40  0 1 199.69  5800.00 1   0.0 -33.1    442204850   0   3950     10801000
    41  0 1 199.69  5798.75 1   0.0 -34.1    451404800   0   3950      9199950
    42  0 1 199.69  5800.00 1   0.0 -34.7    461006600   0   3950      9601800
    43  0 1 199.69  5798.75 1   0.0 -35.6    471605850   0   3950     10599250
    44  0 1 199.69  5198.75 1   0.0 -36.6    482406000   0   4000     10800150
    45  0 1 199.69  5198.75 1   0.0 -38.8    501208050   0   4000     18802050
    46  0 1 199.69  5200.00 1   0.0 -40.0    511807150   0   3950     10599100
    47  0 1 199.69  5200.00 1   0.0 -40.9    522608950   0   3950     10801800
    48  0 1 199.69  5200.00 1   0.0 -42.5    531807100   0   4000      9198150
    49  0 1 199.69  5198.75 1   0.0 -43.8    541409150   0   3950      9602050
    50  0 1 199.69  5200.00 1   0.0 -45.0    552010950   0   3950     10601800
    51  0 1 199.69  5298.75 1   0.0 -46.6    562808850   0   4000     10797900
    52  0 1 199.69  5298.75 1   0.0 -47.8    572011000   0   4000      9202150
    53  0 1 199.69  5298.75 1   0.0 -49.4    581612650   0   4000      9601650
    54  0 1 199.69  5300.00 1   0.0 -52.5    603012450   0   3950     21399800
    55  0 1 199.69  5298.75 1   0.0 -54.4    612213950   0   3950      9201500
    56  0 1 199.69  5300.00 1   0.0 -55.9    621814950   0   3950      9601000
    57  0 1 199.69  5300.00 1   0.0 -57.5    632412600   0   3950     10597650
    58  0 1 199.69  5398.75 1   0.0 -59.4    643210750   0   4000     10798150
    59  0 1 199.69  5400.00 1   0.0 -61.3    652410550   0   3950      9199800
    60  0 1 199.69  5398.75 1   0.0 -62.8    662011550   0   3950      9601000
    61  0 1 199.69  5398.75 1   0.0 -64.7    672609150   0   4000     10597600
    62  0 1 199.69  5400.00 1   0.0 -66.6    683408400   0   3950     10799250
