    NO  S V  AOA    FREQ    B  FMOP  AMP      TOA      PMOP  PW         dTOA  
------ -- - ------ -------- - ----- ----- ------------ --- ------ ------------
     0  0 1 109.69  5250.00 1   0.0 -70.0            0   0   2950  42949673000
     1  0 1 109.69  5276.25 1   0.0 -68.8      9198150   0   2950      9198150
     2  0 1 109.69  5295.00 1   0.0 -67.5     18800400   0   2950      9602250
     3  0 1 109.69  5298.75 1   0.0 -66.3     29402550   0   2950     10602150
     4  0 1 109.69  5250.00 1   0.0 -63.8     49400800   0   3000     19998250
     5  0 1 109.69  5223.75 1   0.0 -62.5     58998300   0   2950      9597500
     6  0 1 109.69  5202.50 1   0.0 -61.3     69600400   0   2950     10602100
     7  0 1 109.69  5201.25 1   0.0 -60.0     80398750   0   2950     10798350
     8  0 1 109.69  5218.75 1   0.0 -58.8     89600900   0   2950      9202150
     9  0 1 109.69  5246.25 1   0.0 -57.5     99199650   0   2950      9598750
    10  0 1 109.69  5278.75 1   0.0 -56.6    109799550   0   2950     10599900
    11  0 1 109.69  5297.50 1   0.0 -55.3    120599250   0   2950     10799700
    12  0 1 109.69  5297.50 1   0.0 -54.1    129799400   0   2950      9200150
    13  0 1 109.69  5248.75 1   0.0 -51.9    149996900   0   2950     20197500
    14  0 1 109.69  5217.50 1   0.0 -50.6    160798700   0   3000     10801800
    15  0 1 109.69  5201.25 1   0.0 -49.7    169999000   0   2950      9200300
    16  0 1 109.69  5202.50 1   0.0 -48.4    179599050   0   3000      9600050
    17  0 1 109.69  5220.00 1   0.0 -47.5    190199850   0   3000     10600800
    18  0 1 109.69  5253.75 1   0.0 -46.6    201002000   0   2950     10802150
    19  0 1 109.69  5277.50 1   0.0 -45.6    210200100   0   2950      9198100
    20  0 1 109.69  5296.25 1   0.0 -44.4    219799800   0   3000      9599700
    21  0 1 109.69  5295.00 1   0.0 -43.4    230398700   0   3000     10598900
    22  0 1 109.69  5247.50 1   0.0 -41.6    250401900   0   3000     20003200
    23  0 1 109.69  5220.00 1   0.0 -40.9    260001600   0   3000      9599700
    24  0 1 109.69  5200.00 1   0.0 -40.0    270600050   0   2950     10598450
    25  0 1 109.69  5201.25 1   0.0 -39.1    281401750   0   2950     10801700
    26  0 1 109.69  5222.50 1   0.0 -38.4    290599950   0   2950      9198200
    27  0 1 109.69  5250.00 1   0.0 -37.5    300199050   0   3000      9599100
    28  0 1 109.69  5280.00 1   0.0 -36.9    310797250   0   2950     10598200
    29  0 1 109.69  5296.25 1   0.0 -36.3    321595700   0   3000     10798450
    30  0 1 109.69  5295.00 1   0.0 -35.6    330797350   0   3000      9201650
    31  0 1 109.69  5245.00 1   0.0 -34.4    350997350   0   3000     20200000
    32  0 1 109.69  5216.25 1   0.0 -33.8    361796050   0   3000     10798700
    33  0 1 109.69  5201.25 1   0.0 -33.4    370995950   0   2950      9199900
    34  0 1 109.69  5203.75 1   0.0 -32.8    380597000   0   2950      9601050
    35  0 1 109.69  5221.25 1   0.0 -32.5    391198350   0   3000     10601350
    36  0 1 109.69  5256.25 1   0.0 -31.9    402000050   0   2950     10801700
    37  0 1 109.69  5282.50 1   0.0 -31.6    411198100   0   3000      9198050
    38  0 1 109.69  5297.50 1   0.0 -31.3    420800500   0   2950      9602400
    39  0 1 109.69  5295.00 1   0.0 -30.9    431402500   0   3000     10602000
    40  0 1 109.69  5245.00 1   0.0 -30.6    451403600   0   2950     20001100
    41  0 1 109.69  5217.50 1   0.0 -30.3    461004350   0   2950      9600750
    42  0 1 109.69  5200.00 1   0.0 -30.3    471602400   0   3000     10598050
    43  0 1 109.69  5203.75 1   0.0 -30.0    482400300   0   2950     10797900
    44  0 1 109.69  5222.50 1   0.0 -30.0    491600050   0   2950      9199750
    45  0 1 109.69  5253.75 1   0.0 -30.0    501197850   0   2950      9597800
    46  0 1 109.69  5283.75 1   0.0 -30.0    511796400   0   3000     10598550
    47  0 1 109.69  5298.75 1   0.0 -30.0    522596250   0   3000     10799850
    48  0 1 109.69  5293.75 1   0.0 -30.3    531794850   0   3000      9198600
    49  0 1 109.69  5243.75 1   0.0 -30.6    551992400   0   3000     20197550
    50  0 1 109.69  5212.50 1   0.0 -30.6    562790800   0   3000     10798400
    51  0 1 109.69  5200.00 1   0.0 -30.9    571990100   0   2950      9199300
    52  0 1 109.69  5205.00 1   0.0 -31.3    581588100   0   2950      9598000
    53  0 1 109.69  5226.25 1   0.0 -31.6    592189600   0   2950     10601500
    54  0 1 109.69  5258.75 1   0.0 -31.9    602989150   0   3000     10799550
    55  0 1 109.69  5283.75 1   0.0 -32.5    612189100   0   2950      9199950
    56  0 1 109.69  5298.75 1   0.0 -32.8    621790850   0   3000      9601750
    57  0 1 109.69  5293.75 1   0.0 -33.4    632388550   0   3000     10597700
    58  0 1 109.69  5241.25 1   0.0 -34.4    652389200   0   2950     20000650
    59  0 1 109.69  5213.75 1   0.0 -35.0    661990650   0   2950      9601450
    60  0 1 109.69  5200.00 1   0.0 -35.6    672591050   0   3000     10600400
    61  0 1 109.69  5206.25 1   0.0 -36.3    683389050   0   3000     10798000
    62  0 1 109.69  5225.00 1   0.0 -36.9    692591350   0   3000      9202300
    63  0 1 109.69  5255.00 1   0.0 -37.5    702189950   0   2950      9598600
    64  0 1 109.69  5283.75 1   0.0 -38.4    712789250   0   2950     10599300
    65  0 1 109.69  5298.75 1   0.0 -39.1    723590550   0   3000     10801300
    66  0 1 109.69  5293.75 1   0.0 -40.0    732790650   0   2950      9200100
    67  0 1 109.69  5238.75 1   0.0 -41.6    752992850   0   3000     20202200
    68  0 1 109.69  5211.25 1   0.0 -42.5    763791150   0   2950     10798300
    69  0 1 109.69  5200.00 1   0.0 -43.4    772989900   0   3000      9198750
    70  0 1 109.69  5203.75 1   0.0 -44.4    782589350   0   3000      9599450
    71  0 1 109.69  5228.75 1   0.0 -45.6    793188150   0   2950     10598800
    72  0 1 109.69  5262.50 1   0.0 -46.6    803990050   0   3000     10801900
    73  0 1 109.69  5285.00 1   0.0 -47.5    813187950   0   3000      9197900
    74  0 1 109.69  5297.50 1   0.0 -48.4    822789400   0   2950      9601450
    75  0 1 109.69  5291.25 1   0.0 -49.7    833390900   0   2950     10601500
    76  0 1 109.69  5237.50 1   0.0 -51.9    853392850   0   2950     20001950
    77  0 1 109.69  5213.75 1   0.0 -53.1    862994600   0   3000      9601750
    78  0 1 109.69  5200.00 1   0.0 -54.1    873596300   0   3000     10601700
    79  0 1 109.69  5208.75 1   0.0 -55.3    884394250   0   2950     10797950
    80  0 1 109.69  5230.00 1   0.0 -56.6    893594000   0   2950      9199750
    81  0 1 109.69  5260.00 1   0.0 -57.5    903194500   0   2950      9600500
    82  0 1 109.69  5288.75 1   0.0 -58.8    913796500   0   2950     10602000
    83  0 1 109.69  5297.50 1   0.0 -60.0    924594250   0   3000     10797750
    84  0 1 109.69  5291.25 1   0.0 -61.3    933795500   0   2950      9201250
    85  0 1 109.69  5235.00 1   0.0 -63.8    953996100   0   2950     20200600
    86  0 1 109.69  5208.75 1   0.0 -65.0    964796300   0   2950     10800200
    87  0 1 109.69  5200.00 1   0.0 -66.3    973994550   0   3000      9198250
    88  0 1 109.69  5205.00 1   0.0 -67.5    983594050   0   2950      9599500
    89  0 1 109.69  5231.25 1   0.0 -68.8    994191900   0   2950     10597850
