    NO  S V  AOA    FREQ    B  FMOP  AMP      TOA      PMOP  PW         dTOA  
------ -- - ------ -------- - ----- ----- ------------ --- ------ ------------
     0  0 1 109.69  5250.00 1   0.0 -70.0            0   0   2950  42949673000
     1  0 1 109.69  5276.25 1   0.0 -68.8      9197750   0   3000      9197750
     2  0 1 109.69  5295.00 1   0.0 -67.5     18797300   0   2950      9599550
     3  0 1 109.69  5296.25 1   0.0 -66.3     29396050   0   3000     10598750
     4  0 1 109.69  5278.75 1   0.0 -65.0     40197650   0   2950     10801600
     5  0 1 109.69  5251.25 1   0.0 -63.8     49399800   0   2950      9202150
     6  0 1 109.69  5223.75 1   0.0 -62.5     59000700   0   3000      9600900
     7  0 1 109.69  5201.25 1   0.0 -61.3     69599650   0   3000     10598950
     8  0 1 109.69  5220.00 1   0.0 -58.8     89596100   0   2950     19996450
     9  0 1 109.69  5245.00 1   0.0 -57.5     99196600   0   3000      9600500
    10  0 1 109.69  5277.50 1   0.0 -56.6    109794550   0   2950     10597950
    11  0 1 109.69  5296.25 1   0.0 -55.3    120592050   0   2950     10797500
    12  0 1 109.69  5297.50 1   0.0 -54.1    129791550   0   2950      9199500
    13  0 1 109.69  5280.00 1   0.0 -53.1    139389400   0   3000      9597850
    14  0 1 109.69  5248.75 1   0.0 -51.9    149989900   0   2950     10600500
    15  0 1 109.69  5218.75 1   0.0 -50.6    160788350   0   3000     10798450
    16  0 1 109.69  5200.00 1   0.0 -49.7    169987100   0   2950      9198750
    17  0 1 109.69  5221.25 1   0.0 -47.5    190182500   0   3000     20195400
    18  0 1 109.69  5253.75 1   0.0 -46.6    200984150   0   3000     10801650
    19  0 1 109.69  5278.75 1   0.0 -45.6    210184850   0   3000      9200700
    20  0 1 109.69  5296.25 1   0.0 -44.4    219784050   0   3000      9599200
    21  0 1 109.69  5295.00 1   0.0 -43.4    230386400   0   2950     10602350
    22  0 1 109.69  5276.25 1   0.0 -42.5    241187250   0   3000     10800850
    23  0 1 109.69  5248.75 1   0.0 -41.6    250388700   0   2950      9201450
    24  0 1 109.69  5220.00 1   0.0 -40.9    259989250   0   3000      9600550
    25  0 1 109.69  5201.25 1   0.0 -40.0    270589750   0   2950     10600500
    26  0 1 109.69  5222.50 1   0.0 -38.4    290586800   0   3000     19997050
    27  0 1 109.69  5250.00 1   0.0 -37.5    300185350   0   3000      9598550
    28  0 1 109.69  5280.00 1   0.0 -36.9    310784900   0   3000     10599550
    29  0 1 109.69  5296.25 1   0.0 -36.3    321585500   0   2950     10800600
    30  0 1 109.69  5296.25 1   0.0 -35.6    330785700   0   2950      9200200
    31  0 1 109.69  5278.75 1   0.0 -35.0    340387400   0   2950      9601700
    32  0 1 109.69  5245.00 1   0.0 -34.4    350985700   0   3000     10598300
    33  0 1 109.69  5215.00 1   0.0 -33.8    361784650   0   2950     10798950
    34  0 1 109.69  5201.25 1   0.0 -33.4    370986600   0   3000      9201950
    35  0 1 109.69  5221.25 1   0.0 -32.5    391186000   0   3000     20199400
    36  0 1 109.69  5255.00 1   0.0 -31.9    401987600   0   3000     10801600
    37  0 1 109.69  5280.00 1   0.0 -31.6    411188700   0   3000      9201100
    38  0 1 109.69  5298.75 1   0.0 -31.3    420790150   0   3000      9601450
    39  0 1 109.69  5296.25 1   0.0 -30.9    431388800   0   3000     10598650
    40  0 1 109.69  5272.50 1   0.0 -30.6    442191000   0   3000     10802200
    41  0 1 109.69  5245.00 1   0.0 -30.6    451389500   0   3000      9198500
    42  0 1 109.69  5216.25 1   0.0 -30.3    460988000   0   2950      9598500
    43  0 1 109.69  5200.00 1   0.0 -30.3    471586700   0   3000     10598700
    44  0 1 109.69  5223.75 1   0.0 -30.0    491588300   0   3000     20001600
    45  0 1 109.69  5252.50 1   0.0 -30.0    501189200   0   3000      9600900
    46  0 1 109.69  5281.25 1   0.0 -30.0    511790650   0   2950     10601450
    47  0 1 109.69  5297.50 1   0.0 -30.0    522590600   0   2950     10799950
    48  0 1 109.69  5293.75 1   0.0 -30.3    531788600   0   3000      9198000
    49  0 1 109.69  5273.75 1   0.0 -30.3    541386600   0   3000      9598000
    50  0 1 109.69  5241.25 1   0.0 -30.6    551988750   0   3000     10602150
    51  0 1 109.69  5212.50 1   0.0 -30.6    562789300   0   3000     10800550
    52  0 1 109.69  5198.75 1   0.0 -30.9    571989350   0   3000      9200050
    53  0 1 109.69  5225.00 1   0.0 -31.6    592189150   0   3000     20199800
    54  0 1 109.69  5257.50 1   0.0 -31.9    602989500   0   3000     10800350
    55  0 1 109.69  5283.75 1   0.0 -32.5    612188100   0   2950      9198600
    56  0 1 109.69  5298.75 1   0.0 -32.8    621788600   0   2950      9600500
    57  0 1 109.69  5293.75 1   0.0 -33.4    632387800   0   2950     10599200
    58  0 1 109.69  5270.00 1   0.0 -33.8    643187900   0   3000     10800100
    59  0 1 109.69  5242.50 1   0.0 -34.4    652385950   0   2950      9198050
    60  0 1 109.69  5215.00 1   0.0 -35.0    661987500   0   2950      9601550
    61  0 1 109.69  5200.00 1   0.0 -35.6    672589900   0   2950     10602400
    62  0 1 109.69  5225.00 1   0.0 -36.9    692589600   0   2950     19999700
    63  0 1 109.69  5255.00 1   0.0 -37.5    702188250   0   2950      9598650
    64  0 1 109.69  5285.00 1   0.0 -38.4    712787700   0   3000     10599450
    65  0 1 109.69  5298.75 1   0.0 -39.1    723586800   0   2950     10799100
    66  0 1 109.69  5295.00 1   0.0 -40.0    732789050   0   3000      9202250
    67  0 1 109.69  5273.75 1   0.0 -40.9    742391000   0   2950      9601950
    68  0 1 109.69  5240.00 1   0.0 -41.6    752993250   0   2950     10602250
    69  0 1 109.69  5211.25 1   0.0 -42.5    763793200   0   2950     10799950
    70  0 1 109.69  5200.00 1   0.0 -43.4    772992400   0   2950      9199200
    71  0 1 109.69  5227.50 1   0.0 -45.6    793192800   0   2950     20200400
    72  0 1 109.69  5262.50 1   0.0 -46.6    803992850   0   3000     10800050
    73  0 1 109.69  5285.00 1   0.0 -47.5    813193600   0   3000      9200750
    74  0 1 109.69  5297.50 1   0.0 -48.4    822792500   0   3000      9598900
    75  0 1 109.69  5292.50 1   0.0 -49.7    833393900   0   3000     10601400
    76  0 1 109.69  5267.50 1   0.0 -50.6    844191650   0   2950     10797750
    77  0 1 109.69  5240.00 1   0.0 -51.9    853389750   0   2950      9198100
    78  0 1 109.69  5211.25 1   0.0 -53.1    862988600   0   3000      9598850
    79  0 1 109.69  5200.00 1   0.0 -54.1    873590850   0   3000     10602250
    80  0 1 109.69  5230.00 1   0.0 -56.6    893590400   0   2950     19999550
    81  0 1 109.69  5257.50 1   0.0 -57.5    903188650   0   3000      9598250
    82  0 1 109.69  5288.75 1   0.0 -58.8    913789400   0   3000     10600750
    83  0 1 109.69  5300.00 1   0.0 -60.0    924590350   0   3000     10800950
    84  0 1 109.69  5292.50 1   0.0 -61.3    933790500   0   3000      9200150
    85  0 1 109.69  5268.75 1   0.0 -62.5    943391900   0   3000      9601400
    86  0 1 109.69  5235.00 1   0.0 -63.8    953994150   0   2950     10602250
    87  0 1 109.69  5207.50 1   0.0 -65.0    964793200   0   2950     10799050
    88  0 1 109.69  5200.00 1   0.0 -66.3    973993300   0   2950      9200100
    89  0 1 109.69  5230.00 1   0.0 -68.8    994190600   0   3000     20197300
