    NO  S V  AOA    FREQ    B  FMOP  AMP      TOA      PMOP  PW         dTOA  
------ -- - ------ -------- - ----- ----- ------------ --- ------ ------------
     0  0 1 109.69  5250.00 1   0.0 -70.0            0   0   2950  42949673000
     1  0 1 109.69  5275.00 1   0.0 -68.8      9200250   0   3000      9200250
     2  0 1 109.69  5296.25 1   0.0 -67.5     18801150   0   3000      9600900
     3  0 1 109.69  5296.25 1   0.0 -66.3     29402900   0   2950     10601750
     4  0 1 109.69  5278.75 1   0.0 -65.0     40205100   0   3000     10802200
     5  0 1 109.69  5251.25 1   0.0 -63.8     49406800   0   2950      9201700
     6  0 1 109.69  5222.50 1   0.0 -62.5     59004400   0   3000      9597600
     7  0 1 109.69  5202.50 1   0.0 -61.3     69602350   0   3000     10597950
     8  0 1 109.69  5201.25 1   0.0 -60.0     80401750   0   2950     10799400
     9  0 1 109.69  5247.50 1   0.0 -57.5     99202100   0   2950     18800350
    10  0 1 109.69  5278.75 1   0.0 -56.6    109803450   0   2950     10601350
    11  0 1 109.69  5298.75 1   0.0 -55.3    120604600   0   2950     10801150
    12  0 1 109.69  5296.25 1   0.0 -54.1    129806400   0   3000      9201800
    13  0 1 109.69  5280.00 1   0.0 -53.1    139408500   0   2950      9602100
    14  0 1 109.69  5250.00 1   0.0 -51.9    150010150   0   3000     10601650
    15  0 1 109.69  5217.50 1   0.0 -50.6    160809400   0   3000     10799250
    16  0 1 109.69  5202.50 1   0.0 -49.7    170007250   0   2950      9197850
    17  0 1 109.69  5200.00 1   0.0 -48.4    179605850   0   2950      9598600
    18  0 1 109.69  5251.25 1   0.0 -46.6    201005950   0   3000     21400100
    19  0 1 109.69  5280.00 1   0.0 -45.6    210206500   0   2950      9200550
    20  0 1 109.69  5295.00 1   0.0 -44.4    219804750   0   2950      9598250
    21  0 1 109.69  5296.25 1   0.0 -43.4    230405550   0   3000     10600800
    22  0 1 109.69  5276.25 1   0.0 -42.5    241205950   0   3000     10800400
    23  0 1 109.69  5247.50 1   0.0 -41.6    250407400   0   2950      9201450
    24  0 1 109.69  5218.75 1   0.0 -40.9    260007200   0   3000      9599800
    25  0 1 109.69  5200.00 1   0.0 -40.0    270608750   0   3000     10601550
    26  0 1 109.69  5202.50 1   0.0 -39.1    281410600   0   3000     10801850
    27  0 1 109.69  5250.00 1   0.0 -37.5    300211300   0   3000     18800700
    28  0 1 109.69  5280.00 1   0.0 -36.9    310811300   0   2950     10600000
    29  0 1 109.69  5296.25 1   0.0 -36.3    321612150   0   3000     10800850
    30  0 1 109.69  5296.25 1   0.0 -35.6    330809850   0   2950      9197700
    31  0 1 109.69  5276.25 1   0.0 -35.0    340410050   0   2950      9600200
    32  0 1 109.69  5246.25 1   0.0 -34.4    351008600   0   2950     10598550
    33  0 1 109.69  5215.00 1   0.0 -33.8    361806850   0   2950     10798250
    34  0 1 109.69  5201.25 1   0.0 -33.4    371006850   0   2950      9200000
    35  0 1 109.69  5203.75 1   0.0 -32.8    380608400   0   2950      9601550
    36  0 1 109.69  5256.25 1   0.0 -31.9    402010100   0   3000     21401700
    37  0 1 109.69  5281.25 1   0.0 -31.6    411212450   0   3000      9202350
    38  0 1 109.69  5297.50 1   0.0 -31.3    420813650   0   2950      9601200
    39  0 1 109.69  5295.00 1   0.0 -30.9    431412600   0   2950     10598950
    40  0 1 109.69  5272.50 1   0.0 -30.6    442214550   0   2950     10801950
    41  0 1 109.69  5245.00 1   0.0 -30.6    451414500   0   3000      9199950
    42  0 1 109.69  5217.50 1   0.0 -30.3    461013850   0   2950      9599350
    43  0 1 109.69  5200.00 1   0.0 -30.3    471612100   0   2950     10598250
    44  0 1 109.69  5203.75 1   0.0 -30.0    482414250   0   3000     10802150
    45  0 1 109.69  5251.25 1   0.0 -30.0    501214000   0   3000     18799750
    46  0 1 109.69  5283.75 1   0.0 -30.0    511815050   0   2950     10601050
    47  0 1 109.69  5298.75 1   0.0 -30.0    522612550   0   2950     10797500
    48  0 1 109.69  5295.00 1   0.0 -30.3    531814550   0   2950      9202000
    49  0 1 109.69  5275.00 1   0.0 -30.3    541416600   0   3000      9602050
    50  0 1 109.69  5242.50 1   0.0 -30.6    552014250   0   2950     10597650
    51  0 1 109.69  5213.75 1   0.0 -30.6    562816350   0   3000     10802100
    52  0 1 109.69  5200.00 1   0.0 -30.9    572015900   0   2950      9199550
    53  0 1 109.69  5203.75 1   0.0 -31.3    581614050   0   3000      9598150
    54  0 1 109.69  5258.75 1   0.0 -31.9    603014300   0   3000     21400250
    55  0 1 109.69  5282.50 1   0.0 -32.5    612214150   0   3000      9199850
    56  0 1 109.69  5298.75 1   0.0 -32.8    621815300   0   3000      9601150
    57  0 1 109.69  5292.50 1   0.0 -33.4    632415600   0   3000     10600300
    58  0 1 109.69  5270.00 1   0.0 -33.8    643214050   0   3000     10798450
    59  0 1 109.69  5240.00 1   0.0 -34.4    652412050   0   2950      9198000
    60  0 1 109.69  5213.75 1   0.0 -35.0    662009750   0   2950      9597700
    61  0 1 109.69  5198.75 1   0.0 -35.6    672607850   0   2950     10598100
    62  0 1 109.69  5206.25 1   0.0 -36.3    683406200   0   2950     10798350
    63  0 1 109.69  5255.00 1   0.0 -37.5    702205950   0   2950     18799750
    64  0 1 109.69  5285.00 1   0.0 -38.4    712806100   0   3000     10600150
    65  0 1 109.69  5298.75 1   0.0 -39.1    723605250   0   3000     10799150
    66  0 1 109.69  5293.75 1   0.0 -40.0    732804150   0   2950      9198900
    67  0 1 109.69  5271.25 1   0.0 -40.9    742406100   0   3000      9601950
    68  0 1 109.69  5240.00 1   0.0 -41.6    753007900   0   3000     10601800
    69  0 1 109.69  5210.00 1   0.0 -42.5    763808500   0   2950     10800600
    70  0 1 109.69  5200.00 1   0.0 -43.4    773009350   0   3000      9200850
    71  0 1 109.69  5203.75 1   0.0 -44.4    782610600   0   2950      9601250
    72  0 1 109.69  5262.50 1   0.0 -46.6    804009550   0   3000     21398950
    73  0 1 109.69  5285.00 1   0.0 -47.5    813207950   0   3000      9198400
    74  0 1 109.69  5298.75 1   0.0 -48.4    822806050   0   3000      9598100
    75  0 1 109.69  5291.25 1   0.0 -49.7    833403850   0   2950     10597800
    76  0 1 109.69  5266.25 1   0.0 -50.6    844203050   0   3000     10799200
    77  0 1 109.69  5237.50 1   0.0 -51.9    853404550   0   2950      9201500
    78  0 1 109.69  5211.25 1   0.0 -53.1    863005550   0   3000      9601000
    79  0 1 109.69  5198.75 1   0.0 -54.1    873603950   0   2950     10598400
    80  0 1 109.69  5207.50 1   0.0 -55.3    884402550   0   2950     10798600
    81  0 1 109.69  5258.75 1   0.0 -57.5    903198400   0   2950     18795850
    82  0 1 109.69  5286.25 1   0.0 -58.8    913800150   0   3000     10601750
    83  0 1 109.69  5300.00 1   0.0 -60.0    924599400   0   2950     10799250
    84  0 1 109.69  5290.00 1   0.0 -61.3    933800100   0   3000      9200700
    85  0 1 109.69  5270.00 1   0.0 -62.5    943398150   0   3000      9598050
    86  0 1 109.69  5237.50 1   0.0 -63.8    953999700   0   3000     10601550
    87  0 1 109.69  5207.50 1   0.0 -65.0    964799200   0   3000     10799500
    88  0 1 109.69  5200.00 1   0.0 -66.3    973997050   0   2950      9197850
    89  0 1 109.69  5205.00 1   0.0 -67.5    983597050   0   2950      9600000
