    NO  S V  AOA    FREQ    B  FMOP  AMP      TOA      PMOP  PW         dTOA  
------ -- - ------ -------- - ----- ----- ------------ --- ------ ------------
     0  0 1 109.69  5248.75 1   0.0 -70.0            0   0   3000  42949673000
     1  0 1 109.69  5275.00 1   0.0 -68.8      9200000   0   3000      9200000
     2  0 1 109.69  5295.00 1   0.0 -67.5     18802250   0   2950      9602250
     3  0 1 109.69  5296.25 1   0.0 -66.3     29404650   0   2950     10602400
     4  0 1 109.69  5277.50 1   0.0 -65.0     40204700   0   3000     10800050
     5  0 1 109.69  5250.00 1   0.0 -63.8     49406950   0   2950      9202250
     6  0 1 109.69  5222.50 1   0.0 -62.5     59005850   0   2950      9598900
     7  0 1 109.69  5200.00 1   0.0 -61.3     69606300   0   2950     10600450
     8  0 1 109.69  5217.50 1   0.0 -58.8     89605100   0   2950     19998800
     9  0 1 109.69  5247.50 1   0.0 -57.5     99205300   0   3000      9600200
    10  0 1 109.69  5277.50 1   0.0 -56.6    109806650   0   2950     10601350
    11  0 1 109.69  5298.75 1   0.0 -55.3    120608900   0   3000     10802250
    12  0 1 109.69  5295.00 1   0.0 -54.1    129809550   0   2950      9200650
    13  0 1 109.69  5280.00 1   0.0 -53.1    139407850   0   3000      9598300
    14  0 1 109.69  5248.75 1   0.0 -51.9    150008900   0   2950     10601050
    15  0 1 109.69  5217.50 1   0.0 -50.6    160808600   0   2950     10799700
    16  0 1 109.69  5201.25 1   0.0 -49.7    170006900   0   3000      9198300
    17  0 1 109.69  5221.25 1   0.0 -47.5    190209000   0   2950     20202100
    18  0 1 109.69  5252.50 1   0.0 -46.6    201008000   0   2950     10799000
    19  0 1 109.69  5280.00 1   0.0 -45.6    210209150   0   2950      9201150
    20  0 1 109.69  5296.25 1   0.0 -44.4    219810400   0   2950      9601250
    21  0 1 109.69  5297.50 1   0.0 -43.4    230412700   0   2950     10602300
    22  0 1 109.69  5275.00 1   0.0 -42.5    241214050   0   2950     10801350
    23  0 1 109.69  5246.25 1   0.0 -41.6    250412900   0   2950      9198850
    24  0 1 109.69  5220.00 1   0.0 -40.9    260014350   0   3000      9601450
    25  0 1 109.69  5200.00 1   0.0 -40.0    270615300   0   2950     10600950
    26  0 1 109.69  5220.00 1   0.0 -38.4    290617600   0   3000     20002300
    27  0 1 109.69  5250.00 1   0.0 -37.5    300219750   0   3000      9602150
    28  0 1 109.69  5281.25 1   0.0 -36.9    310821600   0   3000     10601850
    29  0 1 109.69  5298.75 1   0.0 -36.3    321623150   0   2950     10801550
    30  0 1 109.69  5295.00 1   0.0 -35.6    330824000   0   3000      9200850
    31  0 1 109.69  5277.50 1   0.0 -35.0    340426100   0   2950      9602100
    32  0 1 109.69  5246.25 1   0.0 -34.4    351028400   0   3000     10602300
    33  0 1 109.69  5215.00 1   0.0 -33.8    361827600   0   3000     10799200
    34  0 1 109.69  5201.25 1   0.0 -33.4    371025450   0   2950      9197850
    35  0 1 109.69  5221.25 1   0.0 -32.5    391228200   0   2950     20202750
    36  0 1 109.69  5256.25 1   0.0 -31.9    402030150   0   2950     10801950
    37  0 1 109.69  5280.00 1   0.0 -31.6    411231750   0   2950      9201600
    38  0 1 109.69  5297.50 1   0.0 -31.3    420833750   0   3000      9602000
    39  0 1 109.69  5293.75 1   0.0 -30.9    431436100   0   2950     10602350
    40  0 1 109.69  5273.75 1   0.0 -30.6    442233650   0   3000     10797550
    41  0 1 109.69  5245.00 1   0.0 -30.6    451433500   0   2950      9199850
    42  0 1 109.69  5218.75 1   0.0 -30.3    461031150   0   2950      9597650
    43  0 1 109.69  5201.25 1   0.0 -30.3    471633400   0   2950     10602250
    44  0 1 109.69  5225.00 1   0.0 -30.0    491632700   0   2950     19999300
    45  0 1 109.69  5253.75 1   0.0 -30.0    501233200   0   3000      9600500
    46  0 1 109.69  5282.50 1   0.0 -30.0    511834050   0   2950     10600850
    47  0 1 109.69  5297.50 1   0.0 -30.0    522633500   0   2950     10799450
    48  0 1 109.69  5293.75 1   0.0 -30.3    531834900   0   3000      9201400
    49  0 1 109.69  5275.00 1   0.0 -30.3    541432700   0   3000      9597800
    50  0 1 109.69  5242.50 1   0.0 -30.6    552032000   0   2950     10599300
    51  0 1 109.69  5213.75 1   0.0 -30.6    562830550   0   3000     10798550
    52  0 1 109.69  5200.00 1   0.0 -30.9    572031000   0   2950      9200450
    53  0 1 109.69  5225.00 1   0.0 -31.6    592232200   0   3000     20201200
    54  0 1 109.69  5258.75 1   0.0 -31.9    603034550   0   3000     10802350
    55  0 1 109.69  5282.50 1   0.0 -32.5    612236300   0   2950      9201750
    56  0 1 109.69  5297.50 1   0.0 -32.8    621835000   0   3000      9598700
    57  0 1 109.69  5293.75 1   0.0 -33.4    632436100   0   3000     10601100
    58  0 1 109.69  5270.00 1   0.0 -33.8    643235950   0   3000     10799850
    59  0 1 109.69  5241.25 1   0.0 -34.4    652437050   0   3000      9201100
    60  0 1 109.69  5215.00 1   0.0 -35.0    662037650   0   2950      9600600
    61  0 1 109.69  5200.00 1   0.0 -35.6    672639100   0   2950     10601450
    62  0 1 109.69  5226.25 1   0.0 -36.9    692640000   0   2950     20000900
    63  0 1 109.69  5257.50 1   0.0 -37.5    702241300   0   2950      9601300
    64  0 1 109.69  5286.25 1   0.0 -38.4    712843300   0   2950     10602000
    65  0 1 109.69  5298.75 1   0.0 -39.1    723644650   0   2950     10801350
    66  0 1 109.69  5293.75 1   0.0 -40.0    732842500   0   3000      9197850
    67  0 1 109.69  5272.50 1   0.0 -40.9    742443050   0   2950      9600550
    68  0 1 109.69  5240.00 1   0.0 -41.6    753042950   0   2950     10599900
    69  0 1 109.69  5210.00 1   0.0 -42.5    763844850   0   3000     10801900
    70  0 1 109.69  5198.75 1   0.0 -43.4    773044800   0   3000      9199950
    71  0 1 109.69  5227.50 1   0.0 -45.6    793242050   0   2950     20197250
    72  0 1 109.69  5261.25 1   0.0 -46.6    804044450   0   3000     10802400
    73  0 1 109.69  5285.00 1   0.0 -47.5    813242850   0   2950      9198400
    74  0 1 109.69  5300.00 1   0.0 -48.4    822841100   0   2950      9598250
    75  0 1 109.69  5292.50 1   0.0 -49.7    833441150   0   2950     10600050
    76  0 1 109.69  5266.25 1   0.0 -50.6    844239750   0   2950     10798600
    77  0 1 109.69  5237.50 1   0.0 -51.9    853440050   0   2950      9200300
    78  0 1 109.69  5212.50 1   0.0 -53.1    863041600   0   2950      9601550
    79  0 1 109.69  5200.00 1   0.0 -54.1    873642700   0   3000     10601100
    80  0 1 109.69  5230.00 1   0.0 -56.6    893644700   0   3000     20002000
    81  0 1 109.69  5260.00 1   0.0 -57.5    903245700   0   2950      9601000
    82  0 1 109.69  5286.25 1   0.0 -58.8    913845800   0   2950     10600100
    83  0 1 109.69  5297.50 1   0.0 -60.0    924647700   0   3000     10801900
    84  0 1 109.69  5290.00 1   0.0 -61.3    933847350   0   3000      9199650
    85  0 1 109.69  5270.00 1   0.0 -62.5    943449700   0   3000      9602350
    86  0 1 109.69  5236.25 1   0.0 -63.8    954051400   0   3000     10601700
    87  0 1 109.69  5210.00 1   0.0 -65.0    964850300   0   3000     10798900
    88  0 1 109.69  5200.00 1   0.0 -66.3    974048000   0   3000      9197700
    89  0 1 109.69  5232.50 1   0.0 -68.8    994247100   0   2950     20199100
