    NO  S V  AOA    FREQ    B  FMOP  AMP      TOA      PMOP  PW         dTOA  
------ -- - ------ -------- - ----- ----- ------------ --- ------ ------------
     0  0 1 109.69  5250.00 1   0.0 -70.0            0   0   2950  42949673000
     1  0 1 109.69  5275.00 1   0.0 -68.8      9201600   0   2950      9201600
     2  0 1 109.69  5295.00 1   0.0 -67.5     18802000   0   2950      9600400
     3  0 1 109.69  5277.50 1   0.0 -65.0     40201050   0   3000     21399050
     4  0 1 109.69  5251.25 1   0.0 -63.8     49398700   0   3000      9197650
     5  0 1 109.69  5222.50 1   0.0 -62.5     58999950   0   2950      9601250
     6  0 1 109.69  5201.25 1   0.0 -61.3     69601250   0   2950     10601300
     7  0 1 109.69  5202.50 1   0.0 -60.0     80403500   0   3000     10802250
     8  0 1 109.69  5218.75 1   0.0 -58.8     89604450   0   2950      9200950
     9  0 1 109.69  5247.50 1   0.0 -57.5     99205950   0   3000      9601500
    10  0 1 109.69  5276.25 1   0.0 -56.6    109803500   0   3000     10597550
    11  0 1 109.69  5296.25 1   0.0 -55.3    120605600   0   3000     10802100
    12  0 1 109.69  5280.00 1   0.0 -53.1    139402200   0   3000     18796600
    13  0 1 109.69  5248.75 1   0.0 -51.9    150001300   0   3000     10599100
    14  0 1 109.69  5217.50 1   0.0 -50.6    160799950   0   3000     10798650
    15  0 1 109.69  5202.50 1   0.0 -49.7    169998600   0   3000      9198650
    16  0 1 109.69  5202.50 1   0.0 -48.4    179596650   0   2950      9598050
    17  0 1 109.69  5220.00 1   0.0 -47.5    190198600   0   3000     10601950
    18  0 1 109.69  5251.25 1   0.0 -46.6    200998000   0   2950     10799400
    19  0 1 109.69  5277.50 1   0.0 -45.6    210195750   0   3000      9197750
    20  0 1 109.69  5295.00 1   0.0 -44.4    219797550   0   3000      9601800
    21  0 1 109.69  5275.00 1   0.0 -42.5    241195850   0   3000     21398300
    22  0 1 109.69  5246.25 1   0.0 -41.6    250396550   0   2950      9200700
    23  0 1 109.69  5218.75 1   0.0 -40.9    259995700   0   3000      9599150
    24  0 1 109.69  5200.00 1   0.0 -40.0    270595550   0   3000     10599850
    25  0 1 109.69  5203.75 1   0.0 -39.1    281395700   0   3000     10800150
    26  0 1 109.69  5220.00 1   0.0 -38.4    290595900   0   2950      9200200
    27  0 1 109.69  5250.00 1   0.0 -37.5    300196550   0   3000      9600650
    28  0 1 109.69  5280.00 1   0.0 -36.9    310798600   0   2950     10602050
    29  0 1 109.69  5296.25 1   0.0 -36.3    321596750   0   3000     10798150
    30  0 1 109.69  5276.25 1   0.0 -35.0    340396300   0   3000     18799550
    31  0 1 109.69  5245.00 1   0.0 -34.4    350995450   0   3000     10599150
    32  0 1 109.69  5215.00 1   0.0 -33.8    361794150   0   3000     10798700
    33  0 1 109.69  5200.00 1   0.0 -33.4    370993300   0   3000      9199150
    34  0 1 109.69  5201.25 1   0.0 -32.8    380592600   0   3000      9599300
    35  0 1 109.69  5221.25 1   0.0 -32.5    391191550   0   3000     10598950
    36  0 1 109.69  5255.00 1   0.0 -31.9    401991500   0   3000     10799950
    37  0 1 109.69  5280.00 1   0.0 -31.6    411193650   0   2950      9202150
    38  0 1 109.69  5296.25 1   0.0 -31.3    420795700   0   3000      9602050
    39  0 1 109.69  5271.25 1   0.0 -30.6    442199200   0   2950     21403500
    40  0 1 109.69  5245.00 1   0.0 -30.6    451399200   0   2950      9200000
    41  0 1 109.69  5218.75 1   0.0 -30.3    460998700   0   3000      9599500
    42  0 1 109.69  5201.25 1   0.0 -30.3    471599650   0   3000     10600950
    43  0 1 109.69  5205.00 1   0.0 -30.0    482399600   0   3000     10799950
    44  0 1 109.69  5223.75 1   0.0 -30.0    491601800   0   3000      9202200
    45  0 1 109.69  5253.75 1   0.0 -30.0    501204150   0   2950      9602350
    46  0 1 109.69  5282.50 1   0.0 -30.0    511801900   0   2950     10597750
    47  0 1 109.69  5300.00 1   0.0 -30.0    522602900   0   2950     10801000
    48  0 1 109.69  5275.00 1   0.0 -30.3    541402600   0   2950     18799700
    49  0 1 109.69  5243.75 1   0.0 -30.6    552004000   0   3000     10601400
    50  0 1 109.69  5212.50 1   0.0 -30.6    562805700   0   2950     10801700
    51  0 1 109.69  5200.00 1   0.0 -30.9    572006950   0   2950      9201250
    52  0 1 109.69  5205.00 1   0.0 -31.3    581608550   0   3000      9601600
    53  0 1 109.69  5226.25 1   0.0 -31.6    592208850   0   2950     10600300
    54  0 1 109.69  5260.00 1   0.0 -31.9    603010500   0   3000     10801650
    55  0 1 109.69  5282.50 1   0.0 -32.5    612209500   0   2950      9199000
    56  0 1 109.69  5297.50 1   0.0 -32.8    621810550   0   3000      9601050
    57  0 1 109.69  5270.00 1   0.0 -33.8    643210050   0   2950     21399500
    58  0 1 109.69  5240.00 1   0.0 -34.4    652410900   0   2950      9200850
    59  0 1 109.69  5215.00 1   0.0 -35.0    662009550   0   3000      9598650
    60  0 1 109.69  5200.00 1   0.0 -35.6    672610750   0   3000     10601200
    61  0 1 109.69  5205.00 1   0.0 -36.3    683411000   0   3000     10800250
    62  0 1 109.69  5227.50 1   0.0 -36.9    692611050   0   3000      9200050
    63  0 1 109.69  5255.00 1   0.0 -37.5    702211150   0   2950      9600100
    64  0 1 109.69  5285.00 1   0.0 -38.4    712812900   0   2950     10601750
    65  0 1 109.69  5300.00 1   0.0 -39.1    723614900   0   3000     10802000
    66  0 1 109.69  5270.00 1   0.0 -40.9    742415400   0   3000     18800500
    67  0 1 109.69  5240.00 1   0.0 -41.6    753013700   0   2950     10598300
    68  0 1 109.69  5211.25 1   0.0 -42.5    763813200   0   3000     10799500
    69  0 1 109.69  5200.00 1   0.0 -43.4    773012200   0   2950      9199000
    70  0 1 109.69  5205.00 1   0.0 -44.4    782613750   0   3000      9601550
    71  0 1 109.69  5227.50 1   0.0 -45.6    793211550   0   2950     10597800
    72  0 1 109.69  5262.50 1   0.0 -46.6    804010900   0   2950     10799350
    73  0 1 109.69  5286.25 1   0.0 -47.5    813209200   0   3000      9198300
    74  0 1 109.69  5300.00 1   0.0 -48.4    822807250   0   2950      9598050
    75  0 1 109.69  5265.00 1   0.0 -50.6    844205400   0   2950     21398150
    76  0 1 109.69  5237.50 1   0.0 -51.9    853404450   0   2950      9199050
    77  0 1 109.69  5213.75 1   0.0 -53.1    863006200   0   2950      9601750
    78  0 1 109.69  5198.75 1   0.0 -54.1    873607100   0   3000     10600900
    79  0 1 109.69  5208.75 1   0.0 -55.3    884409000   0   2950     10801900
    80  0 1 109.69  5230.00 1   0.0 -56.6    893607600   0   2950      9198600
    81  0 1 109.69  5260.00 1   0.0 -57.5    903207600   0   3000      9600000
    82  0 1 109.69  5286.25 1   0.0 -58.8    913808600   0   2950     10601000
    83  0 1 109.69  5297.50 1   0.0 -60.0    924606900   0   2950     10798300
    84  0 1 109.69  5270.00 1   0.0 -62.5    943404000   0   3000     18797100
    85  0 1 109.69  5236.25 1   0.0 -63.8    954003850   0   2950     10599850
    86  0 1 109.69  5208.75 1   0.0 -65.0    964803250   0   3000     10799400
    87  0 1 109.69  5200.00 1   0.0 -66.3    974001900   0   3000      9198650
    88  0 1 109.69  5207.50 1   0.0 -67.5    983599750   0   2950      9597850
    89  0 1 109.69  5230.00 1   0.0 -68.8    994197550   0   2950     10597800
