    NO  S V  AOA    FREQ    B  FMOP  AMP      TOA      PMOP  PW         dTOA  
------ -- - ------ -------- - ----- ----- ------------ --- ------ ------------
     0  0 1  94.22 10021.00 2   0.0 -70.0            0   0   1450  42949673000
     1  0 1  94.57 10021.00 2   0.0 -69.4      1037500   0   1400      1037500
     2  0 1  95.27 10021.00 2   0.0 -68.8      1883850   0   1550       846350
     3  0 1  95.27 10009.00 2   0.0 -67.5      3646550   0   1700      1762700
     4  0 1  95.62 10009.00 2   0.0 -66.9      4583700   0   1450       937150
     5  0 1  95.27 10009.00 2   0.0 -66.3      5678050   0   1450      1094350
     6  0 1  94.22 10009.00 2   0.0 -65.6      6782200   0   1250      1104150
     7  0 1  94.92 10000.00 2   0.0 -65.0      7893750   0   1500      1111550
     8  0 1  94.22 10000.00 2   0.0 -64.4      8893350   0   1300       999600
     9  0 1  95.27 10000.00 2   0.0 -63.8     10086400   0   1250      1193050
    10  0 1  95.27  9998.50 2   0.0 -63.1     10979050   0   1450       892650
    11  0 1  95.62  9989.50 2   0.0 -62.5     11992400   0   1250      1013350
    12  0 1  94.57  9991.00 2   0.0 -61.3     13852050   0   1350      1859650
    13  0 1  95.27  9989.50 2   0.0 -60.6     14941800   0   1300      1089750
    14  0 1  94.92  9979.00 2   0.0 -60.0     16161150   0   1650      1219350
    15  0 1  95.27  9979.00 2   0.0 -59.4     17087150   0   1550       926000
    16  0 1  95.62  9979.00 2   0.0 -58.8     18159950   0   1700      1072800
    17  0 1  95.62  9979.00 2   0.0 -58.1     19126800   0   1450       966850
    18  0 1  94.22  9970.00 2   0.0 -57.5     20028100   0   1250       901300
    19  0 1  95.27  9968.50 2   0.0 -57.2     20934700   0   1400       906600
    20  0 1  95.62  9970.00 2   0.0 -56.6     21800650   0   1700       865950
    21  0 1  95.62  9958.00 2   0.0 -55.3     23931150   0   1650      2130500
    22  0 1  95.62  9959.50 2   0.0 -54.7     24766850   0   1500       835700
    23  0 1  95.62  9959.50 2   0.0 -54.1     25841400   0   1250      1074550
    24  0 1  95.27  9961.00 2   0.0 -53.4     26921250   0   1650      1079850
    25  0 1  95.62  9949.00 2   0.0 -53.1     28031200   0   1300      1109950
    26  0 1  95.27  9949.00 2   0.0 -52.5     29114150   0   1400      1082950
    27  0 1  94.92  9950.50 2   0.0 -51.9     29998600   0   1650       884450
    28  0 1  94.22  9949.00 2   0.0 -51.3     30844550   0   1600       845950
    29  0 1  94.57 10039.00 2   0.0 -50.6     31664400   0   1700       819850
    30  0 1  95.27 10039.00 2   0.0 -49.7     33507350   0   1600      1842950
    31  0 1  94.57 10039.00 2   0.0 -49.1     34314600   0   1350       807250
    32  0 1  95.62 10030.00 2   0.0 -48.4     35416800   0   1500      1102200
    33  0 1  94.57 10030.00 2   0.0 -48.1     36316450   0   1250       899650
    34  0 1  94.92 10030.00 2   0.0 -47.5     37272750   0   1350       956300
    35  0 1  94.57 10030.00 2   0.0 -46.9     38251100   0   1300       978350
    36  0 1  95.27 10018.00 2   0.0 -46.6     39497050   0   1300      1245950
    37  0 1  94.57 10021.00 2   0.0 -45.9     40676200   0   1400      1179150
    38  0 1  95.62 10021.00 2   0.0 -45.6     41851400   0   1350      1175200
    39  0 1  95.27 10009.00 2   0.0 -44.4     43407600   0   1600      1556200
    40  0 1  95.62 10010.50 2   0.0 -44.1     44509500   0   1450      1101900
    41  0 1  95.27 10009.00 2   0.0 -43.4     45410650   0   1400       901150
    42  0 1  94.22 10009.00 2   0.0 -43.1     46172250   0   1400       761600
    43  0 1  94.92 10000.00 2   0.0 -42.5     47095750   0   1350       923500
    44  0 1  94.22 10000.00 2   0.0 -42.2     48135400   0   1250      1039650
    45  0 1  95.27 10000.00 2   0.0 -41.6     49298900   0   1450      1163500
    46  0 1  94.57 10000.00 2   0.0 -41.3     50280950   0   1700       982050
    47  0 1  94.57  9989.50 2   0.0 -40.9     51250700   0   1450       969750
    48  0 1  94.92  9991.00 2   0.0 -40.0     53001950   0   1300      1751250
    49  0 1  95.27  9991.00 2   0.0 -39.7     54122150   0   1550      1120200
    50  0 1  94.22  9979.00 2   0.0 -39.1     54989650   0   1250       867500
    51  0 1  95.27  9979.00 2   0.0 -38.8     56024900   0   1550      1035250
    52  0 1  95.62  9980.50 2   0.0 -38.4     56884850   0   1650       859950
    53  0 1  94.22  9979.00 2   0.0 -38.1     57724150   0   1700       839300
    54  0 1  94.92  9970.00 2   0.0 -37.5     58769050   0   1450      1044900
    55  0 1  94.57  9970.00 2   0.0 -37.2     59667750   0   1650       898700
    56  0 1  95.27  9970.00 2   0.0 -36.9     60483100   0   1650       815350
    57  0 1  94.57  9959.50 2   0.0 -36.3     62236400   0   1300      1753300
    58  0 1  94.22  9958.00 2   0.0 -35.9     63484050   0   1250      1247650
    59  0 1  94.22  9958.00 2   0.0 -35.6     64495500   0   1600      1011450
    60  0 1  94.22  9958.00 2   0.0 -35.3     65732450   0   1600      1236950
    61  0 1  94.22  9949.00 2   0.0 -35.0     66728300   0   1400       995850
    62  0 1  94.22  9949.00 2   0.0 -34.7     67668900   0   1350       940600
    63  0 1  95.62  9950.50 2   0.0 -34.4     68540100   0   1350       871200
    64  0 1  95.62  9949.00 2   0.0 -34.1     69376300   0   1300       836200
    65  0 1  94.22 10039.00 2   0.0 -33.8     70581800   0   1700      1205500
    66  0 1  94.22 10039.00 2   0.0 -33.4     72353000   0   1400      1771200
    67  0 1  94.57 10039.00 2   0.0 -33.1     73490450   0   1350      1137450
    68  0 1  95.62 10030.00 2   0.0 -32.8     74571050   0   1500      1080600
    69  0 1  94.92 10028.50 2   0.0 -32.5     75797900   0   1300      1226850
    70  0 1  95.27 10030.00 2   0.0 -32.5     76625200   0   1400       827300
    71  0 1  95.62 10030.00 2   0.0 -32.2     77513500   0   1350       888300
    72  0 1  94.22 10018.00 2   0.0 -31.9     78606750   0   1600      1093250
    73  0 1  95.62 10018.00 2   0.0 -31.9     79514550   0   1300       907800
    74  0 1  94.22 10021.00 2   0.0 -31.6     80637400   0   1500      1122850
    75  0 1  94.92 10010.50 2   0.0 -31.3     82719000   0   1600      2081600
    76  0 1  94.22 10009.00 2   0.0 -31.3     83874950   0   1400      1155950
    77  0 1  94.92 10009.00 2   0.0 -30.9     84874550   0   1500       999600
    78  0 1  95.27 10010.50 2   0.0 -30.9     85746650   0   1550       872100
    79  0 1  94.22  9998.50 2   0.0 -30.6     86738100   0   1700       991450
    80  0 1  95.27  9998.50 2   0.0 -30.6     87740950   0   1250      1002850
    81  0 1  95.27 10000.00 2   0.0 -30.6     88529250   0   1650       788300
    82  0 1  95.62 10000.00 2   0.0 -30.3     89731150   0   1300      1201900
    83  0 1  95.27  9989.50 2   0.0 -30.3     90774800   0   1600      1043650
    84  0 1  95.27  9991.00 2   0.0 -30.3     92375400   0   1400      1600600
    85  0 1  94.57  9989.50 2   0.0 -30.0     93582000   0   1700      1206600
    86  0 1  94.22  9979.00 2   0.0 -30.0     94418500   0   1350       836500
    87  0 1  94.22  9979.00 2   0.0 -30.0     95391450   0   1400       972950
    88  0 1  95.62  9979.00 2   0.0 -30.0     96394150   0   1650      1002700
    89  0 1  95.27  9979.00 2   0.0 -30.0     97575250   0   1350      1181100
    90  0 1  94.92  9968.50 2   0.0 -30.0     98781800   0   1250      1206550
    91  0 1  95.27  9970.00 2   0.0 -30.0    100002700   0   1700      1220900
    92  0 1  95.27  9968.50 2   0.0 -30.0    100791250   0   1250       788550
    93  0 1  94.22  9958.00 2   0.0 -30.0    102837800   0   1700      2046550
    94  0 1  94.22  9958.00 2   0.0 -30.0    103937450   0   1700      1099650
    95  0 1  94.92  9958.00 2   0.0 -30.3    105149200   0   1450      1211750
    96  0 1  94.57  9958.00 2   0.0 -30.3    106237350   0   1250      1088150
    97  0 1  94.22  9949.00 2   0.0 -30.3    107158550   0   1250       921200
    98  0 1  94.57  9950.50 2   0.0 -30.3    108335600   0   1500      1177050
    99  0 1  94.57  9949.00 2   0.0 -30.6    109378700   0   1350      1043100
   100  0 1  94.22  9950.50 2   0.0 -30.6    110514050   0   1600      1135350
   101  0 1  95.62 10039.00 2   0.0 -30.6    111717750   0   1300      1203700
   102  0 1  95.27 10039.00 2   0.0 -30.9    114036750   0   1700      2319000
   103  0 1  94.92 10040.50 2   0.0 -31.3    115016800   0   1600       980050
   104  0 1  94.57 10028.50 2   0.0 -31.3    116055650   0   1700      1038850
   105  0 1  95.27 10030.00 2   0.0 -31.6    117125550   0   1300      1069900
   106  0 1  94.22 10028.50 2   0.0 -31.6    117964050   0   1250       838500
   107  0 1  94.57 10030.00 2   0.0 -31.9    118870700   0   1250       906650
   108  0 1  95.27 10018.00 2   0.0 -31.9    120051450   0   1250      1180750
   109  0 1  94.57 10019.50 2   0.0 -32.2    120888950   0   1300       837500
   110  0 1  94.57 10019.50 2   0.0 -32.5    121737350   0   1250       848400
   111  0 1  94.57 10010.50 2   0.0 -32.8    123739200   0   1550      2001850
   112  0 1  95.27 10009.00 2   0.0 -33.1    124600000   0   1350       860800
   113  0 1  94.92 10009.00 2   0.0 -33.4    125490250   0   1250       890250
   114  0 1  95.27 10009.00 2   0.0 -33.4    126619750   0   1700      1129500
   115  0 1  94.57  9998.50 2   0.0 -33.8    127626550   0   1300      1006800
   116  0 1  95.27 10000.00 2   0.0 -34.1    128643300   0   1250      1016750
   117  0 1  94.92 10000.00 2   0.0 -34.4    129688900   0   1550      1045600
   118  0 1  94.22 10000.00 2   0.0 -34.7    130459600   0   1250       770700
   119  0 1  95.27  9991.00 2   0.0 -35.0    131667200   0   1650      1207600
   120  0 1  95.27  9988.00 2   0.0 -35.6    133652500   0   1350      1985300
   121  0 1  94.57  9991.00 2   0.0 -35.9    134441000   0   1600       788500
   122  0 1  95.62  9980.50 2   0.0 -36.3    135677600   0   1500      1236600
   123  0 1  94.57  9979.00 2   0.0 -36.6    136719650   0   1450      1042050
   124  0 1  95.62  9980.50 2   0.0 -36.9    137845450   0   1600      1125800
   125  0 1  94.22  9980.50 2   0.0 -37.2    138752900   0   1700       907450
   126  0 1  94.92  9970.00 2   0.0 -37.5    139569900   0   1350       817000
   127  0 1  95.62  9970.00 2   0.0 -38.1    140766200   0   1550      1196300
   128  0 1  95.62  9968.50 2   0.0 -38.4    141808300   0   1300      1042100
   129  0 1  94.92  9959.50 2   0.0 -39.1    143891100   0   1650      2082800
   130  0 1  95.27  9958.00 2   0.0 -39.7    145080450   0   1350      1189350
   131  0 1  94.57  9961.00 2   0.0 -40.0    146292450   0   1300      1212000
   132  0 1  94.92  9959.50 2   0.0 -40.3    147518900   0   1400      1226450
   133  0 1  94.92  9949.00 2   0.0 -40.9    148660650   0   1350      1141750
   134  0 1  94.22  9949.00 2   0.0 -41.3    149584450   0   1500       923800
   135  0 1  95.27  9949.00 2   0.0 -41.6    150689400   0   1450      1104950
   136  0 1  94.92  9949.00 2   0.0 -42.2    151635550   0   1250       946150
   137  0 1  95.62 10040.50 2   0.0 -42.5    152597700   0   1650       962150
   138  0 1  95.62 10039.00 2   0.0 -43.4    154909950   0   1700      2312250
   139  0 1  94.57 10040.50 2   0.0 -44.1    156099550   0   1600      1189600
   140  0 1  95.62 10030.00 2   0.0 -44.4    157158700   0   1700      1059150
   141  0 1  95.62 10030.00 2   0.0 -45.0    157959100   0   1300       800400
   142  0 1  95.27 10030.00 2   0.0 -45.6    158939700   0   1600       980600
   143  0 1  95.27 10028.50 2   0.0 -45.9    159973350   0   1650      1033650
   144  0 1  94.22 10019.50 2   0.0 -46.6    161019500   0   1350      1046150
   145  0 1  94.22 10018.00 2   0.0 -46.9    161829600   0   1350       810100
   146  0 1  95.62 10018.00 2   0.0 -47.5    162902150   0   1300      1072550
   147  0 1  95.62 10009.00 2   0.0 -48.4    164816400   0   1400      1914250
   148  0 1  94.57 10009.00 2   0.0 -49.1    165942050   0   1300      1125650
   149  0 1  95.62 10009.00 2   0.0 -49.7    166754950   0   1250       812900
   150  0 1  94.22 10010.50 2   0.0 -50.3    167810850   0   1650      1055900
   151  0 1  95.27 10000.00 2   0.0 -50.6    168666200   0   1250       855350
   152  0 1  94.92 10000.00 2   0.0 -51.3    169793700   0   1400      1127500
   153  0 1  94.57  9998.50 2   0.0 -51.9    170660700   0   1650       867000
   154  0 1  95.27  9998.50 2   0.0 -52.5    171846200   0   1600      1185500
   155  0 1  94.92  9989.50 2   0.0 -53.1    172659150   0   1600       812950
   156  0 1  94.92  9988.00 2   0.0 -54.1    174994350   0   1400      2335200
   157  0 1  95.62  9988.00 2   0.0 -54.7    176142300   0   1300      1147950
   158  0 1  94.22  9980.50 2   0.0 -55.3    177175750   0   1700      1033450
   159  0 1  94.22  9979.00 2   0.0 -55.9    178106050   0   1650       930300
   160  0 1  94.92  9980.50 2   0.0 -56.6    179080200   0   1700       974150
   161  0 1  95.62  9979.00 2   0.0 -57.2    180170900   0   1650      1090700
   162  0 1  94.22  9968.50 2   0.0 -57.5    181261850   0   1600      1090950
   163  0 1  94.22  9970.00 2   0.0 -58.1    182498150   0   1450      1236300
   164  0 1  94.57  9970.00 2   0.0 -58.8    183255400   0   1400       757250
   165  0 1  94.92  9959.50 2   0.0 -60.0    184930900   0   1300      1675500
   166  0 1  95.62  9958.00 2   0.0 -60.6    185815000   0   1250       884100
   167  0 1  94.57  9958.00 2   0.0 -61.3    186978300   0   1650      1163300
   168  0 1  95.62  9958.00 2   0.0 -61.9    188013550   0   1450      1035250
   169  0 1  95.62  9950.50 2   0.0 -62.5    189175850   0   1550      1162300
   170  0 1  94.57  9950.50 2   0.0 -63.1    189963300   0   1400       787450
   171  0 1  94.92  9949.00 2   0.0 -63.8    190973650   0   1400      1010350
   172  0 1  94.57  9949.00 2   0.0 -64.4    192016850   0   1650      1043200
   173  0 1  95.62 10039.00 2   0.0 -65.0    193199550   0   1500      1182700
   174  0 1  94.92 10039.00 2   0.0 -66.3    195029300   0   1650      1829750
   175  0 1  95.27 10040.50 2   0.0 -66.9    196243150   0   1450      1213850
   176  0 1  94.22 10028.50 2   0.0 -67.5    197313050   0   1600      1069900
   177  0 1  94.57 10030.00 2   0.0 -68.1    198174700   0   1600       861650
   178  0 1  94.57 10028.50 2   0.0 -68.8    199271950   0   1250      1097250
   179  0 1  94.22 10028.50 2   0.0 -69.4    200119150   0   1250       847200
