    NO  S V  AOA    FREQ    B  FMOP  AMP      TOA      PMOP  PW         dTOA  
------ -- - ------ -------- - ----- ----- ------------ --- ------ ------------
     0  0 1  95.62 10021.00 2   0.0 -70.0            0   0   1350  42949673000
     1  0 1  94.22 10018.00 2   0.0 -69.4       825750   0   1550       825750
     2  0 1  94.92 10018.00 2   0.0 -68.8      1690400   0   1650       864650
     3  0 1  94.57 10018.00 2   0.0 -68.1      2655850   0   1300       965450
     4  0 1  94.57 10009.00 2   0.0 -67.5      3877150   0   1600      1221300
     5  0 1  95.62 10009.00 2   0.0 -66.9      4826450   0   1450       949300
     6  0 1  94.57 10009.00 2   0.0 -66.3      5838000   0   1600      1011550
     7  0 1  94.22 10010.50 2   0.0 -65.6      6983350   0   1300      1145350
     8  0 1  95.62 10000.00 2   0.0 -65.0      8006350   0   1600      1023000
     9  0 1  94.92 10000.00 2   0.0 -63.8     10372400   0   1450      2366050
    10  0 1  94.92  9998.50 2   0.0 -63.1     11367850   0   1300       995450
    11  0 1  95.62  9991.00 2   0.0 -62.5     12237550   0   1450       869700
    12  0 1  94.92  9988.00 2   0.0 -61.9     13450000   0   1400      1212450
    13  0 1  95.27  9989.50 2   0.0 -61.3     14483150   0   1450      1033150
    14  0 1  94.57  9991.00 2   0.0 -60.6     15574500   0   1400      1091350
    15  0 1  94.57  9980.50 2   0.0 -60.0     16607100   0   1300      1032600
    16  0 1  94.57  9979.00 2   0.0 -59.4     17501150   0   1600       894050
    17  0 1  95.62  9979.00 2   0.0 -58.8     18376050   0   1600       874900
    18  0 1  94.22  9970.00 2   0.0 -57.5     20218150   0   1500      1842100
    19  0 1  94.22  9968.50 2   0.0 -57.2     21147250   0   1300       929100
    20  0 1  94.22  9968.50 2   0.0 -56.6     22128800   0   1300       981550
    21  0 1  95.62  9970.00 2   0.0 -55.9     22887250   0   1300       758450
    22  0 1  95.27  9959.50 2   0.0 -55.3     24063300   0   1250      1176050
    23  0 1  94.22  9959.50 2   0.0 -54.7     25237050   0   1300      1173750
    24  0 1  95.62  9959.50 2   0.0 -54.1     26444600   0   1650      1207550
    25  0 1  95.27  9958.00 2   0.0 -53.4     27407300   0   1650       962700
    26  0 1  95.27  9950.50 2   0.0 -53.1     28613750   0   1450      1206450
    27  0 1  94.57  9949.00 2   0.0 -51.9     30451750   0   1500      1838000
    28  0 1  94.92  9949.00 2   0.0 -51.3     31326200   0   1500       874450
    29  0 1  94.57 10039.00 2   0.0 -50.6     32129800   0   1400       803600
    30  0 1  95.62 10039.00 2   0.0 -50.3     32921600   0   1650       791800
    31  0 1  95.27 10039.00 2   0.0 -49.7     33794500   0   1350       872900
    32  0 1  94.57 10040.50 2   0.0 -49.1     34916700   0   1550      1122200
    33  0 1  95.62 10030.00 2   0.0 -48.4     36030250   0   1700      1113550
    34  0 1  94.22 10030.00 2   0.0 -48.1     36844800   0   1500       814550
    35  0 1  94.92 10030.00 2   0.0 -47.5     37777800   0   1400       933000
    36  0 1  94.92 10019.50 2   0.0 -46.6     39677650   0   1350      1899850
    37  0 1  94.22 10018.00 2   0.0 -45.9     40456500   0   1350       778850
    38  0 1  95.62 10021.00 2   0.0 -45.6     41276400   0   1300       819900
    39  0 1  94.92 10021.00 2   0.0 -45.0     42027650   0   1400       751250
    40  0 1  95.62 10009.00 2   0.0 -44.4     43124500   0   1350      1096850
    41  0 1  94.57 10010.50 2   0.0 -44.1     44291400   0   1600      1166900
    42  0 1  94.22 10009.00 2   0.0 -43.4     45489750   0   1350      1198350
    43  0 1  94.57 10009.00 2   0.0 -43.1     46465100   0   1350       975350
    44  0 1  94.57 10000.00 2   0.0 -42.5     47524950   0   1550      1059850
    45  0 1  94.92  9998.50 2   0.0 -41.6     49411750   0   1500      1886800
    46  0 1  94.57 10000.00 2   0.0 -41.3     50184500   0   1450       772750
    47  0 1  95.62  9989.50 2   0.0 -40.9     51203800   0   1650      1019300
    48  0 1  94.57  9989.50 2   0.0 -40.3     52043350   0   1300       839550
    49  0 1  94.22  9989.50 2   0.0 -40.0     52973350   0   1250       930000
    50  0 1  94.57  9988.00 2   0.0 -39.7     53786400   0   1400       813050
    51  0 1  94.57  9979.00 2   0.0 -39.1     55029350   0   1500      1242950
    52  0 1  94.22  9980.50 2   0.0 -38.8     55865200   0   1700       835850
    53  0 1  94.92  9979.00 2   0.0 -38.4     56842200   0   1350       977000
    54  0 1  94.57  9970.00 2   0.0 -37.5     58845400   0   1300      2003200
    55  0 1  95.62  9970.00 2   0.0 -37.2     59948700   0   1550      1103300
    56  0 1  94.22  9968.50 2   0.0 -36.9     60828700   0   1300       880000
    57  0 1  95.62  9968.50 2   0.0 -36.6     61912550   0   1400      1083850
    58  0 1  94.57  9958.00 2   0.0 -36.3     62769800   0   1550       857250
    59  0 1  95.27  9959.50 2   0.0 -35.9     63979150   0   1550      1209350
    60  0 1  94.22  9958.00 2   0.0 -35.6     65124700   0   1500      1145550
    61  0 1  95.62  9958.00 2   0.0 -35.3     66357000   0   1450      1232300
    62  0 1  94.22  9949.00 2   0.0 -35.0     67328200   0   1700       971200
    63  0 1  94.22  9949.00 2   0.0 -34.4     69154100   0   1300      1825900
    64  0 1  95.62  9949.00 2   0.0 -34.1     69980500   0   1550       826400
    65  0 1  94.57 10039.00 2   0.0 -33.8     71044550   0   1500      1064050
    66  0 1  94.92 10039.00 2   0.0 -33.4     71858350   0   1550       813800
    67  0 1  94.22 10040.50 2   0.0 -33.4     72636400   0   1350       778050
    68  0 1  95.62 10040.50 2   0.0 -33.1     73697100   0   1550      1060700
    69  0 1  94.57 10030.00 2   0.0 -32.8     74467150   0   1700       770050
    70  0 1  94.92 10030.00 2   0.0 -32.5     75416250   0   1450       949100
    71  0 1  95.62 10030.00 2   0.0 -32.5     76194450   0   1550       778200
    72  0 1  94.92 10021.00 2   0.0 -31.9     78034900   0   1700      1840450
    73  0 1  94.92 10021.00 2   0.0 -31.9     79173850   0   1350      1138950
    74  0 1  94.57 10018.00 2   0.0 -31.6     80005150   0   1400       831300
    75  0 1  95.27 10021.00 2   0.0 -31.6     80803350   0   1250       798200
    76  0 1  94.92 10009.00 2   0.0 -31.3     81856550   0   1600      1053200
    77  0 1  95.27 10010.50 2   0.0 -31.3     82944800   0   1450      1088250
    78  0 1  94.57 10009.00 2   0.0 -30.9     83752700   0   1450       807900
    79  0 1  95.62 10010.50 2   0.0 -30.9     84954300   0   1350      1201600
    80  0 1  94.92  9998.50 2   0.0 -30.6     86086150   0   1300      1131850
    81  0 1  94.92 10000.00 2   0.0 -30.6     88287150   0   1450      2201000
    82  0 1  95.27  9998.50 2   0.0 -30.3     89404450   0   1700      1117300
    83  0 1  94.57  9989.50 2   0.0 -30.3     90259250   0   1650       854800
    84  0 1  94.22  9991.00 2   0.0 -30.3     91378000   0   1350      1118750
    85  0 1  95.27  9991.00 2   0.0 -30.3     92271400   0   1350       893400
    86  0 1  94.22  9989.50 2   0.0 -30.0     93485350   0   1400      1213950
    87  0 1  94.57  9980.50 2   0.0 -30.0     94267000   0   1350       781650
    88  0 1  95.62  9979.00 2   0.0 -30.0     95177250   0   1350       910250
    89  0 1  95.27  9980.50 2   0.0 -30.0     96193800   0   1600      1016550
    90  0 1  94.57  9968.50 2   0.0 -30.0     98004800   0   1550      1811000
    91  0 1  95.27  9970.00 2   0.0 -30.0     98838100   0   1500       833300
    92  0 1  94.22  9970.00 2   0.0 -30.0     99593750   0   1350       755650
    93  0 1  95.27  9970.00 2   0.0 -30.0    100744950   0   1550      1151200
    94  0 1  95.62  9958.00 2   0.0 -30.0    101601000   0   1650       856050
    95  0 1  94.22  9961.00 2   0.0 -30.0    102680550   0   1300      1079550
    96  0 1  94.57  9961.00 2   0.0 -30.3    103551600   0   1650       871050
    97  0 1  95.27  9958.00 2   0.0 -30.3    104340800   0   1350       789200
    98  0 1  94.57  9950.50 2   0.0 -30.3    105131000   0   1650       790200
    99  0 1  94.57  9950.50 2   0.0 -30.6    107105100   0   1600      1974100
   100  0 1  94.92  9949.00 2   0.0 -30.6    107913500   0   1250       808400
   101  0 1  94.57 10039.00 2   0.0 -30.6    108663250   0   1400       749750
   102  0 1  94.22 10039.00 2   0.0 -30.9    109490300   0   1250       827050
   103  0 1  94.92 10039.00 2   0.0 -30.9    110646300   0   1350      1156000
   104  0 1  94.57 10039.00 2   0.0 -31.3    111569300   0   1650       923000
   105  0 1  94.92 10028.50 2   0.0 -31.3    112495800   0   1450       926500
   106  0 1  94.22 10030.00 2   0.0 -31.6    113681250   0   1400      1185450
   107  0 1  94.22 10030.00 2   0.0 -31.6    114522450   0   1250       841200
   108  0 1  94.92 10021.00 2   0.0 -31.9    116345250   0   1400      1822800
   109  0 1  94.92 10018.00 2   0.0 -32.2    117562000   0   1450      1216750
   110  0 1  94.92 10019.50 2   0.0 -32.5    118687900   0   1350      1125900
   111  0 1  94.22 10021.00 2   0.0 -32.5    119648900   0   1350       961000
   112  0 1  95.27 10009.00 2   0.0 -32.8    120708900   0   1300      1060000
   113  0 1  94.92 10009.00 2   0.0 -33.1    121488050   0   1400       779150
   114  0 1  94.92 10010.50 2   0.0 -33.4    122653400   0   1550      1165350
   115  0 1  94.22 10009.00 2   0.0 -33.4    123636150   0   1700       982750
   116  0 1  94.92 10000.00 2   0.0 -33.8    124737100   0   1550      1100950
   117  0 1  95.62  9998.50 2   0.0 -34.4    126773450   0   1600      2036350
   118  0 1  94.22 10000.00 2   0.0 -34.7    127797000   0   1350      1023550
   119  0 1  94.22  9988.00 2   0.0 -35.0    128662700   0   1250       865700
   120  0 1  94.57  9991.00 2   0.0 -35.3    129671650   0   1600      1008950
   121  0 1  95.27  9991.00 2   0.0 -35.6    130544950   0   1550       873300
   122  0 1  95.27  9991.00 2   0.0 -35.9    131562000   0   1300      1017050
   123  0 1  94.57  9979.00 2   0.0 -36.3    132807650   0   1550      1245650
   124  0 1  95.62  9979.00 2   0.0 -36.6    133742400   0   1600       934750
   125  0 1  95.27  9979.00 2   0.0 -36.9    134810750   0   1650      1068350
   126  0 1  95.27  9968.50 2   0.0 -37.5    137148700   0   1250      2337950
   127  0 1  94.92  9970.00 2   0.0 -38.1    138306300   0   1600      1157600
   128  0 1  95.62  9968.50 2   0.0 -38.4    139312450   0   1700      1006150
   129  0 1  94.92  9970.00 2   0.0 -38.8    140206550   0   1300       894100
   130  0 1  94.22  9961.00 2   0.0 -39.1    141168150   0   1300       961600
   131  0 1  94.92  9959.50 2   0.0 -39.7    142395150   0   1600      1227000
   132  0 1  95.62  9959.50 2   0.0 -40.0    143209250   0   1500       814100
   133  0 1  94.57  9961.00 2   0.0 -40.3    144217550   0   1250      1008300
   134  0 1  95.62  9949.00 2   0.0 -40.9    145402150   0   1400      1184600
   135  0 1  95.27  9949.00 2   0.0 -41.6    147557950   0   1300      2155800
   136  0 1  94.22  9949.00 2   0.0 -42.2    148425550   0   1650       867600
   137  0 1  94.57 10040.50 2   0.0 -42.5    149546350   0   1500      1120800
   138  0 1  95.62 10040.50 2   0.0 -43.1    150542350   0   1700       996000
   139  0 1  94.92 10039.00 2   0.0 -43.4    151680750   0   1700      1138400
   140  0 1  94.92 10039.00 2   0.0 -44.1    152760300   0   1350      1079550
   141  0 1  94.92 10028.50 2   0.0 -44.4    153580600   0   1300       820300
   142  0 1  94.92 10028.50 2   0.0 -45.0    154449550   0   1300       868950
   143  0 1  94.57 10030.00 2   0.0 -45.6    155336100   0   1700       886550
   144  0 1  94.57 10021.00 2   0.0 -46.6    157393800   0   1350      2057700
   145  0 1  95.62 10018.00 2   0.0 -46.9    158169650   0   1550       775850
   146  0 1  94.92 10018.00 2   0.0 -47.5    159028500   0   1500       858850
   147  0 1  95.62 10019.50 2   0.0 -48.1    160222000   0   1400      1193500
   148  0 1  95.27 10009.00 2   0.0 -48.4    160980550   0   1400       758550
   149  0 1  95.62 10010.50 2   0.0 -49.1    162146450   0   1350      1165900
   150  0 1  94.92 10009.00 2   0.0 -49.7    163063450   0   1600       917000
   151  0 1  95.27 10009.00 2   0.0 -50.3    164147900   0   1500      1084450
   152  0 1  95.62 10000.00 2   0.0 -50.6    165375450   0   1350      1227550
   153  0 1  94.22 10000.00 2   0.0 -51.9    167052500   0   1350      1677050
   154  0 1  95.62 10000.00 2   0.0 -52.5    167984300   0   1700       931800
   155  0 1  95.27  9988.00 2   0.0 -53.1    168947150   0   1450       962850
   156  0 1  95.62  9991.00 2   0.0 -53.4    169876300   0   1250       929150
   157  0 1  95.27  9988.00 2   0.0 -54.1    170940500   0   1550      1064200
   158  0 1  95.27  9989.50 2   0.0 -54.7    171731000   0   1650       790500
   159  0 1  95.27  9979.00 2   0.0 -55.3    172552200   0   1250       821200
   160  0 1  94.92  9979.00 2   0.0 -55.9    173311350   0   1250       759150
   161  0 1  95.62  9979.00 2   0.0 -56.6    174145150   0   1400       833800
   162  0 1  95.62  9968.50 2   0.0 -57.5    175843000   0   1500      1697850
   163  0 1  94.22  9970.00 2   0.0 -58.1    176607850   0   1300       764850
   164  0 1  95.62  9970.00 2   0.0 -58.8    177418850   0   1700       811000
   165  0 1  94.57  9970.00 2   0.0 -59.4    178383600   0   1250       964750
   166  0 1  95.27  9959.50 2   0.0 -60.0    179328450   0   1500       944850
   167  0 1  94.22  9959.50 2   0.0 -60.6    180541050   0   1650      1212600
   168  0 1  94.92  9961.00 2   0.0 -61.3    181789950   0   1650      1248900
   169  0 1  95.62  9959.50 2   0.0 -61.9    182578700   0   1400       788750
   170  0 1  94.22  9949.00 2   0.0 -62.5    183555400   0   1450       976700
   171  0 1  94.22  9950.50 2   0.0 -63.8    185772800   0   1450      2217400
   172  0 1  95.62  9949.00 2   0.0 -64.4    186663050   0   1300       890250
   173  0 1  94.57 10039.00 2   0.0 -65.0    187456300   0   1700       793250
   174  0 1  95.62 10039.00 2   0.0 -65.6    188469350   0   1450      1013050
   175  0 1  95.27 10039.00 2   0.0 -66.3    189587100   0   1500      1117750
   176  0 1  95.27 10039.00 2   0.0 -66.9    190416150   0   1350       829050
   177  0 1  94.22 10030.00 2   0.0 -67.5    191244300   0   1250       828150
   178  0 1  95.62 10030.00 2   0.0 -68.1    192072450   0   1350       828150
   179  0 1  95.27 10030.00 2   0.0 -68.8    193107100   0   1700      1034650
