    NO  S V  AOA    FREQ    B  FMOP  AMP      TOA      PMOP  PW         dTOA  
------ -- - ------ -------- - ----- ----- ------------ --- ------ ------------
     0  0 1  93.87 10007.50 2   0.0 -70.0            0   0   1400  42949673000
     1  0 1  94.22 10007.50 2   0.0 -67.5      1000450   0   1350      1000450
     2  0 1  95.62 10007.50 2   0.0 -65.0      1990050   0   1150       989600
     3  0 1  94.22 10007.50 2   0.0 -62.5      2970250   0   1450       980200
     4  0 1  94.92 10007.50 2   0.0 -60.0      3939900   0   1500       969650
     5  0 1  94.57 10007.50 2   0.0 -57.5      4900050   0   1400       960150
     6  0 1  95.98 10007.50 2   0.0 -55.3      5850200   0   1200       950150
     7  0 1  94.57 10009.00 2   0.0 -53.1      6789750   0   1350       939550
     8  0 1  94.92 10009.00 2   0.0 -48.4      8719700   0   1300      1929950
     9  0 1  94.57 10009.00 2   0.0 -46.6      9709750   0   1200       990050
    10  0 1  94.92 10007.50 2   0.0 -44.4     10690050   0   1250       980300
    11  0 1  93.52 10009.00 2   0.0 -42.5     11660000   0   1250       969950
    12  0 1  95.62 10009.00 2   0.0 -40.9     12619500   0   1050       959500
    13  0 1  94.57 10009.00 2   0.0 -39.1     13569250   0   1050       949750
    14  0 1  93.52 10007.50 2   0.0 -37.5     14509650   0   1150       940400
    15  0 1  94.92 10009.00 2   0.0 -36.3     15439800   0   1300       930150
    16  0 1  94.57 10009.00 2   0.0 -35.0     16439900   0   1100      1000100
    17  0 1  95.98 10007.50 2   0.0 -32.8     18409400   0   1350      1969500
    18  0 1  95.27 10009.00 2   0.0 -31.9     19378950   0   1050       969550
    19  0 1  94.92 10009.00 2   0.0 -31.3     20338550   0   1350       959600
    20  0 1  93.87 10009.00 2   0.0 -30.6     21288650   0   1300       950100
    21  0 1  93.87 10009.00 2   0.0 -30.3     22228400   0   1150       939750
    22  0 1  94.92 10009.00 2   0.0 -30.0     23158300   0   1100       929900
    23  0 1  93.52 10007.50 2   0.0 -30.0     24158350   0   1500      1000050
    24  0 1  93.87 10007.50 2   0.0 -30.0     25148250   0   1250       989900
    25  0 1  93.52 10009.00 2   0.0 -30.3     26128250   0   1350       980000
    26  0 1  94.22 10009.00 2   0.0 -31.3     28058950   0   1300      1930700
    27  0 1  93.87 10009.00 2   0.0 -31.9     29009250   0   1300       950300
    28  0 1  95.27 10009.00 2   0.0 -32.8     29949350   0   1450       940100
    29  0 1  93.52 10007.50 2   0.0 -33.8     30879750   0   1200       930400
    30  0 1  94.22 10007.50 2   0.0 -35.0     31880050   0   1250      1000300
    31  0 1  93.87 10007.50 2   0.0 -36.3     32869800   0   1250       989750
    32  0 1  93.87 10009.00 2   0.0 -37.5     33849400   0   1050       979600
    33  0 1  95.98 10007.50 2   0.0 -39.1     34819250   0   1500       969850
    34  0 1  94.22 10009.00 2   0.0 -40.9     35778900   0   1400       959650
    35  0 1  94.92 10007.50 2   0.0 -44.4     37668200   0   1100      1889300
    36  0 1  93.52 10009.00 2   0.0 -46.6     38598200   0   1500       930000
    37  0 1  94.22 10007.50 2   0.0 -48.4     39598550   0   1100      1000350
    38  0 1  93.52 10009.00 2   0.0 -50.6     40588900   0   1150       990350
    39  0 1  93.87 10009.00 2   0.0 -53.1     41568400   0   1050       979500
    40  0 1  94.92 10007.50 2   0.0 -55.3     42538500   0   1100       970100
    41  0 1  94.57 10007.50 2   0.0 -57.5     43498100   0   1100       959600
    42  0 1  93.52 10009.00 2   0.0 -60.0     44448100   0   1400       950000
    43  0 1  95.98 10009.00 2   0.0 -62.5     45387600   0   1450       939500
    44  0 1  95.98 10007.50 2   0.0 -67.5     47317350   0   1500      1929750
