    NO  S V  AOA    FREQ    B  FMOP  AMP      TOA      PMOP  PW         dTOA  
------ -- - ------ -------- - ----- ----- ------------ --- ------ ------------
     0  0 1  93.52 10009.00 2   0.0 -70.0            0   0   1100  42949673000
     1  0 1  95.62 10007.50 2   0.0 -67.5      1000450   0   1100      1000450
     2  0 1  94.92 10009.00 2   0.0 -65.0      1990150   0   1150       989700
     3  0 1  94.57 10009.00 2   0.0 -62.5      2970100   0   1250       979950
     4  0 1  94.57 10007.50 2   0.0 -60.0      3940250   0   1500       970150
     5  0 1  93.52 10007.50 2   0.0 -57.5      4900450   0   1350       960200
     6  0 1  94.92 10009.00 2   0.0 -55.3      5850850   0   1300       950400
     7  0 1  95.27 10009.00 2   0.0 -53.1      6791250   0   1400       940400
     8  0 1  93.52 10007.50 2   0.0 -50.6      7721200   0   1150       929950
     9  0 1  95.62 10009.00 2   0.0 -46.6      9711600   0   1150      1990400
    10  0 1  94.92 10007.50 2   0.0 -44.4     10691850   0   1150       980250
    11  0 1  93.52 10007.50 2   0.0 -42.5     11661450   0   1150       969600
    12  0 1  94.22 10009.00 2   0.0 -40.9     12621350   0   1450       959900
    13  0 1  95.27 10007.50 2   0.0 -39.1     13571600   0   1100       950250
    14  0 1  93.87 10007.50 2   0.0 -37.5     14511300   0   1450       939700
    15  0 1  95.27 10009.00 2   0.0 -36.3     15440900   0   1450       929600
    16  0 1  94.92 10009.00 2   0.0 -35.0     16441250   0   1050      1000350
    17  0 1  93.52 10009.00 2   0.0 -33.8     17431500   0   1350       990250
    18  0 1  95.98 10009.00 2   0.0 -31.9     19380700   0   1050      1949200
    19  0 1  95.62 10009.00 2   0.0 -31.3     20340300   0   1100       959600
    20  0 1  93.87 10007.50 2   0.0 -30.6     21290200   0   1050       949900
    21  0 1  93.87 10007.50 2   0.0 -30.3     22230300   0   1400       940100
    22  0 1  93.52 10007.50 2   0.0 -30.0     23159850   0   1450       929550
    23  0 1  93.87 10009.00 2   0.0 -30.0     24159750   0   1350       999900
    24  0 1  93.87 10009.00 2   0.0 -30.0     25149950   0   1450       990200
    25  0 1  95.62 10007.50 2   0.0 -30.3     26129700   0   1150       979750
    26  0 1  95.98 10009.00 2   0.0 -30.6     27100150   0   1150       970450
    27  0 1  93.87 10009.00 2   0.0 -31.9     29009800   0   1050      1909650
    28  0 1  95.62 10009.00 2   0.0 -32.8     29950150   0   1350       940350
    29  0 1  95.98 10007.50 2   0.0 -33.8     30880050   0   1100       929900
    30  0 1  94.92 10009.00 2   0.0 -35.0     31880250   0   1150      1000200
    31  0 1  93.87 10009.00 2   0.0 -36.3     32870050   0   1050       989800
    32  0 1  93.52 10009.00 2   0.0 -37.5     33849800   0   1050       979750
    33  0 1  93.87 10007.50 2   0.0 -39.1     34819900   0   1500       970100
    34  0 1  95.62 10009.00 2   0.0 -40.9     35779450   0   1250       959550
    35  0 1  94.92 10009.00 2   0.0 -42.5     36729000   0   1150       949550
    36  0 1  94.92 10009.00 2   0.0 -46.6     38599100   0   1350      1870100
    37  0 1  95.27 10009.00 2   0.0 -48.4     39599200   0   1500      1000100
    38  0 1  93.87 10007.50 2   0.0 -50.6     40589400   0   1450       990200
    39  0 1  94.22 10009.00 2   0.0 -53.1     41569200   0   1250       979800
    40  0 1  94.57 10009.00 2   0.0 -55.3     42539100   0   1400       969900
    41  0 1  94.22 10009.00 2   0.0 -57.5     43499500   0   1250       960400
    42  0 1  94.22 10007.50 2   0.0 -60.0     44449850   0   1300       950350
    43  0 1  94.92 10009.00 2   0.0 -62.5     45390050   0   1450       940200
    44  0 1  95.98 10009.00 2   0.0 -65.0     46320200   0   1450       930150
