    NO  S V  AOA    FREQ    B  FMOP  AMP      TOA      PMOP  PW         dTOA  
------ -- - ------ -------- - ----- ----- ------------ --- ------ ------------
     0  0 1  95.62 10009.00 2   0.0 -70.0            0   0   1400  42949673000
     1  0 1  94.22 10009.00 2   0.0 -67.5      1000150   0   1150      1000150
     2  0 1  95.98 10009.00 2   0.0 -65.0      1990000   0   1500       989850
     3  0 1  95.27 10007.50 2   0.0 -62.5      2969650   0   1400       979650
     4  0 1  93.87 10009.00 2   0.0 -60.0      3939300   0   1200       969650
     5  0 1  93.52 10009.00 2   0.0 -55.3      5848650   0   1450      1909350
     6  0 1  95.27 10009.00 2   0.0 -53.1      6788500   0   1500       939850
     7  0 1  94.57 10009.00 2   0.0 -50.6      7718500   0   1300       930000
     8  0 1  93.52 10009.00 2   0.0 -48.4      8718550   0   1150      1000050
     9  0 1  94.92 10009.00 2   0.0 -46.6      9708300   0   1100       989750
    10  0 1  94.57 10009.00 2   0.0 -44.4     10688550   0   1100       980250
    11  0 1  94.22 10009.00 2   0.0 -42.5     11658850   0   1150       970300
    12  0 1  95.62 10007.50 2   0.0 -40.9     12618900   0   1300       960050
    13  0 1  94.22 10007.50 2   0.0 -39.1     13568950   0   1200       950050
    14  0 1  94.22 10009.00 2   0.0 -36.3     15438900   0   1050      1869950
    15  0 1  93.52 10009.00 2   0.0 -35.0     16438900   0   1150      1000000
    16  0 1  94.92 10007.50 2   0.0 -33.8     17428550   0   1400       989650
    17  0 1  95.27 10009.00 2   0.0 -32.8     18408150   0   1250       979600
    18  0 1  93.87 10009.00 2   0.0 -31.9     19378500   0   1100       970350
    19  0 1  95.98 10009.00 2   0.0 -31.3     20338450   0   1250       959950
    20  0 1  94.57 10009.00 2   0.0 -30.6     21288050   0   1200       949600
    21  0 1  94.57 10009.00 2   0.0 -30.3     22228400   0   1450       940350
    22  0 1  94.22 10009.00 2   0.0 -30.0     23158100   0   1050       929700
    23  0 1  93.87 10009.00 2   0.0 -30.0     25148150   0   1250      1990050
    24  0 1  94.92 10009.00 2   0.0 -30.3     26128150   0   1050       980000
    25  0 1  95.62 10009.00 2   0.0 -30.6     27097650   0   1400       969500
    26  0 1  95.62 10009.00 2   0.0 -31.3     28057150   0   1200       959500
    27  0 1  95.27 10007.50 2   0.0 -31.9     29006900   0   1350       949750
    28  0 1  95.98 10009.00 2   0.0 -32.8     29947300   0   1150       940400
    29  0 1  95.27 10009.00 2   0.0 -33.8     30877650   0   1250       930350
    30  0 1  93.87 10009.00 2   0.0 -35.0     31877800   0   1150      1000150
    31  0 1  93.87 10007.50 2   0.0 -36.3     32867300   0   1350       989500
    32  0 1  93.52 10009.00 2   0.0 -39.1     34817300   0   1250      1950000
    33  0 1  94.92 10009.00 2   0.0 -40.9     35776950   0   1500       959650
    34  0 1  95.62 10009.00 2   0.0 -42.5     36726750   0   1200       949800
    35  0 1  95.27 10007.50 2   0.0 -44.4     37667100   0   1200       940350
    36  0 1  93.87 10009.00 2   0.0 -46.6     38597400   0   1450       930300
    37  0 1  93.87 10009.00 2   0.0 -48.4     39597750   0   1250      1000350
    38  0 1  95.27 10009.00 2   0.0 -50.6     40587400   0   1450       989650
    39  0 1  93.52 10009.00 2   0.0 -53.1     41567850   0   1350       980450
    40  0 1  93.52 10009.00 2   0.0 -55.3     42538000   0   1350       970150
    41  0 1  95.98 10009.00 2   0.0 -60.0     44448300   0   1100      1910300
    42  0 1  94.57 10007.50 2   0.0 -62.5     45388350   0   1150       940050
    43  0 1  95.98 10009.00 2   0.0 -65.0     46318600   0   1350       930250
    44  0 1  95.27 10007.50 2   0.0 -67.5     47318800   0   1400      1000200
