    NO  S V  AOA    FREQ    B  FMOP  AMP      TOA      PMOP  PW         dTOA  
------ -- - ------ -------- - ----- ----- ------------ --- ------ ------------
     0  0 1  94.92 10009.00 2   0.0 -70.0            0   0   1450  42949673000
     1  0 1  95.27 10009.00 2   0.0 -67.5       999850   0   1400       999850
     2  0 1  94.92 10009.00 2   0.0 -65.0      1989550   0   1450       989700
     3  0 1  93.52 10007.50 2   0.0 -62.5      2969400   0   1300       979850
     4  0 1  95.98 10009.00 2   0.0 -60.0      3938950   0   1350       969550
     5  0 1  94.22 10007.50 2   0.0 -55.3      5849150   0   1250      1910200
     6  0 1  95.98 10009.00 2   0.0 -53.1      6789100   0   1500       939950
     7  0 1  95.98 10009.00 2   0.0 -50.6      7718900   0   1200       929800
     8  0 1  95.27 10009.00 2   0.0 -48.4      8718650   0   1300       999750
     9  0 1  94.22 10009.00 2   0.0 -46.6      9709050   0   1500       990400
    10  0 1  93.52 10009.00 2   0.0 -44.4     10688750   0   1150       979700
    11  0 1  95.62 10009.00 2   0.0 -42.5     11659100   0   1400       970350
    12  0 1  94.57 10007.50 2   0.0 -40.9     12619050   0   1200       959950
    13  0 1  95.62 10009.00 2   0.0 -39.1     13569100   0   1350       950050
    14  0 1  94.92 10009.00 2   0.0 -36.3     15439800   0   1050      1870700
    15  0 1  93.87 10009.00 2   0.0 -35.0     16439300   0   1400       999500
    16  0 1  95.62 10009.00 2   0.0 -33.8     17429150   0   1250       989850
    17  0 1  95.62 10009.00 2   0.0 -32.8     18409050   0   1250       979900
    18  0 1  94.92 10009.00 2   0.0 -31.9     19379450   0   1050       970400
    19  0 1  93.52 10007.50 2   0.0 -31.3     20339750   0   1050       960300
    20  0 1  94.57 10007.50 2   0.0 -30.6     21289450   0   1400       949700
    21  0 1  95.27 10007.50 2   0.0 -30.3     22229550   0   1100       940100
    22  0 1  95.27 10007.50 2   0.0 -30.0     23159300   0   1100       929750
    23  0 1  95.62 10007.50 2   0.0 -30.0     25149400   0   1400      1990100
    24  0 1  94.22 10009.00 2   0.0 -30.3     26129500   0   1400       980100
    25  0 1  93.52 10009.00 2   0.0 -30.6     27099150   0   1200       969650
    26  0 1  95.27 10009.00 2   0.0 -31.3     28058850   0   1300       959700
    27  0 1  93.87 10009.00 2   0.0 -31.9     29009300   0   1300       950450
    28  0 1  95.98 10009.00 2   0.0 -32.8     29949650   0   1150       940350
    29  0 1  93.52 10009.00 2   0.0 -33.8     30879900   0   1150       930250
    30  0 1  94.92 10009.00 2   0.0 -35.0     31879900   0   1300      1000000
    31  0 1  94.57 10009.00 2   0.0 -36.3     32869750   0   1350       989850
    32  0 1  94.92 10007.50 2   0.0 -39.1     34819550   0   1300      1949800
    33  0 1  93.87 10007.50 2   0.0 -40.9     35779700   0   1250       960150
    34  0 1  95.98 10007.50 2   0.0 -42.5     36729800   0   1300       950100
    35  0 1  94.57 10007.50 2   0.0 -44.4     37669950   0   1150       940150
    36  0 1  95.62 10009.00 2   0.0 -46.6     38599750   0   1300       929800
    37  0 1  94.92 10009.00 2   0.0 -48.4     39600050   0   1250      1000300
    38  0 1  95.27 10009.00 2   0.0 -50.6     40590100   0   1050       990050
    39  0 1  94.92 10009.00 2   0.0 -53.1     41569700   0   1100       979600
    40  0 1  95.62 10009.00 2   0.0 -55.3     42540050   0   1400       970350
    41  0 1  95.62 10009.00 2   0.0 -60.0     44449850   0   1100      1909800
    42  0 1  93.52 10009.00 2   0.0 -62.5     45390150   0   1350       940300
    43  0 1  95.98 10009.00 2   0.0 -65.0     46320250   0   1200       930100
    44  0 1  95.98 10009.00 2   0.0 -67.5     47320200   0   1200       999950
