    NO  S V  AOA    FREQ    B  FMOP  AMP      TOA      PMOP  PW         dTOA  
------ -- - ------ -------- - ----- ----- ------------ --- ------ ------------
     0  0 1  94.57 10007.50 2   0.0 -70.0            0   0   1400  42949673000
     1  0 1  94.92 10009.00 2   0.0 -65.0      1989250   0   1400      1989250
     2  0 1  94.57 10009.00 2   0.0 -62.5      2968750   0   1500       979500
     3  0 1  94.22 10007.50 2   0.0 -60.0      3938500   0   1400       969750
     4  0 1  93.52 10007.50 2   0.0 -57.5      4898500   0   1300       960000
     5  0 1  93.52 10009.00 2   0.0 -55.3      5848200   0   1450       949700
     6  0 1  95.27 10009.00 2   0.0 -53.1      6788400   0   1100       940200
     7  0 1  94.92 10007.50 2   0.0 -50.6      7718200   0   1150       929800
     8  0 1  94.22 10007.50 2   0.0 -48.4      8718150   0   1300       999950
     9  0 1  93.52 10007.50 2   0.0 -46.6      9708200   0   1200       990050
    10  0 1  94.22 10007.50 2   0.0 -42.5     11658450   0   1300      1950250
    11  0 1  94.22 10009.00 2   0.0 -40.9     12618300   0   1050       959850
    12  0 1  94.92 10007.50 2   0.0 -39.1     13568200   0   1500       949900
    13  0 1  94.22 10009.00 2   0.0 -37.5     14507850   0   1200       939650
    14  0 1  94.92 10007.50 2   0.0 -36.3     15438250   0   1350       930400
    15  0 1  94.22 10009.00 2   0.0 -35.0     16438350   0   1450      1000100
    16  0 1  95.27 10007.50 2   0.0 -33.8     17428650   0   1400       990300
    17  0 1  95.98 10009.00 2   0.0 -32.8     18408400   0   1050       979750
    18  0 1  95.27 10009.00 2   0.0 -31.9     19378100   0   1500       969700
    19  0 1  95.27 10007.50 2   0.0 -30.6     21288250   0   1500      1910150
    20  0 1  95.27 10007.50 2   0.0 -30.3     22228150   0   1350       939900
    21  0 1  94.92 10009.00 2   0.0 -30.0     23158200   0   1500       930050
    22  0 1  94.22 10009.00 2   0.0 -30.0     24157700   0   1400       999500
    23  0 1  94.92 10009.00 2   0.0 -30.0     25147850   0   1100       990150
    24  0 1  94.92 10007.50 2   0.0 -30.3     26127400   0   1100       979550
    25  0 1  94.57 10009.00 2   0.0 -30.6     27097150   0   1500       969750
    26  0 1  94.92 10009.00 2   0.0 -31.3     28056750   0   1050       959600
    27  0 1  94.57 10009.00 2   0.0 -31.9     29006800   0   1200       950050
    28  0 1  94.57 10009.00 2   0.0 -33.8     30877100   0   1450      1870300
    29  0 1  94.22 10009.00 2   0.0 -35.0     31877300   0   1100      1000200
    30  0 1  94.92 10007.50 2   0.0 -36.3     32867450   0   1300       990150
    31  0 1  94.92 10009.00 2   0.0 -37.5     33847600   0   1500       980150
    32  0 1  94.92 10007.50 2   0.0 -39.1     34817800   0   1400       970200
    33  0 1  94.92 10007.50 2   0.0 -40.9     35777500   0   1050       959700
    34  0 1  95.98 10007.50 2   0.0 -42.5     36727150   0   1400       949650
    35  0 1  95.62 10009.00 2   0.0 -44.4     37666950   0   1250       939800
    36  0 1  93.87 10009.00 2   0.0 -46.6     38596450   0   1100       929500
    37  0 1  95.27 10009.00 2   0.0 -50.6     40586500   0   1200      1990050
    38  0 1  95.62 10009.00 2   0.0 -53.1     41566850   0   1350       980350
    39  0 1  93.87 10009.00 2   0.0 -55.3     42536950   0   1050       970100
    40  0 1  95.98 10007.50 2   0.0 -57.5     43496850   0   1200       959900
    41  0 1  93.52 10007.50 2   0.0 -60.0     44447000   0   1450       950150
    42  0 1  94.92 10009.00 2   0.0 -62.5     45387000   0   1250       940000
    43  0 1  95.62 10009.00 2   0.0 -65.0     46316700   0   1150       929700
    44  0 1  94.57 10009.00 2   0.0 -67.5     47316600   0   1450       999900
