    NO  S V  AOA    FREQ    B  FMOP  AMP      TOA      PMOP  PW         dTOA  
------ -- - ------ -------- - ----- ----- ------------ --- ------ ------------
     0  0 1  95.27  9973.00 2   0.0 -70.0            0   0   1700  42949673000
     1  0 1  94.57 10166.50 2   0.0 -68.4      1960150   0   1650      1960150
     2  0 1  94.57 10141.00 2   0.0 -67.5      2940350   0   1900       980200
     3  0 1  94.57  9967.00 2   0.0 -66.6      3920650   0   1800       980300
     4  0 1  95.62 10088.50 2   0.0 -65.9      4900200   0   1650       979550
     5  0 1  94.22 10004.50 2   0.0 -65.0      5870100   0   1850       969900
     6  0 1  94.57 10121.50 2   0.0 -64.1      6839650   0   1650       969550
     7  0 1  94.22 10025.50 2   0.0 -63.4      7809150   0   2000       969500
     8  0 1  95.27  9926.50 2   0.0 -62.5      8779200   0   1700       970050
     9  0 1  94.22  9814.00 2   0.0 -61.6      9748950   0   1800       969750
    10  0 1  94.57 10079.50 2   0.0 -60.0     11668450   0   1900      1919500
    11  0 1  94.57 10135.00 2   0.0 -59.4     12628000   0   1650       959550
    12  0 1  94.57  9892.00 2   0.0 -58.4     13588050   0   1900       960050
    13  0 1  94.92  9805.00 2   0.0 -57.5     14548100   0   1700       960050
    14  0 1  94.22 10126.00 2   0.0 -56.9     15497950   0   1950       949850
    15  0 1  95.27 10138.00 2   0.0 -55.9     16447950   0   1900       950000
    16  0 1  94.57  9875.50 2   0.0 -55.3     17397500   0   1950       949550
    17  0 1  94.57 10027.00 2   0.0 -54.4     18347000   0   1900       949500
    18  0 1  94.22 10048.00 2   0.0 -53.8     19297000   0   1750       950000
    19  0 1  95.62 10174.00 2   0.0 -52.2     21176800   0   1700      1879800
    20  0 1  94.22  9946.00 2   0.0 -51.6     22116550   0   1650       939750
    21  0 1  94.57  9905.50 2   0.0 -50.6     23056950   0   1850       940400
    22  0 1  95.62 10132.00 2   0.0 -50.0     23997250   0   1800       940300
    23  0 1  95.62 10001.50 2   0.0 -49.4     24927250   0   2100       930000
    24  0 1  94.92 10196.50 2   0.0 -48.4     25857050   0   1650       929800
    25  0 1  94.57  9818.50 2   0.0 -47.8     26787300   0   1700       930250
    26  0 1  95.27  9916.00 2   0.0 -47.2     27717650   0   1900       930350
    27  0 1  95.62  9925.00 2   0.0 -46.6     28647300   0   2000       929650
    28  0 1  95.27  9965.50 2   0.0 -45.0     30487300   0   2000      1840000
    29  0 1  94.92 10075.00 2   0.0 -44.4     31407100   0   1850       919800
    30  0 1  94.22  9952.00 2   0.0 -43.8     32327500   0   1950       920400
    31  0 1  94.57  9874.00 2   0.0 -43.1     33247050   0   1700       919550
    32  0 1  95.62 10144.00 2   0.0 -42.5     34157400   0   1750       910350
    33  0 1  94.57  9838.00 2   0.0 -41.9     35067350   0   2050       909950
    34  0 1  95.27  9820.00 2   0.0 -41.6     35977100   0   1650       909750
    35  0 1  95.27 10136.50 2   0.0 -40.9     36886700   0   2100       909600
    36  0 1  95.62 10168.00 2   0.0 -40.3     37796450   0   2100       909750
    37  0 1  95.62  9962.50 2   0.0 -39.1     39796500   0   1700      2000050
    38  0 1  95.62  9869.50 2   0.0 -38.8     40796300   0   1650       999800
    39  0 1  94.92  9814.00 2   0.0 -38.1     41796750   0   2000      1000450
    40  0 1  94.92 10126.00 2   0.0 -37.5     42796850   0   1950      1000100
    41  0 1  95.27  9871.00 2   0.0 -37.2     43786350   0   2050       989500
    42  0 1  94.92  9922.00 2   0.0 -36.6     44776450   0   1900       990100
    43  0 1  95.27  9814.00 2   0.0 -36.3     45766600   0   1850       990150
    44  0 1  95.27  9937.00 2   0.0 -35.9     46756500   0   1650       989900
    45  0 1  94.22  9845.50 2   0.0 -35.3     47746400   0   1650       989900
    46  0 1  94.92  9811.00 2   0.0 -34.7     49706550   0   1750      1960150
    47  0 1  94.57  9925.00 2   0.0 -34.1     50686600   0   1850       980050
    48  0 1  95.62 10057.00 2   0.0 -33.8     51667050   0   1700       980450
    49  0 1  95.27  9895.00 2   0.0 -33.4     52647150   0   1750       980100
    50  0 1  95.27 10144.00 2   0.0 -33.1     53617250   0   1950       970100
    51  0 1  95.62  9919.00 2   0.0 -32.8     54587250   0   2000       970000
    52  0 1  94.57 10055.50 2   0.0 -32.5     55557450   0   1700       970200
    53  0 1  94.92 10178.50 2   0.0 -32.2     56527300   0   1800       969850
    54  0 1  95.27  9941.50 2   0.0 -31.9     57497200   0   1950       969900
    55  0 1  94.92  9850.00 2   0.0 -31.6     59417600   0   2000      1920400
    56  0 1  94.57 10066.00 2   0.0 -31.3     60377700   0   1700       960100
    57  0 1  95.62  9926.50 2   0.0 -30.9     61337850   0   1950       960150
    58  0 1  94.92 10036.00 2   0.0 -30.9     62298000   0   1900       960150
    59  0 1  95.62 10043.50 2   0.0 -30.6     63248100   0   1800       950100
    60  0 1  95.27 10103.50 2   0.0 -30.6     64197700   0   1700       949600
    61  0 1  94.57  9850.00 2   0.0 -30.3     65148100   0   1850       950400
    62  0 1  94.92 10157.50 2   0.0 -30.3     66097600   0   1950       949500
    63  0 1  95.27  9977.50 2   0.0 -30.3     67047950   0   1750       950350
    64  0 1  94.92 10042.00 2   0.0 -30.0     68927500   0   1750      1879550
    65  0 1  95.27 10040.50 2   0.0 -30.0     69867850   0   2050       940350
    66  0 1  94.22 10016.50 2   0.0 -30.0     70807950   0   1700       940100
    67  0 1  95.27 10105.00 2   0.0 -30.0     71747650   0   1750       939700
    68  0 1  95.27 10037.50 2   0.0 -30.0     72677650   0   1950       930000
    69  0 1  95.62  9802.00 2   0.0 -30.0     73607200   0   1700       929550
    70  0 1  94.22  9967.00 2   0.0 -30.0     74537400   0   1650       930200
    71  0 1  95.62  9842.50 2   0.0 -30.0     75467050   0   2050       929650
    72  0 1  94.92  9823.00 2   0.0 -30.3     76396800   0   1900       929750
    73  0 1  94.22  9980.50 2   0.0 -30.3     78237000   0   1650      1840200
    74  0 1  94.92  9991.00 2   0.0 -30.6     79157350   0   1800       920350
    75  0 1  94.57  9874.00 2   0.0 -30.6     80076900   0   1900       919550
    76  0 1  94.57  9847.00 2   0.0 -30.9     80997300   0   1750       920400
    77  0 1  95.27  9928.00 2   0.0 -30.9     81907700   0   2000       910400
    78  0 1  94.22 10072.00 2   0.0 -31.3     82817300   0   1650       909600
    79  0 1  95.62  9811.00 2   0.0 -31.6     83727450   0   1650       910150
    80  0 1  94.22  9820.00 2   0.0 -31.6     84637200   0   2050       909750
    81  0 1  94.22  9889.00 2   0.0 -31.9     85547100   0   1700       909900
    82  0 1  94.57  9835.00 2   0.0 -32.5     87546800   0   2000      1999700
    83  0 1  95.62 10042.00 2   0.0 -32.8     88546400   0   1800       999600
    84  0 1  94.22 10102.00 2   0.0 -33.1     89546600   0   1650      1000200
    85  0 1  94.92 10136.50 2   0.0 -33.4     90546400   0   1800       999800
    86  0 1  94.92 10117.00 2   0.0 -33.8     91536650   0   1650       990250
    87  0 1  95.27 10180.00 2   0.0 -34.1     92526700   0   1750       990050
    88  0 1  94.92  9922.00 2   0.0 -34.7     93516550   0   2000       989850
    89  0 1  95.27  9916.00 2   0.0 -35.0     94506750   0   1700       990200
    90  0 1  94.92  9809.50 2   0.0 -35.3     95497100   0   2050       990350
    91  0 1  94.92 10061.50 2   0.0 -36.3     97457000   0   1800      1959900
    92  0 1  95.62  9845.50 2   0.0 -36.6     98436900   0   2000       979900
    93  0 1  95.62 10018.00 2   0.0 -37.2     99416500   0   2100       979600
    94  0 1  94.57  9958.00 2   0.0 -37.5    100396350   0   1750       979850
    95  0 1  94.22 10180.00 2   0.0 -38.1    101366100   0   1700       969750
    96  0 1  95.27 10123.00 2   0.0 -38.8    102336100   0   1850       970000
    97  0 1  95.62 10024.00 2   0.0 -39.1    103305850   0   1650       969750
    98  0 1  94.22 10030.00 2   0.0 -39.7    104275550   0   1800       969700
    99  0 1  94.92  9850.00 2   0.0 -40.3    105245350   0   2000       969800
   100  0 1  95.62 10004.50 2   0.0 -41.6    107165550   0   1700      1920200
   101  0 1  95.27  9985.00 2   0.0 -41.9    108125800   0   2100       960250
   102  0 1  94.57 10163.50 2   0.0 -42.5    109085950   0   1750       960150
   103  0 1  94.92 10129.00 2   0.0 -43.1    110045750   0   2100       959800
   104  0 1  94.22  9847.00 2   0.0 -43.8    110995600   0   2000       949850
   105  0 1  95.27 10094.50 2   0.0 -44.4    111945600   0   1950       950000
   106  0 1  94.57 10007.50 2   0.0 -45.0    112895700   0   1900       950100
   107  0 1  94.92 10055.50 2   0.0 -45.9    113845350   0   1650       949650
   108  0 1  94.57  9988.00 2   0.0 -46.6    114795600   0   2050       950250
   109  0 1  95.62  9821.50 2   0.0 -47.8    116675000   0   1750      1879400
   110  0 1  94.92  9841.00 2   0.0 -48.4    117615150   0   1950       940150
   111  0 1  94.92 10106.50 2   0.0 -49.4    118555450   0   1950       940300
   112  0 1  95.27  9827.50 2   0.0 -50.0    119495850   0   1750       940400
   113  0 1  94.92 10099.00 2   0.0 -50.6    120425400   0   1700       929550
   114  0 1  95.62  9940.00 2   0.0 -51.6    121355350   0   1950       929950
   115  0 1  94.57  9940.00 2   0.0 -52.2    122285200   0   1650       929850
   116  0 1  94.92  9820.00 2   0.0 -53.1    123214750   0   1650       929550
   117  0 1  94.57  9928.00 2   0.0 -53.8    124144900   0   1850       930150
   118  0 1  94.57 10178.50 2   0.0 -55.3    125985200   0   1700      1840300
   119  0 1  94.57 10007.50 2   0.0 -55.9    126905000   0   2100       919800
   120  0 1  94.22 10183.00 2   0.0 -56.9    127824900   0   1850       919900
   121  0 1  94.57  9859.00 2   0.0 -57.5    128745100   0   1950       920200
   122  0 1  94.57  9886.00 2   0.0 -58.4    129654750   0   2050       909650
   123  0 1  94.92  9860.50 2   0.0 -59.4    130564550   0   1850       909800
   124  0 1  94.57  9946.00 2   0.0 -60.0    131474700   0   1900       910150
   125  0 1  94.22  9818.50 2   0.0 -60.9    132384600   0   1700       909900
   126  0 1  94.92 10036.00 2   0.0 -61.6    133294550   0   2000       909950
   127  0 1  95.27 10043.50 2   0.0 -63.4    135295050   0   1950      2000500
   128  0 1  95.27 10022.50 2   0.0 -64.1    136294900   0   1900       999850
   129  0 1  94.92  9982.00 2   0.0 -65.0    137294900   0   1950      1000000
   130  0 1  94.22 10105.00 2   0.0 -65.9    138294400   0   1700       999500
   131  0 1  95.62  9965.50 2   0.0 -66.6    139284250   0   1850       989850
   132  0 1  94.57  9907.00 2   0.0 -67.5    140274000   0   2100       989750
   133  0 1  94.92  9959.50 2   0.0 -68.4    141263650   0   1950       989650
   134  0 1  94.22  9907.00 2   0.0 -69.1    142254050   0   1800       990400
