    NO  S V  AOA    FREQ    B  FMOP  AMP      TOA      PMOP  PW         dTOA  
------ -- - ------ -------- - ----- ----- ------------ --- ------ ------------
     0  0 1  94.57 10147.00 2   0.0 -70.0            0   0   1750  42949673000
     1  0 1  94.22  9986.50 2   0.0 -68.8       990350   0   1450       990350
     2  0 1  95.62 10061.50 2   0.0 -67.5      1970000   0   1650       979650
     3  0 1  94.22  9962.50 2   0.0 -66.3      2939650   0   1650       969650
     4  0 1  94.22  9947.50 2   0.0 -65.0      3899900   0   1900       960250
     5  0 1  95.27  9919.00 2   0.0 -63.8      4849950   0   1750       950050
     6  0 1  94.57 10075.00 2   0.0 -61.3      6719600   0   1550      1869650
     7  0 1  95.62 10102.00 2   0.0 -60.0      7639700   0   1900       920100
     8  0 1  94.92  9946.00 2   0.0 -58.8      8550150   0   1650       910450
     9  0 1  94.92 10096.00 2   0.0 -57.5      9450300   0   1900       900150
    10  0 1  95.62 10105.00 2   0.0 -56.6     10540150   0   1500      1089850
    11  0 1  94.57 10019.50 2   0.0 -55.3     11620350   0   1800      1080200
    12  0 1  94.22  9890.50 2   0.0 -54.1     12690500   0   1550      1070150
    13  0 1  95.27  9913.00 2   0.0 -53.1     13750150   0   1600      1059650
    14  0 1  95.27  9982.00 2   0.0 -51.9     14799650   0   1550      1049500
    15  0 1  95.62  9898.00 2   0.0 -49.7     16869250   0   1450      2069600
    16  0 1  94.22 10144.00 2   0.0 -48.4     17888800   0   1800      1019550
    17  0 1  95.27  9964.00 2   0.0 -47.5     18898600   0   1550      1009800
    18  0 1  94.22 10126.00 2   0.0 -46.6     19898100   0   1450       999500
    19  0 1  95.62  9884.50 2   0.0 -45.6     20888050   0   1600       989950
    20  0 1  94.92 10060.00 2   0.0 -44.4     21868100   0   1500       980050
    21  0 1  94.22 10049.50 2   0.0 -43.4     22837900   0   1700       969800
    22  0 1  95.62 10105.00 2   0.0 -42.5     23797650   0   1450       959750
    23  0 1  94.57  9985.00 2   0.0 -41.6     24747300   0   1550       949650
    24  0 1  94.22  9935.50 2   0.0 -40.0     26617050   0   1900      1869750
    25  0 1  95.62 10103.50 2   0.0 -39.1     27536800   0   1650       919750
    26  0 1  95.62  9895.00 2   0.0 -38.4     28447200   0   1650       910400
    27  0 1  95.27 10045.00 2   0.0 -37.5     29347650   0   1750       900450
    28  0 1  95.62  9928.00 2   0.0 -36.9     30438100   0   1600      1090450
    29  0 1  95.27 10150.00 2   0.0 -36.3     31517950   0   1500      1079850
    30  0 1  95.62  9961.00 2   0.0 -35.6     32587650   0   1450      1069700
    31  0 1  95.27  9956.50 2   0.0 -35.0     33647600   0   1550      1059950
    32  0 1  94.57  9886.00 2   0.0 -34.4     34697550   0   1800      1049950
    33  0 1  94.57  9997.00 2   0.0 -33.4     36767200   0   1700      2069650
    34  0 1  94.57  9917.50 2   0.0 -32.8     37787400   0   1900      1020200
    35  0 1  94.22 10060.00 2   0.0 -32.5     38797150   0   1600      1009750
    36  0 1  95.27 10057.00 2   0.0 -31.9     39796650   0   1800       999500
    37  0 1  94.92  9889.00 2   0.0 -31.6     40786950   0   1700       990300
    38  0 1  95.27  9886.00 2   0.0 -31.3     41766750   0   1900       979800
    39  0 1  95.27 10052.50 2   0.0 -30.9     42737150   0   1700       970400
    40  0 1  94.22 10111.00 2   0.0 -30.6     43697450   0   1700       960300
    41  0 1  94.57 10043.50 2   0.0 -30.6     44647800   0   1700       950350
    42  0 1  95.62 10003.00 2   0.0 -30.3     46517850   0   1650      1870050
    43  0 1  94.92  9878.50 2   0.0 -30.0     47437750   0   1900       919900
    44  0 1  95.62 10097.50 2   0.0 -30.0     48347900   0   1850       910150
    45  0 1  95.27 10009.00 2   0.0 -30.0     49247800   0   1500       899900
    46  0 1  95.62 10051.00 2   0.0 -30.0     50337950   0   1500      1090150
    47  0 1  94.92  9917.50 2   0.0 -30.0     51418250   0   1650      1080300
    48  0 1  94.92 10126.00 2   0.0 -30.3     52488350   0   1850      1070100
    49  0 1  94.92 10015.00 2   0.0 -30.3     53547850   0   1550      1059500
    50  0 1  94.92 10105.00 2   0.0 -30.6     54597850   0   1900      1050000
    51  0 1  94.22 10102.00 2   0.0 -30.9     56668300   0   1550      2070450
    52  0 1  94.92  9853.00 2   0.0 -31.3     57688000   0   1450      1019700
    53  0 1  94.22 10084.00 2   0.0 -31.6     58697800   0   1800      1009800
    54  0 1  94.92 10006.00 2   0.0 -31.9     59698250   0   1850      1000450
    55  0 1  94.92  9946.00 2   0.0 -32.5     60687800   0   1500       989550
    56  0 1  94.92  9940.00 2   0.0 -32.8     61667900   0   1750       980100
    57  0 1  94.57 10081.00 2   0.0 -33.4     62637950   0   1700       970050
    58  0 1  95.62 10069.00 2   0.0 -33.8     63597800   0   1700       959850
    59  0 1  94.92 10054.00 2   0.0 -34.4     64547650   0   1450       949850
    60  0 1  94.22  9883.00 2   0.0 -35.6     66418100   0   1450      1870450
    61  0 1  94.22  9980.50 2   0.0 -36.3     67338350   0   1850       920250
    62  0 1  94.22 10033.00 2   0.0 -36.9     68248600   0   1500       910250
    63  0 1  94.92 10111.00 2   0.0 -37.5     69148350   0   1550       899750
    64  0 1  94.22  9901.00 2   0.0 -38.4     70238650   0   1800      1090300
    65  0 1  94.57 10087.00 2   0.0 -39.1     71318800   0   1750      1080150
    66  0 1  94.57  9886.00 2   0.0 -40.0     72388300   0   1650      1069500
    67  0 1  94.92  9878.50 2   0.0 -40.9     73448400   0   1650      1060100
    68  0 1  95.62  9859.00 2   0.0 -41.6     74498350   0   1550      1049950
    69  0 1  95.62 10033.00 2   0.0 -43.4     76568500   0   1650      2070150
    70  0 1  95.62  9898.00 2   0.0 -44.4     77588900   0   1800      1020400
    71  0 1  94.92  9949.00 2   0.0 -45.6     78599250   0   1800      1010350
    72  0 1  94.92  9865.00 2   0.0 -46.6     79598950   0   1850       999700
    73  0 1  94.57  9994.00 2   0.0 -47.5     80589300   0   1650       990350
    74  0 1  94.57 10072.00 2   0.0 -48.4     81569100   0   1700       979800
    75  0 1  94.92 10010.50 2   0.0 -49.7     82539000   0   1550       969900
    76  0 1  94.92  9980.50 2   0.0 -50.6     83498550   0   1650       959550
    77  0 1  94.22 10009.00 2   0.0 -51.9     84448100   0   1450       949550
    78  0 1  95.27 10054.00 2   0.0 -54.1     86318350   0   1450      1870250
    79  0 1  95.62 10141.00 2   0.0 -55.3     87238250   0   1900       919900
    80  0 1  95.62 10070.50 2   0.0 -56.6     88148150   0   1750       909900
    81  0 1  94.22 10064.50 2   0.0 -57.5     89048250   0   1750       900100
    82  0 1  94.57 10004.50 2   0.0 -58.8     90137950   0   1500      1089700
    83  0 1  95.27 10039.00 2   0.0 -60.0     91218350   0   1450      1080400
    84  0 1  94.22  9877.00 2   0.0 -61.3     92288400   0   1550      1070050
    85  0 1  95.27  9991.00 2   0.0 -62.5     93348850   0   1650      1060450
    86  0 1  95.27 10033.00 2   0.0 -63.8     94399200   0   1500      1050350
    87  0 1  94.57  9956.50 2   0.0 -66.3     96469450   0   1700      2070250
    88  0 1  94.57 10133.50 2   0.0 -67.5     97489500   0   1450      1020050
    89  0 1  94.22  9962.50 2   0.0 -68.8     98499400   0   1750      1009900
