    NO  S V  AOA    FREQ    B  FMOP  AMP      TOA      PMOP  PW         dTOA  
------ -- - ------ -------- - ----- ----- ------------ --- ------ ------------
     0  0 1  94.92  9916.00 2   0.0 -70.0            0   0   1450  42949673000
     1  0 1  95.27  9952.00 2   0.0 -68.8       990050   0   1450       990050
     2  0 1  95.27  9859.00 2   0.0 -67.5      1970150   0   1550       980100
     3  0 1  95.27 10051.00 2   0.0 -66.3      2940500   0   1850       970350
     4  0 1  95.62  9943.00 2   0.0 -65.0      3900100   0   1500       959600
     5  0 1  94.57  9914.50 2   0.0 -63.8      4849600   0   1450       949500
     6  0 1  94.57 10024.00 2   0.0 -62.5      5789650   0   1800       940050
     7  0 1  94.92 10135.00 2   0.0 -60.0      7639100   0   1550      1849450
     8  0 1  95.27 10091.50 2   0.0 -58.8      8549100   0   1650       910000
     9  0 1  95.62 10117.00 2   0.0 -57.5      9449200   0   1750       900100
    10  0 1  94.92 10043.50 2   0.0 -56.6     10538850   0   1850      1089650
    11  0 1  94.22  9896.50 2   0.0 -55.3     11618950   0   1500      1080100
    12  0 1  95.62  9952.00 2   0.0 -54.1     12688800   0   1900      1069850
    13  0 1  94.92 10126.00 2   0.0 -53.1     13748450   0   1500      1059650
    14  0 1  94.22 10135.00 2   0.0 -51.9     14798550   0   1650      1050100
    15  0 1  95.62  9955.00 2   0.0 -50.6     15838900   0   1450      1040350
    16  0 1  94.92  9955.00 2   0.0 -48.4     17888900   0   1500      2050000
    17  0 1  94.92 10115.50 2   0.0 -47.5     18899150   0   1800      1010250
    18  0 1  94.57  9977.50 2   0.0 -46.6     19899550   0   1750      1000400
    19  0 1  95.62  9871.00 2   0.0 -45.6     20889300   0   1900       989750
    20  0 1  94.57 10030.00 2   0.0 -44.4     21868900   0   1850       979600
    21  0 1  94.57  9985.00 2   0.0 -43.4     22839000   0   1850       970100
    22  0 1  95.62  9979.00 2   0.0 -42.5     23799200   0   1900       960200
    23  0 1  94.92  9950.50 2   0.0 -41.6     24749250   0   1800       950050
    24  0 1  94.57 10045.00 2   0.0 -40.9     25688950   0   1700       939700
    25  0 1  95.62  9859.00 2   0.0 -39.1     27539100   0   1500      1850150
    26  0 1  94.92 10123.00 2   0.0 -38.4     28448800   0   1800       909700
    27  0 1  94.92 10018.00 2   0.0 -37.5     29348450   0   1700       899650
    28  0 1  94.57 10016.50 2   0.0 -36.9     30438000   0   1650      1089550
    29  0 1  95.27  9943.00 2   0.0 -36.3     31518050   0   1850      1080050
    30  0 1  95.27 10018.00 2   0.0 -35.6     32588450   0   1550      1070400
    31  0 1  94.57 10064.50 2   0.0 -35.0     33648800   0   1750      1060350
    32  0 1  95.27  9959.50 2   0.0 -34.4     34699100   0   1700      1050300
    33  0 1  94.57  9937.00 2   0.0 -33.8     35738650   0   1700      1039550
    34  0 1  95.27 10103.50 2   0.0 -32.8     37788650   0   1500      2050000
    35  0 1  94.57 10088.50 2   0.0 -32.5     38798650   0   1550      1010000
    36  0 1  95.62 10027.00 2   0.0 -31.9     39798550   0   1900       999900
    37  0 1  95.27 10138.00 2   0.0 -31.6     40788900   0   1900       990350
    38  0 1  95.27  9889.00 2   0.0 -31.3     41769200   0   1650       980300
    39  0 1  94.22 10010.50 2   0.0 -30.9     42738750   0   1450       969550
    40  0 1  94.57 10138.00 2   0.0 -30.6     43698300   0   1500       959550
    41  0 1  94.92  9881.50 2   0.0 -30.6     44647950   0   1650       949650
    42  0 1  95.27 10061.50 2   0.0 -30.3     45587600   0   1550       939650
    43  0 1  94.22  9934.00 2   0.0 -30.0     47437800   0   1500      1850200
    44  0 1  95.27  9958.00 2   0.0 -30.0     48347450   0   1750       909650
    45  0 1  94.22 10061.50 2   0.0 -30.0     49247850   0   1450       900400
    46  0 1  94.92  9862.00 2   0.0 -30.0     50338200   0   1450      1090350
    47  0 1  95.62  9893.50 2   0.0 -30.0     51418500   0   1750      1080300
    48  0 1  95.27  9890.50 2   0.0 -30.3     52488600   0   1500      1070100
    49  0 1  95.27  9883.00 2   0.0 -30.3     53548250   0   1850      1059650
    50  0 1  94.57  9872.50 2   0.0 -30.6     54598450   0   1650      1050200
    51  0 1  95.27  9931.00 2   0.0 -30.6     55638900   0   1600      1040450
    52  0 1  94.57 10082.50 2   0.0 -31.3     57688500   0   1850      2049600
    53  0 1  95.62 10079.50 2   0.0 -31.6     58698750   0   1500      1010250
    54  0 1  95.62 10138.00 2   0.0 -31.9     59698400   0   1800       999650
    55  0 1  95.27 10028.50 2   0.0 -32.5     60688550   0   1600       990150
    56  0 1  95.27 10003.00 2   0.0 -32.8     61668250   0   1750       979700
    57  0 1  95.62  9967.00 2   0.0 -33.4     62638650   0   1550       970400
    58  0 1  94.92 10109.50 2   0.0 -33.8     63599000   0   1550       960350
    59  0 1  94.57 10087.00 2   0.0 -34.4     64549250   0   1600       950250
    60  0 1  94.22  9997.00 2   0.0 -35.0     65489450   0   1450       940200
    61  0 1  95.62  9949.00 2   0.0 -36.3     67340000   0   1850      1850550
    62  0 1  95.62  9994.00 2   0.0 -36.9     68249750   0   1900       909750
    63  0 1  94.92 10082.50 2   0.0 -37.5     69149700   0   1450       899950
    64  0 1  95.62  9940.00 2   0.0 -38.4     70239500   0   1700      1089800
    65  0 1  95.62  9946.00 2   0.0 -39.1     71319450   0   1450      1079950
    66  0 1  95.27  9916.00 2   0.0 -40.0     72389500   0   1800      1070050
    67  0 1  94.22 10108.00 2   0.0 -40.9     73449300   0   1550      1059800
    68  0 1  95.27  9856.00 2   0.0 -41.6     74499100   0   1600      1049800
    69  0 1  95.27 10099.00 2   0.0 -42.5     75539250   0   1450      1040150
    70  0 1  94.57  9967.00 2   0.0 -44.4     77589150   0   1450      2049900
    71  0 1  95.27  9937.00 2   0.0 -45.6     78599400   0   1500      1010250
    72  0 1  95.62 10114.00 2   0.0 -46.6     79599450   0   1850      1000050
    73  0 1  94.57 10075.00 2   0.0 -47.5     80589300   0   1850       989850
    74  0 1  94.57 10027.00 2   0.0 -48.4     81569600   0   1650       980300
    75  0 1  94.57  9862.00 2   0.0 -49.7     82540050   0   1600       970450
    76  0 1  94.22  9962.50 2   0.0 -50.6     83500300   0   1500       960250
    77  0 1  95.27  9889.00 2   0.0 -51.9     84449950   0   1700       949650
    78  0 1  95.27 10039.00 2   0.0 -53.1     85389950   0   1700       940000
    79  0 1  95.62 10111.00 2   0.0 -55.3     87239900   0   1450      1849950
    80  0 1  94.92  9862.00 2   0.0 -56.6     88150100   0   1500       910200
    81  0 1  95.27 10078.00 2   0.0 -57.5     89050300   0   1500       900200
    82  0 1  95.62  9853.00 2   0.0 -58.8     90140750   0   1450      1090450
    83  0 1  94.22  9946.00 2   0.0 -60.0     91220250   0   1850      1079500
    84  0 1  94.57 10010.50 2   0.0 -61.3     92290250   0   1450      1070000
    85  0 1  94.22 10121.50 2   0.0 -62.5     93350200   0   1800      1059950
    86  0 1  95.62 10090.00 2   0.0 -63.8     94400600   0   1850      1050400
    87  0 1  95.62  9971.50 2   0.0 -65.0     95440400   0   1900      1039800
    88  0 1  94.57  9971.50 2   0.0 -67.5     97490600   0   1500      2050200
    89  0 1  94.22  9917.50 2   0.0 -68.8     98500200   0   1700      1009600
