    NO  S V  AOA    FREQ    B  FMOP  AMP      TOA      PMOP  PW         dTOA  
------ -- - ------ -------- - ----- ----- ------------ --- ------ ------------
     0  0 1  95.62  9883.00 2   0.0 -70.0            0   0   1450  42949673000
     1  0 1  94.22 10097.50 2   0.0 -68.8       989650   0   1500       989650
     2  0 1  95.62 10031.50 2   0.0 -67.5      1969550   0   1900       979900
     3  0 1  95.27  9974.50 2   0.0 -65.0      3899300   0   1600      1929750
     4  0 1  95.27 10139.50 2   0.0 -63.8      4848850   0   1800       949550
     5  0 1  94.57 10117.00 2   0.0 -62.5      5788900   0   1700       940050
     6  0 1  95.27  9943.00 2   0.0 -61.3      6719350   0   1550       930450
     7  0 1  95.27 10103.50 2   0.0 -60.0      7639750   0   1750       920400
     8  0 1  94.92 10129.00 2   0.0 -58.8      8549250   0   1800       909500
     9  0 1  95.27  9947.50 2   0.0 -57.5      9449050   0   1700       899800
    10  0 1  94.22 10109.50 2   0.0 -56.6     10538900   0   1550      1089850
    11  0 1  94.57 10102.00 2   0.0 -55.3     11618700   0   1450      1079800
    12  0 1  95.62 10106.50 2   0.0 -53.1     13747800   0   1900      2129100
    13  0 1  94.92 10039.00 2   0.0 -51.9     14797300   0   1850      1049500
    14  0 1  95.62  9968.50 2   0.0 -50.6     15836850   0   1450      1039550
    15  0 1  95.27  9877.00 2   0.0 -49.7     16866650   0   1600      1029800
    16  0 1  94.22  9946.00 2   0.0 -48.4     17886800   0   1500      1020150
    17  0 1  95.62  9883.00 2   0.0 -47.5     18896950   0   1850      1010150
    18  0 1  94.57  9851.50 2   0.0 -46.6     19897000   0   1900      1000050
    19  0 1  95.62 10063.00 2   0.0 -45.6     20886800   0   1550       989800
    20  0 1  94.22 10124.50 2   0.0 -44.4     21866500   0   1500       979700
    21  0 1  95.62  9926.50 2   0.0 -42.5     23796700   0   1500      1930200
    22  0 1  94.57 10045.00 2   0.0 -41.6     24746800   0   1500       950100
    23  0 1  94.22  9887.50 2   0.0 -40.9     25686800   0   1650       940000
    24  0 1  94.22  9865.00 2   0.0 -40.0     26616850   0   1600       930050
    25  0 1  94.57  9874.00 2   0.0 -39.1     27536650   0   1500       919800
    26  0 1  94.57 10037.50 2   0.0 -38.4     28446250   0   1650       909600
    27  0 1  94.92  9913.00 2   0.0 -37.5     29345900   0   1700       899650
    28  0 1  95.27 10010.50 2   0.0 -36.9     30435850   0   1800      1089950
    29  0 1  94.92  9874.00 2   0.0 -36.3     31516200   0   1700      1080350
    30  0 1  94.22  9898.00 2   0.0 -35.0     33646150   0   1900      2129950
    31  0 1  94.22  9853.00 2   0.0 -34.4     34696300   0   1550      1050150
    32  0 1  94.57 10090.00 2   0.0 -33.8     35736050   0   1650      1039750
    33  0 1  94.92 10030.00 2   0.0 -33.4     36766500   0   1500      1030450
    34  0 1  95.62 10103.50 2   0.0 -32.8     37786550   0   1900      1020050
    35  0 1  95.62 10081.00 2   0.0 -32.5     38796900   0   1550      1010350
    36  0 1  95.62  9998.50 2   0.0 -31.9     39796600   0   1550       999700
    37  0 1  94.22  9985.00 2   0.0 -31.6     40786550   0   1450       989950
    38  0 1  94.92  9947.50 2   0.0 -31.3     41766900   0   1750       980350
    39  0 1  95.27  9934.00 2   0.0 -30.6     43696450   0   1850      1929550
    40  0 1  94.22  9952.00 2   0.0 -30.6     44646050   0   1850       949600
    41  0 1  94.92 10097.50 2   0.0 -30.3     45586250   0   1500       940200
    42  0 1  95.62 10145.50 2   0.0 -30.3     46516450   0   1550       930200
    43  0 1  94.22  9853.00 2   0.0 -30.0     47436400   0   1700       919950
    44  0 1  95.27  9919.00 2   0.0 -30.0     48346850   0   1450       910450
    45  0 1  95.27 10139.50 2   0.0 -30.0     49247150   0   1750       900300
    46  0 1  94.92  9916.00 2   0.0 -30.0     50337200   0   1900      1090050
    47  0 1  94.92  9913.00 2   0.0 -30.0     51416950   0   1600      1079750
    48  0 1  94.57  9950.50 2   0.0 -30.3     53547050   0   1700      2130100
    49  0 1  94.57  9908.50 2   0.0 -30.6     54596900   0   1750      1049850
    50  0 1  95.27  9929.50 2   0.0 -30.6     55636600   0   1500      1039700
    51  0 1  94.22 10027.00 2   0.0 -30.9     56666750   0   1450      1030150
    52  0 1  94.22 10147.00 2   0.0 -31.3     57687000   0   1750      1020250
    53  0 1  95.27  9904.00 2   0.0 -31.6     58696750   0   1850      1009750
    54  0 1  95.27 10042.00 2   0.0 -31.9     59696300   0   1650       999550
    55  0 1  94.57 10058.50 2   0.0 -32.5     60686200   0   1550       989900
    56  0 1  95.62  9907.00 2   0.0 -32.8     61666300   0   1500       980100
    57  0 1  94.22 10133.50 2   0.0 -33.8     63595950   0   1850      1929650
    58  0 1  94.22 10087.00 2   0.0 -34.4     64546400   0   1800       950450
    59  0 1  94.92 10033.00 2   0.0 -35.0     65486650   0   1500       940250
    60  0 1  94.22  9869.50 2   0.0 -35.6     66416300   0   1750       929650
    61  0 1  94.57  9974.50 2   0.0 -36.3     67335950   0   1900       919650
    62  0 1  94.92  9922.00 2   0.0 -36.9     68245950   0   1650       910000
    63  0 1  94.57 10102.00 2   0.0 -37.5     69145650   0   1750       899700
    64  0 1  94.22  9856.00 2   0.0 -38.4     70235400   0   1850      1089750
    65  0 1  94.57  9851.50 2   0.0 -39.1     71315050   0   1550      1079650
    66  0 1  94.22  9943.00 2   0.0 -40.9     73444500   0   1750      2129450
    67  0 1  94.92  9934.00 2   0.0 -41.6     74494450   0   1500      1049950
    68  0 1  94.57 10070.50 2   0.0 -42.5     75534850   0   1450      1040400
    69  0 1  94.22  9923.50 2   0.0 -43.4     76564850   0   1900      1030000
    70  0 1  94.22  9887.50 2   0.0 -44.4     77585000   0   1650      1020150
    71  0 1  94.92  9880.00 2   0.0 -45.6     78595400   0   1850      1010400
    72  0 1  95.62 10039.00 2   0.0 -46.6     79595650   0   1700      1000250
    73  0 1  94.57 10087.00 2   0.0 -47.5     80585700   0   1550       990050
    74  0 1  94.92  9985.00 2   0.0 -48.4     81566050   0   1600       980350
    75  0 1  95.62  9931.00 2   0.0 -50.6     83496250   0   1850      1930200
    76  0 1  94.92  9910.00 2   0.0 -51.9     84446000   0   1550       949750
    77  0 1  95.62 10027.00 2   0.0 -53.1     85386400   0   1550       940400
    78  0 1  94.22  9958.00 2   0.0 -54.1     86316200   0   1550       929800
    79  0 1  95.62 10099.00 2   0.0 -55.3     87236250   0   1800       920050
    80  0 1  94.22  9883.00 2   0.0 -56.6     88146300   0   1500       910050
    81  0 1  94.57 10105.00 2   0.0 -57.5     89045800   0   1500       899500
    82  0 1  94.92 10033.00 2   0.0 -58.8     90136050   0   1750      1090250
    83  0 1  95.62  9943.00 2   0.0 -60.0     91216400   0   1800      1080350
    84  0 1  95.62 10114.00 2   0.0 -62.5     93346100   0   1650      2129700
    85  0 1  94.92  9910.00 2   0.0 -63.8     94396450   0   1900      1050350
    86  0 1  95.62 10117.00 2   0.0 -65.0     95436050   0   1550      1039600
    87  0 1  94.92 10043.50 2   0.0 -66.3     96465550   0   1900      1029500
    88  0 1  95.27 10001.50 2   0.0 -67.5     97485950   0   1550      1020400
    89  0 1  94.22  9977.50 2   0.0 -68.8     98496000   0   1750      1010050
