    NO  S V  AOA    FREQ    B  FMOP  AMP      TOA      PMOP  PW         dTOA  
------ -- - ------ -------- - ----- ----- ------------ --- ------ ------------
     0  0 1  95.62 10058.50 2   0.0 -69.4       970200   0   1900  42950643200
     1  0 1  94.57 10060.00 2   0.0 -68.8      1940500   0   1900       970300
     2  0 1  95.27 10060.00 2   0.0 -68.1      2940700   0   1700      1000200
     3  0 1  94.92 10049.50 2   0.0 -67.5      3941000   0   1800      1000300
     4  0 1  94.22 10051.00 2   0.0 -66.9      4940950   0   1700       999950
     5  0 1  95.27 10051.00 2   0.0 -66.3      5940500   0   1850       999550
     6  0 1  94.92 10048.00 2   0.0 -65.6      6940050   0   1950       999550
     7  0 1  94.92 10039.00 2   0.0 -65.0      7940100   0   2050      1000050
     8  0 1  95.62 10040.50 2   0.0 -64.4      8939600   0   1950       999500
     9  0 1  94.92 10039.00 2   0.0 -63.1     10940100   0   1800      2000500
    10  0 1  95.62 10028.50 2   0.0 -62.5     11939950   0   1950       999850
    11  0 1  94.22 10028.50 2   0.0 -61.9     12929500   0   1900       989550
    12  0 1  95.62 10030.00 2   0.0 -61.3     13919400   0   1650       989900
    13  0 1  94.92 10028.50 2   0.0 -60.6     14909600   0   2100       990200
    14  0 1  94.22 10021.00 2   0.0 -60.0     15899800   0   1700       990200
    15  0 1  95.27 10018.00 2   0.0 -59.4     16889350   0   1900       989550
    16  0 1  94.22 10018.00 2   0.0 -58.8     17889050   0   2050       999700
    17  0 1  95.62 10021.00 2   0.0 -58.1     18888600   0   1650       999550
    18  0 1  94.22 10009.00 2   0.0 -57.2     20888500   0   2100      1999900
    19  0 1  94.92 10010.50 2   0.0 -56.6     21888000   0   1700       999500
    20  0 1  95.62 10009.00 2   0.0 -55.9     22897700   0   1850      1009700
    21  0 1  94.92  9998.50 2   0.0 -55.3     23907650   0   2000      1009950
    22  0 1  94.57  9998.50 2   0.0 -54.7     24917250   0   1950      1009600
    23  0 1  95.27  9998.50 2   0.0 -54.1     25927400   0   1950      1010150
    24  0 1  95.62 10000.00 2   0.0 -53.4     26937150   0   1700      1009750
    25  0 1  95.27  9991.00 2   0.0 -53.1     27936750   0   1650       999600
    26  0 1  95.62  9989.50 2   0.0 -52.5     28936300   0   1900       999550
    27  0 1  94.22  9988.00 2   0.0 -51.3     30936350   0   1900      2000050
    28  0 1  94.57  9979.00 2   0.0 -50.6     31936350   0   1700      1000000
    29  0 1  95.27  9980.50 2   0.0 -50.3     32976400   0   1900      1040050
    30  0 1  94.92  9979.00 2   0.0 -49.7     34016250   0   1700      1039850
    31  0 1  94.57  9979.00 2   0.0 -49.1     35055750   0   2000      1039500
    32  0 1  95.62  9970.00 2   0.0 -48.4     36095300   0   1900      1039550
    33  0 1  94.57  9968.50 2   0.0 -48.1     37135450   0   2100      1040150
    34  0 1  94.22  9970.00 2   0.0 -47.5     38135850   0   1700      1000400
    35  0 1  95.27  9970.00 2   0.0 -46.9     39135900   0   1900      1000050
    36  0 1  94.92  9959.50 2   0.0 -45.9     41135950   0   2050      2000050
    37  0 1  95.27  9958.00 2   0.0 -45.6     42136350   0   1900      1000400
    38  0 1  94.22  9961.00 2   0.0 -45.0     43136800   0   1800      1000450
    39  0 1  94.92  9949.00 2   0.0 -44.4     44136450   0   1950       999650
    40  0 1  94.92  9950.50 2   0.0 -44.1     45136600   0   1750      1000150
    41  0 1  94.22  9949.00 2   0.0 -43.4     46136100   0   1650       999500
    42  0 1  94.22  9949.00 2   0.0 -43.1     47136150   0   2000      1000050
    43  0 1  94.57  9940.00 2   0.0 -42.5     48116450   0   2050       980300
    44  0 1  95.62  9938.50 2   0.0 -42.2     49095950   0   1650       979500
    45  0 1  94.57  9940.00 2   0.0 -41.3     51056050   0   1700      1960100
    46  0 1  95.27 10070.50 2   0.0 -40.9     52036150   0   2050       980100
    47  0 1  94.22 10070.50 2   0.0 -40.3     53006450   0   2050       970300
    48  0 1  95.27 10069.00 2   0.0 -40.0     53976300   0   1900       969850
    49  0 1  94.92 10069.00 2   0.0 -39.7     54945800   0   1850       969500
    50  0 1  95.62 10060.00 2   0.0 -39.1     55915600   0   1650       969800
    51  0 1  94.57 10060.00 2   0.0 -38.8     56885950   0   1900       970350
    52  0 1  95.62 10060.00 2   0.0 -38.4     57856150   0   1900       970200
    53  0 1  94.92 10058.50 2   0.0 -38.1     58826500   0   1750       970350
    54  0 1  94.92 10049.50 2   0.0 -37.2     60765850   0   2000      1939350
    55  0 1  94.92 10051.00 2   0.0 -36.9     61735500   0   2100       969650
    56  0 1  95.27 10051.00 2   0.0 -36.6     62735200   0   1700       999700
    57  0 1  95.62 10039.00 2   0.0 -36.3     63735000   0   2050       999800
    58  0 1  94.92 10040.50 2   0.0 -35.9     64734950   0   2050       999950
    59  0 1  94.57 10040.50 2   0.0 -35.6     65734600   0   1650       999650
    60  0 1  94.22 10040.50 2   0.0 -35.3     66735000   0   1850      1000400
    61  0 1  94.57 10028.50 2   0.0 -35.0     67735250   0   2050      1000250
    62  0 1  95.62 10030.00 2   0.0 -34.7     68735300   0   1700      1000050
    63  0 1  95.62 10030.00 2   0.0 -34.1     70735900   0   2000      2000600
    64  0 1  94.57 10021.00 2   0.0 -33.8     71735450   0   1750       999550
    65  0 1  95.62 10018.00 2   0.0 -33.4     72725400   0   1750       989950
    66  0 1  94.57 10018.00 2   0.0 -33.4     73715350   0   1850       989950
    67  0 1  95.62 10018.00 2   0.0 -33.1     74704900   0   2100       989550
    68  0 1  94.57 10009.00 2   0.0 -32.8     75694400   0   1650       989500
    69  0 1  95.62 10009.00 2   0.0 -32.5     76684150   0   2000       989750
    70  0 1  94.22 10009.00 2   0.0 -32.5     77684300   0   1750      1000150
    71  0 1  95.27 10009.00 2   0.0 -32.2     78684200   0   1950       999900
    72  0 1  95.62 10000.00 2   0.0 -31.9     80684000   0   1900      1999800
    73  0 1  94.57 10000.00 2   0.0 -31.6     81683900   0   1750       999900
    74  0 1  94.57  9998.50 2   0.0 -31.6     82694100   0   2050      1010200
    75  0 1  95.62  9989.50 2   0.0 -31.3     83704450   0   1850      1010350
    76  0 1  95.27  9988.00 2   0.0 -31.3     84713950   0   1950      1009500
    77  0 1  94.92  9991.00 2   0.0 -30.9     85724200   0   1750      1010250
    78  0 1  94.92  9988.00 2   0.0 -30.9     86733950   0   2100      1009750
    79  0 1  94.22  9980.50 2   0.0 -30.6     87734000   0   1700      1000050
    80  0 1  95.62  9979.00 2   0.0 -30.6     88733500   0   1700       999500
    81  0 1  94.57  9979.00 2   0.0 -30.3     90732700   0   2050      1999200
    82  0 1  94.57  9970.00 2   0.0 -30.3     91732200   0   1650       999500
    83  0 1  95.27  9968.50 2   0.0 -30.3     92772250   0   1950      1040050
    84  0 1  95.27  9970.00 2   0.0 -30.3     93811850   0   2100      1039600
    85  0 1  95.27  9970.00 2   0.0 -30.0     94851550   0   1800      1039700
    86  0 1  94.22  9961.00 2   0.0 -30.0     95891200   0   2000      1039650
    87  0 1  94.57  9961.00 2   0.0 -30.0     96931300   0   1700      1040100
    88  0 1  94.22  9958.00 2   0.0 -30.0     97931600   0   1700      1000300
    89  0 1  94.92  9961.00 2   0.0 -30.0     98931800   0   1800      1000200
    90  0 1  95.62  9950.50 2   0.0 -30.0    100931750   0   1950      1999950
    91  0 1  94.57  9950.50 2   0.0 -30.0    101932150   0   1950      1000400
    92  0 1  95.27  9949.00 2   0.0 -30.0    102932050   0   1700       999900
    93  0 1  94.92  9938.50 2   0.0 -30.0    103932000   0   2050       999950
    94  0 1  94.22  9940.00 2   0.0 -30.0    104932250   0   1750      1000250
    95  0 1  95.27  9940.00 2   0.0 -30.3    105931800   0   1750       999550
    96  0 1  94.57  9940.00 2   0.0 -30.3    106931300   0   2000       999500
    97  0 1  94.22 10069.00 2   0.0 -30.3    107910950   0   2100       979650
    98  0 1  94.57 10069.00 2   0.0 -30.3    108891000   0   1800       980050
    99  0 1  95.27 10070.50 2   0.0 -30.6    110850500   0   2050      1959500
   100  0 1  95.27 10060.00 2   0.0 -30.6    111830500   0   1850       980000
   101  0 1  95.62 10060.00 2   0.0 -30.9    112800900   0   2050       970400
   102  0 1  95.27 10060.00 2   0.0 -30.9    113771150   0   1900       970250
   103  0 1  94.57 10058.50 2   0.0 -31.3    114741500   0   1950       970350
   104  0 1  95.27 10048.00 2   0.0 -31.3    115711300   0   1800       969800
   105  0 1  94.57 10048.00 2   0.0 -31.6    116681250   0   1650       969950
   106  0 1  95.62 10049.50 2   0.0 -31.6    117650950   0   2050       969700
   107  0 1  94.57 10049.50 2   0.0 -31.9    118621000   0   1700       970050
   108  0 1  94.57 10040.50 2   0.0 -32.2    120560550   0   1850      1939550
   109  0 1  94.22 10039.00 2   0.0 -32.5    121530550   0   1850       970000
   110  0 1  95.27 10039.00 2   0.0 -32.5    122530200   0   2100       999650
   111  0 1  95.62 10028.50 2   0.0 -32.8    123530500   0   1700      1000300
   112  0 1  94.57 10030.00 2   0.0 -33.1    124530150   0   1850       999650
   113  0 1  94.57 10030.00 2   0.0 -33.4    125529950   0   1700       999800
   114  0 1  94.57 10030.00 2   0.0 -33.4    126529700   0   1800       999750
   115  0 1  94.57 10019.50 2   0.0 -33.8    127529650   0   1700       999950
   116  0 1  95.27 10019.50 2   0.0 -34.1    128529350   0   2000       999700
   117  0 1  94.22 10019.50 2   0.0 -34.7    130529400   0   1750      2000050
   118  0 1  94.22 10009.00 2   0.0 -35.0    131529200   0   2050       999800
   119  0 1  95.62 10010.50 2   0.0 -35.3    132518950   0   1900       989750
   120  0 1  95.62 10009.00 2   0.0 -35.6    133508550   0   1750       989600
   121  0 1  94.57 10009.00 2   0.0 -35.9    134498700   0   1900       990150
   122  0 1  94.22  9998.50 2   0.0 -36.3    135489150   0   1900       990450
   123  0 1  94.57 10000.00 2   0.0 -36.6    136478950   0   1900       989800
   124  0 1  94.92 10000.00 2   0.0 -36.9    137478950   0   1750      1000000
   125  0 1  95.62  9998.50 2   0.0 -37.2    138478650   0   2050       999700
   126  0 1  94.92  9991.00 2   0.0 -38.1    140478850   0   1900      2000200
   127  0 1  94.92  9989.50 2   0.0 -38.4    141478450   0   1650       999600
   128  0 1  95.27  9991.00 2   0.0 -38.8    142488250   0   1650      1009800
   129  0 1  94.22  9980.50 2   0.0 -39.1    143498500   0   1700      1010250
   130  0 1  95.27  9979.00 2   0.0 -39.7    144508250   0   1950      1009750
   131  0 1  95.62  9979.00 2   0.0 -40.0    145518350   0   1650      1010100
   132  0 1  94.92  9980.50 2   0.0 -40.3    146527850   0   1850      1009500
   133  0 1  95.62  9968.50 2   0.0 -40.9    147527750   0   1800       999900
   134  0 1  94.22  9970.00 2   0.0 -41.3    148527800   0   1650      1000050
   135  0 1  95.62  9968.50 2   0.0 -42.2    150527200   0   1700      1999400
   136  0 1  95.62  9961.00 2   0.0 -42.5    151526800   0   1650       999600
   137  0 1  95.62  9958.00 2   0.0 -43.1    152566650   0   1750      1039850
   138  0 1  95.62  9958.00 2   0.0 -43.4    153607050   0   1700      1040400
   139  0 1  95.62  9959.50 2   0.0 -44.1    154647200   0   1850      1040150
   140  0 1  94.57  9949.00 2   0.0 -44.4    155687600   0   1750      1040400
   141  0 1  95.62  9950.50 2   0.0 -45.0    156727500   0   2050      1039900
   142  0 1  95.62  9950.50 2   0.0 -45.6    157727000   0   1650       999500
   143  0 1  94.22  9950.50 2   0.0 -45.9    158726650   0   1950       999650
   144  0 1  94.92  9940.00 2   0.0 -46.9    160726500   0   1750      1999850
   145  0 1  95.27  9938.50 2   0.0 -47.5    161726850   0   1700      1000350
   146  0 1  95.27  9938.50 2   0.0 -48.1    162727150   0   1900      1000300
   147  0 1  94.22 10069.00 2   0.0 -48.4    163727400   0   1700      1000250
   148  0 1  95.62 10069.00 2   0.0 -49.1    164727350   0   2000       999950
   149  0 1  94.22 10069.00 2   0.0 -49.7    165726950   0   1850       999600
   150  0 1  94.57 10069.00 2   0.0 -50.3    166727350   0   2050      1000400
   151  0 1  94.22 10058.50 2   0.0 -50.6    167707500   0   2050       980150
   152  0 1  94.22 10060.00 2   0.0 -51.3    168687300   0   1950       979800
   153  0 1  94.57 10060.00 2   0.0 -52.5    170646800   0   1900      1959500
   154  0 1  94.57 10049.50 2   0.0 -53.1    171627000   0   2050       980200
   155  0 1  95.27 10051.00 2   0.0 -53.4    172596600   0   1700       969600
   156  0 1  94.92 10051.00 2   0.0 -54.1    173566550   0   2050       969950
   157  0 1  94.57 10051.00 2   0.0 -54.7    174536200   0   1950       969650
   158  0 1  94.57 10039.00 2   0.0 -55.3    175506350   0   1950       970150
   159  0 1  94.57 10040.50 2   0.0 -55.9    176476250   0   2050       969900
   160  0 1  94.92 10039.00 2   0.0 -56.6    177446400   0   1700       970150
   161  0 1  94.57 10039.00 2   0.0 -57.2    178416300   0   2000       969900
   162  0 1  94.92 10030.00 2   0.0 -58.1    180356800   0   1850      1940500
   163  0 1  94.92 10030.00 2   0.0 -58.8    181326750   0   2000       969950
   164  0 1  94.22 10030.00 2   0.0 -59.4    182326350   0   1850       999600
   165  0 1  95.27 10018.00 2   0.0 -60.0    183326800   0   1650      1000450
   166  0 1  94.92 10018.00 2   0.0 -60.6    184326950   0   1700      1000150
   167  0 1  94.92 10019.50 2   0.0 -61.3    185327200   0   2000      1000250
   168  0 1  94.57 10019.50 2   0.0 -61.9    186327550   0   1750      1000350
   169  0 1  94.92 10009.00 2   0.0 -62.5    187327700   0   1750      1000150
   170  0 1  95.27 10010.50 2   0.0 -63.1    188327900   0   1650      1000200
   171  0 1  95.27 10009.00 2   0.0 -64.4    190327500   0   2050      1999600
   172  0 1  95.62 10000.00 2   0.0 -65.0    191327650   0   2000      1000150
   173  0 1  95.62  9998.50 2   0.0 -65.6    192317450   0   1650       989800
   174  0 1  95.27  9998.50 2   0.0 -66.3    193307800   0   1650       990350
   175  0 1  95.27 10000.00 2   0.0 -66.9    194297850   0   2100       990050
   176  0 1  95.62  9989.50 2   0.0 -67.5    195287550   0   2000       989700
   177  0 1  95.62  9989.50 2   0.0 -68.1    196277400   0   1700       989850
   178  0 1  94.57  9988.00 2   0.0 -68.8    197277500   0   1800      1000100
   179  0 1  95.27  9991.00 2   0.0 -69.4    198277000   0   1900       999500
