    NO  S V  AOA    FREQ    B  FMOP  AMP      TOA      PMOP  PW         dTOA  
------ -- - ------ -------- - ----- ----- ------------ --- ------ ------------
     0  0 1  94.22 10060.00 2   0.0 -70.0            0   0   1900  42949673000
     1  0 1  95.27 10060.00 2   0.0 -69.4      1039650   0   1700      1039650
     2  0 1  94.92 10058.50 2   0.0 -68.8      2080000   0   1950      1040350
     3  0 1  94.22 10060.00 2   0.0 -68.1      3080150   0   1700      1000150
     4  0 1  94.22 10048.00 2   0.0 -67.5      4080350   0   1850      1000200
     5  0 1  95.62 10048.00 2   0.0 -66.9      5080100   0   1700       999750
     6  0 1  94.92 10049.50 2   0.0 -66.3      6079800   0   1700       999700
     7  0 1  94.57 10039.00 2   0.0 -65.0      8080000   0   1800      2000200
     8  0 1  94.57 10039.00 2   0.0 -64.4      9079950   0   1750       999950
     9  0 1  94.57 10040.50 2   0.0 -63.8     10079500   0   1700       999550
    10  0 1  95.62 10039.00 2   0.0 -63.1     11079700   0   1700      1000200
    11  0 1  94.92 10030.00 2   0.0 -62.5     12080150   0   2100      1000450
    12  0 1  94.22 10028.50 2   0.0 -61.9     13059950   0   1700       979800
    13  0 1  94.22 10030.00 2   0.0 -61.3     14039450   0   1950       979500
    14  0 1  94.22 10030.00 2   0.0 -60.6     15019400   0   2100       979950
    15  0 1  94.92 10021.00 2   0.0 -60.0     15999800   0   1700       980400
    16  0 1  94.57 10019.50 2   0.0 -58.8     17950100   0   1900      1950300
    17  0 1  94.22 10018.00 2   0.0 -58.1     18920100   0   2100       970000
    18  0 1  94.22 10010.50 2   0.0 -57.5     19890400   0   1950       970300
    19  0 1  94.22 10009.00 2   0.0 -57.2     20860100   0   2000       969700
    20  0 1  94.92 10009.00 2   0.0 -56.6     21830450   0   2000       970350
    21  0 1  94.92 10010.50 2   0.0 -55.9     22800250   0   1650       969800
    22  0 1  95.62 10000.00 2   0.0 -55.3     23769900   0   2000       969650
    23  0 1  94.57  9998.50 2   0.0 -54.7     24739950   0   1750       970050
    24  0 1  95.27 10000.00 2   0.0 -54.1     25710100   0   1700       970150
    25  0 1  95.27  9989.50 2   0.0 -53.1     27680150   0   2000      1970050
    26  0 1  94.22  9991.00 2   0.0 -52.5     28680150   0   1750      1000000
    27  0 1  95.62  9988.00 2   0.0 -51.9     29680400   0   1900      1000250
    28  0 1  94.92  9991.00 2   0.0 -51.3     30679900   0   2100       999500
    29  0 1  94.57  9979.00 2   0.0 -50.6     31680000   0   2100      1000100
    30  0 1  95.27  9979.00 2   0.0 -50.3     32680000   0   1650      1000000
    31  0 1  94.22  9980.50 2   0.0 -49.7     33679750   0   1850       999750
    32  0 1  94.92  9980.50 2   0.0 -49.1     34679900   0   1850      1000150
    33  0 1  94.57  9970.00 2   0.0 -48.4     35679400   0   1900       999500
    34  0 1  94.92  9968.50 2   0.0 -47.5     37670200   0   2100      1990800
    35  0 1  94.92  9970.00 2   0.0 -46.9     38660550   0   1700       990350
    36  0 1  94.57  9958.00 2   0.0 -46.6     39650650   0   1950       990100
    37  0 1  95.27  9959.50 2   0.0 -45.9     40640250   0   2100       989600
    38  0 1  94.57  9961.00 2   0.0 -45.6     41630250   0   1700       990000
    39  0 1  94.22  9959.50 2   0.0 -45.0     42629750   0   1900       999500
    40  0 1  94.22  9949.00 2   0.0 -44.4     43629800   0   1900      1000050
    41  0 1  95.62  9949.00 2   0.0 -44.1     44629700   0   1700       999900
    42  0 1  94.22  9949.00 2   0.0 -43.4     45629200   0   1800       999500
    43  0 1  94.57  9940.00 2   0.0 -42.5     47639200   0   1850      2010000
    44  0 1  94.57  9940.00 2   0.0 -42.2     48649000   0   2050      1009800
    45  0 1  94.22  9940.00 2   0.0 -41.6     49659350   0   2000      1010350
    46  0 1  95.27  9938.50 2   0.0 -41.3     50669750   0   2100      1010400
    47  0 1  94.92 10069.00 2   0.0 -40.9     51679500   0   1750      1009750
    48  0 1  94.22 10069.00 2   0.0 -40.3     52679550   0   1700      1000050
    49  0 1  94.22 10069.00 2   0.0 -40.0     53679350   0   1750       999800
    50  0 1  95.27 10069.00 2   0.0 -39.7     54679350   0   1950      1000000
    51  0 1  94.22 10060.00 2   0.0 -39.1     55679400   0   2000      1000050
    52  0 1  95.62 10060.00 2   0.0 -38.4     57719350   0   1900      2039950
    53  0 1  95.27 10058.50 2   0.0 -38.1     58759700   0   1750      1040350
    54  0 1  94.92 10051.00 2   0.0 -37.5     59799700   0   1850      1040000
    55  0 1  95.62 10048.00 2   0.0 -37.2     60839700   0   1650      1040000
    56  0 1  95.62 10051.00 2   0.0 -36.9     61879700   0   1800      1040000
    57  0 1  95.27 10051.00 2   0.0 -36.6     62879250   0   2000       999550
    58  0 1  95.27 10039.00 2   0.0 -36.3     63879600   0   2050      1000350
    59  0 1  94.57 10039.00 2   0.0 -35.9     64880050   0   1650      1000450
    60  0 1  94.22 10040.50 2   0.0 -35.6     65880050   0   1850      1000000
    61  0 1  95.27 10030.00 2   0.0 -35.0     67879950   0   1750      1999900
    62  0 1  94.92 10030.00 2   0.0 -34.7     68880350   0   2000      1000400
    63  0 1  95.27 10028.50 2   0.0 -34.4     69880550   0   1850      1000200
    64  0 1  94.57 10030.00 2   0.0 -34.1     70881000   0   2000      1000450
    65  0 1  95.27 10021.00 2   0.0 -33.8     71880600   0   2000       999600
    66  0 1  95.62 10019.50 2   0.0 -33.4     72860900   0   1750       980300
    67  0 1  94.92 10018.00 2   0.0 -33.4     73840600   0   1700       979700
    68  0 1  95.27 10018.00 2   0.0 -33.1     74820450   0   1700       979850
    69  0 1  94.57 10009.00 2   0.0 -32.8     75800900   0   1750       980450
    70  0 1  95.27 10010.50 2   0.0 -32.5     77750650   0   2050      1949750
    71  0 1  94.92 10009.00 2   0.0 -32.2     78720550   0   2100       969900
    72  0 1  95.27 10000.00 2   0.0 -31.9     79690200   0   1850       969650
    73  0 1  94.92  9998.50 2   0.0 -31.9     80660350   0   2050       970150
    74  0 1  95.62 10000.00 2   0.0 -31.6     81630650   0   2050       970300
    75  0 1  95.27 10000.00 2   0.0 -31.6     82600850   0   1800       970200
    76  0 1  94.22  9989.50 2   0.0 -31.3     83570700   0   1850       969850
    77  0 1  94.92  9989.50 2   0.0 -31.3     84541100   0   2000       970400
    78  0 1  95.62  9991.00 2   0.0 -30.9     85511000   0   2100       969900
    79  0 1  95.62  9979.00 2   0.0 -30.6     87481050   0   1650      1970050
    80  0 1  95.62  9979.00 2   0.0 -30.6     88481300   0   1750      1000250
    81  0 1  95.27  9980.50 2   0.0 -30.6     89481050   0   1750       999750
    82  0 1  94.92  9979.00 2   0.0 -30.3     90480900   0   2100       999850
    83  0 1  94.92  9970.00 2   0.0 -30.3     91481050   0   2100      1000150
    84  0 1  94.92  9970.00 2   0.0 -30.3     92481300   0   1950      1000250
    85  0 1  95.62  9970.00 2   0.0 -30.3     93481650   0   2050      1000350
    86  0 1  94.57  9970.00 2   0.0 -30.0     94481900   0   1650      1000250
    87  0 1  94.57  9959.50 2   0.0 -30.0     95481500   0   1650       999600
    88  0 1  94.57  9961.00 2   0.0 -30.0     97471100   0   1850      1989600
    89  0 1  94.92  9958.00 2   0.0 -30.0     98461300   0   2000       990200
    90  0 1  94.57  9950.50 2   0.0 -30.0     99451350   0   1800       990050
    91  0 1  95.62  9949.00 2   0.0 -30.0    100441450   0   2050       990100
    92  0 1  95.62  9949.00 2   0.0 -30.0    101431500   0   2000       990050
    93  0 1  94.92  9949.00 2   0.0 -30.0    102431750   0   1800      1000250
    94  0 1  95.62  9940.00 2   0.0 -30.0    103431900   0   1650      1000150
    95  0 1  94.57  9940.00 2   0.0 -30.0    104431550   0   2000       999650
    96  0 1  94.57  9940.00 2   0.0 -30.3    105431400   0   1650       999850
    97  0 1  95.27 10069.00 2   0.0 -30.3    107441400   0   1950      2010000
    98  0 1  95.27 10069.00 2   0.0 -30.3    108451350   0   1750      1009950
    99  0 1  94.22 10069.00 2   0.0 -30.6    109461350   0   1850      1010000
   100  0 1  95.27 10069.00 2   0.0 -30.6    110471650   0   1750      1010300
   101  0 1  94.57 10060.00 2   0.0 -30.6    111481900   0   2050      1010250
   102  0 1  95.27 10060.00 2   0.0 -30.9    112481650   0   1850       999750
   103  0 1  95.27 10060.00 2   0.0 -30.9    113481600   0   2100       999950
   104  0 1  94.57 10060.00 2   0.0 -31.3    114481250   0   2100       999650
   105  0 1  95.27 10048.00 2   0.0 -31.3    115481600   0   1650      1000350
   106  0 1  94.22 10048.00 2   0.0 -31.6    117522100   0   1950      2040500
   107  0 1  94.92 10049.50 2   0.0 -31.9    118561600   0   1650      1039500
   108  0 1  94.22 10039.00 2   0.0 -31.9    119601900   0   1800      1040300
   109  0 1  94.92 10040.50 2   0.0 -32.2    120642200   0   1700      1040300
   110  0 1  95.27 10040.50 2   0.0 -32.5    121682050   0   1700      1039850
   111  0 1  94.57 10039.00 2   0.0 -32.5    122682000   0   2050       999950
   112  0 1  94.57 10030.00 2   0.0 -32.8    123681750   0   1850       999750
   113  0 1  95.27 10030.00 2   0.0 -33.1    124681300   0   2000       999550
   114  0 1  95.62 10030.00 2   0.0 -33.4    125680850   0   1700       999550
   115  0 1  94.57 10018.00 2   0.0 -33.8    127681050   0   1650      2000200
   116  0 1  95.62 10018.00 2   0.0 -34.1    128680700   0   2100       999650
   117  0 1  94.22 10018.00 2   0.0 -34.4    129680350   0   2050       999650
   118  0 1  95.62 10019.50 2   0.0 -34.7    130679950   0   2000       999600
   119  0 1  94.57 10009.00 2   0.0 -35.0    131679450   0   1700       999500
   120  0 1  94.57 10009.00 2   0.0 -35.3    132659300   0   1800       979850
   121  0 1  94.57 10009.00 2   0.0 -35.6    133639400   0   1700       980100
   122  0 1  94.57 10009.00 2   0.0 -35.9    134619050   0   1850       979650
   123  0 1  94.57 10000.00 2   0.0 -36.3    135599200   0   1700       980150
   124  0 1  95.62  9998.50 2   0.0 -36.9    137548300   0   1900      1949100
   125  0 1  95.62  9998.50 2   0.0 -37.2    138518000   0   1800       969700
   126  0 1  94.22  9991.00 2   0.0 -37.5    139488050   0   1650       970050
   127  0 1  94.22  9991.00 2   0.0 -38.1    140457650   0   1650       969600
   128  0 1  95.27  9988.00 2   0.0 -38.4    141428000   0   2050       970350
   129  0 1  95.27  9991.00 2   0.0 -38.8    142397600   0   2050       969600
   130  0 1  95.27  9979.00 2   0.0 -39.1    143367100   0   1800       969500
   131  0 1  94.92  9979.00 2   0.0 -39.7    144336900   0   1850       969800
   132  0 1  94.22  9979.00 2   0.0 -40.0    145307300   0   1950       970400
   133  0 1  95.27  9968.50 2   0.0 -40.9    147277400   0   2000      1970100
   134  0 1  94.22  9970.00 2   0.0 -41.3    148277300   0   2000       999900
   135  0 1  95.27  9970.00 2   0.0 -41.6    149277350   0   1900      1000050
   136  0 1  94.92  9970.00 2   0.0 -42.2    150277400   0   1900      1000050
   137  0 1  94.57  9959.50 2   0.0 -42.5    151277850   0   1650      1000450
   138  0 1  94.57  9959.50 2   0.0 -43.1    152278050   0   2100      1000200
   139  0 1  94.92  9959.50 2   0.0 -43.4    153277850   0   1850       999800
   140  0 1  94.57  9961.00 2   0.0 -44.1    154277800   0   2050       999950
   141  0 1  95.62  9949.00 2   0.0 -44.4    155278200   0   2050      1000400
   142  0 1  94.92  9950.50 2   0.0 -45.6    157268500   0   1750      1990300
   143  0 1  94.22  9949.00 2   0.0 -45.9    158258150   0   2100       989650
   144  0 1  94.92  9938.50 2   0.0 -46.6    159247650   0   2000       989500
   145  0 1  94.22  9940.00 2   0.0 -46.9    160238050   0   1650       990400
   146  0 1  94.22  9940.00 2   0.0 -47.5    161228250   0   1700       990200
   147  0 1  95.27  9940.00 2   0.0 -48.1    162227850   0   2000       999600
   148  0 1  95.27 10069.00 2   0.0 -48.4    163227700   0   2050       999850
   149  0 1  94.22 10069.00 2   0.0 -49.1    164227750   0   1900      1000050
   150  0 1  95.62 10069.00 2   0.0 -49.7    165228200   0   1800      1000450
   151  0 1  94.92 10058.50 2   0.0 -50.6    167237750   0   2000      2009550
   152  0 1  95.27 10060.00 2   0.0 -51.3    168247800   0   2100      1010050
   153  0 1  95.62 10060.00 2   0.0 -51.9    169257550   0   2000      1009750
   154  0 1  95.62 10060.00 2   0.0 -52.5    170267750   0   2100      1010200
   155  0 1  94.57 10051.00 2   0.0 -53.1    171278150   0   1950      1010400
   156  0 1  95.62 10049.50 2   0.0 -53.4    172278400   0   2100      1000250
   157  0 1  94.92 10051.00 2   0.0 -54.1    173277950   0   2100       999550
   158  0 1  95.27 10049.50 2   0.0 -54.7    174277500   0   1650       999550
   159  0 1  94.92 10039.00 2   0.0 -55.3    175277300   0   2100       999800
   160  0 1  94.57 10040.50 2   0.0 -56.6    177317500   0   1650      2040200
   161  0 1  94.92 10039.00 2   0.0 -57.2    178357250   0   1650      1039750
   162  0 1  95.62 10030.00 2   0.0 -57.5    179397050   0   1650      1039800
   163  0 1  95.62 10028.50 2   0.0 -58.1    180436900   0   1900      1039850
   164  0 1  95.62 10030.00 2   0.0 -58.8    181477200   0   1700      1040300
   165  0 1  94.22 10030.00 2   0.0 -59.4    182477050   0   1700       999850
   166  0 1  95.27 10021.00 2   0.0 -60.0    183477450   0   1950      1000400
   167  0 1  94.57 10018.00 2   0.0 -60.6    184477800   0   2050      1000350
   168  0 1  94.57 10019.50 2   0.0 -61.3    185477350   0   1700       999550
   169  0 1  95.27 10009.00 2   0.0 -62.5    187476600   0   1850      1999250
   170  0 1  94.92 10009.00 2   0.0 -63.1    188476850   0   1800      1000250
   171  0 1  94.57 10010.50 2   0.0 -63.8    189476800   0   1850       999950
   172  0 1  95.62 10009.00 2   0.0 -64.4    190476700   0   2100       999900
   173  0 1  94.92  9998.50 2   0.0 -65.0    191476450   0   1750       999750
   174  0 1  94.57 10000.00 2   0.0 -65.6    192456100   0   1700       979650
   175  0 1  95.27 10000.00 2   0.0 -66.3    193436150   0   1850       980050
   176  0 1  95.62 10000.00 2   0.0 -66.9    194416250   0   2050       980100
   177  0 1  94.22  9989.50 2   0.0 -67.5    195396450   0   1900       980200
   178  0 1  95.62  9991.00 2   0.0 -68.8    197346950   0   1750      1950500
   179  0 1  94.92  9988.00 2   0.0 -69.4    198316600   0   1900       969650
