    NO  S V  AOA    FREQ    B  FMOP  AMP      TOA      PMOP  PW         dTOA  
------ -- - ------ -------- - ----- ----- ------------ --- ------ ------------
     0  0 1  94.57  9842.50 2   0.0 -70.0            0   0   1950  42949673000
     1  0 1  94.92  9989.50 2   0.0 -69.1       990300   0   2000       990300
     2  0 1  95.62 10039.00 2   0.0 -68.4      1980550   0   1800       990250
     3  0 1  94.92  9847.00 2   0.0 -67.5      2970450   0   1650       989900
     4  0 1  95.27 10150.00 2   0.0 -66.6      3960550   0   1750       990100
     5  0 1  94.22  9845.50 2   0.0 -65.0      5940100   0   1600      1979550
     6  0 1  95.27  9872.50 2   0.0 -64.1      6929650   0   1900       989550
     7  0 1  95.62  9988.00 2   0.0 -63.4      7929300   0   1700       999650
     8  0 1  94.92  9875.50 2   0.0 -62.5      8929350   0   1600      1000050
     9  0 1  95.62 10054.00 2   0.0 -61.6      9929500   0   1600      1000150
    10  0 1  94.92 10187.50 2   0.0 -60.9     10929050   0   2000       999550
    11  0 1  95.27 10135.00 2   0.0 -60.0     11929400   0   1950      1000350
    12  0 1  95.27  9988.00 2   0.0 -59.4     12929150   0   1600       999750
    13  0 1  95.62  9886.00 2   0.0 -58.4     13928850   0   1700       999700
    14  0 1  95.62 10072.00 2   0.0 -56.9     15948950   0   1950      2020100
    15  0 1  94.57  9931.00 2   0.0 -55.9     16958900   0   1550      1009950
    16  0 1  95.27 10187.50 2   0.0 -55.3     17968800   0   1700      1009900
    17  0 1  94.92 10082.50 2   0.0 -54.4     18978350   0   1700      1009550
    18  0 1  94.22  9850.00 2   0.0 -53.8     19988250   0   2000      1009900
    19  0 1  94.22 10018.00 2   0.0 -53.1     20998550   0   1750      1010300
    20  0 1  94.57  9952.00 2   0.0 -52.2     22018200   0   1600      1019650
    21  0 1  94.57  9902.50 2   0.0 -51.6     23038650   0   1600      1020450
    22  0 1  94.57 10028.50 2   0.0 -50.6     24058250   0   1850      1019600
    23  0 1  94.92 10147.00 2   0.0 -49.4     26098950   0   1750      2040700
    24  0 1  94.57 10064.50 2   0.0 -48.4     27119350   0   1800      1020400
    25  0 1  95.27 10099.00 2   0.0 -47.8     28139750   0   1650      1020400
    26  0 1  94.22  9973.00 2   0.0 -47.2     29169750   0   1550      1030000
    27  0 1  95.27 10108.00 2   0.0 -46.6     30199850   0   1650      1030100
    28  0 1  94.92  9907.00 2   0.0 -45.9     31229500   0   1750      1029650
    29  0 1  94.92  9913.00 2   0.0 -45.0     32259800   0   1850      1030300
    30  0 1  94.22 10156.00 2   0.0 -44.4     33289400   0   1700      1029600
    31  0 1  94.92 10114.00 2   0.0 -43.8     34319700   0   1550      1030300
    32  0 1  95.62  9983.50 2   0.0 -42.5     36309150   0   1650      1989450
    33  0 1  94.22 10126.00 2   0.0 -41.9     37269350   0   1700       960200
    34  0 1  94.92 10066.00 2   0.0 -41.6     38229150   0   1700       959800
    35  0 1  95.62  9874.00 2   0.0 -40.9     39188900   0   1950       959750
    36  0 1  94.92 10132.00 2   0.0 -40.3     40149000   0   2000       960100
    37  0 1  94.92 10139.50 2   0.0 -39.7     41108850   0   1600       959850
    38  0 1  94.57 10048.00 2   0.0 -39.1     42068800   0   1600       959950
    39  0 1  95.27 10165.00 2   0.0 -38.8     43038450   0   1600       969650
    40  0 1  94.22 10198.00 2   0.0 -38.1     44008550   0   1950       970100
    41  0 1  94.22  9985.00 2   0.0 -37.2     45948200   0   1800      1939650
    42  0 1  95.27 10067.50 2   0.0 -36.6     46918000   0   1600       969800
    43  0 1  94.57 10114.00 2   0.0 -36.3     47888050   0   1550       970050
    44  0 1  94.92  9817.00 2   0.0 -35.9     48858500   0   1600       970450
    45  0 1  94.92 10147.00 2   0.0 -35.3     49838700   0   2000       980200
    46  0 1  95.27  9805.00 2   0.0 -35.0     50819000   0   1700       980300
    47  0 1  94.92  9866.50 2   0.0 -34.7     51798650   0   1850       979650
    48  0 1  95.62 10117.00 2   0.0 -34.1     52779100   0   1750       980450
    49  0 1  94.57 10162.00 2   0.0 -33.8     53759500   0   1800       980400
    50  0 1  94.92  9823.00 2   0.0 -33.1     55719500   0   1950      1960000
    51  0 1  95.27 10111.00 2   0.0 -32.8     56709950   0   1950       990450
    52  0 1  95.62 10192.00 2   0.0 -32.5     57700250   0   1700       990300
    53  0 1  95.62  9874.00 2   0.0 -32.2     58690300   0   1550       990050
    54  0 1  95.62 10061.50 2   0.0 -31.9     59680200   0   1800       989900
    55  0 1  95.27 10144.00 2   0.0 -31.6     60670050   0   2000       989850
    56  0 1  95.62  9799.00 2   0.0 -31.6     61660050   0   1550       990000
    57  0 1  95.27 10169.50 2   0.0 -31.3     62649600   0   1600       989550
    58  0 1  94.57  9991.00 2   0.0 -30.9     63649150   0   1650       999550
    59  0 1  95.62 10120.00 2   0.0 -30.6     65649550   0   1950      2000400
    60  0 1  94.22  9857.50 2   0.0 -30.6     66649700   0   1550      1000150
    61  0 1  94.22 10153.00 2   0.0 -30.3     67649750   0   1700      1000050
    62  0 1  95.27 10093.00 2   0.0 -30.3     68650150   0   1650      1000400
    63  0 1  94.57  9928.00 2   0.0 -30.3     69650300   0   1600      1000150
    64  0 1  95.62  9982.00 2   0.0 -30.0     70660750   0   1550      1010450
    65  0 1  95.62 10063.00 2   0.0 -30.0     71670500   0   1800      1009750
    66  0 1  94.92 10027.00 2   0.0 -30.0     72680000   0   1700      1009500
    67  0 1  94.92  9856.00 2   0.0 -30.0     73689950   0   1950      1009950
    68  0 1  94.57 10105.00 2   0.0 -30.0     75710000   0   1700      2020050
    69  0 1  94.22  9875.50 2   0.0 -30.0     76719600   0   1850      1009600
    70  0 1  95.27  9980.50 2   0.0 -30.0     77739200   0   1800      1019600
    71  0 1  94.92 10102.00 2   0.0 -30.0     78758800   0   1700      1019600
    72  0 1  95.27  9977.50 2   0.0 -30.3     79778750   0   1600      1019950
    73  0 1  94.92 10187.50 2   0.0 -30.3     80798850   0   1550      1020100
    74  0 1  95.27  9895.00 2   0.0 -30.3     81819000   0   1650      1020150
    75  0 1  94.57 10006.00 2   0.0 -30.6     82839150   0   1650      1020150
    76  0 1  95.27  9871.00 2   0.0 -30.6     83858900   0   1550      1019750
    77  0 1  94.92  9886.00 2   0.0 -30.9     85919050   0   1850      2060150
    78  0 1  94.92 10159.00 2   0.0 -31.3     86949300   0   1550      1030250
    79  0 1  94.57  9809.50 2   0.0 -31.6     87979050   0   1900      1029750
    80  0 1  95.62 10103.50 2   0.0 -31.6     89008750   0   1650      1029700
    81  0 1  94.22 10012.00 2   0.0 -31.9     90039100   0   1950      1030350
    82  0 1  95.27  9836.50 2   0.0 -32.2     91069200   0   1900      1030100
    83  0 1  95.27 10139.50 2   0.0 -32.5     92029450   0   1800       960250
    84  0 1  95.62  9817.00 2   0.0 -32.8     92989300   0   1550       959850
    85  0 1  94.57 10147.00 2   0.0 -33.1     93949250   0   1550       959950
    86  0 1  95.27 10148.50 2   0.0 -33.8     95868900   0   1600      1919650
    87  0 1  94.92  9814.00 2   0.0 -34.1     96828700   0   1550       959800
    88  0 1  94.57  9964.00 2   0.0 -34.7     97788250   0   1600       959550
    89  0 1  95.27 10088.50 2   0.0 -35.0     98757850   0   2000       969600
    90  0 1  94.57 10042.00 2   0.0 -35.3     99727850   0   1900       970000
    91  0 1  95.62 10087.00 2   0.0 -35.9    100698100   0   1900       970250
    92  0 1  94.22  9937.00 2   0.0 -36.3    101667800   0   1550       969700
    93  0 1  94.57 10153.00 2   0.0 -36.6    102637750   0   1600       969950
    94  0 1  94.22  9991.00 2   0.0 -37.2    103608100   0   1950       970350
    95  0 1  95.62 10183.00 2   0.0 -38.1    105557350   0   1950      1949250
    96  0 1  94.92 10088.50 2   0.0 -38.8    106536850   0   1700       979500
    97  0 1  94.57 10180.00 2   0.0 -39.1    107517100   0   2000       980250
    98  0 1  94.92  9995.50 2   0.0 -39.7    108497000   0   1750       979900
    99  0 1  94.57  9964.00 2   0.0 -40.3    109476850   0   1600       979850
   100  0 1  95.62 10087.00 2   0.0 -40.9    110456850   0   1600       980000
   101  0 1  94.22 10177.00 2   0.0 -41.6    111437150   0   1700       980300
   102  0 1  95.62  9940.00 2   0.0 -41.9    112426700   0   1950       989550
   103  0 1  95.62 10178.50 2   0.0 -42.5    113416350   0   1650       989650
   104  0 1  94.22 10192.00 2   0.0 -43.8    115396100   0   1550      1979750
   105  0 1  94.22  9988.00 2   0.0 -44.4    116386350   0   1850       990250
   106  0 1  94.22  9827.50 2   0.0 -45.0    117375950   0   1650       989600
   107  0 1  94.92 10066.00 2   0.0 -45.9    118366000   0   1900       990050
   108  0 1  95.62 10135.00 2   0.0 -46.6    119366000   0   1650      1000000
   109  0 1  94.92 10051.00 2   0.0 -47.2    120366050   0   2000      1000050
   110  0 1  95.62  9823.00 2   0.0 -47.8    121366300   0   2000      1000250
   111  0 1  95.27 10027.00 2   0.0 -48.4    122366650   0   1950      1000350
   112  0 1  95.62  9896.50 2   0.0 -49.4    123367050   0   1550      1000400
   113  0 1  94.57  9883.00 2   0.0 -50.6    125366250   0   1700      1999200
   114  0 1  94.92  9887.50 2   0.0 -51.6    126376200   0   1550      1009950
   115  0 1  95.27  9994.00 2   0.0 -52.2    127386050   0   1800      1009850
   116  0 1  95.62 10138.00 2   0.0 -53.1    128396150   0   1700      1010100
   117  0 1  94.57 10000.00 2   0.0 -53.8    129406500   0   1700      1010350
   118  0 1  94.92 10111.00 2   0.0 -54.4    130416700   0   1850      1010200
   119  0 1  94.57 10030.00 2   0.0 -55.3    131426350   0   1900      1009650
   120  0 1  94.57 10097.50 2   0.0 -55.9    132436450   0   1600      1010100
   121  0 1  94.57 10181.50 2   0.0 -56.9    133456250   0   1550      1019800
   122  0 1  94.92  9949.00 2   0.0 -58.4    135495600   0   1900      2039350
   123  0 1  94.57 10118.50 2   0.0 -59.4    136515300   0   1850      1019700
   124  0 1  94.57 10057.00 2   0.0 -60.0    137535550   0   1850      1020250
   125  0 1  95.62 10046.50 2   0.0 -60.9    138555350   0   1600      1019800
   126  0 1  94.57 10147.00 2   0.0 -61.6    139575250   0   1650      1019900
   127  0 1  94.57 10078.00 2   0.0 -62.5    140604800   0   1550      1029550
   128  0 1  95.62  9979.00 2   0.0 -63.4    141634600   0   1800      1029800
   129  0 1  94.57  9961.00 2   0.0 -64.1    142664100   0   1950      1029500
   130  0 1  94.22 10180.00 2   0.0 -65.0    143694050   0   1650      1029950
   131  0 1  94.92 10169.50 2   0.0 -66.6    145753300   0   2000      2059250
   132  0 1  94.22 10025.50 2   0.0 -67.5    146783500   0   1750      1030200
   133  0 1  94.92 10051.00 2   0.0 -68.4    147743050   0   1750       959550
   134  0 1  94.57  9949.00 2   0.0 -69.1    148702550   0   1800       959500
