    NO  S V  AOA    FREQ    B  FMOP  AMP      TOA      PMOP  PW         dTOA  
------ -- - ------ -------- - ----- ----- ------------ --- ------ ------------
     0  0 1  95.62  9985.00 2   0.0 -70.0            0   0   1800  42949673000
     1  0 1  95.62 10000.00 2   0.0 -69.1      1030200   0   1550      1030200
     2  0 1  95.62  9877.00 2   0.0 -68.4      2060600   0   1950      1030400
     3  0 1  94.57  9841.00 2   0.0 -66.6      4120900   0   1900      2060300
     4  0 1  95.27  9814.00 2   0.0 -65.9      5151200   0   1650      1030300
     5  0 1  94.57  9815.50 2   0.0 -65.0      6181100   0   2000      1029900
     6  0 1  94.22  9890.50 2   0.0 -64.1      7210700   0   1850      1029600
     7  0 1  95.62 10007.50 2   0.0 -63.4      8170550   0   1950       959850
     8  0 1  94.57 10130.50 2   0.0 -62.5      9130950   0   2000       960400
     9  0 1  94.22  9898.00 2   0.0 -61.6     10091000   0   1900       960050
    10  0 1  94.57 10193.50 2   0.0 -60.9     11050950   0   1750       959950
    11  0 1  94.57 10042.00 2   0.0 -60.0     12010800   0   1850       959850
    12  0 1  94.92 10147.00 2   0.0 -58.4     13930550   0   1550      1919750
    13  0 1  95.62 10024.00 2   0.0 -57.5     14900550   0   1650       970000
    14  0 1  95.27 10118.50 2   0.0 -56.9     15870950   0   1850       970400
    15  0 1  94.57  9974.50 2   0.0 -55.9     16840850   0   1750       969900
    16  0 1  94.92 10144.00 2   0.0 -55.3     17810450   0   1950       969600
    17  0 1  95.62  9905.50 2   0.0 -54.4     18780100   0   1800       969650
    18  0 1  95.62 10090.00 2   0.0 -53.8     19749700   0   1650       969600
    19  0 1  95.62 10162.00 2   0.0 -53.1     20719650   0   1600       969950
    20  0 1  94.22 10004.50 2   0.0 -52.2     21699950   0   1900       980300
    21  0 1  94.57 10120.00 2   0.0 -50.6     23660300   0   1800      1960350
    22  0 1  94.57 10043.50 2   0.0 -50.0     24639950   0   1900       979650
    23  0 1  94.57 10096.00 2   0.0 -49.4     25619850   0   1550       979900
    24  0 1  94.92  9841.00 2   0.0 -48.4     26599600   0   1600       979750
    25  0 1  94.92 10157.50 2   0.0 -47.8     27579100   0   1950       979500
    26  0 1  95.27 10108.00 2   0.0 -47.2     28569200   0   1650       990100
    27  0 1  95.27  9844.00 2   0.0 -46.6     29559450   0   1650       990250
    28  0 1  94.92 10066.00 2   0.0 -45.9     30549700   0   1800       990250
    29  0 1  94.57  9934.00 2   0.0 -45.0     31539750   0   1750       990050
    30  0 1  95.62  9941.50 2   0.0 -43.8     33520550   0   1950      1980800
    31  0 1  94.57  9994.00 2   0.0 -43.1     34510250   0   1900       989700
    32  0 1  94.57 10034.50 2   0.0 -42.5     35510300   0   1800      1000050
    33  0 1  95.27  9880.00 2   0.0 -41.9     36509950   0   1600       999650
    34  0 1  94.57 10003.00 2   0.0 -41.6     37510200   0   1900      1000250
    35  0 1  94.92  9895.00 2   0.0 -40.9     38510400   0   1900      1000200
    36  0 1  94.57  9956.50 2   0.0 -40.3     39510350   0   1800       999950
    37  0 1  94.57  9841.00 2   0.0 -39.7     40510550   0   1650      1000200
    38  0 1  95.62 10097.50 2   0.0 -39.1     41511000   0   1950      1000450
    39  0 1  94.92  9934.00 2   0.0 -38.1     43530800   0   1900      2019800
    40  0 1  95.27  9881.50 2   0.0 -37.5     44541000   0   1550      1010200
    41  0 1  94.92  9820.00 2   0.0 -37.2     45551250   0   2000      1010250
    42  0 1  95.62  9850.00 2   0.0 -36.6     46560850   0   1900      1009600
    43  0 1  94.22  9974.50 2   0.0 -36.3     47570800   0   1600      1009950
    44  0 1  95.27 10156.00 2   0.0 -35.9     48581100   0   1700      1010300
    45  0 1  94.92  9983.50 2   0.0 -35.3     49601050   0   2000      1019950
    46  0 1  94.22  9913.00 2   0.0 -35.0     50621000   0   1550      1019950
    47  0 1  95.27 10183.00 2   0.0 -34.7     51640750   0   1550      1019750
    48  0 1  94.92 10058.50 2   0.0 -33.8     53681050   0   1600      2040300
    49  0 1  94.57  9823.00 2   0.0 -33.4     54700900   0   1950      1019850
    50  0 1  94.92 10109.50 2   0.0 -33.1     55720400   0   1700      1019500
    51  0 1  94.22  9967.00 2   0.0 -32.8     56750250   0   1700      1029850
    52  0 1  95.62 10129.00 2   0.0 -32.5     57780400   0   1750      1030150
    53  0 1  94.22  9938.50 2   0.0 -32.2     58810050   0   1650      1029650
    54  0 1  94.92  9982.00 2   0.0 -31.9     59839950   0   2000      1029900
    55  0 1  94.57  9871.00 2   0.0 -31.6     60870350   0   1650      1030400
    56  0 1  94.57  9937.00 2   0.0 -31.6     61900550   0   1850      1030200
    57  0 1  95.62  9974.50 2   0.0 -30.9     63890350   0   1600      1989800
    58  0 1  95.27 10135.00 2   0.0 -30.9     64850200   0   1750       959850
    59  0 1  95.27 10006.00 2   0.0 -30.6     65809850   0   1700       959650
    60  0 1  94.57  9934.00 2   0.0 -30.6     66769500   0   1750       959650
    61  0 1  95.27  9949.00 2   0.0 -30.3     67729150   0   1950       959650
    62  0 1  95.27  9841.00 2   0.0 -30.3     68689200   0   1950       960050
    63  0 1  94.92 10019.50 2   0.0 -30.3     69649000   0   1550       959800
    64  0 1  94.57  9994.00 2   0.0 -30.0     70618500   0   1850       969500
    65  0 1  94.92 10133.50 2   0.0 -30.0     71588150   0   1700       969650
    66  0 1  95.27  9817.00 2   0.0 -30.0     73527500   0   1600      1939350
    67  0 1  95.62 10106.50 2   0.0 -30.0     74497550   0   1950       970050
    68  0 1  94.57  9851.50 2   0.0 -30.0     75467950   0   1850       970400
    69  0 1  94.92 10171.00 2   0.0 -30.0     76438000   0   2000       970050
    70  0 1  95.62  9995.50 2   0.0 -30.0     77417500   0   1800       979500
    71  0 1  95.62  9817.00 2   0.0 -30.0     78397800   0   1650       980300
    72  0 1  95.62  9868.00 2   0.0 -30.3     79377850   0   1650       980050
    73  0 1  95.27  9863.50 2   0.0 -30.3     80357500   0   1750       979650
    74  0 1  94.92  9877.00 2   0.0 -30.3     81337150   0   1550       979650
    75  0 1  94.57  9970.00 2   0.0 -30.6     83296600   0   1850      1959450
    76  0 1  95.62  9908.50 2   0.0 -30.9     84287050   0   1550       990450
    77  0 1  95.27  9799.00 2   0.0 -30.9     85276700   0   1700       989650
    78  0 1  94.92 10073.50 2   0.0 -31.3     86266800   0   1650       990100
    79  0 1  95.27 10075.00 2   0.0 -31.6     87256850   0   1800       990050
    80  0 1  94.22  9928.00 2   0.0 -31.6     88246600   0   1550       989750
    81  0 1  94.22 10183.00 2   0.0 -31.9     89236200   0   1750       989600
    82  0 1  94.22  9970.00 2   0.0 -32.2     90226550   0   1550       990350
    83  0 1  95.27  9979.00 2   0.0 -32.5     91226750   0   1600      1000200
    84  0 1  94.57 10087.00 2   0.0 -33.1     93226850   0   2000      2000100
    85  0 1  94.22  9895.00 2   0.0 -33.4     94226950   0   1700      1000100
    86  0 1  95.62 10009.00 2   0.0 -33.8     95226450   0   1750       999500
    87  0 1  94.57  9998.50 2   0.0 -34.1     96225950   0   1650       999500
    88  0 1  94.57  9907.00 2   0.0 -34.7     97225550   0   1800       999600
    89  0 1  95.27  9920.50 2   0.0 -35.0     98235600   0   1850      1010050
    90  0 1  95.27  9913.00 2   0.0 -35.3     99245550   0   1650      1009950
    91  0 1  94.57  9934.00 2   0.0 -35.9    100256000   0   1850      1010450
    92  0 1  94.22  9839.50 2   0.0 -36.3    101265900   0   1600      1009900
    93  0 1  94.22 10142.50 2   0.0 -37.2    103285850   0   1950      2019950
    94  0 1  94.57  9913.00 2   0.0 -37.5    104295900   0   1550      1010050
    95  0 1  94.92  9982.00 2   0.0 -38.1    105315800   0   1900      1019900
    96  0 1  95.62 10066.00 2   0.0 -38.8    106335600   0   1900      1019800
    97  0 1  94.92  9899.50 2   0.0 -39.1    107355150   0   1950      1019550
    98  0 1  94.92 10183.00 2   0.0 -39.7    108375350   0   1650      1020200
    99  0 1  94.92  9929.50 2   0.0 -40.3    109395350   0   1550      1020000
   100  0 1  94.22 10172.50 2   0.0 -40.9    110414950   0   1550      1019600
   101  0 1  95.62 10013.50 2   0.0 -41.6    111435150   0   1900      1020200
   102  0 1  94.92 10022.50 2   0.0 -42.5    113495200   0   1800      2060050
   103  0 1  94.57 10082.50 2   0.0 -43.1    114525500   0   1650      1030300
   104  0 1  94.92 10192.00 2   0.0 -43.8    115555850   0   1850      1030350
   105  0 1  94.92  9808.00 2   0.0 -44.4    116585650   0   1550      1029800
   106  0 1  94.57 10195.00 2   0.0 -45.0    117615750   0   1650      1030100
   107  0 1  94.57  9809.50 2   0.0 -45.9    118645250   0   1850      1029500
   108  0 1  94.92 10193.50 2   0.0 -46.6    119605250   0   1800       960000
   109  0 1  95.27 10027.00 2   0.0 -47.2    120565350   0   1550       960100
   110  0 1  94.22  9994.00 2   0.0 -47.8    121525250   0   1950       959900
   111  0 1  94.57  9887.50 2   0.0 -49.4    123445200   0   1550      1919950
   112  0 1  95.62 10193.50 2   0.0 -50.0    124405300   0   1950       960100
   113  0 1  94.92 10124.50 2   0.0 -50.6    125365000   0   1900       959700
   114  0 1  95.27 10169.50 2   0.0 -51.6    126334600   0   1600       969600
   115  0 1  94.92 10138.00 2   0.0 -52.2    127304750   0   1550       970150
   116  0 1  94.92 10060.00 2   0.0 -53.1    128274400   0   2000       969650
   117  0 1  95.62  9967.00 2   0.0 -53.8    129243950   0   1950       969550
   118  0 1  94.92 10052.50 2   0.0 -54.4    130213900   0   1650       969950
   119  0 1  94.92  9976.00 2   0.0 -55.3    131183550   0   1700       969650
   120  0 1  94.92  9914.50 2   0.0 -56.9    133133400   0   1900      1949850
   121  0 1  94.57 10165.00 2   0.0 -57.5    134113000   0   1850       979600
   122  0 1  95.27 10103.50 2   0.0 -58.4    135093450   0   1700       980450
   123  0 1  94.57 10150.00 2   0.0 -59.4    136073150   0   1750       979700
   124  0 1  94.57 10039.00 2   0.0 -60.0    137053300   0   1700       980150
   125  0 1  94.57  9997.00 2   0.0 -60.9    138033250   0   1850       979950
   126  0 1  94.57  9908.50 2   0.0 -61.6    139012950   0   1900       979700
   127  0 1  95.27  9799.00 2   0.0 -62.5    140002650   0   1700       989700
   128  0 1  94.22  9994.00 2   0.0 -63.4    140992400   0   1550       989750
   129  0 1  94.92 10033.00 2   0.0 -65.0    142972650   0   1900      1980250
   130  0 1  95.27 10027.00 2   0.0 -65.9    143962800   0   1950       990150
   131  0 1  94.57 10015.00 2   0.0 -66.6    144953150   0   1800       990350
   132  0 1  95.27  9865.00 2   0.0 -67.5    145942850   0   1600       989700
   133  0 1  94.92  9847.00 2   0.0 -68.4    146943000   0   1750      1000150
   134  0 1  94.57 10135.00 2   0.0 -69.1    147943200   0   1600      1000200
