    NO  S V  AOA    FREQ    B  FMOP  AMP      TOA      PMOP  PW         dTOA  
------ -- - ------ -------- - ----- ----- ------------ --- ------ ------------
     0  0 1  94.92  9934.00 2   0.0 -70.0            0   0   1600  42949673000
     1  0 1  94.57 10175.50 2   0.0 -69.1      1020150   0   1700      1020150
     2  0 1  95.27 10117.00 2   0.0 -68.4      2040050   0   1550      1019900
     3  0 1  94.57  9872.50 2   0.0 -67.5      3059600   0   1750      1019550
     4  0 1  94.57  9940.00 2   0.0 -66.6      4079200   0   1650      1019600
     5  0 1  94.22  9938.50 2   0.0 -65.9      5098850   0   1850      1019650
     6  0 1  94.57 10069.00 2   0.0 -65.0      6119250   0   1850      1020400
     7  0 1  94.22  9881.50 2   0.0 -64.1      7139250   0   1700      1020000
     8  0 1  94.22 10078.00 2   0.0 -62.5      9199300   0   1650      2060050
     9  0 1  94.57  9997.00 2   0.0 -61.6     10229250   0   1650      1029950
    10  0 1  94.92 10156.00 2   0.0 -60.9     11259400   0   1800      1030150
    11  0 1  95.62  9835.00 2   0.0 -60.0     12289350   0   1650      1029950
    12  0 1  94.57  9955.00 2   0.0 -59.4     13319450   0   1800      1030100
    13  0 1  94.92  9842.50 2   0.0 -58.4     14349800   0   2000      1030350
    14  0 1  94.92  9977.50 2   0.0 -57.5     15310250   0   1900       960450
    15  0 1  94.22 10174.00 2   0.0 -56.9     16270350   0   1550       960100
    16  0 1  95.62 10027.00 2   0.0 -55.9     17230250   0   1950       959900
    17  0 1  94.57  9922.00 2   0.0 -54.4     19150350   0   1700      1920100
    18  0 1  94.57 10111.00 2   0.0 -53.8     20110800   0   1700       960450
    19  0 1  95.27  9799.00 2   0.0 -53.1     21071050   0   1650       960250
    20  0 1  95.62  9940.00 2   0.0 -52.2     22041100   0   1750       970050
    21  0 1  94.92  9814.00 2   0.0 -51.6     23011150   0   1550       970050
    22  0 1  94.92 10159.00 2   0.0 -50.6     23980700   0   1900       969550
    23  0 1  94.92 10153.00 2   0.0 -50.0     24950950   0   1700       970250
    24  0 1  95.27 10039.00 2   0.0 -49.4     25921050   0   1600       970100
    25  0 1  95.62 10132.00 2   0.0 -48.4     26891250   0   1950       970200
    26  0 1  95.27 10166.50 2   0.0 -47.2     28841550   0   2000      1950300
    27  0 1  94.22  9857.50 2   0.0 -46.6     29821850   0   2000       980300
    28  0 1  94.92  9991.00 2   0.0 -45.9     30802300   0   1600       980450
    29  0 1  95.62  9989.50 2   0.0 -45.0     31781800   0   1950       979500
    30  0 1  94.57 10094.50 2   0.0 -44.4     32761550   0   1850       979750
    31  0 1  95.27  9904.00 2   0.0 -43.8     33741200   0   1650       979650
    32  0 1  94.57 10139.50 2   0.0 -43.1     34721000   0   1950       979800
    33  0 1  95.27  9997.00 2   0.0 -42.5     35711150   0   1900       990150
    34  0 1  94.92 10024.00 2   0.0 -41.9     36700650   0   1950       989500
    35  0 1  94.92  9955.00 2   0.0 -40.9     38680050   0   1600      1979400
    36  0 1  94.22 10009.00 2   0.0 -40.3     39669950   0   1600       989900
    37  0 1  94.22 10153.00 2   0.0 -39.7     40660050   0   1650       990100
    38  0 1  94.92 10021.00 2   0.0 -39.1     41649800   0   1800       989750
    39  0 1  95.62  9991.00 2   0.0 -38.8     42649750   0   1600       999950
    40  0 1  95.27  9904.00 2   0.0 -38.1     43649400   0   1750       999650
    41  0 1  94.57  9982.00 2   0.0 -37.5     44649750   0   1650      1000350
    42  0 1  94.92  9806.50 2   0.0 -37.2     45649700   0   1550       999950
    43  0 1  94.92 10013.50 2   0.0 -36.6     46649850   0   1600      1000150
    44  0 1  95.62 10183.00 2   0.0 -35.9     48649850   0   1900      2000000
    45  0 1  94.92 10147.00 2   0.0 -35.3     49659400   0   1700      1009550
    46  0 1  94.92 10132.00 2   0.0 -35.0     50669850   0   1700      1010450
    47  0 1  94.57 10132.00 2   0.0 -34.7     51679550   0   1550      1009700
    48  0 1  94.92 10067.50 2   0.0 -34.1     52689450   0   1650      1009900
    49  0 1  95.27  9950.50 2   0.0 -33.8     53698950   0   1600      1009500
    50  0 1  94.57  9844.00 2   0.0 -33.4     54708550   0   1700      1009600
    51  0 1  94.22  9865.00 2   0.0 -33.1     55718150   0   1850      1009600
    52  0 1  95.27  9850.00 2   0.0 -32.8     56738150   0   1550      1020000
    53  0 1  94.22  9847.00 2   0.0 -32.2     58778000   0   1600      2039850
    54  0 1  94.22 10105.00 2   0.0 -31.9     59797550   0   1700      1019550
    55  0 1  94.22 10198.00 2   0.0 -31.6     60817550   0   1950      1020000
    56  0 1  94.57  9823.00 2   0.0 -31.6     61837400   0   1650      1019850
    57  0 1  94.92  9875.50 2   0.0 -31.3     62857100   0   1650      1019700
    58  0 1  95.27 10030.00 2   0.0 -30.9     63887550   0   1750      1030450
    59  0 1  95.27  9874.00 2   0.0 -30.9     64917050   0   1650      1029500
    60  0 1  94.57 10154.50 2   0.0 -30.6     65947200   0   1650      1030150
    61  0 1  94.57  9932.50 2   0.0 -30.6     66977550   0   1700      1030350
    62  0 1  94.22 10165.00 2   0.0 -30.3     69038000   0   1850      2060450
    63  0 1  94.57  9838.00 2   0.0 -30.3     70067700   0   1750      1029700
    64  0 1  95.27  9982.00 2   0.0 -30.0     71027650   0   1850       959950
    65  0 1  94.57 10141.00 2   0.0 -30.0     71987950   0   1900       960300
    66  0 1  94.92  9982.00 2   0.0 -30.0     72947650   0   1900       959700
    67  0 1  94.57 10048.00 2   0.0 -30.0     73907800   0   1550       960150
    68  0 1  95.62  9868.00 2   0.0 -30.0     74867900   0   1750       960100
    69  0 1  94.22  9886.00 2   0.0 -30.0     75827950   0   1750       960050
    70  0 1  95.27 10010.50 2   0.0 -30.0     76788100   0   1900       960150
    71  0 1  94.22  9868.00 2   0.0 -30.0     78728300   0   1650      1940200
    72  0 1  95.62 10174.00 2   0.0 -30.3     79698600   0   1950       970300
    73  0 1  94.22  9896.50 2   0.0 -30.3     80668150   0   1750       969550
    74  0 1  94.22  9907.00 2   0.0 -30.3     81638200   0   1950       970050
    75  0 1  94.57  9931.00 2   0.0 -30.6     82607700   0   1550       969500
    76  0 1  95.62  9892.00 2   0.0 -30.6     83577200   0   1650       969500
    77  0 1  95.27  9835.00 2   0.0 -30.9     84557600   0   1550       980400
    78  0 1  95.27 10129.00 2   0.0 -30.9     85537950   0   1600       980350
    79  0 1  94.22  9847.00 2   0.0 -31.3     86518250   0   1550       980300
    80  0 1  94.57  9922.00 2   0.0 -31.6     88477950   0   2000      1959700
    81  0 1  94.57 10097.50 2   0.0 -31.9     89458150   0   1800       980200
    82  0 1  95.27  9931.00 2   0.0 -32.2     90438200   0   1950       980050
    83  0 1  94.57 10039.00 2   0.0 -32.5     91427900   0   1850       989700
    84  0 1  95.62  9961.00 2   0.0 -32.8     92418300   0   1900       990400
    85  0 1  95.62 10081.00 2   0.0 -33.1     93407950   0   1650       989650
    86  0 1  94.92 10172.50 2   0.0 -33.4     94397550   0   1900       989600
    87  0 1  94.92  9868.00 2   0.0 -33.8     95387250   0   1950       989700
    88  0 1  95.27  9886.00 2   0.0 -34.1     96376900   0   1900       989650
    89  0 1  95.62 10007.50 2   0.0 -35.0     98367600   0   2000      1990700
    90  0 1  94.57 10165.00 2   0.0 -35.3     99367850   0   1550      1000250
    91  0 1  94.22 10066.00 2   0.0 -35.9    100367450   0   1900       999600
    92  0 1  95.27  9919.00 2   0.0 -36.3    101367850   0   1950      1000400
    93  0 1  95.62 10034.50 2   0.0 -36.6    102367700   0   1750       999850
    94  0 1  95.27 10156.00 2   0.0 -37.2    103367750   0   1600      1000050
    95  0 1  95.62 10028.50 2   0.0 -37.5    104367750   0   1600      1000000
    96  0 1  94.92 10183.00 2   0.0 -38.1    105378100   0   1900      1010350
    97  0 1  94.22 10156.00 2   0.0 -38.8    106388200   0   1550      1010100
    98  0 1  95.62 10079.50 2   0.0 -39.7    108408200   0   1850      2020000
    99  0 1  94.92 10183.00 2   0.0 -40.3    109418250   0   1850      1010050
   100  0 1  95.27 10061.50 2   0.0 -40.9    110427850   0   1800      1009600
   101  0 1  94.22 10010.50 2   0.0 -41.6    111437800   0   2000      1009950
   102  0 1  94.22 10012.00 2   0.0 -41.9    112458250   0   1650      1020450
   103  0 1  94.57 10096.00 2   0.0 -42.5    113478050   0   1900      1019800
   104  0 1  95.27  9845.50 2   0.0 -43.1    114497700   0   1900      1019650
   105  0 1  95.62 10091.50 2   0.0 -43.8    115517950   0   1800      1020250
   106  0 1  94.22  9928.00 2   0.0 -44.4    116538250   0   1750      1020300
   107  0 1  94.22  9910.00 2   0.0 -45.9    118578350   0   1700      2040100
   108  0 1  95.62  9847.00 2   0.0 -46.6    119608600   0   1950      1030250
   109  0 1  95.27 10000.00 2   0.0 -47.2    120638900   0   1700      1030300
   110  0 1  94.92  9977.50 2   0.0 -47.8    121669200   0   1550      1030300
   111  0 1  94.22 10126.00 2   0.0 -48.4    122698800   0   1550      1029600
   112  0 1  94.22 10138.00 2   0.0 -49.4    123728700   0   1550      1029900
   113  0 1  95.27  9899.50 2   0.0 -50.0    124758400   0   1700      1029700
   114  0 1  94.57  9925.00 2   0.0 -50.6    125788550   0   1650      1030150
   115  0 1  95.62 10142.50 2   0.0 -51.6    126748900   0   1850       960350
   116  0 1  94.57  9905.50 2   0.0 -53.1    128669550   0   1800      1920650
   117  0 1  94.22  9802.00 2   0.0 -53.8    129629150   0   1750       959600
   118  0 1  94.57  9913.00 2   0.0 -54.4    130589100   0   1600       959950
   119  0 1  94.92 10031.50 2   0.0 -55.3    131549100   0   1650       960000
   120  0 1  94.92  9880.00 2   0.0 -55.9    132509050   0   1950       959950
   121  0 1  94.57 10019.50 2   0.0 -56.9    133478700   0   1550       969650
   122  0 1  95.27 10121.50 2   0.0 -57.5    134448450   0   1700       969750
   123  0 1  94.22 10088.50 2   0.0 -58.4    135418100   0   1950       969650
   124  0 1  94.22  9976.00 2   0.0 -59.4    136388300   0   1850       970200
   125  0 1  95.27  9959.50 2   0.0 -60.9    138328400   0   1600      1940100
   126  0 1  95.27 10199.50 2   0.0 -61.6    139298150   0   1950       969750
   127  0 1  94.92 10105.00 2   0.0 -62.5    140278450   0   1800       980300
   128  0 1  94.92 10036.00 2   0.0 -63.4    141258850   0   1700       980400
   129  0 1  94.22  9848.50 2   0.0 -64.1    142238850   0   1550       980000
   130  0 1  94.92  9994.00 2   0.0 -65.0    143219300   0   2000       980450
   131  0 1  94.22  9992.50 2   0.0 -65.9    144199600   0   1550       980300
   132  0 1  94.22 10067.50 2   0.0 -66.6    145179350   0   1750       979750
   133  0 1  95.62  9976.00 2   0.0 -67.5    146159050   0   1700       979700
   134  0 1  95.62  9955.00 2   0.0 -69.1    148139450   0   1600      1980400
