    NO  S V  AOA    FREQ    B  FMOP  AMP      TOA      PMOP  PW         dTOA  
------ -- - ------ -------- - ----- ----- ------------ --- ------ ------------
     0  0 1  94.22  9940.00 2   0.0 -70.0            0   0   1300  42949673000
     1  0 1  94.22  9934.00 2   0.0 -67.5       942350   0   1200       942350
     2  0 1  95.27  9925.00 2   0.0 -65.0      1911700   0   1300       969350
     3  0 1  95.62 10051.00 2   0.0 -60.0      3962750   0   1250      2051050
     4  0 1  94.92 10004.50 2   0.0 -57.5      4817650   0   1350       854900
     5  0 1  94.22  9917.50 2   0.0 -55.3      5722900   0   1400       905250
     6  0 1  94.92 10000.00 2   0.0 -53.1      6674150   0   1500       951250
     7  0 1  94.22 10084.00 2   0.0 -50.6      7534000   0   1600       859850
     8  0 1  94.57  9925.00 2   0.0 -48.4      8672050   0   1200      1138050
     9  0 1  95.27 10084.00 2   0.0 -46.6      9719100   0   1550      1047050
    10  0 1  95.62  9916.00 2   0.0 -44.4     10621400   0   1550       902300
    11  0 1  95.27 10064.50 2   0.0 -42.5     11758500   0   1400      1137100
    12  0 1  94.22 10006.00 2   0.0 -39.1     13961800   0   1250      2203300
    13  0 1  94.57  9937.00 2   0.0 -37.5     15083550   0   1200      1121750
    14  0 1  94.57  9974.50 2   0.0 -36.3     16204350   0   1250      1120800
    15  0 1  95.27 10009.00 2   0.0 -35.0     17285750   0   1200      1081400
    16  0 1  94.92 10030.00 2   0.0 -33.8     18233600   0   1300       947850
    17  0 1  94.92  9928.00 2   0.0 -32.8     19330200   0   1600      1096600
    18  0 1  95.27 10039.00 2   0.0 -31.9     20213900   0   1600       883700
    19  0 1  94.22 10088.50 2   0.0 -31.3     21138200   0   1350       924300
    20  0 1  95.62  9976.00 2   0.0 -30.6     22236050   0   1250      1097850
    21  0 1  94.57 10058.50 2   0.0 -30.0     24036150   0   1200      1800100
    22  0 1  94.22  9974.50 2   0.0 -30.0     24925400   0   1500       889250
    23  0 1  95.62 10021.00 2   0.0 -30.0     25859150   0   1600       933750
    24  0 1  94.22  9991.00 2   0.0 -30.3     26993850   0   1400      1134700
    25  0 1  95.62  9989.50 2   0.0 -30.6     27914650   0   1250       920800
    26  0 1  95.62 10000.00 2   0.0 -31.3     28920850   0   1250      1006200
    27  0 1  95.27 10045.00 2   0.0 -31.9     29872500   0   1550       951650
    28  0 1  94.92  9946.00 2   0.0 -32.8     31013100   0   1250      1140600
    29  0 1  95.27 10081.00 2   0.0 -33.8     32130050   0   1450      1116950
    30  0 1  95.62 10042.00 2   0.0 -36.3     34337350   0   1350      2207300
    31  0 1  94.57 10084.00 2   0.0 -37.5     35232050   0   1600       894700
    32  0 1  95.27 10075.00 2   0.0 -39.1     36244400   0   1450      1012350
    33  0 1  94.22 10084.00 2   0.0 -40.9     37212150   0   1450       967750
    34  0 1  95.62  9910.00 2   0.0 -42.5     38316550   0   1200      1104400
    35  0 1  95.27 10031.50 2   0.0 -44.4     39424350   0   1250      1107800
    36  0 1  95.62 10018.00 2   0.0 -46.6     40486150   0   1600      1061800
    37  0 1  94.22  9923.50 2   0.0 -48.4     41426500   0   1150       940350
    38  0 1  95.27  9988.00 2   0.0 -50.6     42557850   0   1350      1131350
    39  0 1  95.27 10064.50 2   0.0 -55.3     44573750   0   1200      2015900
    40  0 1  94.92 10054.00 2   0.0 -57.5     45573650   0   1550       999900
    41  0 1  94.92 10015.00 2   0.0 -60.0     46693850   0   1200      1120200
    42  0 1  94.92  9998.50 2   0.0 -62.5     47704450   0   1150      1010600
    43  0 1  94.57  9940.00 2   0.0 -65.0     48844850   0   1200      1140400
    44  0 1  94.92  9947.50 2   0.0 -67.5     49850200   0   1450      1005350
