    NO  S V  AOA    FREQ    B  FMOP  AMP      TOA      PMOP  PW         dTOA  
------ -- - ------ -------- - ----- ----- ------------ --- ------ ------------
     0  0 1  94.22 10087.00 2   0.0 -70.0            0   0   1600  42949673000
     1  0 1  94.92 10028.50 2   0.0 -67.5       989950   0   1200       989950
     2  0 1  95.62 10075.00 2   0.0 -62.5      3009400   0   1350      2019450
     3  0 1  94.92 10015.00 2   0.0 -60.0      3862950   0   1300       853550
     4  0 1  95.27  9982.00 2   0.0 -57.5      4863050   0   1500      1000100
     5  0 1  95.62  9953.50 2   0.0 -55.3      5896500   0   1300      1033450
     6  0 1  94.92  9929.50 2   0.0 -53.1      6833750   0   1300       937250
     7  0 1  94.22 10084.00 2   0.0 -50.6      7732200   0   1600       898450
     8  0 1  94.92 10066.00 2   0.0 -48.4      8721850   0   1300       989650
     9  0 1  94.57  9908.50 2   0.0 -46.6      9643500   0   1150       921650
    10  0 1  94.57  9914.50 2   0.0 -44.4     10495950   0   1200       852450
    11  0 1  94.22 10001.50 2   0.0 -40.9     12438750   0   1500      1942800
    12  0 1  94.57 10037.50 2   0.0 -39.1     13336150   0   1400       897400
    13  0 1  95.27 10000.00 2   0.0 -37.5     14190750   0   1250       854600
    14  0 1  95.62 10081.00 2   0.0 -36.3     15323050   0   1200      1132300
    15  0 1  95.62 10027.00 2   0.0 -35.0     16324350   0   1400      1001300
    16  0 1  95.62  9988.00 2   0.0 -33.8     17302950   0   1500       978600
    17  0 1  94.57 10045.00 2   0.0 -32.8     18228650   0   1400       925700
    18  0 1  95.62  9931.00 2   0.0 -31.9     19103400   0   1550       874750
    19  0 1  94.92 10052.50 2   0.0 -31.3     20226850   0   1550      1123450
    20  0 1  94.92  9995.50 2   0.0 -30.3     22276800   0   1350      2049950
    21  0 1  95.27  9943.00 2   0.0 -30.0     23215850   0   1300       939050
    22  0 1  95.27  9953.50 2   0.0 -30.0     24363550   0   1200      1147700
    23  0 1  94.57  9965.50 2   0.0 -30.0     25477850   0   1150      1114300
    24  0 1  94.57  9959.50 2   0.0 -30.3     26575850   0   1300      1098000
    25  0 1  95.27 10081.00 2   0.0 -30.6     27514350   0   1600       938500
    26  0 1  95.27 10043.50 2   0.0 -31.3     28535100   0   1300      1020750
    27  0 1  95.62  9922.00 2   0.0 -31.9     29515500   0   1600       980400
    28  0 1  94.22  9965.50 2   0.0 -32.8     30632700   0   1450      1117200
    29  0 1  94.92 10030.00 2   0.0 -35.0     32644400   0   1150      2011700
    30  0 1  94.57 10018.00 2   0.0 -36.3     33540950   0   1200       896550
    31  0 1  94.92  9962.50 2   0.0 -37.5     34593450   0   1350      1052500
    32  0 1  94.22 10060.00 2   0.0 -39.1     35706100   0   1550      1112650
    33  0 1  94.92  9965.50 2   0.0 -40.9     36626550   0   1550       920450
    34  0 1  95.62 10027.00 2   0.0 -42.5     37562850   0   1450       936300
    35  0 1  94.22 10001.50 2   0.0 -44.4     38691250   0   1200      1128400
    36  0 1  95.62 10000.00 2   0.0 -46.6     39557900   0   1450       866650
    37  0 1  94.57  9943.00 2   0.0 -48.4     40509350   0   1350       951450
    38  0 1  94.92  9980.50 2   0.0 -53.1     42275200   0   1350      1765850
    39  0 1  95.27  9931.00 2   0.0 -55.3     43388650   0   1300      1113450
    40  0 1  95.27  9940.00 2   0.0 -57.5     44504650   0   1400      1116000
    41  0 1  94.22  9925.00 2   0.0 -60.0     45359200   0   1350       854550
    42  0 1  95.27  9928.00 2   0.0 -62.5     46308200   0   1450       949000
    43  0 1  95.27 10066.00 2   0.0 -65.0     47445900   0   1300      1137700
    44  0 1  95.27  9943.00 2   0.0 -67.5     48382600   0   1250       936700
