    NO  S V  AOA    FREQ    B  FMOP  AMP      TOA      PMOP  PW         dTOA  
------ -- - ------ -------- - ----- ----- ------------ --- ------ ------------
     0  0 1  95.62  9920.50 2   0.0 -70.0            0   0   1550  42949673000
     1  0 1  95.27  9958.00 2   0.0 -67.5       849750   0   1200       849750
     2  0 1  95.62  9979.00 2   0.0 -65.0      1826300   0   1150       976550
     3  0 1  95.62 10012.00 2   0.0 -60.0      3788400   0   1350      1962100
     4  0 1  94.92  9971.50 2   0.0 -57.5      4910300   0   1400      1121900
     5  0 1  95.27  9931.00 2   0.0 -55.3      6028200   0   1250      1117900
     6  0 1  95.62 10030.00 2   0.0 -53.1      7130000   0   1150      1101800
     7  0 1  94.22 10087.00 2   0.0 -50.6      7987150   0   1200       857150
     8  0 1  94.92 10033.00 2   0.0 -48.4      8843200   0   1150       856050
     9  0 1  94.57  9920.50 2   0.0 -46.6      9977900   0   1550      1134700
    10  0 1  94.57  9979.00 2   0.0 -44.4     11039450   0   1550      1061550
    11  0 1  94.22 10022.50 2   0.0 -42.5     11987300   0   1550       947850
    12  0 1  94.57  9931.00 2   0.0 -39.1     13913700   0   1350      1926400
    13  0 1  94.92 10064.50 2   0.0 -37.5     14834950   0   1250       921250
    14  0 1  94.92  9913.00 2   0.0 -36.3     15832400   0   1300       997450
    15  0 1  95.27  9949.00 2   0.0 -35.0     16729600   0   1500       897200
    16  0 1  95.27 10058.50 2   0.0 -33.8     17652200   0   1400       922600
    17  0 1  94.22  9961.00 2   0.0 -32.8     18598750   0   1150       946550
    18  0 1  95.27  9931.00 2   0.0 -31.9     19489550   0   1350       890800
    19  0 1  95.62 10066.00 2   0.0 -31.3     20348150   0   1200       858600
    20  0 1  94.57 10060.00 2   0.0 -30.6     21215550   0   1200       867400
    21  0 1  94.57  9991.00 2   0.0 -30.0     23122150   0   1600      1906600
    22  0 1  94.92 10024.00 2   0.0 -30.0     24249250   0   1250      1127100
    23  0 1  94.22  9941.50 2   0.0 -30.0     25385050   0   1350      1135800
    24  0 1  94.57 10016.50 2   0.0 -30.3     26377100   0   1200       992050
    25  0 1  95.27 10012.00 2   0.0 -30.6     27326850   0   1550       949750
    26  0 1  95.27  9970.00 2   0.0 -31.3     28325400   0   1300       998550
    27  0 1  94.92 10010.50 2   0.0 -31.9     29205100   0   1600       879700
    28  0 1  94.57  9943.00 2   0.0 -32.8     30263050   0   1200      1057950
    29  0 1  94.92 10046.50 2   0.0 -33.8     31161100   0   1500       898050
    30  0 1  95.27 10087.00 2   0.0 -36.3     33221400   0   1300      2060300
    31  0 1  95.62  9919.00 2   0.0 -37.5     34323050   0   1250      1101650
    32  0 1  94.57  9946.00 2   0.0 -39.1     35290450   0   1150       967400
    33  0 1  95.27 10028.50 2   0.0 -40.9     36317400   0   1400      1026950
    34  0 1  94.57 10024.00 2   0.0 -42.5     37427000   0   1250      1109600
    35  0 1  95.27  9946.00 2   0.0 -44.4     38463650   0   1150      1036650
    36  0 1  94.22 10082.50 2   0.0 -46.6     39600700   0   1150      1137050
    37  0 1  95.62  9968.50 2   0.0 -48.4     40506200   0   1400       905500
    38  0 1  94.92  9914.50 2   0.0 -50.6     41550900   0   1600      1044700
    39  0 1  94.92 10010.50 2   0.0 -55.3     43351100   0   1600      1800200
    40  0 1  95.27 10000.00 2   0.0 -57.5     44377200   0   1150      1026100
    41  0 1  95.27  9914.50 2   0.0 -60.0     45328550   0   1250       951350
    42  0 1  94.92 10048.00 2   0.0 -62.5     46201400   0   1350       872850
    43  0 1  94.22 10040.50 2   0.0 -65.0     47116800   0   1550       915400
    44  0 1  94.92  9937.00 2   0.0 -67.5     48031100   0   1300       914300
