    NO  S V  AOA    FREQ    B  FMOP  AMP      TOA      PMOP  PW         dTOA  
------ -- - ------ -------- - ----- ----- ------------ --- ------ ------------
     0  0 1  94.22  9937.00 2   0.0 -70.0            0   0   1400  42949673000
     1  0 1  95.27  9986.50 2   0.0 -67.5      1014200   0   1150      1014200
     2  0 1  95.27 10084.00 2   0.0 -65.0      2010850   0   1400       996650
     3  0 1  95.27 10046.50 2   0.0 -62.5      3014500   0   1500      1003650
     4  0 1  95.27 10028.50 2   0.0 -60.0      3955100   0   1200       940600
     5  0 1  95.62  9913.00 2   0.0 -55.3      5834250   0   1200      1879150
     6  0 1  94.57 10012.00 2   0.0 -53.1      6817150   0   1300       982900
     7  0 1  95.62 10049.50 2   0.0 -50.6      7796450   0   1250       979300
     8  0 1  94.57  9991.00 2   0.0 -48.4      8839000   0   1450      1042550
     9  0 1  95.62 10016.50 2   0.0 -46.6      9780450   0   1600       941450
    10  0 1  94.22 10042.00 2   0.0 -44.4     10880250   0   1550      1099800
    11  0 1  95.62  9970.00 2   0.0 -42.5     11799000   0   1600       918750
    12  0 1  94.92  9949.00 2   0.0 -40.9     12743400   0   1150       944400
    13  0 1  94.22 10030.00 2   0.0 -39.1     13598250   0   1400       854850
    14  0 1  95.62  9973.00 2   0.0 -36.3     15790000   0   1500      2191750
    15  0 1  94.92  9989.50 2   0.0 -35.0     16815350   0   1300      1025350
    16  0 1  95.27  9985.00 2   0.0 -33.8     17821700   0   1500      1006350
    17  0 1  94.57 10015.00 2   0.0 -32.8     18901750   0   1450      1080050
    18  0 1  95.62 10084.00 2   0.0 -31.9     20012900   0   1250      1111150
    19  0 1  95.27 10082.50 2   0.0 -31.3     21030000   0   1150      1017100
    20  0 1  94.22  9946.00 2   0.0 -30.6     22054000   0   1400      1024000
    21  0 1  94.92  9937.00 2   0.0 -30.3     22954500   0   1600       900500
    22  0 1  94.22 10078.00 2   0.0 -30.0     23889050   0   1150       934550
    23  0 1  94.22 10018.00 2   0.0 -30.0     26090150   0   1400      2201100
    24  0 1  94.57 10042.00 2   0.0 -30.3     27170500   0   1450      1080350
    25  0 1  94.92 10061.50 2   0.0 -30.6     28226850   0   1200      1056350
    26  0 1  94.57 10024.00 2   0.0 -31.3     29192950   0   1250       966100
    27  0 1  94.22 10066.00 2   0.0 -31.9     30155850   0   1200       962900
    28  0 1  94.22 10010.50 2   0.0 -32.8     31136350   0   1350       980500
    29  0 1  95.27  9949.00 2   0.0 -33.8     32054600   0   1200       918250
    30  0 1  94.22  9911.50 2   0.0 -35.0     32926100   0   1350       871500
    31  0 1  94.57 10036.00 2   0.0 -36.3     33846500   0   1350       920400
    32  0 1  95.27  9985.00 2   0.0 -39.1     35734050   0   1600      1887550
    33  0 1  94.92 10073.50 2   0.0 -40.9     36706800   0   1550       972750
    34  0 1  94.57  9916.00 2   0.0 -42.5     37762550   0   1250      1055750
    35  0 1  95.27 10057.00 2   0.0 -44.4     38642550   0   1550       880000
    36  0 1  94.22 10087.00 2   0.0 -46.6     39699550   0   1450      1057000
    37  0 1  95.62 10078.00 2   0.0 -48.4     40566500   0   1250       866950
    38  0 1  94.22  9934.00 2   0.0 -50.6     41562150   0   1350       995650
    39  0 1  95.62  9970.00 2   0.0 -53.1     42582150   0   1350      1020000
    40  0 1  94.57 10079.50 2   0.0 -55.3     43638850   0   1500      1056700
    41  0 1  94.22  9977.50 2   0.0 -60.0     45623000   0   1350      1984150
    42  0 1  94.92 10015.00 2   0.0 -62.5     46582850   0   1300       959850
    43  0 1  95.27  9928.00 2   0.0 -65.0     47546000   0   1500       963150
    44  0 1  95.27  9925.00 2   0.0 -67.5     48529200   0   1450       983200
