    NO  S V  AOA    FREQ    B  FMOP  AMP      TOA      PMOP  PW         dTOA  
------ -- - ------ -------- - ----- ----- ------------ --- ------ ------------
     0  0 1  95.27  9922.00 2   0.0 -70.0            0   0   1200  42949673000
     1  0 1  94.57 10048.00 2   0.0 -67.5       991550   0   1350       991550
     2  0 1  94.57  9940.00 2   0.0 -65.0      1967700   0   1250       976150
     3  0 1  95.27 10007.50 2   0.0 -62.5      2956350   0   1600       988650
     4  0 1  94.22 10069.00 2   0.0 -60.0      3873350   0   1300       917000
     5  0 1  94.92  9940.00 2   0.0 -57.5      4748850   0   1250       875500
     6  0 1  94.92  9937.00 2   0.0 -55.3      5794050   0   1450      1045200
     7  0 1  94.22 10051.00 2   0.0 -53.1      6864900   0   1500      1070850
     8  0 1  94.22 10016.50 2   0.0 -50.6      7858850   0   1300       993950
     9  0 1  94.22  9952.00 2   0.0 -46.6      9588400   0   1200      1729550
    10  0 1  94.57  9968.50 2   0.0 -44.4     10442200   0   1450       853800
    11  0 1  95.62 10006.00 2   0.0 -42.5     11306050   0   1150       863850
    12  0 1  94.22 10027.00 2   0.0 -40.9     12322250   0   1250      1016200
    13  0 1  95.62  9922.00 2   0.0 -39.1     13275650   0   1600       953400
    14  0 1  95.62  9986.50 2   0.0 -37.5     14309200   0   1550      1033550
    15  0 1  95.27 10048.00 2   0.0 -36.3     15422600   0   1450      1113400
    16  0 1  95.62  9962.50 2   0.0 -35.0     16457750   0   1150      1035150
    17  0 1  95.27  9962.50 2   0.0 -33.8     17371000   0   1350       913250
    18  0 1  94.92  9997.00 2   0.0 -31.9     19258900   0   1300      1887900
    19  0 1  94.57  9989.50 2   0.0 -31.3     20161100   0   1450       902200
    20  0 1  94.57  9997.00 2   0.0 -30.6     21270650   0   1600      1109550
    21  0 1  95.62 10027.00 2   0.0 -30.3     22133950   0   1300       863300
    22  0 1  94.92  9925.00 2   0.0 -30.0     23172400   0   1600      1038450
    23  0 1  95.27  9973.00 2   0.0 -30.0     24109950   0   1200       937550
    24  0 1  95.27  9976.00 2   0.0 -30.0     25098450   0   1300       988500
    25  0 1  95.27 10039.00 2   0.0 -30.3     26064350   0   1600       965900
    26  0 1  94.22 10063.00 2   0.0 -30.6     27055800   0   1150       991450
    27  0 1  94.57  9976.00 2   0.0 -31.9     29170100   0   1150      2114300
    28  0 1  95.62 10087.00 2   0.0 -32.8     30289350   0   1250      1119250
    29  0 1  94.22 10078.00 2   0.0 -33.8     31343400   0   1600      1054050
    30  0 1  95.27 10060.00 2   0.0 -35.0     32267100   0   1600       923700
    31  0 1  95.27  9932.50 2   0.0 -36.3     33168450   0   1600       901350
    32  0 1  94.92 10052.50 2   0.0 -37.5     34135100   0   1250       966650
    33  0 1  94.92  9983.50 2   0.0 -39.1     35091250   0   1400       956150
    34  0 1  95.27 10075.00 2   0.0 -40.9     36087800   0   1150       996550
    35  0 1  94.22 10048.00 2   0.0 -42.5     37156000   0   1550      1068200
    36  0 1  94.92  9979.00 2   0.0 -46.6     39091750   0   1600      1935750
    37  0 1  95.27 10087.00 2   0.0 -48.4     40065750   0   1200       974000
    38  0 1  94.57 10061.50 2   0.0 -50.6     41201700   0   1350      1135950
    39  0 1  94.92 10051.00 2   0.0 -53.1     42110150   0   1600       908450
    40  0 1  94.22 10087.00 2   0.0 -55.3     43202350   0   1200      1092200
    41  0 1  95.27  9961.00 2   0.0 -57.5     44317600   0   1250      1115250
    42  0 1  95.62  9916.00 2   0.0 -60.0     45188950   0   1150       871350
    43  0 1  95.27 10075.00 2   0.0 -62.5     46240200   0   1300      1051250
    44  0 1  95.27 10076.50 2   0.0 -65.0     47372500   0   1500      1132300
