    NO  S V  AOA    FREQ    B  FMOP  AMP      TOA      PMOP  PW         dTOA  
------ -- - ------ -------- - ----- ----- ------------ --- ------ ------------
     0  0 1  94.57 10070.50 2   0.0 -70.0            0   0   1500  42949673000
     1  0 1  94.57  9958.00 2   0.0 -68.8       990200   0   1600       990200
     2  0 1  95.62  9898.00 2   0.0 -67.5      1970500   0   1850       980300
     3  0 1  94.57 10042.00 2   0.0 -66.3      2940150   0   1800       969650
     4  0 1  95.62  9863.50 2   0.0 -65.0      3900300   0   1800       960150
     5  0 1  94.22 10013.50 2   0.0 -63.8      4850250   0   1850       949950
     6  0 1  94.22  9862.00 2   0.0 -62.5      5789900   0   1600       939650
     7  0 1  94.22  9949.00 2   0.0 -61.3      6719500   0   1750       929600
     8  0 1  94.57 10003.00 2   0.0 -60.0      7639350   0   1850       919850
     9  0 1  94.57 10141.00 2   0.0 -57.5      9449050   0   1900      1809700
    10  0 1  95.62 10046.50 2   0.0 -56.6     10538900   0   1600      1089850
    11  0 1  95.62  9869.50 2   0.0 -55.3     11618650   0   1650      1079750
    12  0 1  94.22  9913.00 2   0.0 -54.1     12688700   0   1900      1070050
    13  0 1  95.27  9997.00 2   0.0 -53.1     13748250   0   1600      1059550
    14  0 1  94.57 10088.50 2   0.0 -51.9     14798050   0   1450      1049800
    15  0 1  95.27 10078.00 2   0.0 -50.6     15837850   0   1700      1039800
    16  0 1  94.22 10115.50 2   0.0 -49.7     16867400   0   1500      1029550
    17  0 1  94.57  9958.00 2   0.0 -48.4     17887150   0   1600      1019750
    18  0 1  94.92 10117.00 2   0.0 -46.6     19896700   0   1600      2009550
    19  0 1  95.62 10123.00 2   0.0 -45.6     20886550   0   1450       989850
    20  0 1  94.22 10147.00 2   0.0 -44.4     21866700   0   1650       980150
    21  0 1  94.92  9952.00 2   0.0 -43.4     22837150   0   1750       970450
    22  0 1  95.62 10025.50 2   0.0 -42.5     23796750   0   1450       959600
    23  0 1  94.22 10039.00 2   0.0 -41.6     24746650   0   1450       949900
    24  0 1  94.22 10079.50 2   0.0 -40.9     25686500   0   1500       939850
    25  0 1  94.57 10075.00 2   0.0 -40.0     26616500   0   1450       930000
    26  0 1  95.62 10021.00 2   0.0 -39.1     27536700   0   1850       920200
    27  0 1  94.92 10003.00 2   0.0 -37.5     29345900   0   1650      1809200
    28  0 1  94.57  9964.00 2   0.0 -36.9     30436250   0   1900      1090350
    29  0 1  94.22 10139.50 2   0.0 -36.3     31515850   0   1750      1079600
    30  0 1  95.27 10057.00 2   0.0 -35.6     32586100   0   1450      1070250
    31  0 1  94.92 10073.50 2   0.0 -35.0     33646300   0   1750      1060200
    32  0 1  95.27 10084.00 2   0.0 -34.4     34696150   0   1750      1049850
    33  0 1  94.92  9937.00 2   0.0 -33.8     35736050   0   1450      1039900
    34  0 1  95.62  9965.50 2   0.0 -33.4     36765850   0   1900      1029800
    35  0 1  94.22  9955.00 2   0.0 -32.8     37785550   0   1600      1019700
    36  0 1  95.27  9967.00 2   0.0 -31.9     39796450   0   1550      2010900
    37  0 1  94.92 10031.50 2   0.0 -31.6     40786850   0   1850       990400
    38  0 1  94.22 10096.00 2   0.0 -31.3     41767300   0   1700       980450
    39  0 1  94.22 10048.00 2   0.0 -30.9     42737450   0   1750       970150
    40  0 1  94.57  9994.00 2   0.0 -30.6     43697350   0   1750       959900
    41  0 1  95.27 10018.00 2   0.0 -30.6     44647400   0   1900       950050
    42  0 1  94.57 10069.00 2   0.0 -30.3     45587050   0   1600       939650
    43  0 1  94.57 10000.00 2   0.0 -30.3     46517150   0   1500       930100
    44  0 1  94.22  9961.00 2   0.0 -30.0     47437100   0   1450       919950
    45  0 1  94.57 10081.00 2   0.0 -30.0     49247200   0   1700      1810100
    46  0 1  94.92  9859.00 2   0.0 -30.0     50336700   0   1700      1089500
    47  0 1  94.57 10142.50 2   0.0 -30.0     51416500   0   1650      1079800
    48  0 1  95.27  9886.00 2   0.0 -30.3     52486050   0   1650      1069550
    49  0 1  94.22 10141.00 2   0.0 -30.3     53546050   0   1850      1060000
    50  0 1  94.57  9860.50 2   0.0 -30.6     54596300   0   1450      1050250
    51  0 1  94.22 10121.50 2   0.0 -30.6     55635900   0   1550      1039600
    52  0 1  95.62  9991.00 2   0.0 -30.9     56665750   0   1700      1029850
    53  0 1  95.62  9947.50 2   0.0 -31.3     57685550   0   1850      1019800
    54  0 1  94.57  9904.00 2   0.0 -31.9     59696300   0   1800      2010750
    55  0 1  94.92  9976.00 2   0.0 -32.5     60686350   0   1750       990050
    56  0 1  94.22 10069.00 2   0.0 -32.8     61665850   0   1500       979500
    57  0 1  94.57  9929.50 2   0.0 -33.4     62635700   0   1700       969850
    58  0 1  95.62  9925.00 2   0.0 -33.8     63595500   0   1500       959800
    59  0 1  94.92  9949.00 2   0.0 -34.4     64545000   0   1750       949500
    60  0 1  94.22  9910.00 2   0.0 -35.0     65484900   0   1500       939900
    61  0 1  94.22  9967.00 2   0.0 -35.6     66414500   0   1600       929600
    62  0 1  95.62 10036.00 2   0.0 -36.3     67334850   0   1500       920350
    63  0 1  94.92 10121.50 2   0.0 -37.5     69144200   0   1750      1809350
    64  0 1  95.62 10067.50 2   0.0 -38.4     70234050   0   1800      1089850
    65  0 1  94.57  9880.00 2   0.0 -39.1     71314000   0   1450      1079950
    66  0 1  95.27  9976.00 2   0.0 -40.0     72384150   0   1750      1070150
    67  0 1  94.22  9973.00 2   0.0 -40.9     73444400   0   1650      1060250
    68  0 1  94.92 10025.50 2   0.0 -41.6     74494850   0   1450      1050450
    69  0 1  94.57  9932.50 2   0.0 -42.5     75535300   0   1600      1040450
    70  0 1  94.92  9871.00 2   0.0 -43.4     76565250   0   1750      1029950
    71  0 1  95.62 10147.00 2   0.0 -44.4     77584750   0   1850      1019500
    72  0 1  94.57 10048.00 2   0.0 -46.6     79594500   0   1550      2009750
    73  0 1  95.62  9946.00 2   0.0 -47.5     80584800   0   1850       990300
    74  0 1  94.57  9874.00 2   0.0 -48.4     81564500   0   1550       979700
    75  0 1  94.22 10042.00 2   0.0 -49.7     82534100   0   1650       969600
    76  0 1  94.57 10087.00 2   0.0 -50.6     83494050   0   1500       959950
    77  0 1  94.92 10063.00 2   0.0 -51.9     84443550   0   1850       949500
    78  0 1  94.57  9898.00 2   0.0 -53.1     85383850   0   1700       940300
    79  0 1  94.57 10138.00 2   0.0 -54.1     86314200   0   1750       930350
    80  0 1  94.22 10133.50 2   0.0 -55.3     87234300   0   1700       920100
    81  0 1  95.62  9877.00 2   0.0 -57.5     89044150   0   1850      1809850
    82  0 1  94.57  9950.50 2   0.0 -58.8     90134300   0   1750      1090150
    83  0 1  94.57 10039.00 2   0.0 -60.0     91213850   0   1700      1079550
    84  0 1  94.57  9964.00 2   0.0 -61.3     92283950   0   1850      1070100
    85  0 1  94.92  9958.00 2   0.0 -62.5     93343950   0   1850      1060000
    86  0 1  95.27  9934.00 2   0.0 -63.8     94394350   0   1700      1050400
    87  0 1  94.57 10045.00 2   0.0 -65.0     95434750   0   1750      1040400
    88  0 1  95.62 10142.50 2   0.0 -66.3     96464500   0   1700      1029750
    89  0 1  95.27 10048.00 2   0.0 -67.5     97484600   0   1750      1020100
