    NO  S V  AOA    FREQ    B  FMOP  AMP      TOA      PMOP  PW         dTOA  
------ -- - ------ -------- - ----- ----- ------------ --- ------ ------------
     0  0 1  94.92  9871.00 2   0.0 -70.0            0   0   1600  42949673000
     1  0 1  94.92 10120.00 2   0.0 -68.8       989950   0   1600       989950
     2  0 1  95.27  9892.00 2   0.0 -67.5      1970000   0   1550       980050
     3  0 1  94.92  9860.50 2   0.0 -66.3      2939500   0   1850       969500
     4  0 1  94.92  9856.00 2   0.0 -65.0      3899400   0   1450       959900
     5  0 1  95.62 10067.50 2   0.0 -63.8      4849600   0   1750       950200
     6  0 1  94.92 10081.00 2   0.0 -62.5      5789650   0   1650       940050
     7  0 1  94.57 10096.00 2   0.0 -61.3      6719400   0   1450       929750
     8  0 1  94.57  9994.00 2   0.0 -58.8      8548850   0   1550      1829450
     9  0 1  95.27  9856.00 2   0.0 -57.5      9448550   0   1900       899700
    10  0 1  95.27  9878.50 2   0.0 -56.6     10539000   0   1850      1090450
    11  0 1  94.57 10033.00 2   0.0 -55.3     11619000   0   1500      1080000
    12  0 1  94.92  9974.50 2   0.0 -54.1     12688950   0   1500      1069950
    13  0 1  94.92 10004.50 2   0.0 -53.1     13748950   0   1750      1060000
    14  0 1  94.92  9995.50 2   0.0 -51.9     14799350   0   1600      1050400
    15  0 1  94.92  9991.00 2   0.0 -50.6     15838900   0   1450      1039550
    16  0 1  94.92 10034.50 2   0.0 -49.7     16869050   0   1850      1030150
    17  0 1  94.57 10015.00 2   0.0 -47.5     18899500   0   1850      2030450
    18  0 1  94.57 10057.00 2   0.0 -46.6     19899750   0   1700      1000250
    19  0 1  94.92  9856.00 2   0.0 -45.6     20889500   0   1550       989750
    20  0 1  95.27  9911.50 2   0.0 -44.4     21869350   0   1700       979850
    21  0 1  94.57  9902.50 2   0.0 -43.4     22839600   0   1450       970250
    22  0 1  95.27 10144.00 2   0.0 -42.5     23799850   0   1850       960250
    23  0 1  94.57  9916.00 2   0.0 -41.6     24749950   0   1450       950100
    24  0 1  94.92 10054.00 2   0.0 -40.9     25689750   0   1900       939800
    25  0 1  94.22 10012.00 2   0.0 -40.0     26619600   0   1500       929850
    26  0 1  95.62  9922.00 2   0.0 -38.4     28449900   0   1600      1830300
    27  0 1  94.22  9914.50 2   0.0 -37.5     29349500   0   1850       899600
    28  0 1  94.22  9923.50 2   0.0 -36.9     30439850   0   1650      1090350
    29  0 1  94.92  9862.00 2   0.0 -36.3     31519800   0   1450      1079950
    30  0 1  95.62 10000.00 2   0.0 -35.6     32590150   0   1500      1070350
    31  0 1  94.22 10135.00 2   0.0 -35.0     33650050   0   1850      1059900
    32  0 1  95.27  9853.00 2   0.0 -34.4     34700350   0   1700      1050300
    33  0 1  94.92 10105.00 2   0.0 -33.8     35740100   0   1550      1039750
    34  0 1  94.57  9899.50 2   0.0 -33.4     36769800   0   1850      1029700
    35  0 1  94.22  9866.50 2   0.0 -32.5     38799300   0   1500      2029500
    36  0 1  95.27  9878.50 2   0.0 -31.9     39799750   0   1800      1000450
    37  0 1  94.22  9932.50 2   0.0 -31.6     40789800   0   1600       990050
    38  0 1  94.22 10087.00 2   0.0 -31.3     41769550   0   1500       979750
    39  0 1  94.22 10060.00 2   0.0 -30.9     42739300   0   1600       969750
    40  0 1  94.57 10084.00 2   0.0 -30.6     43699100   0   1700       959800
    41  0 1  94.57  9919.00 2   0.0 -30.6     44649450   0   1450       950350
    42  0 1  94.22 10040.50 2   0.0 -30.3     45589300   0   1550       939850
    43  0 1  94.22  9850.00 2   0.0 -30.3     46518850   0   1500       929550
    44  0 1  94.22 10102.00 2   0.0 -30.0     48349600   0   1600      1830750
    45  0 1  94.22  9902.50 2   0.0 -30.0     49249350   0   1550       899750
    46  0 1  94.92 10099.00 2   0.0 -30.0     50339000   0   1450      1089650
    47  0 1  95.62  9919.00 2   0.0 -30.0     51418500   0   1750      1079500
    48  0 1  94.92  9986.50 2   0.0 -30.3     52488800   0   1900      1070300
    49  0 1  94.57 10028.50 2   0.0 -30.3     53549050   0   1900      1060250
    50  0 1  94.22  9946.00 2   0.0 -30.6     54599250   0   1600      1050200
    51  0 1  94.92  9922.00 2   0.0 -30.6     55638800   0   1750      1039550
    52  0 1  95.27 10079.50 2   0.0 -30.9     56668500   0   1600      1029700
    53  0 1  94.92  9905.50 2   0.0 -31.6     58698900   0   1600      2030400
    54  0 1  95.62  9973.00 2   0.0 -31.9     59699000   0   1650      1000100
    55  0 1  94.22 10046.50 2   0.0 -32.5     60689350   0   1500       990350
    56  0 1  94.92 10085.50 2   0.0 -32.8     61669150   0   1900       979800
    57  0 1  94.92  9968.50 2   0.0 -33.4     62639550   0   1800       970400
    58  0 1  95.27  9991.00 2   0.0 -33.8     63599500   0   1450       959950
    59  0 1  94.22  9904.00 2   0.0 -34.4     64549850   0   1900       950350
    60  0 1  94.22 10087.00 2   0.0 -35.0     65489700   0   1800       939850
    61  0 1  94.22 10138.00 2   0.0 -35.6     66420100   0   1500       930400
    62  0 1  94.92  9961.00 2   0.0 -36.9     68250000   0   1500      1829900
    63  0 1  94.57 10060.00 2   0.0 -37.5     69149900   0   1550       899900
    64  0 1  94.57 10081.00 2   0.0 -38.4     70240100   0   1800      1090200
    65  0 1  95.62 10106.50 2   0.0 -39.1     71320300   0   1650      1080200
    66  0 1  95.27  9947.50 2   0.0 -40.0     72390750   0   1450      1070450
    67  0 1  94.57 10046.50 2   0.0 -40.9     73450950   0   1900      1060200
    68  0 1  95.62  9868.00 2   0.0 -41.6     74501200   0   1900      1050250
    69  0 1  94.57 10103.50 2   0.0 -42.5     75541400   0   1750      1040200
    70  0 1  94.92 10010.50 2   0.0 -43.4     76570900   0   1900      1029500
    71  0 1  95.62  9955.00 2   0.0 -45.6     78600500   0   1500      2029600
    72  0 1  94.22 10040.50 2   0.0 -46.6     79600700   0   1650      1000200
    73  0 1  94.57  9892.00 2   0.0 -47.5     80590950   0   1600       990250
    74  0 1  95.62  9899.50 2   0.0 -48.4     81570600   0   1600       979650
    75  0 1  94.22 10087.00 2   0.0 -49.7     82540350   0   1900       969750
    76  0 1  94.57 10126.00 2   0.0 -50.6     83500050   0   1450       959700
    77  0 1  94.22  9916.00 2   0.0 -51.9     84449550   0   1550       949500
    78  0 1  95.62 10102.00 2   0.0 -53.1     85389700   0   1850       940150
    79  0 1  94.22  9946.00 2   0.0 -54.1     86319400   0   1500       929700
    80  0 1  94.92  9916.00 2   0.0 -56.6     88149850   0   1500      1830450
    81  0 1  94.92 10111.00 2   0.0 -57.5     89049450   0   1800       899600
    82  0 1  94.22 10135.00 2   0.0 -58.8     90139200   0   1500      1089750
    83  0 1  94.57  9997.00 2   0.0 -60.0     91219000   0   1650      1079800
    84  0 1  94.92 10048.00 2   0.0 -61.3     92289000   0   1700      1070000
    85  0 1  94.57  9901.00 2   0.0 -62.5     93348650   0   1450      1059650
    86  0 1  95.62  9895.00 2   0.0 -63.8     94398300   0   1650      1049650
    87  0 1  95.62 10006.00 2   0.0 -65.0     95437900   0   1500      1039600
    88  0 1  95.27  9997.00 2   0.0 -66.3     96468000   0   1550      1030100
    89  0 1  95.62  9878.50 2   0.0 -68.8     98498550   0   1700      2030550
