    NO  S V  AOA    FREQ    B  FMOP  AMP      TOA      PMOP  PW         dTOA  
------ -- - ------ -------- - ----- ----- ------------ --- ------ ------------
     0  0 1  94.92 10036.00 2   0.0 -70.0            0   0   1450  42949673000
     1  0 1  94.22  9931.00 2   0.0 -68.8       990200   0   1550       990200
     2  0 1  95.62  9995.50 2   0.0 -67.5      1970650   0   1650       980450
     3  0 1  94.92  9853.00 2   0.0 -66.3      2940450   0   1650       969800
     4  0 1  94.57 10099.00 2   0.0 -65.0      3899950   0   1800       959500
     5  0 1  94.57  9955.00 2   0.0 -63.8      4850350   0   1550       950400
     6  0 1  94.92 10054.00 2   0.0 -62.5      5790300   0   1500       939950
     7  0 1  94.92  9878.50 2   0.0 -60.0      7639650   0   1600      1849350
     8  0 1  94.57  9865.00 2   0.0 -58.8      8549500   0   1700       909850
     9  0 1  94.22 10066.00 2   0.0 -57.5      9449450   0   1800       899950
    10  0 1  95.62 10063.00 2   0.0 -56.6     10539350   0   1900      1089900
    11  0 1  94.92  9974.50 2   0.0 -55.3     11619650   0   1600      1080300
    12  0 1  94.57 10078.00 2   0.0 -54.1     12689500   0   1600      1069850
    13  0 1  94.22  9980.50 2   0.0 -53.1     13749000   0   1900      1059500
    14  0 1  94.57 10141.00 2   0.0 -51.9     14799150   0   1500      1050150
    15  0 1  94.22  9952.00 2   0.0 -50.6     15839200   0   1550      1040050
    16  0 1  94.57  9995.50 2   0.0 -48.4     17889100   0   1600      2049900
    17  0 1  95.27  9931.00 2   0.0 -47.5     18898950   0   1650      1009850
    18  0 1  94.92  9962.50 2   0.0 -46.6     19899400   0   1850      1000450
    19  0 1  94.57 10126.00 2   0.0 -45.6     20889500   0   1750       990100
    20  0 1  94.57 10108.00 2   0.0 -44.4     21869850   0   1500       980350
    21  0 1  94.57  9989.50 2   0.0 -43.4     22839500   0   1500       969650
    22  0 1  94.92  9958.00 2   0.0 -42.5     23799850   0   1850       960350
    23  0 1  94.92  9976.00 2   0.0 -41.6     24750050   0   1550       950200
    24  0 1  95.27 10130.50 2   0.0 -40.9     25689850   0   1700       939800
    25  0 1  95.27  9901.00 2   0.0 -39.1     27539750   0   1750      1849900
    26  0 1  95.27 10024.00 2   0.0 -38.4     28449950   0   1700       910200
    27  0 1  95.27 10117.00 2   0.0 -37.5     29349500   0   1450       899550
    28  0 1  94.57 10118.50 2   0.0 -36.9     30439800   0   1800      1090300
    29  0 1  95.27  9944.50 2   0.0 -36.3     31520050   0   1750      1080250
    30  0 1  94.57 10012.00 2   0.0 -35.6     32589850   0   1500      1069800
    31  0 1  94.22  9914.50 2   0.0 -35.0     33649900   0   1700      1060050
    32  0 1  95.27 10123.00 2   0.0 -34.4     34699500   0   1850      1049600
    33  0 1  95.62 10057.00 2   0.0 -33.8     35739300   0   1450      1039800
    34  0 1  95.62 10009.00 2   0.0 -32.8     37789150   0   1650      2049850
    35  0 1  94.57  9940.00 2   0.0 -32.5     38799550   0   1500      1010400
    36  0 1  95.62 10057.00 2   0.0 -31.9     39799700   0   1850      1000150
    37  0 1  94.92 10099.00 2   0.0 -31.6     40789350   0   1900       989650
    38  0 1  95.62  9991.00 2   0.0 -31.3     41768950   0   1450       979600
    39  0 1  94.57 10135.00 2   0.0 -30.9     42739200   0   1550       970250
    40  0 1  95.27 10096.00 2   0.0 -30.6     43699650   0   1650       960450
    41  0 1  94.22 10093.00 2   0.0 -30.6     44649450   0   1700       949800
    42  0 1  95.27  9887.50 2   0.0 -30.3     45589050   0   1600       939600
    43  0 1  94.92  9989.50 2   0.0 -30.0     47438900   0   1750      1849850
    44  0 1  94.92  9904.00 2   0.0 -30.0     48349150   0   1550       910250
    45  0 1  94.22 10138.00 2   0.0 -30.0     49248750   0   1900       899600
    46  0 1  94.92  9875.50 2   0.0 -30.0     50338500   0   1650      1089750
    47  0 1  94.22  9997.00 2   0.0 -30.0     51418800   0   1700      1080300
    48  0 1  95.27 10109.50 2   0.0 -30.3     52488450   0   1600      1069650
    49  0 1  95.27 10078.00 2   0.0 -30.3     53548000   0   1650      1059550
    50  0 1  94.57  9925.00 2   0.0 -30.6     54597650   0   1650      1049650
    51  0 1  94.22 10090.00 2   0.0 -30.6     55637900   0   1600      1040250
    52  0 1  94.57 10139.50 2   0.0 -31.3     57688150   0   1750      2050250
    53  0 1  95.27  9983.50 2   0.0 -31.6     58697950   0   1550      1009800
    54  0 1  94.22  9955.00 2   0.0 -31.9     59698250   0   1800      1000300
    55  0 1  94.57  9872.50 2   0.0 -32.5     60688650   0   1900       990400
    56  0 1  94.22  9925.00 2   0.0 -32.8     61668650   0   1700       980000
    57  0 1  94.22  9911.50 2   0.0 -33.4     62638850   0   1800       970200
    58  0 1  94.92 10136.50 2   0.0 -33.8     63598750   0   1600       959900
    59  0 1  95.27  9908.50 2   0.0 -34.4     64548350   0   1700       949600
    60  0 1  95.27 10000.00 2   0.0 -35.0     65488750   0   1550       940400
    61  0 1  94.22  9869.50 2   0.0 -36.3     67338200   0   1600      1849450
    62  0 1  94.92 10099.00 2   0.0 -36.9     68248250   0   1500       910050
    63  0 1  94.92 10084.00 2   0.0 -37.5     69148150   0   1450       899900
    64  0 1  95.27 10003.00 2   0.0 -38.4     70237950   0   1500      1089800
    65  0 1  94.22  9895.00 2   0.0 -39.1     71317750   0   1550      1079800
    66  0 1  94.22 10033.00 2   0.0 -40.0     72387250   0   1900      1069500
    67  0 1  95.27  9892.00 2   0.0 -40.9     73446900   0   1750      1059650
    68  0 1  94.92 10141.00 2   0.0 -41.6     74496700   0   1500      1049800
    69  0 1  95.27 10075.00 2   0.0 -42.5     75537100   0   1750      1040400
    70  0 1  94.92  9971.50 2   0.0 -44.4     77586200   0   1850      2049100
    71  0 1  95.62  9880.00 2   0.0 -45.6     78596050   0   1800      1009850
    72  0 1  95.62  9925.00 2   0.0 -46.6     79596100   0   1750      1000050
    73  0 1  95.62  9967.00 2   0.0 -47.5     80585850   0   1450       989750
    74  0 1  94.22  9899.50 2   0.0 -48.4     81565750   0   1500       979900
    75  0 1  95.27 10121.50 2   0.0 -49.7     82535550   0   1700       969800
    76  0 1  94.57 10012.00 2   0.0 -50.6     83495450   0   1900       959900
    77  0 1  94.92 10030.00 2   0.0 -51.9     84445700   0   1700       950250
    78  0 1  95.27  9878.50 2   0.0 -53.1     85385250   0   1450       939550
    79  0 1  95.62  9877.00 2   0.0 -55.3     87235050   0   1500      1849800
    80  0 1  94.57  9913.00 2   0.0 -56.6     88144850   0   1750       909800
    81  0 1  95.27  9961.00 2   0.0 -57.5     89045050   0   1450       900200
    82  0 1  94.92  9910.00 2   0.0 -58.8     90135350   0   1450      1090300
    83  0 1  95.27  9946.00 2   0.0 -60.0     91215800   0   1600      1080450
    84  0 1  95.27  9859.00 2   0.0 -61.3     92286100   0   1700      1070300
    85  0 1  95.27  9850.00 2   0.0 -62.5     93346450   0   1600      1060350
    86  0 1  95.62 10051.00 2   0.0 -63.8     94396200   0   1850      1049750
    87  0 1  95.62  9991.00 2   0.0 -65.0     95436400   0   1850      1040200
    88  0 1  95.27 10111.00 2   0.0 -67.5     97485950   0   1650      2049550
    89  0 1  94.22 10082.50 2   0.0 -68.8     98495500   0   1500      1009550
