    NO  S V  AOA    FREQ    B  FMOP  AMP      TOA      PMOP  PW         dTOA  
------ -- - ------ -------- - ----- ----- ------------ --- ------ ------------
     0  0 1  94.92  9916.00 2   0.0 -70.0            0   0   1700  42949673000
     1  0 1  95.27  9901.00 2   0.0 -68.8       990000   0   1800       990000
     2  0 1  94.57  9940.00 2   0.0 -67.5      1969800   0   1550       979800
     3  0 1  94.22 10088.50 2   0.0 -66.3      2939300   0   1500       969500
     4  0 1  94.92  9934.00 2   0.0 -65.0      3899100   0   1500       959800
     5  0 1  94.22 10141.00 2   0.0 -63.8      4849350   0   1650       950250
     6  0 1  95.62  9877.00 2   0.0 -62.5      5789500   0   1500       940150
     7  0 1  95.27 10136.50 2   0.0 -60.0      7640100   0   1550      1850600
     8  0 1  94.22  9877.00 2   0.0 -58.8      8550050   0   1700       909950
     9  0 1  95.62 10042.00 2   0.0 -57.5      9449700   0   1700       899650
    10  0 1  95.27 10102.00 2   0.0 -56.6     10539900   0   1750      1090200
    11  0 1  95.62 10045.00 2   0.0 -55.3     11620150   0   1600      1080250
    12  0 1  94.92 10054.00 2   0.0 -54.1     12689900   0   1550      1069750
    13  0 1  95.62 10127.50 2   0.0 -53.1     13749950   0   1450      1060050
    14  0 1  94.57 10120.00 2   0.0 -51.9     14800400   0   1550      1050450
    15  0 1  94.22 10070.50 2   0.0 -50.6     15839900   0   1650      1039500
    16  0 1  95.62  9854.50 2   0.0 -48.4     17889800   0   1550      2049900
    17  0 1  94.22 10081.00 2   0.0 -47.5     18899700   0   1700      1009900
    18  0 1  94.22  9967.00 2   0.0 -46.6     19899250   0   1800       999550
    19  0 1  95.62 10054.00 2   0.0 -45.6     20889700   0   1800       990450
    20  0 1  95.62 10081.00 2   0.0 -44.4     21869750   0   1550       980050
    21  0 1  94.92 10036.00 2   0.0 -43.4     22840050   0   1500       970300
    22  0 1  95.62 10127.50 2   0.0 -42.5     23799550   0   1450       959500
    23  0 1  94.57  9931.00 2   0.0 -41.6     24749700   0   1600       950150
    24  0 1  94.57  9898.00 2   0.0 -40.9     25689200   0   1550       939500
    25  0 1  95.27  9985.00 2   0.0 -39.1     27539600   0   1800      1850400
    26  0 1  94.57 10034.50 2   0.0 -38.4     28449950   0   1500       910350
    27  0 1  94.92  9853.00 2   0.0 -37.5     29350350   0   1550       900400
    28  0 1  94.22 10117.00 2   0.0 -36.9     30439850   0   1700      1089500
    29  0 1  94.57 10081.00 2   0.0 -36.3     31519550   0   1600      1079700
    30  0 1  94.22 10126.00 2   0.0 -35.6     32589150   0   1800      1069600
    31  0 1  95.62  9982.00 2   0.0 -35.0     33648700   0   1550      1059550
    32  0 1  94.22 10115.50 2   0.0 -34.4     34698500   0   1700      1049800
    33  0 1  95.62  9890.50 2   0.0 -33.8     35738450   0   1450      1039950
    34  0 1  94.92 10115.50 2   0.0 -32.8     37789100   0   1550      2050650
    35  0 1  94.22  9967.00 2   0.0 -32.5     38798800   0   1500      1009700
    36  0 1  94.57 10135.00 2   0.0 -31.9     39798550   0   1650       999750
    37  0 1  95.27 10082.50 2   0.0 -31.6     40788700   0   1800       990150
    38  0 1  95.62  9863.50 2   0.0 -31.3     41768200   0   1700       979500
    39  0 1  94.57 10042.00 2   0.0 -30.9     42737850   0   1550       969650
    40  0 1  95.27  9952.00 2   0.0 -30.6     43698300   0   1850       960450
    41  0 1  95.27  9908.50 2   0.0 -30.6     44648150   0   1450       949850
    42  0 1  94.57  9994.00 2   0.0 -30.3     45588150   0   1750       940000
    43  0 1  94.22 10055.50 2   0.0 -30.0     47438150   0   1550      1850000
    44  0 1  94.22 10115.50 2   0.0 -30.0     48348450   0   1500       910300
    45  0 1  94.57  9973.00 2   0.0 -30.0     49248400   0   1550       899950
    46  0 1  94.22  9872.50 2   0.0 -30.0     50338200   0   1500      1089800
    47  0 1  94.22 10121.50 2   0.0 -30.0     51418500   0   1550      1080300
    48  0 1  95.62 10009.00 2   0.0 -30.3     52488150   0   1700      1069650
    49  0 1  95.27 10000.00 2   0.0 -30.3     53547900   0   1500      1059750
    50  0 1  94.22  9946.00 2   0.0 -30.6     54598350   0   1750      1050450
    51  0 1  95.62  9955.00 2   0.0 -30.6     55638350   0   1750      1040000
    52  0 1  94.92 10001.50 2   0.0 -31.3     57687900   0   1450      2049550
    53  0 1  95.27  9884.50 2   0.0 -31.6     58697650   0   1600      1009750
    54  0 1  95.27  9902.50 2   0.0 -31.9     59697500   0   1600       999850
    55  0 1  94.92 10136.50 2   0.0 -32.5     60687500   0   1850       990000
    56  0 1  94.92  9865.00 2   0.0 -32.8     61667500   0   1800       980000
    57  0 1  95.62  9883.00 2   0.0 -33.4     62637450   0   1700       969950
    58  0 1  95.27  9907.00 2   0.0 -33.8     63597600   0   1450       960150
    59  0 1  94.57  9880.00 2   0.0 -34.4     64548000   0   1700       950400
    60  0 1  94.92  9961.00 2   0.0 -35.0     65488450   0   1450       940450
    61  0 1  94.22  9976.00 2   0.0 -36.3     67338750   0   1700      1850300
    62  0 1  95.62  9851.50 2   0.0 -36.9     68248300   0   1900       909550
    63  0 1  94.92  9893.50 2   0.0 -37.5     69148050   0   1500       899750
    64  0 1  95.27  9923.50 2   0.0 -38.4     70238200   0   1500      1090150
    65  0 1  94.92  9914.50 2   0.0 -39.1     71318300   0   1700      1080100
    66  0 1  94.57  9970.00 2   0.0 -40.0     72388300   0   1750      1070000
    67  0 1  95.27 10006.00 2   0.0 -40.9     73448250   0   1750      1059950
    68  0 1  94.92 10070.50 2   0.0 -41.6     74498200   0   1600      1049950
    69  0 1  94.92 10048.00 2   0.0 -42.5     75538300   0   1750      1040100
    70  0 1  95.27 10025.50 2   0.0 -44.4     77589100   0   1600      2050800
    71  0 1  94.22  9965.50 2   0.0 -45.6     78599400   0   1750      1010300
    72  0 1  95.27  9892.00 2   0.0 -46.6     79599700   0   1900      1000300
    73  0 1  94.22  9980.50 2   0.0 -47.5     80590000   0   1500       990300
    74  0 1  95.27  9937.00 2   0.0 -48.4     81569950   0   1500       979950
    75  0 1  94.92 10010.50 2   0.0 -49.7     82540350   0   1850       970400
    76  0 1  95.62 10091.50 2   0.0 -50.6     83500000   0   1850       959650
    77  0 1  95.27  9901.00 2   0.0 -51.9     84449850   0   1850       949850
    78  0 1  95.62 10012.00 2   0.0 -53.1     85389900   0   1850       940050
    79  0 1  94.57  9860.50 2   0.0 -55.3     87240500   0   1550      1850600
    80  0 1  95.27  9946.00 2   0.0 -56.6     88150550   0   1450       910050
    81  0 1  95.62  9911.50 2   0.0 -57.5     89050100   0   1750       899550
    82  0 1  94.57  9877.00 2   0.0 -58.8     90140000   0   1800      1089900
    83  0 1  94.22  9934.00 2   0.0 -60.0     91219950   0   1500      1079950
    84  0 1  95.62  9853.00 2   0.0 -61.3     92289900   0   1500      1069950
    85  0 1  94.22 10103.50 2   0.0 -62.5     93350050   0   1450      1060150
    86  0 1  94.22  9962.50 2   0.0 -63.8     94399550   0   1800      1049500
    87  0 1  94.57  9976.00 2   0.0 -65.0     95439050   0   1800      1039500
    88  0 1  94.22  9934.00 2   0.0 -67.5     97488850   0   1550      2049800
    89  0 1  94.57  9944.50 2   0.0 -68.8     98499000   0   1600      1010150
