    NO  S V  AOA    FREQ    B  FMOP  AMP      TOA      PMOP  PW         dTOA  
------ -- - ------ -------- - ----- ----- ------------ --- ------ ------------
     0  0 1  95.62 10000.00 2   0.0 -70.0            0   0   1800  42949673000
     1  0 1  95.62 10031.50 2   0.0 -69.4       979700   0   2050       979700
     2  0 1  95.62 10063.00 2   0.0 -68.8      1960050   0   2100       980350
     3  0 1  94.57 10096.00 2   0.0 -68.1      2939950   0   1800       979900
     4  0 1  95.62 10123.00 2   0.0 -67.5      3919500   0   1700       979550
     5  0 1  94.92 10151.50 2   0.0 -66.9      4899300   0   1800       979800
     6  0 1  95.27 10177.00 2   0.0 -66.3      5879450   0   1950       980150
     7  0 1  95.27 10214.50 2   0.0 -65.0      7820000   0   1950      1940550
     8  0 1  95.62 10229.50 2   0.0 -64.4      8790450   0   1950       970450
     9  0 1  94.22 10241.50 2   0.0 -63.8      9760900   0   1900       970450
    10  0 1  94.22 10246.00 2   0.0 -63.1     10731100   0   2100       970200
    11  0 1  94.92 10249.00 2   0.0 -62.5     11701050   0   2050       969950
    12  0 1  95.27 10247.50 2   0.0 -61.9     12670750   0   1900       969700
    13  0 1  95.27 10241.50 2   0.0 -61.3     13640650   0   1900       969900
    14  0 1  95.62 10231.00 2   0.0 -60.6     14610250   0   1650       969600
    15  0 1  94.92 10217.50 2   0.0 -60.0     15580600   0   1650       970350
    16  0 1  94.22 10178.50 2   0.0 -58.8     17520350   0   1700      1939750
    17  0 1  95.27 10154.50 2   0.0 -58.1     18520050   0   1950       999700
    18  0 1  95.62 10126.00 2   0.0 -57.5     19519850   0   2050       999800
    19  0 1  95.62 10096.00 2   0.0 -57.2     20519400   0   1650       999550
    20  0 1  94.22 10063.00 2   0.0 -56.6     21519400   0   2050      1000000
    21  0 1  95.27 10031.50 2   0.0 -55.9     22518950   0   2050       999550
    22  0 1  94.92  9998.50 2   0.0 -55.3     23518450   0   1800       999500
    23  0 1  94.92  9964.00 2   0.0 -54.7     24518050   0   2100       999600
    24  0 1  95.62  9934.00 2   0.0 -54.1     25517600   0   1750       999550
    25  0 1  95.62  9871.00 2   0.0 -53.1     27517600   0   1700      2000000
    26  0 1  95.62  9842.50 2   0.0 -52.5     28517300   0   2000       999700
    27  0 1  94.92  9820.00 2   0.0 -51.9     29517350   0   1950      1000050
    28  0 1  94.22  9799.00 2   0.0 -51.3     30507300   0   1900       989950
    29  0 1  95.27  9781.00 2   0.0 -50.6     31497250   0   1850       989950
    30  0 1  95.62  9766.00 2   0.0 -50.3     32487300   0   1750       990050
    31  0 1  94.92  9755.50 2   0.0 -49.7     33477250   0   1750       989950
    32  0 1  94.92  9749.50 2   0.0 -49.1     34466850   0   1650       989600
    33  0 1  94.22  9748.00 2   0.0 -48.4     35457200   0   1750       990350
    34  0 1  95.27  9758.50 2   0.0 -47.5     37457050   0   2100      1999850
    35  0 1  94.57  9770.50 2   0.0 -46.9     38456800   0   1800       999750
    36  0 1  94.57  9788.50 2   0.0 -46.6     39456650   0   1700       999850
    37  0 1  94.92  9808.00 2   0.0 -45.9     40456300   0   1800       999650
    38  0 1  95.62  9830.50 2   0.0 -45.6     41456000   0   1900       999700
    39  0 1  94.92  9856.00 2   0.0 -45.0     42466150   0   1850      1010150
    40  0 1  95.62  9886.00 2   0.0 -44.4     43476200   0   2100      1010050
    41  0 1  94.57  9917.50 2   0.0 -44.1     44486550   0   1700      1010350
    42  0 1  94.92  9950.50 2   0.0 -43.4     45496250   0   2050      1009700
    43  0 1  95.27 10015.00 2   0.0 -42.5     47516450   0   1700      2020200
    44  0 1  94.57 10049.50 2   0.0 -42.2     48516200   0   2050       999750
    45  0 1  94.57 10082.50 2   0.0 -41.6     49515850   0   1700       999650
    46  0 1  94.57 10111.00 2   0.0 -41.3     50516000   0   1850      1000150
    47  0 1  95.27 10141.00 2   0.0 -40.9     51515950   0   2000       999950
    48  0 1  95.27 10168.00 2   0.0 -40.3     52516000   0   1800      1000050
    49  0 1  95.27 10189.00 2   0.0 -40.0     53516450   0   1850      1000450
    50  0 1  94.57 10210.00 2   0.0 -39.7     54516700   0   1950      1000250
    51  0 1  95.27 10226.50 2   0.0 -39.1     55516900   0   2000      1000200
    52  0 1  94.92 10244.50 2   0.0 -38.4     57516800   0   1900      1999900
    53  0 1  94.22 10249.00 2   0.0 -38.1     58517150   0   1650      1000350
    54  0 1  95.27 10249.00 2   0.0 -37.5     59517300   0   1700      1000150
    55  0 1  94.92 10243.00 2   0.0 -37.2     60497150   0   1650       979850
    56  0 1  95.27 10232.50 2   0.0 -36.9     61476750   0   2000       979600
    57  0 1  94.57 10217.50 2   0.0 -36.6     62456450   0   1800       979700
    58  0 1  95.27 10201.00 2   0.0 -36.3     63436750   0   1650       980300
    59  0 1  94.57 10180.00 2   0.0 -35.9     64417200   0   1700       980450
    60  0 1  94.22 10156.00 2   0.0 -35.6     65397200   0   1750       980000
    61  0 1  95.62 10102.00 2   0.0 -35.0     67338000   0   2100      1940800
    62  0 1  94.92 10070.50 2   0.0 -34.7     68308400   0   1700       970400
    63  0 1  94.57 10040.50 2   0.0 -34.4     69278050   0   1700       969650
    64  0 1  94.57 10007.50 2   0.0 -34.1     70248400   0   1700       970350
    65  0 1  94.22  9974.50 2   0.0 -33.8     71218450   0   1950       970050
    66  0 1  95.62  9944.50 2   0.0 -33.4     72188350   0   1700       969900
    67  0 1  95.27  9913.00 2   0.0 -33.4     73158000   0   1650       969650
    68  0 1  94.22  9883.00 2   0.0 -33.1     74128350   0   1800       970350
    69  0 1  94.92  9853.00 2   0.0 -32.8     75097900   0   1700       969550
    70  0 1  95.27  9808.00 2   0.0 -32.5     77038050   0   1900      1940150
    71  0 1  94.22  9787.00 2   0.0 -32.2     78037900   0   1900       999850
    72  0 1  94.57  9770.50 2   0.0 -31.9     79037550   0   1950       999650
    73  0 1  95.62  9760.00 2   0.0 -31.9     80037600   0   2050      1000050
    74  0 1  95.62  9754.00 2   0.0 -31.6     81037250   0   1800       999650
    75  0 1  94.57  9748.00 2   0.0 -31.6     82037050   0   2100       999800
    76  0 1  94.92  9751.00 2   0.0 -31.3     83037000   0   1650       999950
    77  0 1  94.22  9757.00 2   0.0 -31.3     84037000   0   2000      1000000
    78  0 1  94.92  9767.50 2   0.0 -30.9     85036550   0   1700       999550
    79  0 1  95.27  9799.00 2   0.0 -30.6     87036050   0   1900      1999500
    80  0 1  94.92  9821.50 2   0.0 -30.6     88035950   0   1900       999900
    81  0 1  94.92  9844.00 2   0.0 -30.6     89035550   0   1700       999600
    82  0 1  94.57  9871.00 2   0.0 -30.3     90025050   0   2100       989500
    83  0 1  94.92  9901.00 2   0.0 -30.3     91015100   0   1650       990050
    84  0 1  94.57  9934.00 2   0.0 -30.3     92004750   0   1700       989650
    85  0 1  94.92  9967.00 2   0.0 -30.3     92994700   0   1700       989950
    86  0 1  95.62 10000.00 2   0.0 -30.0     93984750   0   2100       990050
    87  0 1  95.27 10031.50 2   0.0 -30.0     94974650   0   1800       989900
    88  0 1  95.62 10096.00 2   0.0 -30.0     96974650   0   2100      2000000
    89  0 1  95.27 10126.00 2   0.0 -30.0     97974400   0   1750       999750
    90  0 1  95.27 10154.50 2   0.0 -30.0     98974750   0   2050      1000350
    91  0 1  94.57 10180.00 2   0.0 -30.0     99974400   0   1750       999650
    92  0 1  94.57 10198.00 2   0.0 -30.0    100973900   0   2000       999500
    93  0 1  95.62 10216.00 2   0.0 -30.0    101983900   0   1700      1010000
    94  0 1  94.22 10234.00 2   0.0 -30.0    102993400   0   1750      1009500
    95  0 1  95.27 10241.50 2   0.0 -30.0    104003400   0   1850      1010000
    96  0 1  94.22 10249.00 2   0.0 -30.3    105013800   0   1650      1010400
    97  0 1  95.27 10244.50 2   0.0 -30.3    107034200   0   1800      2020400
    98  0 1  95.27 10237.00 2   0.0 -30.3    108033950   0   1700       999750
    99  0 1  94.22 10226.50 2   0.0 -30.6    109034200   0   1650      1000250
   100  0 1  95.27 10210.00 2   0.0 -30.6    110034550   0   1850      1000350
   101  0 1  94.57 10189.00 2   0.0 -30.6    111034900   0   2100      1000350
   102  0 1  95.62 10165.00 2   0.0 -30.9    112034900   0   1750      1000000
   103  0 1  94.92 10141.00 2   0.0 -30.9    113035350   0   2050      1000450
   104  0 1  94.92 10111.00 2   0.0 -31.3    114035300   0   1800       999950
   105  0 1  95.27 10078.00 2   0.0 -31.3    115035100   0   1800       999800
   106  0 1  94.92 10013.50 2   0.0 -31.6    117034850   0   1700      1999750
   107  0 1  95.27  9980.50 2   0.0 -31.9    118034950   0   1900      1000100
   108  0 1  94.92  9947.50 2   0.0 -31.9    119034650   0   2050       999700
   109  0 1  95.62  9916.00 2   0.0 -32.2    120014800   0   1700       980150
   110  0 1  95.62  9887.50 2   0.0 -32.5    120994700   0   1850       979900
   111  0 1  94.57  9859.00 2   0.0 -32.5    121974950   0   1950       980250
   112  0 1  95.62  9832.00 2   0.0 -32.8    122954500   0   1650       979550
   113  0 1  94.57  9809.50 2   0.0 -33.1    123934800   0   2000       980300
   114  0 1  95.27  9790.00 2   0.0 -33.4    124914800   0   1800       980000
   115  0 1  95.27  9761.50 2   0.0 -33.8    126854050   0   2000      1939250
   116  0 1  95.27  9754.00 2   0.0 -34.1    127823850   0   1650       969800
   117  0 1  94.57  9748.00 2   0.0 -34.4    128794300   0   1850       970450
   118  0 1  94.92  9749.50 2   0.0 -34.7    129764500   0   2000       970200
   119  0 1  94.22  9754.00 2   0.0 -35.0    130734250   0   1950       969750
   120  0 1  94.92  9763.00 2   0.0 -35.3    131704400   0   1650       970150
   121  0 1  94.92  9773.50 2   0.0 -35.6    132674400   0   1700       970000
   122  0 1  94.22  9790.00 2   0.0 -35.9    133644100   0   2050       969700
   123  0 1  94.22  9811.00 2   0.0 -36.3    134614300   0   2100       970200
   124  0 1  94.22  9859.00 2   0.0 -36.9    136554500   0   1900      1940200
   125  0 1  94.57  9889.00 2   0.0 -37.2    137554250   0   1750       999750
   126  0 1  95.62  9919.00 2   0.0 -37.5    138554650   0   2100      1000400
   127  0 1  95.27  9950.50 2   0.0 -38.1    139554200   0   2050       999550
   128  0 1  94.92  9985.00 2   0.0 -38.4    140554400   0   1700      1000200
   129  0 1  94.92 10018.00 2   0.0 -38.8    141554500   0   1850      1000100
   130  0 1  94.22 10051.00 2   0.0 -39.1    142554650   0   1900      1000150
   131  0 1  94.92 10084.00 2   0.0 -39.7    143554450   0   1950       999800
   132  0 1  95.27 10114.00 2   0.0 -40.0    144554200   0   1750       999750
   133  0 1  94.57 10169.50 2   0.0 -40.9    146554250   0   1800      2000050
   134  0 1  94.22 10192.00 2   0.0 -41.3    147553850   0   1700       999600
   135  0 1  94.92 10211.50 2   0.0 -41.6    148554000   0   1650      1000150
   136  0 1  94.22 10228.00 2   0.0 -42.2    149544300   0   1800       990300
   137  0 1  95.27 10238.50 2   0.0 -42.5    150534650   0   1900       990350
   138  0 1  94.92 10244.50 2   0.0 -43.1    151525050   0   1700       990400
   139  0 1  94.22 10249.00 2   0.0 -43.4    152515500   0   1650       990450
   140  0 1  94.92 10247.50 2   0.0 -44.1    153505800   0   1650       990300
   141  0 1  94.92 10243.00 2   0.0 -44.4    154495500   0   1650       989700
   142  0 1  94.22 10217.50 2   0.0 -45.6    156495150   0   1700      1999650
   143  0 1  94.92 10199.50 2   0.0 -45.9    157495100   0   1750       999950
   144  0 1  94.57 10180.00 2   0.0 -46.6    158494900   0   2050       999800
   145  0 1  94.92 10154.50 2   0.0 -46.9    159494600   0   1750       999700
   146  0 1  94.22 10127.50 2   0.0 -47.5    160494700   0   2000      1000100
   147  0 1  94.92 10096.00 2   0.0 -48.1    161504400   0   1900      1009700
   148  0 1  94.92 10064.50 2   0.0 -48.4    162514550   0   2050      1010150
   149  0 1  95.62 10031.50 2   0.0 -49.1    163524700   0   1750      1010150
   150  0 1  95.62  9998.50 2   0.0 -49.7    164534250   0   1700      1009550
   151  0 1  94.92  9931.00 2   0.0 -50.6    166555000   0   1700      2020750
   152  0 1  94.57  9898.00 2   0.0 -51.3    167555150   0   1950      1000150
   153  0 1  94.92  9869.50 2   0.0 -51.9    168554850   0   1900       999700
   154  0 1  95.27  9842.50 2   0.0 -52.5    169554750   0   1950       999900
   155  0 1  94.92  9818.50 2   0.0 -53.1    170555000   0   2050      1000250
   156  0 1  94.92  9796.00 2   0.0 -53.4    171554950   0   1850       999950
   157  0 1  94.22  9778.00 2   0.0 -54.1    172555350   0   1700      1000400
   158  0 1  94.92  9766.00 2   0.0 -54.7    173555050   0   1700       999700
   159  0 1  95.27  9754.00 2   0.0 -55.3    174554600   0   1650       999550
   160  0 1  95.27  9749.50 2   0.0 -56.6    176554400   0   1900      1999800
   161  0 1  94.22  9752.50 2   0.0 -57.2    177554350   0   2000       999950
   162  0 1  95.27  9760.00 2   0.0 -57.5    178554200   0   2000       999850
   163  0 1  95.27  9772.00 2   0.0 -58.1    179534300   0   1900       980100
   164  0 1  94.22  9790.00 2   0.0 -58.8    180514100   0   1950       979800
   165  0 1  95.27  9808.00 2   0.0 -59.4    181493900   0   1650       979800
   166  0 1  95.62  9829.00 2   0.0 -60.0    182473550   0   2100       979650
   167  0 1  94.22  9857.50 2   0.0 -60.6    183453300   0   1750       979750
   168  0 1  95.27  9883.00 2   0.0 -61.3    184433350   0   2000       980050
   169  0 1  94.22  9944.50 2   0.0 -62.5    186373450   0   2050      1940100
   170  0 1  95.27  9977.50 2   0.0 -63.1    187343850   0   1800       970400
   171  0 1  94.57 10009.00 2   0.0 -63.8    188314050   0   1750       970200
   172  0 1  95.27 10042.00 2   0.0 -64.4    189283550   0   1650       969500
   173  0 1  94.57 10075.00 2   0.0 -65.0    190253500   0   1650       969950
   174  0 1  95.62 10105.00 2   0.0 -65.6    191223000   0   2000       969500
   175  0 1  94.22 10130.50 2   0.0 -66.3    192192550   0   1800       969550
   176  0 1  94.22 10159.00 2   0.0 -66.9    193162200   0   2000       969650
   177  0 1  94.57 10181.50 2   0.0 -67.5    194132050   0   1650       969850
   178  0 1  95.62 10219.00 2   0.0 -68.8    196071750   0   1850      1939700
   179  0 1  95.27 10234.00 2   0.0 -69.4    197071550   0   2000       999800
