    NO  S V  AOA    FREQ    B  FMOP  AMP      TOA      PMOP  PW         dTOA  
------ -- - ------ -------- - ----- ----- ------------ --- ------ ------------
     0  0 1  94.22  9998.50 2   0.0 -70.0            0   0   2100  42949673000
     1  0 1  94.92 10063.00 2   0.0 -68.8      1960150   0   1750      1960150
     2  0 1  95.27 10093.00 2   0.0 -68.1      2939900   0   1750       979750
     3  0 1  94.92 10124.50 2   0.0 -67.5      3920050   0   1800       980150
     4  0 1  94.57 10151.50 2   0.0 -66.9      4900400   0   1650       980350
     5  0 1  95.62 10175.50 2   0.0 -66.3      5880300   0   1750       979900
     6  0 1  94.92 10196.50 2   0.0 -65.6      6850050   0   1700       969750
     7  0 1  94.92 10214.50 2   0.0 -65.0      7820250   0   1850       970200
     8  0 1  94.22 10231.00 2   0.0 -64.4      8790450   0   1750       970200
     9  0 1  94.92 10240.00 2   0.0 -63.8      9760650   0   1950       970200
    10  0 1  95.62 10247.50 2   0.0 -62.5     11700700   0   2100      1940050
    11  0 1  94.57 10247.50 2   0.0 -61.9     12671000   0   1900       970300
    12  0 1  94.57 10241.50 2   0.0 -61.3     13641400   0   1800       970400
    13  0 1  94.57 10229.50 2   0.0 -60.6     14611100   0   1700       969700
    14  0 1  94.92 10216.00 2   0.0 -60.0     15581150   0   1750       970050
    15  0 1  95.62 10201.00 2   0.0 -59.4     16550900   0   1750       969750
    16  0 1  94.22 10178.50 2   0.0 -58.8     17520600   0   1900       969700
    17  0 1  94.92 10153.00 2   0.0 -58.1     18521000   0   1700      1000400
    18  0 1  95.62 10126.00 2   0.0 -57.5     19520600   0   1850       999600
    19  0 1  95.62 10063.00 2   0.0 -56.6     21520950   0   1650      2000350
    20  0 1  94.57 10031.50 2   0.0 -55.9     22521200   0   2050      1000250
    21  0 1  94.57  9997.00 2   0.0 -55.3     23521400   0   2000      1000200
    22  0 1  94.57  9964.00 2   0.0 -54.7     24521200   0   1800       999800
    23  0 1  95.27  9931.00 2   0.0 -54.1     25521150   0   1650       999950
    24  0 1  95.62  9901.00 2   0.0 -53.4     26521500   0   2000      1000350
    25  0 1  95.62  9871.00 2   0.0 -53.1     27521500   0   1700      1000000
    26  0 1  95.27  9844.00 2   0.0 -52.5     28521400   0   2000       999900
    27  0 1  94.92  9817.00 2   0.0 -51.9     29521800   0   1650      1000400
    28  0 1  94.92  9781.00 2   0.0 -50.6     31501550   0   1800      1979750
    29  0 1  94.57  9766.00 2   0.0 -50.3     32491900   0   1850       990350
    30  0 1  95.27  9754.00 2   0.0 -49.7     33481450   0   2100       989550
    31  0 1  95.27  9751.00 2   0.0 -49.1     34471000   0   2000       989550
    32  0 1  94.92  9749.50 2   0.0 -48.4     35461450   0   1800       990450
    33  0 1  94.22  9752.50 2   0.0 -48.1     36461800   0   1750      1000350
    34  0 1  94.22  9760.00 2   0.0 -47.5     37461500   0   1700       999700
    35  0 1  94.92  9772.00 2   0.0 -46.9     38461600   0   1700      1000100
    36  0 1  94.92  9787.00 2   0.0 -46.6     39461950   0   1850      1000350
    37  0 1  95.62  9832.00 2   0.0 -45.6     41462050   0   2050      2000100
    38  0 1  95.27  9856.00 2   0.0 -45.0     42472400   0   1850      1010350
    39  0 1  95.27  9886.00 2   0.0 -44.4     43482550   0   1750      1010150
    40  0 1  94.92  9916.00 2   0.0 -44.1     44492850   0   2100      1010300
    41  0 1  94.92  9949.00 2   0.0 -43.4     45502600   0   1750      1009750
    42  0 1  94.22  9982.00 2   0.0 -43.1     46512650   0   1850      1010050
    43  0 1  95.62 10016.50 2   0.0 -42.5     47523050   0   1800      1010400
    44  0 1  94.57 10048.00 2   0.0 -42.2     48523200   0   1800      1000150
    45  0 1  94.22 10081.00 2   0.0 -41.6     49523350   0   1750      1000150
    46  0 1  95.27 10141.00 2   0.0 -40.9     51523100   0   2050      1999750
    47  0 1  95.27 10166.50 2   0.0 -40.3     52523400   0   2100      1000300
    48  0 1  94.57 10190.50 2   0.0 -40.0     53523750   0   1700      1000350
    49  0 1  94.22 10210.00 2   0.0 -39.7     54523900   0   1750      1000150
    50  0 1  94.92 10228.00 2   0.0 -39.1     55524000   0   1700      1000100
    51  0 1  94.22 10240.00 2   0.0 -38.8     56523950   0   1650       999950
    52  0 1  95.27 10244.50 2   0.0 -38.4     57524300   0   1750      1000350
    53  0 1  94.57 10247.50 2   0.0 -38.1     58524150   0   1850       999850
    54  0 1  94.57 10246.00 2   0.0 -37.5     59524550   0   2100      1000400
    55  0 1  95.62 10232.50 2   0.0 -36.9     61484450   0   1650      1959900
    56  0 1  94.22 10219.00 2   0.0 -36.6     62464700   0   1800       980250
    57  0 1  94.57 10202.50 2   0.0 -36.3     63444900   0   2100       980200
    58  0 1  95.27 10180.00 2   0.0 -35.9     64424550   0   2100       979650
    59  0 1  95.62 10157.50 2   0.0 -35.6     65404250   0   1800       979700
    60  0 1  94.92 10132.00 2   0.0 -35.3     66374450   0   2050       970200
    61  0 1  94.22 10102.00 2   0.0 -35.0     67344450   0   2000       970000
    62  0 1  94.57 10072.00 2   0.0 -34.7     68314500   0   2050       970050
    63  0 1  94.92 10039.00 2   0.0 -34.4     69284250   0   1700       969750
    64  0 1  94.92  9973.00 2   0.0 -33.8     71224800   0   2050      1940550
    65  0 1  95.27  9941.50 2   0.0 -33.4     72194650   0   1700       969850
    66  0 1  94.22  9913.00 2   0.0 -33.4     73164850   0   2000       970200
    67  0 1  94.22  9881.50 2   0.0 -33.1     74134800   0   2050       969950
    68  0 1  94.57  9856.00 2   0.0 -32.8     75104450   0   2100       969650
    69  0 1  94.22  9830.50 2   0.0 -32.5     76074600   0   1650       970150
    70  0 1  95.62  9806.50 2   0.0 -32.5     77044550   0   2000       969950
    71  0 1  94.22  9788.50 2   0.0 -32.2     78044600   0   1700      1000050
    72  0 1  94.92  9770.50 2   0.0 -31.9     79045000   0   1850      1000400
    73  0 1  95.62  9752.50 2   0.0 -31.6     81044200   0   1850      1999200
    74  0 1  95.62  9751.00 2   0.0 -31.6     82044650   0   1650      1000450
    75  0 1  94.22  9749.50 2   0.0 -31.3     83044750   0   1650      1000100
    76  0 1  95.62  9757.00 2   0.0 -31.3     84044900   0   1950      1000150
    77  0 1  94.57  9766.00 2   0.0 -30.9     85044600   0   1700       999700
    78  0 1  95.27  9781.00 2   0.0 -30.9     86044100   0   1850       999500
    79  0 1  95.62  9797.50 2   0.0 -30.6     87044150   0   1900      1000050
    80  0 1  95.27  9821.50 2   0.0 -30.6     88044100   0   2100       999950
    81  0 1  95.27  9847.00 2   0.0 -30.6     89043900   0   2100       999800
    82  0 1  95.27  9904.00 2   0.0 -30.3     91023750   0   1750      1979850
    83  0 1  94.22  9934.00 2   0.0 -30.3     92013550   0   1650       989800
    84  0 1  94.57  9967.00 2   0.0 -30.3     93003150   0   1650       989600
    85  0 1  95.27 10000.00 2   0.0 -30.0     93993500   0   1650       990350
    86  0 1  95.62 10031.50 2   0.0 -30.0     94983850   0   1650       990350
    87  0 1  95.27 10066.00 2   0.0 -30.0     95984250   0   1950      1000400
    88  0 1  94.92 10097.50 2   0.0 -30.0     96984150   0   2100       999900
    89  0 1  95.27 10126.00 2   0.0 -30.0     97983850   0   1950       999700
    90  0 1  95.27 10153.00 2   0.0 -30.0     98983650   0   2050       999800
    91  0 1  95.62 10201.00 2   0.0 -30.0    100983700   0   1900      2000050
    92  0 1  94.22 10219.00 2   0.0 -30.0    101993300   0   1850      1009600
    93  0 1  94.92 10234.00 2   0.0 -30.0    103003150   0   1700      1009850
    94  0 1  94.22 10243.00 2   0.0 -30.0    104012750   0   1800      1009600
    95  0 1  94.22 10246.00 2   0.0 -30.3    105022350   0   1750      1009600
    96  0 1  95.62 10249.00 2   0.0 -30.3    106032550   0   1950      1010200
    97  0 1  94.57 10246.00 2   0.0 -30.3    107042550   0   1850      1010000
    98  0 1  95.27 10237.00 2   0.0 -30.3    108042800   0   1650      1000250
    99  0 1  94.22 10225.00 2   0.0 -30.6    109042600   0   2050       999800
   100  0 1  95.62 10189.00 2   0.0 -30.6    111042700   0   1850      2000100
   101  0 1  94.22 10165.00 2   0.0 -30.9    112042950   0   1750      1000250
   102  0 1  94.57 10139.50 2   0.0 -30.9    113043300   0   2050      1000350
   103  0 1  94.57 10111.00 2   0.0 -31.3    114043000   0   2100       999700
   104  0 1  94.92 10078.00 2   0.0 -31.3    115042850   0   2050       999850
   105  0 1  94.22 10046.50 2   0.0 -31.6    116042650   0   1650       999800
   106  0 1  94.57 10015.00 2   0.0 -31.6    117042350   0   1700       999700
   107  0 1  94.92  9982.00 2   0.0 -31.9    118042050   0   1700       999700
   108  0 1  94.57  9946.00 2   0.0 -31.9    119041700   0   1750       999650
   109  0 1  95.27  9886.00 2   0.0 -32.5    121001200   0   2000      1959500
   110  0 1  94.22  9857.50 2   0.0 -32.5    121981550   0   2050       980350
   111  0 1  95.27  9832.00 2   0.0 -32.8    122961100   0   1850       979550
   112  0 1  94.57  9808.00 2   0.0 -33.1    123941550   0   1900       980450
   113  0 1  94.22  9790.00 2   0.0 -33.4    124921550   0   2100       980000
   114  0 1  95.27  9772.00 2   0.0 -33.4    125891300   0   1900       969750
   115  0 1  94.57  9761.50 2   0.0 -33.8    126861000   0   1950       969700
   116  0 1  95.62  9752.50 2   0.0 -34.1    127830600   0   1650       969600
   117  0 1  95.62  9749.50 2   0.0 -34.4    128800800   0   1750       970200
   118  0 1  94.57  9752.50 2   0.0 -35.0    130740500   0   2000      1939700
   119  0 1  95.62  9763.00 2   0.0 -35.3    131710050   0   2050       969550
   120  0 1  94.22  9775.00 2   0.0 -35.6    132680250   0   1850       970200
   121  0 1  94.57  9790.00 2   0.0 -35.9    133649800   0   1700       969550
   122  0 1  95.27  9811.00 2   0.0 -36.3    134620200   0   2050       970400
   123  0 1  94.92  9832.00 2   0.0 -36.6    135590350   0   1650       970150
   124  0 1  95.27  9860.50 2   0.0 -36.9    136560550   0   1850       970200
   125  0 1  94.22  9887.50 2   0.0 -37.2    137560050   0   1950       999500
   126  0 1  94.22  9917.50 2   0.0 -37.5    138560450   0   1950      1000400
   127  0 1  94.92  9985.00 2   0.0 -38.4    140559550   0   1700      1999100
   128  0 1  94.57 10018.00 2   0.0 -38.8    141559100   0   2000       999550
   129  0 1  94.22 10051.00 2   0.0 -39.1    142558650   0   2100       999550
   130  0 1  94.22 10084.00 2   0.0 -39.7    143558800   0   1700      1000150
   131  0 1  94.22 10112.50 2   0.0 -40.0    144558550   0   2050       999750
   132  0 1  95.27 10144.00 2   0.0 -40.3    145558500   0   1700       999950
   133  0 1  95.62 10168.00 2   0.0 -40.9    146558300   0   1950       999800
   134  0 1  95.27 10192.00 2   0.0 -41.3    147558200   0   2000       999900
   135  0 1  95.27 10210.00 2   0.0 -41.6    148558200   0   1700      1000000
   136  0 1  94.92 10240.00 2   0.0 -42.5    150538650   0   1900      1980450
   137  0 1  95.27 10244.50 2   0.0 -43.1    151528500   0   1950       989850
   138  0 1  95.27 10249.00 2   0.0 -43.4    152518750   0   1950       990250
   139  0 1  95.27 10247.50 2   0.0 -44.1    153508950   0   1700       990200
   140  0 1  94.22 10241.50 2   0.0 -44.4    154499200   0   2000       990250
   141  0 1  94.57 10232.50 2   0.0 -45.0    155498700   0   2050       999500
   142  0 1  95.27 10219.00 2   0.0 -45.6    156499100   0   1800      1000400
   143  0 1  94.57 10201.00 2   0.0 -45.9    157499050   0   1850       999950
   144  0 1  95.62 10177.00 2   0.0 -46.6    158499000   0   1650       999950
   145  0 1  95.62 10126.00 2   0.0 -47.5    160498950   0   1850      1999950
   146  0 1  94.22 10096.00 2   0.0 -48.1    161509000   0   1800      1010050
   147  0 1  94.92 10063.00 2   0.0 -48.4    162519350   0   1950      1010350
   148  0 1  95.62 10033.00 2   0.0 -49.1    163529750   0   1700      1010400
   149  0 1  95.27  9997.00 2   0.0 -49.7    164540100   0   1750      1010350
   150  0 1  95.27  9964.00 2   0.0 -50.3    165549600   0   2050      1009500
   151  0 1  94.57  9931.00 2   0.0 -50.6    166560000   0   1750      1010400
   152  0 1  95.27  9901.00 2   0.0 -51.3    167560150   0   1850      1000150
   153  0 1  95.27  9871.00 2   0.0 -51.9    168560050   0   1950       999900
   154  0 1  95.27  9818.50 2   0.0 -53.1    170560600   0   1650      2000550
   155  0 1  95.27  9796.00 2   0.0 -53.4    171560600   0   1950      1000000
   156  0 1  95.27  9778.00 2   0.0 -54.1    172561050   0   1900      1000450
   157  0 1  95.62  9764.50 2   0.0 -54.7    173561350   0   1850      1000300
   158  0 1  94.57  9754.00 2   0.0 -55.3    174561650   0   1850      1000300
   159  0 1  95.27  9751.00 2   0.0 -55.9    175561800   0   1700      1000150
   160  0 1  94.57  9751.00 2   0.0 -56.6    176562200   0   1900      1000400
   161  0 1  95.27  9751.00 2   0.0 -57.2    177562100   0   1900       999900
   162  0 1  94.92  9760.00 2   0.0 -57.5    178562350   0   1850      1000250
   163  0 1  94.92  9790.00 2   0.0 -58.8    180521500   0   1800      1959150
   164  0 1  94.92  9808.00 2   0.0 -59.4    181501350   0   2000       979850
   165  0 1  95.62  9832.00 2   0.0 -60.0    182481600   0   1900       980250
   166  0 1  94.22  9856.00 2   0.0 -60.6    183461400   0   1950       979800
   167  0 1  95.27  9886.00 2   0.0 -61.3    184441650   0   1700       980250
   168  0 1  95.27  9916.00 2   0.0 -61.9    185411550   0   1900       969900
   169  0 1  95.62  9946.00 2   0.0 -62.5    186382000   0   1700       970450
   170  0 1  95.62  9976.00 2   0.0 -63.1    187352250   0   2100       970250
   171  0 1  94.22 10010.50 2   0.0 -63.8    188321950   0   1800       969700
   172  0 1  95.62 10072.00 2   0.0 -65.0    190262550   0   1900      1940600
   173  0 1  95.27 10105.00 2   0.0 -65.6    191232700   0   1800       970150
   174  0 1  94.92 10132.00 2   0.0 -66.3    192202750   0   2100       970050
   175  0 1  95.27 10157.50 2   0.0 -66.9    193172650   0   1750       969900
   176  0 1  95.27 10180.00 2   0.0 -67.5    194142350   0   2100       969700
   177  0 1  94.57 10201.00 2   0.0 -68.1    195112250   0   1700       969900
   178  0 1  94.92 10219.00 2   0.0 -68.8    196082450   0   1750       970200
   179  0 1  94.57 10234.00 2   0.0 -69.4    197082800   0   2100      1000350
