    NO  S V  AOA    FREQ    B  FMOP  AMP      TOA      PMOP  PW         dTOA  
------ -- - ------ -------- - ----- ----- ------------ --- ------ ------------
     0  0 1  94.22 10000.00 2   0.0 -70.0            0   0   1950  42949673000
     1  0 1  95.62 10031.50 2   0.0 -69.4       970400   0   1650       970400
     2  0 1  95.62 10063.00 2   0.0 -68.8      1939900   0   1950       969500
     3  0 1  94.57 10123.00 2   0.0 -67.5      3880000   0   1650      1940100
     4  0 1  94.92 10150.00 2   0.0 -66.9      4849850   0   1800       969850
     5  0 1  94.57 10175.50 2   0.0 -66.3      5820150   0   2100       970300
     6  0 1  94.22 10195.00 2   0.0 -65.6      6819800   0   1850       999650
     7  0 1  94.92 10216.00 2   0.0 -65.0      7819750   0   1850       999950
     8  0 1  95.27 10231.00 2   0.0 -64.4      8820100   0   2000      1000350
     9  0 1  94.92 10240.00 2   0.0 -63.8      9819950   0   1750       999850
    10  0 1  95.62 10246.00 2   0.0 -63.1     10819600   0   2050       999650
    11  0 1  94.57 10249.00 2   0.0 -62.5     11819450   0   2050       999850
    12  0 1  94.57 10240.00 2   0.0 -61.3     13819300   0   2100      1999850
    13  0 1  94.22 10228.00 2   0.0 -60.6     14819600   0   1650      1000300
    14  0 1  94.92 10213.00 2   0.0 -60.0     15819450   0   1900       999850
    15  0 1  94.57 10195.00 2   0.0 -59.4     16819450   0   2050      1000000
    16  0 1  95.62 10171.00 2   0.0 -58.8     17819600   0   1900      1000150
    17  0 1  94.57 10147.00 2   0.0 -58.1     18809750   0   1650       990150
    18  0 1  94.57 10118.50 2   0.0 -57.5     19799550   0   2000       989800
    19  0 1  94.22 10087.00 2   0.0 -57.2     20789600   0   1700       990050
    20  0 1  95.27 10055.50 2   0.0 -56.6     21779150   0   1700       989550
    21  0 1  95.27  9991.00 2   0.0 -55.3     23758650   0   1750      1979500
    22  0 1  95.27  9958.00 2   0.0 -54.7     24758600   0   1700       999950
    23  0 1  95.27  9925.00 2   0.0 -54.1     25759000   0   2100      1000400
    24  0 1  95.62  9893.50 2   0.0 -53.4     26759200   0   1750      1000200
    25  0 1  95.62  9863.50 2   0.0 -53.1     27759150   0   1900       999950
    26  0 1  95.62  9836.50 2   0.0 -52.5     28759450   0   1700      1000300
    27  0 1  95.62  9814.00 2   0.0 -51.9     29759350   0   1850       999900
    28  0 1  95.27  9791.50 2   0.0 -51.3     30769100   0   2000      1009750
    29  0 1  95.27  9775.00 2   0.0 -50.6     31779400   0   1700      1010300
    30  0 1  94.57  9752.50 2   0.0 -49.7     33798500   0   1700      2019100
    31  0 1  95.27  9748.00 2   0.0 -49.1     34808550   0   1800      1010050
    32  0 1  94.22  9749.50 2   0.0 -48.4     35818550   0   1800      1010000
    33  0 1  94.92  9754.00 2   0.0 -48.1     36818750   0   2100      1000200
    34  0 1  95.62  9764.50 2   0.0 -47.5     37819150   0   1950      1000400
    35  0 1  95.62  9776.50 2   0.0 -46.9     38818900   0   1900       999750
    36  0 1  94.22  9794.50 2   0.0 -46.6     39818600   0   1700       999700
    37  0 1  94.57  9815.50 2   0.0 -45.9     40818500   0   1650       999900
    38  0 1  95.62  9841.00 2   0.0 -45.6     41818350   0   2000       999850
    39  0 1  94.57  9895.00 2   0.0 -44.4     43818150   0   1900      1999800
    40  0 1  94.22  9928.00 2   0.0 -44.1     44817800   0   1750       999650
    41  0 1  94.57  9958.00 2   0.0 -43.4     45818050   0   1750      1000250
    42  0 1  95.62  9994.00 2   0.0 -43.1     46818450   0   1650      1000400
    43  0 1  95.62 10027.00 2   0.0 -42.5     47818150   0   1750       999700
    44  0 1  95.27 10060.00 2   0.0 -42.2     48797650   0   1700       979500
    45  0 1  94.92 10088.50 2   0.0 -41.6     49777950   0   1800       980300
    46  0 1  94.57 10120.00 2   0.0 -41.3     50758300   0   1950       980350
    47  0 1  94.22 10147.00 2   0.0 -40.9     51738450   0   1850       980150
    48  0 1  94.57 10193.50 2   0.0 -40.0     53698200   0   1650      1959750
    49  0 1  94.92 10211.50 2   0.0 -39.7     54667750   0   2100       969550
    50  0 1  94.57 10226.50 2   0.0 -39.1     55637500   0   1650       969750
    51  0 1  94.57 10240.00 2   0.0 -38.8     56607900   0   2050       970400
    52  0 1  95.62 10246.00 2   0.0 -38.4     57578000   0   2000       970100
    53  0 1  95.27 10249.00 2   0.0 -38.1     58547600   0   1700       969600
    54  0 1  94.92 10247.50 2   0.0 -37.5     59517850   0   1750       970250
    55  0 1  95.62 10243.00 2   0.0 -37.2     60487800   0   1750       969950
    56  0 1  94.57 10232.50 2   0.0 -36.9     61457900   0   2100       970100
    57  0 1  95.27 10202.50 2   0.0 -36.3     63397550   0   2000      1939650
    58  0 1  94.92 10181.50 2   0.0 -35.9     64367150   0   1900       969600
    59  0 1  94.57 10159.00 2   0.0 -35.6     65337000   0   1650       969850
    60  0 1  95.27 10132.00 2   0.0 -35.3     66337450   0   1750      1000450
    61  0 1  94.92 10102.00 2   0.0 -35.0     67337100   0   1900       999650
    62  0 1  94.57 10070.50 2   0.0 -34.7     68337150   0   1650      1000050
    63  0 1  94.57 10039.00 2   0.0 -34.4     69336900   0   1750       999750
    64  0 1  95.27 10004.50 2   0.0 -34.1     70337000   0   1750      1000100
    65  0 1  94.57  9973.00 2   0.0 -33.8     71336650   0   2050       999650
    66  0 1  94.57  9905.50 2   0.0 -33.4     73336050   0   1650      1999400
    67  0 1  95.27  9877.00 2   0.0 -33.1     74335900   0   1800       999850
    68  0 1  94.92  9847.00 2   0.0 -32.8     75336150   0   1750      1000250
    69  0 1  95.27  9823.00 2   0.0 -32.5     76336350   0   1850      1000200
    70  0 1  94.22  9802.00 2   0.0 -32.5     77336500   0   1900      1000150
    71  0 1  94.57  9784.00 2   0.0 -32.2     78326200   0   1900       989700
    72  0 1  95.27  9769.00 2   0.0 -31.9     79316400   0   1650       990200
    73  0 1  94.57  9757.00 2   0.0 -31.9     80306650   0   1900       990250
    74  0 1  94.22  9752.50 2   0.0 -31.6     81296400   0   2100       989750
    75  0 1  94.92  9751.00 2   0.0 -31.3     83275800   0   2000      1979400
    76  0 1  94.57  9758.50 2   0.0 -31.3     84275300   0   2000       999500
    77  0 1  94.57  9769.00 2   0.0 -30.9     85275000   0   1950       999700
    78  0 1  95.62  9785.50 2   0.0 -30.9     86274850   0   1800       999850
    79  0 1  95.27  9802.00 2   0.0 -30.6     87275300   0   2100      1000450
    80  0 1  94.92  9826.00 2   0.0 -30.6     88275600   0   1650      1000300
    81  0 1  95.27  9851.50 2   0.0 -30.6     89275900   0   1650      1000300
    82  0 1  94.22  9880.00 2   0.0 -30.3     90285750   0   1950      1009850
    83  0 1  95.62  9911.50 2   0.0 -30.3     91295600   0   2000      1009850
    84  0 1  94.57  9977.50 2   0.0 -30.3     93315800   0   2000      2020200
    85  0 1  95.27 10010.50 2   0.0 -30.0     94325400   0   2050      1009600
    86  0 1  95.27 10043.50 2   0.0 -30.0     95335150   0   2100      1009750
    87  0 1  94.92 10075.00 2   0.0 -30.0     96334850   0   2050       999700
    88  0 1  94.92 10105.00 2   0.0 -30.0     97334650   0   1650       999800
    89  0 1  95.27 10135.00 2   0.0 -30.0     98334500   0   2000       999850
    90  0 1  94.92 10162.00 2   0.0 -30.0     99334500   0   2000      1000000
    91  0 1  95.62 10187.50 2   0.0 -30.0    100334400   0   1800       999900
    92  0 1  94.22 10207.00 2   0.0 -30.0    101334800   0   2100      1000400
    93  0 1  95.27 10237.00 2   0.0 -30.0    103334550   0   1800      1999750
    94  0 1  94.92 10243.00 2   0.0 -30.0    104334250   0   2000       999700
    95  0 1  94.57 10247.50 2   0.0 -30.3    105334450   0   1650      1000200
    96  0 1  94.57 10249.00 2   0.0 -30.3    106334100   0   1850       999650
    97  0 1  94.92 10243.00 2   0.0 -30.3    107333650   0   2050       999550
    98  0 1  95.62 10234.00 2   0.0 -30.3    108314100   0   1700       980450
    99  0 1  94.92 10222.00 2   0.0 -30.6    109294250   0   1900       980150
   100  0 1  94.92 10205.50 2   0.0 -30.6    110274500   0   2050       980250
   101  0 1  94.92 10186.00 2   0.0 -30.6    111254500   0   1800       980000
   102  0 1  95.27 10133.50 2   0.0 -30.9    113214950   0   1850      1960450
   103  0 1  94.57 10105.00 2   0.0 -31.3    114184950   0   1700       970000
   104  0 1  94.57 10078.00 2   0.0 -31.3    115155350   0   2050       970400
   105  0 1  95.62 10043.50 2   0.0 -31.6    116125200   0   1800       969850
   106  0 1  95.62 10012.00 2   0.0 -31.6    117095650   0   1900       970450
   107  0 1  94.92  9982.00 2   0.0 -31.9    118065200   0   1950       969550
   108  0 1  95.27  9949.00 2   0.0 -31.9    119035000   0   1750       969800
   109  0 1  94.92  9917.50 2   0.0 -32.2    120004900   0   1800       969900
   110  0 1  95.62  9889.00 2   0.0 -32.5    120974800   0   1700       969900
   111  0 1  95.27  9833.50 2   0.0 -32.8    122914600   0   2000      1939800
   112  0 1  94.57  9811.00 2   0.0 -33.1    123884400   0   1750       969800
   113  0 1  94.22  9791.50 2   0.0 -33.4    124854250   0   1900       969850
   114  0 1  95.27  9773.50 2   0.0 -33.4    125854150   0   1900       999900
   115  0 1  94.92  9760.00 2   0.0 -33.8    126853750   0   2000       999600
   116  0 1  95.62  9754.00 2   0.0 -34.1    127853550   0   1800       999800
   117  0 1  94.92  9749.50 2   0.0 -34.4    128853700   0   1950      1000150
   118  0 1  95.27  9749.50 2   0.0 -34.7    129854050   0   2000      1000350
   119  0 1  94.22  9754.00 2   0.0 -35.0    130853600   0   1800       999550
   120  0 1  95.62  9778.00 2   0.0 -35.6    132852850   0   1700      1999250
   121  0 1  95.62  9796.00 2   0.0 -35.9    133853200   0   2000      1000350
   122  0 1  94.92  9815.50 2   0.0 -36.3    134853100   0   2000       999900
   123  0 1  95.62  9839.50 2   0.0 -36.6    135853300   0   2000      1000200
   124  0 1  95.62  9868.00 2   0.0 -36.9    136853050   0   1650       999750
   125  0 1  94.92  9898.00 2   0.0 -37.2    137842700   0   1950       989650
   126  0 1  94.92  9926.50 2   0.0 -37.5    138832400   0   1800       989700
   127  0 1  94.92  9961.00 2   0.0 -38.1    139822700   0   2100       990300
   128  0 1  94.22  9992.50 2   0.0 -38.4    140812650   0   1650       989950
   129  0 1  94.57 10060.00 2   0.0 -39.1    142792300   0   1800      1979650
   130  0 1  95.27 10091.50 2   0.0 -39.7    143792600   0   1950      1000300
   131  0 1  94.22 10120.00 2   0.0 -40.0    144792500   0   1900       999900
   132  0 1  94.57 10148.50 2   0.0 -40.3    145792300   0   2050       999800
   133  0 1  95.27 10174.00 2   0.0 -40.9    146792000   0   1950       999700
   134  0 1  94.57 10196.50 2   0.0 -41.3    147791700   0   1700       999700
   135  0 1  94.57 10213.00 2   0.0 -41.6    148792150   0   1750      1000450
   136  0 1  94.22 10228.00 2   0.0 -42.2    149802300   0   1800      1010150
   137  0 1  94.57 10241.50 2   0.0 -42.5    150812050   0   2000      1009750
   138  0 1  94.57 10247.50 2   0.0 -43.4    152832350   0   1700      2020300
   139  0 1  94.92 10246.00 2   0.0 -44.1    153841900   0   2050      1009550
   140  0 1  94.22 10238.50 2   0.0 -44.4    154851800   0   1650      1009900
   141  0 1  94.22 10228.00 2   0.0 -45.0    155852200   0   1850      1000400
   142  0 1  94.22 10213.00 2   0.0 -45.6    156852450   0   1850      1000250
   143  0 1  94.92 10193.50 2   0.0 -45.9    157852850   0   1650      1000400
   144  0 1  95.62 10171.00 2   0.0 -46.6    158852800   0   1650       999950
   145  0 1  95.27 10145.50 2   0.0 -46.9    159853200   0   1900      1000400
   146  0 1  95.62 10117.00 2   0.0 -47.5    160853400   0   1850      1000200
   147  0 1  95.27 10054.00 2   0.0 -48.4    162853250   0   1800      1999850
   148  0 1  94.92 10021.00 2   0.0 -49.1    163853000   0   1950       999750
   149  0 1  94.22  9988.00 2   0.0 -49.7    164852950   0   1950       999950
   150  0 1  94.92  9955.00 2   0.0 -50.3    165852600   0   1850       999650
   151  0 1  94.22  9922.00 2   0.0 -50.6    166852400   0   1850       999800
   152  0 1  94.57  9892.00 2   0.0 -51.3    167832750   0   1950       980350
   153  0 1  94.92  9862.00 2   0.0 -51.9    168812300   0   2050       979550
   154  0 1  94.92  9838.00 2   0.0 -52.5    169791850   0   2050       979550
   155  0 1  95.27  9812.50 2   0.0 -53.1    170771550   0   2100       979700
   156  0 1  94.92  9776.50 2   0.0 -54.1    172731600   0   1700      1960050
   157  0 1  94.92  9763.00 2   0.0 -54.7    173701550   0   1800       969950
   158  0 1  94.22  9755.50 2   0.0 -55.3    174671050   0   1950       969500
   159  0 1  95.62  9748.00 2   0.0 -55.9    175641050   0   1750       970000
   160  0 1  94.57  9748.00 2   0.0 -56.6    176611300   0   2100       970250
   161  0 1  95.62  9752.50 2   0.0 -57.2    177581150   0   2050       969850
   162  0 1  95.27  9760.00 2   0.0 -57.5    178551400   0   2050       970250
   163  0 1  95.27  9772.00 2   0.0 -58.1    179521400   0   1900       970000
   164  0 1  94.57  9790.00 2   0.0 -58.8    180491850   0   1900       970450
   165  0 1  95.62  9829.00 2   0.0 -60.0    182431800   0   1850      1939950
   166  0 1  94.57  9854.50 2   0.0 -60.6    183401350   0   1850       969550
   167  0 1  95.62  9883.00 2   0.0 -61.3    184371050   0   1800       969700
   168  0 1  95.27  9913.00 2   0.0 -61.9    185370800   0   1950       999750
   169  0 1  95.27  9943.00 2   0.0 -62.5    186371250   0   1750      1000450
   170  0 1  95.62  9979.00 2   0.0 -63.1    187371100   0   1950       999850
   171  0 1  94.57 10012.00 2   0.0 -63.8    188371350   0   2100      1000250
   172  0 1  94.92 10045.00 2   0.0 -64.4    189371550   0   1750      1000200
   173  0 1  94.92 10076.50 2   0.0 -65.0    190371300   0   2000       999750
   174  0 1  94.57 10138.00 2   0.0 -66.3    192372000   0   2000      2000700
   175  0 1  94.92 10165.00 2   0.0 -66.9    193372200   0   1900      1000200
   176  0 1  94.92 10186.00 2   0.0 -67.5    194372250   0   1800      1000050
   177  0 1  94.57 10208.50 2   0.0 -68.1    195371800   0   1950       999550
   178  0 1  94.57 10222.00 2   0.0 -68.8    196371750   0   1650       999950
   179  0 1  94.22 10235.50 2   0.0 -69.4    197361550   0   1950       989800
