    NO  S V  AOA    FREQ    B  FMOP  AMP      TOA      PMOP  PW         dTOA  
------ -- - ------ -------- - ----- ----- ------------ --- ------ ------------
     0  0 1  94.92  5252.50 1   0.0 -70.0            0   0   2000  42949673000
     1  0 1  94.92  5263.75 1   0.0 -60.0     18801350   0   1950     18801350
     2  0 1  94.92  5233.75 1   0.0 -55.3     29402650   0   2000     10601300
     3  0 1  94.92  5265.00 1   0.0 -50.6     40200550   0   2000     10797900
     4  0 1  94.92  5230.00 1   0.0 -46.6     49399650   0   1950      9199100
     5  0 1  94.92  5232.50 1   0.0 -42.5     59000250   0   2000      9600600
     6  0 1  94.92  5232.50 1   0.0 -39.1     69599550   0   2000     10599300
     7  0 1  94.92  5265.00 1   0.0 -36.3     80401050   0   2000     10801500
     8  0 1  94.92  5256.25 1   0.0 -33.8     89603200   0   1950      9202150
     9  0 1  94.92  5230.00 1   0.0 -31.9     99204350   0   1950      9601150
    10  0 1  94.92  5257.50 1   0.0 -30.0    120606250   0   2000     21401900
    11  0 1  94.92  5265.00 1   0.0 -30.0    129807150   0   1950      9200900
    12  0 1  94.92  5245.00 1   0.0 -30.6    139405100   0   1950      9597950
    13  0 1  94.92  5250.00 1   0.0 -31.9    150005700   0   2000     10600600
    14  0 1  94.92  5238.75 1   0.0 -33.8    160804300   0   2000     10798600
    15  0 1  94.92  5263.75 1   0.0 -36.3    170005200   0   2000      9200900
    16  0 1  94.92  5268.75 1   0.0 -39.1    179607200   0   2000      9602000
    17  0 1  94.92  5230.00 1   0.0 -42.5    190209450   0   2000     10602250
    18  0 1  94.92  5260.00 1   0.0 -46.6    201011900   0   1950     10802450
    19  0 1  94.92  5230.00 1   0.0 -55.3    219812400   0   1950     18800500
    20  0 1  94.92  5242.50 1   0.0 -60.0    230414050   0   1950     10601650
    21  0 1  94.92  5257.50 1   0.0 -65.0    241213750   0   2000     10799700
