    NO  S V  AOA    FREQ    B  FMOP  AMP      TOA      PMOP  PW         dTOA  
------ -- - ------ -------- - ----- ----- ------------ --- ------ ------------
     0  0 1  94.92  5267.50 1   0.0 -65.0      9201850   0   2000  42958874850
     1  0 1  94.92  5236.25 1   0.0 -60.0     18801250   0   1950      9599400
     2  0 1  94.92  5267.50 1   0.0 -55.3     29401050   0   1950     10599800
     3  0 1  94.92  5236.25 1   0.0 -50.6     40199650   0   1950     10798600
     4  0 1  94.92  5248.75 1   0.0 -46.6     49398550   0   2000      9198900
     5  0 1  94.92  5252.50 1   0.0 -42.5     58999900   0   1950      9601350
     6  0 1  94.92  5245.00 1   0.0 -39.1     69598950   0   2000     10599050
     7  0 1  94.92  5250.00 1   0.0 -36.3     80396750   0   1950     10797800
     8  0 1  94.92  5245.00 1   0.0 -33.8     89598300   0   2000      9201550
     9  0 1  94.92  5268.75 1   0.0 -30.6    109798200   0   2000     20199900
    10  0 1  94.92  5265.00 1   0.0 -30.0    120598350   0   2000     10800150
    11  0 1  94.92  5261.25 1   0.0 -30.0    129800250   0   2000      9201900
    12  0 1  94.92  5266.25 1   0.0 -30.6    139401750   0   2000      9601500
    13  0 1  94.92  5270.00 1   0.0 -31.9    149999300   0   2000     10597550
    14  0 1  94.92  5242.50 1   0.0 -33.8    160799950   0   1950     10800650
    15  0 1  94.92  5265.00 1   0.0 -36.3    169999700   0   2000      9199750
    16  0 1  94.92  5237.50 1   0.0 -39.1    179599850   0   1950      9600150
    17  0 1  94.92  5255.00 1   0.0 -42.5    190197850   0   2000     10598000
    18  0 1  94.92  5238.75 1   0.0 -50.6    210198350   0   2000     20000500
    19  0 1  94.92  5262.50 1   0.0 -55.3    219796100   0   2000      9597750
    20  0 1  94.92  5260.00 1   0.0 -60.0    230394600   0   1950     10598500
    21  0 1  94.92  5247.50 1   0.0 -65.0    241196750   0   2000     10802150
