    NO  S V  AOA    FREQ    B  FMOP  AMP      TOA      PMOP  PW         dTOA  
------ -- - ------ -------- - ----- ----- ------------ --- ------ ------------
     0  0 1  94.92  5266.25 1   0.0 -70.0            0   0   1950  42949673000
     1  0 1  94.92  5255.00 1   0.0 -60.0     18797650   0   2000     18797650
     2  0 1  94.92  5246.25 1   0.0 -55.3     29399400   0   2000     10601750
     3  0 1  94.92  5267.50 1   0.0 -50.6     40198000   0   1950     10798600
     4  0 1  94.92  5257.50 1   0.0 -46.6     49398550   0   1950      9200550
     5  0 1  94.92  5263.75 1   0.0 -42.5     58999000   0   1950      9600450
     6  0 1  94.92  5246.25 1   0.0 -39.1     69598350   0   1950     10599350
     7  0 1  94.92  5265.00 1   0.0 -36.3     80399400   0   1950     10801050
     8  0 1  94.92  5238.75 1   0.0 -33.8     89599650   0   1950      9200250
     9  0 1  94.92  5231.25 1   0.0 -31.9     99197750   0   2000      9598100
    10  0 1  94.92  5260.00 1   0.0 -30.0    120601000   0   1950     21403250
    11  0 1  94.92  5260.00 1   0.0 -30.0    129799250   0   2000      9198250
    12  0 1  94.92  5245.00 1   0.0 -30.6    139400400   0   1950      9601150
    13  0 1  94.92  5261.25 1   0.0 -31.9    150000700   0   2000     10600300
    14  0 1  94.92  5231.25 1   0.0 -33.8    160800250   0   2000     10799550
    15  0 1  94.92  5246.25 1   0.0 -36.3    169999150   0   1950      9198900
    16  0 1  94.92  5242.50 1   0.0 -39.1    179600200   0   1950      9601050
    17  0 1  94.92  5261.25 1   0.0 -42.5    190199350   0   1950     10599150
    18  0 1  94.92  5266.25 1   0.0 -46.6    201000250   0   2000     10800900
    19  0 1  94.92  5265.00 1   0.0 -55.3    219802050   0   2000     18801800
    20  0 1  94.92  5268.75 1   0.0 -60.0    230402900   0   1950     10600850
    21  0 1  94.92  5255.00 1   0.0 -65.0    241201450   0   2000     10798550
