    NO  S V  AOA    FREQ    B  FMOP  AMP      TOA      PMOP  PW         dTOA  
------ -- - ------ -------- - ----- ----- ------------ --- ------ ------------
     0  0 1  94.92  5228.75 1   0.0 -70.0            0   0   1950  42949673000
     1  0 1  94.92  5253.75 1   0.0 -65.0      9199900   0   1950      9199900
     2  0 1  94.92  5255.00 1   0.0 -55.3     29396150   0   2000     20196250
     3  0 1  94.92  5232.50 1   0.0 -50.6     40197600   0   2000     10801450
     4  0 1  94.92  5255.00 1   0.0 -46.6     49396900   0   1950      9199300
     5  0 1  94.92  5235.00 1   0.0 -42.5     58996000   0   2000      9599100
     6  0 1  94.92  5260.00 1   0.0 -39.1     69594400   0   1950     10598400
     7  0 1  94.92  5246.25 1   0.0 -36.3     80396700   0   1950     10802300
     8  0 1  94.92  5237.50 1   0.0 -33.8     89596450   0   2000      9199750
     9  0 1  94.92  5238.75 1   0.0 -31.9     99197050   0   2000      9600600
    10  0 1  94.92  5251.25 1   0.0 -30.6    109797900   0   2000     10600850
    11  0 1  94.92  5250.00 1   0.0 -30.0    129793200   0   2000     19995300
    12  0 1  94.92  5265.00 1   0.0 -30.6    139391850   0   1950      9598650
    13  0 1  94.92  5262.50 1   0.0 -31.9    149990850   0   2000     10599000
    14  0 1  94.92  5255.00 1   0.0 -33.8    160789200   0   2000     10798350
    15  0 1  94.92  5253.75 1   0.0 -36.3    169991550   0   2000      9202350
    16  0 1  94.92  5255.00 1   0.0 -39.1    179592050   0   2000      9600500
    17  0 1  94.92  5240.00 1   0.0 -42.5    190190150   0   2000     10598100
    18  0 1  94.92  5240.00 1   0.0 -46.6    200990750   0   2000     10800600
    19  0 1  94.92  5253.75 1   0.0 -50.6    210192750   0   2000      9202000
    20  0 1  94.92  5235.00 1   0.0 -60.0    230395100   0   1950     20202350
    21  0 1  94.92  5243.75 1   0.0 -65.0    241197000   0   2000     10801900
