    NO  S V  AOA    FREQ    B  FMOP  AMP      TOA      PMOP  PW         dTOA  
------ -- - ------ -------- - ----- ----- ------------ --- ------ ------------
     0  0 1  94.92  5260.00 1   0.0 -70.0            0   0   1950  42949673000
     1  0 1  94.92  5267.50 1   0.0 -65.0      9198400   0   1950      9198400
     2  0 1  94.92  5245.00 1   0.0 -60.0     18799000   0   1950      9600600
     3  0 1  94.92  5253.75 1   0.0 -55.3     29400250   0   2000     10601250
     4  0 1  94.92  5235.00 1   0.0 -50.6     40199350   0   1950     10799100
     5  0 1  94.92  5256.25 1   0.0 -46.6     49400450   0   1950      9201100
     6  0 1  94.92  5262.50 1   0.0 -42.5     59000500   0   2000      9600050
     7  0 1  94.92  5233.75 1   0.0 -39.1     69601800   0   2000     10601300
     8  0 1  94.92  5256.25 1   0.0 -33.8     89601000   0   2000     19999200
     9  0 1  94.92  5260.00 1   0.0 -31.9     99202150   0   2000      9601150
    10  0 1  94.92  5256.25 1   0.0 -30.6    109801700   0   2000     10599550
    11  0 1  94.92  5256.25 1   0.0 -30.0    120600200   0   1950     10798500
    12  0 1  94.92  5253.75 1   0.0 -30.0    129801750   0   1950      9201550
    13  0 1  94.92  5258.75 1   0.0 -30.6    139402900   0   2000      9601150
    14  0 1  94.92  5248.75 1   0.0 -31.9    150002300   0   2000     10599400
    15  0 1  94.92  5242.50 1   0.0 -33.8    160802200   0   2000     10799900
    16  0 1  94.92  5245.00 1   0.0 -36.3    170004200   0   1950      9202000
    17  0 1  94.92  5255.00 1   0.0 -42.5    190208050   0   2000     20203850
    18  0 1  94.92  5230.00 1   0.0 -46.6    201008900   0   2000     10800850
    19  0 1  94.92  5235.00 1   0.0 -50.6    210210450   0   1950      9201550
    20  0 1  94.92  5228.75 1   0.0 -55.3    219812150   0   2000      9601700
    21  0 1  94.92  5233.75 1   0.0 -60.0    230411250   0   1950     10599100
    22  0 1  94.92  5250.00 1   0.0 -65.0    241209900   0   1950     10798650
