    NO  S V  AOA    FREQ    B  FMOP  AMP      TOA      PMOP  PW         dTOA  
------ -- - ------ -------- - ----- ----- ------------ --- ------ ------------
     0  0 1  94.92  5270.00 1   0.0 -70.0            0   0   1950  42949673000
     1  0 1  94.92  5240.00 1   0.0 -65.0      9198750   0   2000      9198750
     2  0 1  94.92  5262.50 1   0.0 -60.0     18796750   0   2000      9598000
     3  0 1  94.92  5253.75 1   0.0 -50.6     40193100   0   2000     21396350
     4  0 1  94.92  5252.50 1   0.0 -46.6     49392650   0   2000      9199550
     5  0 1  94.92  5245.00 1   0.0 -42.5     58992200   0   1950      9599550
     6  0 1  94.92  5228.75 1   0.0 -39.1     69593850   0   2000     10601650
     7  0 1  94.92  5245.00 1   0.0 -36.3     80394850   0   1950     10801000
     8  0 1  94.92  5243.75 1   0.0 -33.8     89594600   0   1950      9199750
     9  0 1  94.92  5266.25 1   0.0 -31.9     99192950   0   1950      9598350
    10  0 1  94.92  5250.00 1   0.0 -30.6    109791100   0   2000     10598150
    11  0 1  94.92  5233.75 1   0.0 -30.0    120590350   0   1950     10799250
    12  0 1  94.92  5256.25 1   0.0 -30.6    139388550   0   1950     18798200
    13  0 1  94.92  5263.75 1   0.0 -31.9    149986450   0   1950     10597900
    14  0 1  94.92  5240.00 1   0.0 -33.8    160787700   0   2000     10801250
    15  0 1  94.92  5260.00 1   0.0 -36.3    169987900   0   2000      9200200
    16  0 1  94.92  5262.50 1   0.0 -39.1    179589350   0   1950      9601450
    17  0 1  94.92  5255.00 1   0.0 -42.5    190187950   0   1950     10598600
    18  0 1  94.92  5261.25 1   0.0 -46.6    200985950   0   1950     10798000
    19  0 1  94.92  5240.00 1   0.0 -50.6    210187300   0   2000      9201350
    20  0 1  94.92  5247.50 1   0.0 -55.3    219788150   0   2000      9600850
    21  0 1  94.92  5247.50 1   0.0 -65.0    241187100   0   2000     21398950
