    NO  S V  AOA    FREQ    B  FMOP  AMP      TOA      PMOP  PW         dTOA  
------ -- - ------ -------- - ----- ----- ------------ --- ------ ------------
     0  0 1   9.84  5250.00 1   0.0 -70.0            0   0    950  42949673000
     1  0 1   9.84  5250.00 1   0.0 -67.5       439950   0    950       439950
     2  0 1   9.84  5250.00 1   0.0 -65.0       879700   0   1000       439750
     3  0 1   9.84  5248.75 1   0.0 -62.5      1319850   0   1000       440150
     4  0 1   9.84  5250.00 1   0.0 -60.0      1761300   0   1000       441450
     5  0 1   9.84  5250.00 1   0.0 -55.3      2671050   0    950       909750
     6  0 1   9.84  5250.00 1   0.0 -53.1      3143300   0   1000       472250
     7  0 1   9.84  5250.00 1   0.0 -50.6      3615100   0    950       471800
     8  0 1   9.84  5248.75 1   0.0 -48.4      4086700   0   1000       471600
     9  0 1   9.84  5250.00 1   0.0 -46.6      4554900   0   1000       468200
    10  0 1   9.84  5250.00 1   0.0 -44.4      5085950   0   1000       531050
    11  0 1   9.84  5248.75 1   0.0 -42.5      5614100   0   1000       528150
    12  0 1   9.84  5250.00 1   0.0 -40.9      6144250   0   1000       530150
    13  0 1   9.84  5250.00 1   0.0 -39.1      6673350   0   1000       529100
    14  0 1   9.84  5250.00 1   0.0 -36.3      7773450   0   1000      1100100
    15  0 1   9.84  5250.00 1   0.0 -35.0      8343150   0   1000       569700
    16  0 1   9.84  5248.75 1   0.0 -33.8      8912100   0   1000       568950
    17  0 1   9.84  5250.00 1   0.0 -32.8      9482100   0    950       570000
    18  0 1   9.84  5248.75 1   0.0 -31.9     10051800   0    950       569700
    19  0 1   9.84  5250.00 1   0.0 -31.3     10491250   0   1000       439450
    20  0 1   9.84  5250.00 1   0.0 -30.6     10931450   0   1000       440200
    21  0 1   9.84  5248.75 1   0.0 -30.3     11371400   0    950       439950
    22  0 1   9.84  5250.00 1   0.0 -30.0     11812600   0   1000       441200
    23  0 1   9.84  5250.00 1   0.0 -30.0     12721400   0    950       908800
    24  0 1   9.84  5250.00 1   0.0 -30.3     13190150   0    950       468750
    25  0 1   9.84  5248.75 1   0.0 -30.6     13658350   0   1000       468200
    26  0 1   9.84  5250.00 1   0.0 -31.3     14129550   0    950       471200
    27  0 1   9.84  5250.00 1   0.0 -31.9     14598700   0   1000       469150
    28  0 1   9.84  5250.00 1   0.0 -32.8     15131050   0    950       532350
    29  0 1   9.84  5250.00 1   0.0 -33.8     15662200   0   1000       531150
    30  0 1   9.84  5250.00 1   0.0 -35.0     16193100   0    950       530900
    31  0 1   9.84  5250.00 1   0.0 -36.3     16720700   0    950       527600
    32  0 1   9.84  5250.00 1   0.0 -39.1     17818400   0    950      1097700
    33  0 1   9.84  5250.00 1   0.0 -40.9     18387100   0   1000       568700
    34  0 1   9.84  5250.00 1   0.0 -42.5     18957650   0   1000       570550
    35  0 1   9.84  5250.00 1   0.0 -44.4     19526750   0    950       569100
    36  0 1   9.84  5250.00 1   0.0 -46.6     20095500   0    950       568750
    37  0 1   9.84  5250.00 1   0.0 -48.4     20535100   0   1000       439600
    38  0 1   9.84  5250.00 1   0.0 -50.6     20975800   0    950       440700
    39  0 1   9.84  5250.00 1   0.0 -53.1     21416300   0   1000       440500
    40  0 1   9.84  5250.00 1   0.0 -55.3     21857300   0   1000       441000
    41  0 1   9.84  5250.00 1   0.0 -60.0     22768750   0   1000       911450
    42  0 1   9.84  5250.00 1   0.0 -62.5     23238750   0    950       470000
    43  0 1   9.84  5250.00 1   0.0 -65.0     23711000   0   1000       472250
    44  0 1   9.84  5250.00 1   0.0 -67.5     24179750   0   1000       468750
