    NO  S V  AOA    FREQ    B  FMOP  AMP      TOA      PMOP  PW         dTOA  
------ -- - ------ -------- - ----- ----- ------------ --- ------ ------------
     0  0 1   9.84  5250.00 1   0.0 -70.0            0   0    950  42949673000
     1  0 1   9.84  5248.75 1   0.0 -67.5       571700   0    950       571700
     2  0 1   9.84  5250.00 1   0.0 -65.0      1143450   0    950       571750
     3  0 1   9.84  5248.75 1   0.0 -62.5      1712750   0   1000       569300
     4  0 1   9.84  5250.00 1   0.0 -60.0      2282700   0    950       569950
     5  0 1   9.84  5248.75 1   0.0 -55.3      3294500   0    950      1011800
     6  0 1   9.84  5250.00 1   0.0 -53.1      3732850   0   1000       438350
     7  0 1   9.84  5250.00 1   0.0 -50.6      4174150   0   1000       441300
     8  0 1   9.84  5248.75 1   0.0 -48.4      4613850   0   1000       439700
     9  0 1   9.84  5250.00 1   0.0 -46.6      5051350   0   1000       437500
    10  0 1   9.84  5248.75 1   0.0 -44.4      5520550   0   1000       469200
    11  0 1   9.84  5248.75 1   0.0 -42.5      5990050   0   1000       469500
    12  0 1   9.84  5250.00 1   0.0 -40.9      6459600   0    950       469550
    13  0 1   9.84  5248.75 1   0.0 -39.1      6929050   0   1000       469450
    14  0 1   9.84  5250.00 1   0.0 -36.3      7930300   0   1000      1001250
    15  0 1   9.84  5250.00 1   0.0 -35.0      8461950   0    950       531650
    16  0 1   9.84  5250.00 1   0.0 -33.8      8990650   0    950       528700
    17  0 1   9.84  5250.00 1   0.0 -32.8      9521650   0   1000       531000
    18  0 1   9.84  5250.00 1   0.0 -31.9     10053750   0   1000       532100
    19  0 1   9.84  5248.75 1   0.0 -31.3     10624900   0    950       571150
    20  0 1   9.84  5250.00 1   0.0 -30.6     11195800   0   1000       570900
    21  0 1   9.84  5250.00 1   0.0 -30.3     11764800   0   1000       569000
    22  0 1   9.84  5248.75 1   0.0 -30.0     12333000   0   1000       568200
    23  0 1   9.84  5248.75 1   0.0 -30.0     13341450   0   1000      1008450
    24  0 1   9.84  5250.00 1   0.0 -30.3     13780350   0    950       438900
    25  0 1   9.84  5250.00 1   0.0 -30.6     14221850   0    950       441500
    26  0 1   9.84  5250.00 1   0.0 -31.3     14659950   0    950       438100
    27  0 1   9.84  5250.00 1   0.0 -31.9     15101200   0   1000       441250
    28  0 1   9.84  5250.00 1   0.0 -32.8     15569250   0    950       468050
    29  0 1   9.84  5250.00 1   0.0 -33.8     16038950   0   1000       469700
    30  0 1   9.84  5250.00 1   0.0 -35.0     16509750   0    950       470800
    31  0 1   9.84  5250.00 1   0.0 -36.3     16979150   0    950       469400
    32  0 1   9.84  5250.00 1   0.0 -39.1     17979100   0    950       999950
    33  0 1   9.84  5250.00 1   0.0 -40.9     18507100   0    950       528000
    34  0 1   9.84  5250.00 1   0.0 -42.5     19037100   0   1000       530000
    35  0 1   9.84  5248.75 1   0.0 -44.4     19565850   0    950       528750
    36  0 1   9.84  5248.75 1   0.0 -46.6     20097050   0   1000       531200
    37  0 1   9.84  5248.75 1   0.0 -48.4     20666350   0   1000       569300
    38  0 1   9.84  5250.00 1   0.0 -50.6     21236750   0    950       570400
    39  0 1   9.84  5250.00 1   0.0 -53.1     21807300   0   1000       570550
    40  0 1   9.84  5250.00 1   0.0 -55.3     22378500   0    950       571200
    41  0 1   9.84  5250.00 1   0.0 -60.0     23391350   0    950      1012850
    42  0 1   9.84  5248.75 1   0.0 -62.5     23828850   0    950       437500
    43  0 1   9.84  5248.75 1   0.0 -65.0     24268200   0    950       439350
    44  0 1   9.84  5250.00 1   0.0 -67.5     24707150   0   1000       438950
