    NO  S V  AOA    FREQ    B  FMOP  AMP      TOA      PMOP  PW         dTOA  
------ -- - ------ -------- - ----- ----- ------------ --- ------ ------------
     0  0 1   9.84  5248.75 1   0.0 -67.5       529150   0    950  42950202150
     1  0 1   9.84  5250.00 1   0.0 -65.0      1058450   0    950       529300
     2  0 1   9.84  5250.00 1   0.0 -62.5      1586250   0    950       527800
     3  0 1   9.84  5250.00 1   0.0 -60.0      2114750   0   1000       528500
     4  0 1   9.84  5248.75 1   0.0 -57.5      2645550   0    950       530800
     5  0 1   9.84  5250.00 1   0.0 -55.3      3214100   0   1000       568550
     6  0 1   9.84  5250.00 1   0.0 -53.1      3784600   0   1000       570500
     7  0 1   9.84  5250.00 1   0.0 -50.6      4354000   0   1000       569400
     8  0 1   9.84  5248.75 1   0.0 -48.4      4923200   0   1000       569200
     9  0 1   9.84  5250.00 1   0.0 -44.4      5935000   0    950      1011800
    10  0 1   9.84  5250.00 1   0.0 -42.5      6376200   0    950       441200
    11  0 1   9.84  5248.75 1   0.0 -40.9      6813700   0   1000       437500
    12  0 1   9.84  5250.00 1   0.0 -39.1      7254100   0    950       440400
    13  0 1   9.84  5250.00 1   0.0 -37.5      7694500   0   1000       440400
    14  0 1   9.84  5250.00 1   0.0 -36.3      8165250   0    950       470750
    15  0 1   9.84  5248.75 1   0.0 -35.0      8633350   0   1000       468100
    16  0 1   9.84  5248.75 1   0.0 -33.8      9105700   0   1000       472350
    17  0 1   9.84  5248.75 1   0.0 -32.8      9574000   0   1000       468300
    18  0 1   9.84  5250.00 1   0.0 -31.3     10573200   0    950       999200
    19  0 1   9.84  5248.75 1   0.0 -30.6     11101650   0   1000       528450
    20  0 1   9.84  5248.75 1   0.0 -30.3     11633250   0   1000       531600
    21  0 1   9.84  5250.00 1   0.0 -30.0     12161900   0   1000       528650
    22  0 1   9.84  5250.00 1   0.0 -30.0     12692900   0    950       531000
    23  0 1   9.84  5250.00 1   0.0 -30.0     13263800   0   1000       570900
    24  0 1   9.84  5250.00 1   0.0 -30.3     13834400   0   1000       570600
    25  0 1   9.84  5250.00 1   0.0 -30.6     14404550   0   1000       570150
    26  0 1   9.84  5250.00 1   0.0 -31.3     14976900   0   1000       572350
    27  0 1   9.84  5250.00 1   0.0 -32.8     15983500   0    950      1006600
    28  0 1   9.84  5250.00 1   0.0 -33.8     16424900   0    950       441400
    29  0 1   9.84  5250.00 1   0.0 -35.0     16865700   0   1000       440800
    30  0 1   9.84  5250.00 1   0.0 -36.3     17306450   0   1000       440750
    31  0 1   9.84  5250.00 1   0.0 -37.5     17747200   0   1000       440750
    32  0 1   9.84  5248.75 1   0.0 -39.1     18214700   0    950       467500
    33  0 1   9.84  5250.00 1   0.0 -40.9     18682300   0    950       467600
    34  0 1   9.84  5250.00 1   0.0 -42.5     19150150   0   1000       467850
    35  0 1   9.84  5250.00 1   0.0 -44.4     19621950   0    950       471800
    36  0 1   9.84  5250.00 1   0.0 -48.4     20620000   0   1000       998050
    37  0 1   9.84  5250.00 1   0.0 -50.6     21149250   0    950       529250
    38  0 1   9.84  5248.75 1   0.0 -53.1     21680550   0   1000       531300
    39  0 1   9.84  5248.75 1   0.0 -55.3     22212550   0   1000       532000
    40  0 1   9.84  5248.75 1   0.0 -57.5     22741300   0   1000       528750
    41  0 1   9.84  5250.00 1   0.0 -60.0     23309550   0   1000       568250
    42  0 1   9.84  5250.00 1   0.0 -62.5     23881050   0   1000       571500
    43  0 1   9.84  5250.00 1   0.0 -65.0     24450250   0    950       569200
    44  0 1   9.84  5248.75 1   0.0 -67.5     25018550   0    950       568300
