    NO  S V  AOA    FREQ    B  FMOP  AMP      TOA      PMOP  PW         dTOA  
------ -- - ------ -------- - ----- ----- ------------ --- ------ ------------
     0  0 1   9.84  5250.00 1   0.0 -70.0            0   0   1000  42949673000
     1  0 1   9.84  5250.00 1   0.0 -67.5       469600   0    950       469600
     2  0 1   9.84  5250.00 1   0.0 -65.0       941150   0   1000       471550
     3  0 1   9.84  5248.75 1   0.0 -62.5      1408700   0   1000       467550
     4  0 1   9.84  5250.00 1   0.0 -60.0      1878100   0    950       469400
     5  0 1   9.84  5248.75 1   0.0 -57.5      2345650   0    950       467550
     6  0 1   9.84  5250.00 1   0.0 -53.1      3402750   0   1000      1057100
     7  0 1   9.84  5250.00 1   0.0 -50.6      3934100   0    950       531350
     8  0 1   9.84  5248.75 1   0.0 -48.4      4466100   0    950       532000
     9  0 1   9.84  5250.00 1   0.0 -46.6      4998050   0    950       531950
    10  0 1   9.84  5250.00 1   0.0 -44.4      5567500   0   1000       569450
    11  0 1   9.84  5248.75 1   0.0 -42.5      6136950   0    950       569450
    12  0 1   9.84  5248.75 1   0.0 -40.9      6708100   0   1000       571150
    13  0 1   9.84  5250.00 1   0.0 -39.1      7280350   0   1000       572250
    14  0 1   9.84  5248.75 1   0.0 -37.5      7847950   0   1000       567600
    15  0 1   9.84  5248.75 1   0.0 -35.0      8724450   0   1000       876500
    16  0 1   9.84  5250.00 1   0.0 -33.8      9166450   0    950       442000
    17  0 1   9.84  5250.00 1   0.0 -32.8      9605500   0    950       439050
    18  0 1   9.84  5250.00 1   0.0 -31.9     10043300   0    950       437800
    19  0 1   9.84  5250.00 1   0.0 -31.3     10515300   0   1000       472000
    20  0 1   9.84  5250.00 1   0.0 -30.6     10983350   0    950       468050
    21  0 1   9.84  5250.00 1   0.0 -30.3     11452800   0    950       469450
    22  0 1   9.84  5250.00 1   0.0 -30.0     11921750   0    950       468950
    23  0 1   9.84  5250.00 1   0.0 -30.0     12391250   0   1000       469500
    24  0 1   9.84  5250.00 1   0.0 -30.3     13449100   0    950      1057850
    25  0 1   9.84  5248.75 1   0.0 -30.6     13980150   0    950       531050
    26  0 1   9.84  5250.00 1   0.0 -31.3     14509250   0    950       529100
    27  0 1   9.84  5250.00 1   0.0 -31.9     15038000   0   1000       528750
    28  0 1   9.84  5250.00 1   0.0 -32.8     15609900   0    950       571900
    29  0 1   9.84  5250.00 1   0.0 -33.8     16180250   0   1000       570350
    30  0 1   9.84  5250.00 1   0.0 -35.0     16749250   0   1000       569000
    31  0 1   9.84  5250.00 1   0.0 -36.3     17319250   0    950       570000
    32  0 1   9.84  5250.00 1   0.0 -37.5     17890350   0   1000       571100
    33  0 1   9.84  5250.00 1   0.0 -40.9     18769000   0    950       878650
    34  0 1   9.84  5248.75 1   0.0 -42.5     19211450   0   1000       442450
    35  0 1   9.84  5250.00 1   0.0 -44.4     19652600   0    950       441150
    36  0 1   9.84  5250.00 1   0.0 -46.6     20092300   0   1000       439700
    37  0 1   9.84  5250.00 1   0.0 -48.4     20561050   0    950       468750
    38  0 1   9.84  5250.00 1   0.0 -50.6     21030150   0   1000       469100
    39  0 1   9.84  5248.75 1   0.0 -53.1     21500300   0   1000       470150
    40  0 1   9.84  5250.00 1   0.0 -55.3     21970150   0   1000       469850
    41  0 1   9.84  5248.75 1   0.0 -57.5     22439350   0   1000       469200
    42  0 1   9.84  5250.00 1   0.0 -62.5     23500300   0   1000      1060950
    43  0 1   9.84  5250.00 1   0.0 -65.0     24030200   0   1000       529900
    44  0 1   9.84  5250.00 1   0.0 -67.5     24561100   0   1000       530900
