    NO  S V  AOA    FREQ    B  FMOP  AMP      TOA      PMOP  PW         dTOA  
------ -- - ------ -------- - ----- ----- ------------ --- ------ ------------
     0  0 1   9.84  5250.00 1   0.0 -70.0            0   0   1000  42949673000
     1  0 1   9.84  5250.00 1   0.0 -67.5       570450   0   1000       570450
     2  0 1   9.84  5250.00 1   0.0 -65.0      1140550   0    950       570100
     3  0 1   9.84  5248.75 1   0.0 -62.5      1712000   0    950       571450
     4  0 1   9.84  5248.75 1   0.0 -57.5      2855700   0   1000      1143700
     5  0 1   9.84  5250.00 1   0.0 -55.3      3294450   0    950       438750
     6  0 1   9.84  5248.75 1   0.0 -53.1      3735000   0   1000       440550
     7  0 1   9.84  5250.00 1   0.0 -50.6      4172850   0    950       437850
     8  0 1   9.84  5248.75 1   0.0 -48.4      4610600   0    950       437750
     9  0 1   9.84  5250.00 1   0.0 -46.6      5052700   0    950       442100
    10  0 1   9.84  5250.00 1   0.0 -44.4      5521200   0    950       468500
    11  0 1   9.84  5248.75 1   0.0 -42.5      5993000   0    950       471800
    12  0 1   9.84  5250.00 1   0.0 -40.9      6462850   0    950       469850
    13  0 1   9.84  5248.75 1   0.0 -37.5      7404000   0    950       941150
    14  0 1   9.84  5250.00 1   0.0 -36.3      7933900   0    950       529900
    15  0 1   9.84  5250.00 1   0.0 -35.0      8464700   0    950       530800
    16  0 1   9.84  5250.00 1   0.0 -33.8      8994250   0    950       529550
    17  0 1   9.84  5248.75 1   0.0 -32.8      9524000   0   1000       529750
    18  0 1   9.84  5250.00 1   0.0 -31.9     10055150   0    950       531150
    19  0 1   9.84  5250.00 1   0.0 -31.3     10622800   0   1000       567650
    20  0 1   9.84  5250.00 1   0.0 -30.6     11192350   0   1000       569550
    21  0 1   9.84  5250.00 1   0.0 -30.3     11760350   0    950       568000
    22  0 1   9.84  5248.75 1   0.0 -30.0     12900750   0    950      1140400
    23  0 1   9.84  5250.00 1   0.0 -30.0     13338950   0    950       438200
    24  0 1   9.84  5250.00 1   0.0 -30.3     13781300   0    950       442350
    25  0 1   9.84  5250.00 1   0.0 -30.6     14219650   0    950       438350
    26  0 1   9.84  5250.00 1   0.0 -31.3     14659400   0   1000       439750
    27  0 1   9.84  5250.00 1   0.0 -31.9     15101850   0    950       442450
    28  0 1   9.84  5248.75 1   0.0 -32.8     15573550   0    950       471700
    29  0 1   9.84  5250.00 1   0.0 -33.8     16041700   0   1000       468150
    30  0 1   9.84  5248.75 1   0.0 -35.0     16509350   0    950       467650
    31  0 1   9.84  5250.00 1   0.0 -37.5     17451500   0    950       942150
    32  0 1   9.84  5250.00 1   0.0 -39.1     17979750   0   1000       528250
    33  0 1   9.84  5248.75 1   0.0 -40.9     18510750   0    950       531000
    34  0 1   9.84  5248.75 1   0.0 -42.5     19042800   0   1000       532050
    35  0 1   9.84  5248.75 1   0.0 -44.4     19571350   0   1000       528550
    36  0 1   9.84  5250.00 1   0.0 -46.6     20100600   0   1000       529250
    37  0 1   9.84  5248.75 1   0.0 -48.4     20672900   0   1000       572300
    38  0 1   9.84  5250.00 1   0.0 -50.6     21243300   0    950       570400
    39  0 1   9.84  5250.00 1   0.0 -53.1     21814800   0    950       571500
    40  0 1   9.84  5248.75 1   0.0 -57.5     22956600   0   1000      1141800
    41  0 1   9.84  5250.00 1   0.0 -60.0     23399000   0   1000       442400
    42  0 1   9.84  5250.00 1   0.0 -62.5     23839550   0    950       440550
    43  0 1   9.84  5250.00 1   0.0 -65.0     24279100   0    950       439550
    44  0 1   9.84  5250.00 1   0.0 -67.5     24718450   0    950       439350
