    NO  S V  AOA    FREQ    B  FMOP  AMP      TOA      PMOP  PW         dTOA  
------ -- - ------ -------- - ----- ----- ------------ --- ------ ------------
     0  0 1   9.84  5250.00 1   0.0 -70.0            0   0    950  42949673000
     1  0 1   9.84  5248.75 1   0.0 -67.5       467550   0    950       467550
     2  0 1   9.84  5248.75 1   0.0 -65.0       937600   0   1000       470050
     3  0 1   9.84  5248.75 1   0.0 -62.5      1408950   0    950       471350
     4  0 1   9.84  5250.00 1   0.0 -57.5      2351650   0   1000       942700
     5  0 1   9.84  5250.00 1   0.0 -55.3      2882850   0    950       531200
     6  0 1   9.84  5250.00 1   0.0 -53.1      3411000   0    950       528150
     7  0 1   9.84  5250.00 1   0.0 -50.6      3942150   0    950       531150
     8  0 1   9.84  5250.00 1   0.0 -48.4      4472250   0   1000       530100
     9  0 1   9.84  5250.00 1   0.0 -46.6      5000900   0   1000       528650
    10  0 1   9.84  5250.00 1   0.0 -44.4      5568400   0   1000       567500
    11  0 1   9.84  5250.00 1   0.0 -42.5      6138200   0   1000       569800
    12  0 1   9.84  5248.75 1   0.0 -40.9      6709750   0   1000       571550
    13  0 1   9.84  5250.00 1   0.0 -37.5      7850850   0   1000      1141100
    14  0 1   9.84  5250.00 1   0.0 -36.3      8291800   0    950       440950
    15  0 1   9.84  5250.00 1   0.0 -35.0      8732550   0    950       440750
    16  0 1   9.84  5248.75 1   0.0 -33.8      9173650   0    950       441100
    17  0 1   9.84  5250.00 1   0.0 -32.8      9612400   0    950       438750
    18  0 1   9.84  5248.75 1   0.0 -31.9     10054300   0    950       441900
    19  0 1   9.84  5250.00 1   0.0 -31.3     10522500   0    950       468200
    20  0 1   9.84  5250.00 1   0.0 -30.6     10991300   0    950       468800
    21  0 1   9.84  5248.75 1   0.0 -30.3     11462850   0   1000       471550
    22  0 1   9.84  5248.75 1   0.0 -30.0     12407150   0   1000       944300
    23  0 1   9.84  5250.00 1   0.0 -30.0     12935750   0   1000       528600
    24  0 1   9.84  5250.00 1   0.0 -30.3     13464700   0    950       528950
    25  0 1   9.84  5248.75 1   0.0 -30.6     13993600   0   1000       528900
    26  0 1   9.84  5250.00 1   0.0 -31.3     14522300   0   1000       528700
    27  0 1   9.84  5248.75 1   0.0 -31.9     15052150   0    950       529850
    28  0 1   9.84  5250.00 1   0.0 -32.8     15623750   0   1000       571600
    29  0 1   9.84  5248.75 1   0.0 -33.8     16191400   0   1000       567650
    30  0 1   9.84  5250.00 1   0.0 -35.0     16763450   0   1000       572050
    31  0 1   9.84  5250.00 1   0.0 -37.5     17902800   0    950      1139350
    32  0 1   9.84  5250.00 1   0.0 -39.1     18341550   0    950       438750
    33  0 1   9.84  5250.00 1   0.0 -40.9     18783800   0   1000       442250
    34  0 1   9.84  5250.00 1   0.0 -42.5     19226100   0   1000       442300
    35  0 1   9.84  5250.00 1   0.0 -44.4     19664250   0   1000       438150
    36  0 1   9.84  5250.00 1   0.0 -46.6     20103100   0   1000       438850
    37  0 1   9.84  5248.75 1   0.0 -48.4     20574900   0    950       471800
    38  0 1   9.84  5248.75 1   0.0 -50.6     21047250   0   1000       472350
    39  0 1   9.84  5248.75 1   0.0 -53.1     21515650   0    950       468400
    40  0 1   9.84  5250.00 1   0.0 -57.5     22457400   0   1000       941750
    41  0 1   9.84  5250.00 1   0.0 -60.0     22985750   0    950       528350
    42  0 1   9.84  5248.75 1   0.0 -62.5     23517250   0    950       531500
    43  0 1   9.84  5250.00 1   0.0 -65.0     24046550   0    950       529300
    44  0 1   9.84  5250.00 1   0.0 -67.5     24575150   0   1000       528600
