    NO  S V  AOA    FREQ    B  FMOP  AMP      TOA      PMOP  PW         dTOA  
------ -- - ------ -------- - ----- ----- ------------ --- ------ ------------
     0  0 1  94.57 10010.50 2   0.0 -70.0            0   0   1200  42949673000
     1  0 1  94.57 10012.00 2   0.0 -67.5      1067800   0   1250      1067800
     2  0 1  95.62 10012.00 2   0.0 -65.0      2037950   0   1200       970150
     3  0 1  94.22 10012.00 2   0.0 -62.5      2938600   0   1150       900650
     4  0 1  94.22 10010.50 2   0.0 -57.5      4900700   0   1550      1962100
     5  0 1  95.62 10012.00 2   0.0 -55.3      5992000   0   1200      1091300
     6  0 1  94.57 10012.00 2   0.0 -53.1      7069900   0   1550      1077900
     7  0 1  95.27 10012.00 2   0.0 -50.6      8105750   0   1600      1035850
     8  0 1  95.27 10012.00 2   0.0 -48.4      9195000   0   1400      1089250
     9  0 1  95.27 10012.00 2   0.0 -46.6     10213500   0   1200      1018500
    10  0 1  95.62 10012.00 2   0.0 -44.4     11195550   0   1450       982050
    11  0 1  94.22 10012.00 2   0.0 -42.5     12259600   0   1200      1064050
    12  0 1  94.57 10010.50 2   0.0 -40.9     13339400   0   1150      1079800
    13  0 1  95.27 10012.00 2   0.0 -37.5     15387050   0   1200      2047650
    14  0 1  95.62 10012.00 2   0.0 -36.3     16448650   0   1550      1061600
    15  0 1  94.57 10012.00 2   0.0 -35.0     17418150   0   1300       969500
    16  0 1  94.57 10012.00 2   0.0 -33.8     18327750   0   1150       909600
    17  0 1  95.62 10012.00 2   0.0 -32.8     19324500   0   1150       996750
    18  0 1  95.62 10010.50 2   0.0 -31.9     20323450   0   1550       998950
    19  0 1  94.57 10012.00 2   0.0 -31.3     21280200   0   1200       956750
    20  0 1  94.57 10010.50 2   0.0 -30.6     22202750   0   1150       922550
    21  0 1  94.92 10010.50 2   0.0 -30.3     23176850   0   1400       974100
    22  0 1  95.62 10010.50 2   0.0 -30.0     25086500   0   1400      1909650
    23  0 1  94.92 10010.50 2   0.0 -30.0     26102700   0   1450      1016200
    24  0 1  94.22 10010.50 2   0.0 -30.3     27093700   0   1200       991000
    25  0 1  94.57 10010.50 2   0.0 -30.6     28023100   0   1500       929400
    26  0 1  94.92 10012.00 2   0.0 -31.3     29058100   0   1150      1035000
    27  0 1  95.27 10012.00 2   0.0 -31.9     30058900   0   1550      1000800
    28  0 1  94.57 10012.00 2   0.0 -32.8     30973450   0   1400       914550
    29  0 1  94.57 10012.00 2   0.0 -33.8     31926600   0   1300       953150
    30  0 1  95.27 10012.00 2   0.0 -35.0     33013100   0   1250      1086500
    31  0 1  94.57 10010.50 2   0.0 -37.5     35024700   0   1250      2011600
    32  0 1  95.27 10010.50 2   0.0 -39.1     36006100   0   1250       981400
    33  0 1  95.62 10012.00 2   0.0 -40.9     36963400   0   1250       957300
    34  0 1  95.27 10012.00 2   0.0 -42.5     37873400   0   1250       910000
    35  0 1  94.92 10012.00 2   0.0 -44.4     38852700   0   1150       979300
    36  0 1  95.27 10012.00 2   0.0 -46.6     39807800   0   1600       955100
    37  0 1  94.57 10010.50 2   0.0 -48.4     40846000   0   1500      1038200
    38  0 1  94.92 10012.00 2   0.0 -50.6     41822500   0   1400       976500
    39  0 1  94.57 10012.00 2   0.0 -53.1     42791200   0   1350       968700
    40  0 1  95.27 10010.50 2   0.0 -57.5     44776550   0   1450      1985350
    41  0 1  94.92 10010.50 2   0.0 -60.0     45771400   0   1250       994850
    42  0 1  94.92 10010.50 2   0.0 -62.5     46824600   0   1150      1053200
    43  0 1  95.27 10012.00 2   0.0 -65.0     47915250   0   1150      1090650
    44  0 1  94.22 10010.50 2   0.0 -67.5     48883600   0   1300       968350
