    NO  S V  AOA    FREQ    B  FMOP  AMP      TOA      PMOP  PW         dTOA  
------ -- - ------ -------- - ----- ----- ------------ --- ------ ------------
     0  0 1  94.92 10012.00 2   0.0 -67.5      1032100   0   1500  42950705100
     1  0 1  95.27 10012.00 2   0.0 -65.0      2094650   0   1350      1062550
     2  0 1  94.22 10012.00 2   0.0 -62.5      2994600   0   1250       899950
     3  0 1  95.27 10012.00 2   0.0 -60.0      4037450   0   1400      1042850
     4  0 1  94.57 10012.00 2   0.0 -57.5      4946100   0   1250       908650
     5  0 1  94.57 10010.50 2   0.0 -55.3      5988000   0   1350      1041900
     6  0 1  94.22 10012.00 2   0.0 -53.1      7041900   0   1400      1053900
     7  0 1  95.27 10012.00 2   0.0 -50.6      7984900   0   1550       943000
     8  0 1  94.57 10012.00 2   0.0 -48.4      9020550   0   1400      1035650
     9  0 1  94.57 10010.50 2   0.0 -44.4     10982150   0   1250      1961600
    10  0 1  94.57 10012.00 2   0.0 -42.5     12037550   0   1250      1055400
    11  0 1  94.57 10012.00 2   0.0 -40.9     13092100   0   1300      1054550
    12  0 1  94.22 10010.50 2   0.0 -39.1     14106800   0   1200      1014700
    13  0 1  94.92 10012.00 2   0.0 -37.5     15149100   0   1350      1042300
    14  0 1  95.62 10010.50 2   0.0 -36.3     16055250   0   1600       906150
    15  0 1  95.27 10012.00 2   0.0 -35.0     16981350   0   1600       926100
    16  0 1  95.62 10010.50 2   0.0 -33.8     17917650   0   1300       936300
    17  0 1  95.27 10012.00 2   0.0 -32.8     18873750   0   1200       956100
    18  0 1  94.57 10012.00 2   0.0 -31.3     20854050   0   1200      1980300
    19  0 1  95.27 10010.50 2   0.0 -30.6     21803650   0   1350       949600
    20  0 1  94.92 10010.50 2   0.0 -30.3     22719750   0   1450       916100
    21  0 1  95.27 10010.50 2   0.0 -30.0     23673400   0   1250       953650
    22  0 1  95.27 10012.00 2   0.0 -30.0     24721100   0   1200      1047700
    23  0 1  95.27 10012.00 2   0.0 -30.0     25648600   0   1200       927500
    24  0 1  95.62 10012.00 2   0.0 -30.3     26598850   0   1450       950250
    25  0 1  94.92 10010.50 2   0.0 -30.6     27574500   0   1200       975650
    26  0 1  95.27 10012.00 2   0.0 -31.3     28563400   0   1450       988900
    27  0 1  95.62 10012.00 2   0.0 -32.8     30461450   0   1600      1898050
    28  0 1  95.62 10012.00 2   0.0 -33.8     31364200   0   1450       902750
    29  0 1  95.62 10012.00 2   0.0 -35.0     32349350   0   1450       985150
    30  0 1  94.57 10010.50 2   0.0 -36.3     33387700   0   1300      1038350
    31  0 1  95.27 10010.50 2   0.0 -37.5     34395250   0   1550      1007550
    32  0 1  95.27 10010.50 2   0.0 -39.1     35364600   0   1400       969350
    33  0 1  94.22 10010.50 2   0.0 -40.9     36435300   0   1300      1070700
    34  0 1  94.92 10012.00 2   0.0 -42.5     37350300   0   1450       915000
    35  0 1  94.22 10012.00 2   0.0 -44.4     38332500   0   1600       982200
    36  0 1  95.27 10010.50 2   0.0 -48.4     40421450   0   1550      2088950
    37  0 1  94.57 10010.50 2   0.0 -50.6     41509800   0   1250      1088350
    38  0 1  94.22 10012.00 2   0.0 -53.1     42522700   0   1400      1012900
    39  0 1  95.27 10010.50 2   0.0 -55.3     43585600   0   1200      1062900
    40  0 1  94.57 10012.00 2   0.0 -57.5     44556350   0   1350       970750
    41  0 1  95.27 10012.00 2   0.0 -60.0     45523500   0   1550       967150
    42  0 1  95.27 10010.50 2   0.0 -62.5     46499450   0   1150       975950
    43  0 1  94.57 10010.50 2   0.0 -65.0     47492250   0   1450       992800
    44  0 1  95.62 10010.50 2   0.0 -67.5     48459150   0   1450       966900
