    NO  S V  AOA    FREQ    B  FMOP  AMP      TOA      PMOP  PW         dTOA  
------ -- - ------ -------- - ----- ----- ------------ --- ------ ------------
     0  0 1  94.92 10048.00 2   0.0 -70.0            0   0   1000  42949673000
     1  0 1  94.22 10012.00 2   0.0 -67.5       969650   0    950       969650
     2  0 1  95.27 10021.00 2   0.0 -65.0      1949200   0   1050       979550
     3  0 1  95.27 10009.00 2   0.0 -62.5      2939650   0   1150       990450
     4  0 1  95.62 10021.00 2   0.0 -60.0      3939650   0   1000      1000000
     5  0 1  95.27  9955.00 2   0.0 -57.5      4949450   0   1050      1009800
     6  0 1  94.92 10000.00 2   0.0 -55.3      5969700   0   1350      1020250
     7  0 1  95.27 10007.50 2   0.0 -50.6      8040100   0   1100      2070400
     8  0 1  95.27 10060.00 2   0.0 -48.4      9010250   0    950       970150
     9  0 1  94.92  9977.50 2   0.0 -46.6      9989750   0    950       979500
    10  0 1  94.22  9967.00 2   0.0 -44.4     10979650   0   1050       989900
    11  0 1  95.27  9955.00 2   0.0 -42.5     11979450   0   1000       999800
    12  0 1  95.62  9962.50 2   0.0 -40.9     12989450   0   1350      1010000
    13  0 1  94.92  9944.50 2   0.0 -39.1     14009850   0   1150      1020400
    14  0 1  94.22  9997.00 2   0.0 -37.5     15039950   0   1400      1030100
    15  0 1  95.62 10024.00 2   0.0 -36.3     16079950   0   1150      1040000
    16  0 1  94.92  9953.50 2   0.0 -33.8     18030400   0   1300      1950450
    17  0 1  94.57 10022.50 2   0.0 -32.8     19020050   0   1050       989650
    18  0 1  94.22  9970.00 2   0.0 -31.9     20020300   0   1050      1000250
    19  0 1  94.57  9941.50 2   0.0 -31.3     21030000   0   1050      1009700
    20  0 1  94.22 10060.00 2   0.0 -30.6     22049750   0   1100      1019750
    21  0 1  94.92  9968.50 2   0.0 -30.3     23079600   0   1400      1029850
    22  0 1  95.27  9937.00 2   0.0 -30.0     24119800   0   1300      1040200
    23  0 1  95.62 10015.00 2   0.0 -30.0     25089300   0   1300       969500
    24  0 1  95.27 10004.50 2   0.0 -30.0     26069050   0   1000       979750
    25  0 1  94.57 10027.00 2   0.0 -30.6     28058700   0   1000      1989650
    26  0 1  94.92  9970.00 2   0.0 -31.3     29068600   0   1300      1009900
    27  0 1  94.22 10069.00 2   0.0 -31.9     30088750   0   1100      1020150
    28  0 1  95.62 10054.00 2   0.0 -32.8     31118300   0   1050      1029550
    29  0 1  95.62  9932.50 2   0.0 -33.8     32158600   0   1350      1040300
    30  0 1  95.27 10051.00 2   0.0 -35.0     33129050   0   1100       970450
    31  0 1  94.22  9935.50 2   0.0 -36.3     34109150   0    950       980100
    32  0 1  94.22 10061.50 2   0.0 -37.5     35098850   0   1050       989700
    33  0 1  94.92 10015.00 2   0.0 -39.1     36098850   0   1100      1000000
    34  0 1  95.27 10006.00 2   0.0 -42.5     38128700   0   1350      2029850
    35  0 1  95.62  9934.00 2   0.0 -44.4     39159000   0   1100      1030300
    36  0 1  94.57  9931.00 2   0.0 -46.6     40198600   0   1250      1039600
    37  0 1  95.62 10066.00 2   0.0 -48.4     41168100   0   1200       969500
    38  0 1  94.57  9994.00 2   0.0 -50.6     42148000   0   1200       979900
    39  0 1  94.92 10018.00 2   0.0 -53.1     43138400   0   1050       990400
    40  0 1  94.22  9998.50 2   0.0 -55.3     44138850   0    950      1000450
    41  0 1  94.57 10030.00 2   0.0 -57.5     45148350   0   1050      1009500
    42  0 1  95.27 10046.50 2   0.0 -60.0     46167850   0   1150      1019500
    43  0 1  94.57 10024.00 2   0.0 -65.0     48237300   0    950      2069450
    44  0 1  95.27 10057.00 2   0.0 -67.5     49206950   0   1400       969650
