    NO  S V  AOA    FREQ    B  FMOP  AMP      TOA      PMOP  PW         dTOA  
------ -- - ------ -------- - ----- ----- ------------ --- ------ ------------
     0  0 1  95.27 10021.00 2   0.0 -70.0            0   0   1300  42949673000
     1  0 1  95.27 10019.50 2   0.0 -68.8      2120650   0   1700      2120650
     2  0 1  94.22 10019.50 2   0.0 -68.1      3305100   0   1300      1184450
     3  0 1  95.27 10009.00 2   0.0 -67.5      4406200   0   1250      1101100
     4  0 1  94.92 10010.50 2   0.0 -66.9      5498650   0   1350      1092450
     5  0 1  94.22 10009.00 2   0.0 -66.3      6611200   0   1250      1112550
     6  0 1  95.27 10010.50 2   0.0 -65.6      7799050   0   1300      1187850
     7  0 1  94.57 10000.00 2   0.0 -65.0      8941400   0   1250      1142350
     8  0 1  94.57  9998.50 2   0.0 -64.4     10003750   0   1300      1062350
     9  0 1  95.27 10000.00 2   0.0 -63.8     10994000   0   1600       990250
    10  0 1  95.62  9989.50 2   0.0 -62.5     12994050   0   1400      2000050
    11  0 1  95.62  9989.50 2   0.0 -61.9     13937450   0   1300       943400
    12  0 1  94.92  9988.00 2   0.0 -61.3     14696100   0   1300       758650
    13  0 1  94.92  9991.00 2   0.0 -60.6     15807350   0   1300      1111250
    14  0 1  94.92  9979.00 2   0.0 -60.0     16938450   0   1250      1131100
    15  0 1  94.92  9980.50 2   0.0 -59.4     17846050   0   1600       907600
    16  0 1  94.22  9979.00 2   0.0 -58.8     18609000   0   1500       762950
    17  0 1  95.62  9979.00 2   0.0 -58.1     19372250   0   1700       763250
    18  0 1  95.27  9970.00 2   0.0 -57.5     20338850   0   1450       966600
    19  0 1  95.27  9970.00 2   0.0 -56.6     22388150   0   1350      2049300
    20  0 1  94.92  9970.00 2   0.0 -55.9     23527050   0   1700      1138900
    21  0 1  94.57  9959.50 2   0.0 -55.3     24734100   0   1600      1207050
    22  0 1  94.22  9959.50 2   0.0 -54.7     25746300   0   1400      1012200
    23  0 1  95.27  9959.50 2   0.0 -54.1     26817650   0   1600      1071350
    24  0 1  95.27  9959.50 2   0.0 -53.4     27744500   0   1350       926850
    25  0 1  94.92  9949.00 2   0.0 -53.1     28500150   0   1550       755650
    26  0 1  94.57  9950.50 2   0.0 -52.5     29365000   0   1400       864850
    27  0 1  94.22  9949.00 2   0.0 -51.9     30493200   0   1350      1128200
    28  0 1  94.57 10039.00 2   0.0 -50.6     32706700   0   1300      2213500
    29  0 1  95.62 10040.50 2   0.0 -50.3     33533500   0   1250       826800
    30  0 1  94.22 10039.00 2   0.0 -49.7     34507650   0   1450       974150
    31  0 1  95.27 10040.50 2   0.0 -49.1     35418600   0   1350       910950
    32  0 1  94.57 10028.50 2   0.0 -48.4     36231800   0   1700       813200
    33  0 1  95.27 10030.00 2   0.0 -48.1     37199150   0   1250       967350
    34  0 1  95.62 10030.00 2   0.0 -47.5     38039950   0   1250       840800
    35  0 1  95.62 10030.00 2   0.0 -46.9     38885100   0   1700       845150
    36  0 1  94.22 10019.50 2   0.0 -46.6     40099150   0   1400      1214050
    37  0 1  94.57 10019.50 2   0.0 -45.6     42311450   0   1250      2212300
    38  0 1  94.57 10021.00 2   0.0 -45.0     43216100   0   1450       904650
    39  0 1  94.22 10010.50 2   0.0 -44.4     44042600   0   1250       826500
    40  0 1  94.92 10009.00 2   0.0 -44.1     45009950   0   1500       967350
    41  0 1  94.92 10009.00 2   0.0 -43.4     45797350   0   1400       787400
    42  0 1  94.92 10009.00 2   0.0 -43.1     46666150   0   1400       868800
    43  0 1  94.57 10000.00 2   0.0 -42.5     47518300   0   1450       852150
    44  0 1  95.27  9998.50 2   0.0 -42.2     48530300   0   1500      1012000
    45  0 1  95.27 10000.00 2   0.0 -41.6     49715350   0   1700      1185050
    46  0 1  94.22  9989.50 2   0.0 -40.9     51638300   0   1300      1922950
    47  0 1  95.27  9988.00 2   0.0 -40.3     52852750   0   1250      1214450
    48  0 1  94.22  9991.00 2   0.0 -40.0     53960100   0   1500      1107350
    49  0 1  94.57  9988.00 2   0.0 -39.7     55165000   0   1500      1204900
    50  0 1  94.22  9979.00 2   0.0 -39.1     55947900   0   1250       782900
    51  0 1  94.57  9979.00 2   0.0 -38.8     56818200   0   1600       870300
    52  0 1  95.27  9979.00 2   0.0 -38.4     57707700   0   1700       889500
    53  0 1  95.27  9979.00 2   0.0 -38.1     58483100   0   1300       775400
    54  0 1  94.22  9968.50 2   0.0 -37.5     59235550   0   1500       752450
    55  0 1  94.22  9968.50 2   0.0 -36.9     61700200   0   1350      2464650
    56  0 1  95.27  9970.00 2   0.0 -36.6     62847600   0   1400      1147400
    57  0 1  94.22  9961.00 2   0.0 -36.3     63816800   0   1550       969200
    58  0 1  95.62  9958.00 2   0.0 -35.9     64636800   0   1500       820000
    59  0 1  94.22  9959.50 2   0.0 -35.6     65431450   0   1250       794650
    60  0 1  94.92  9961.00 2   0.0 -35.3     66430950   0   1350       999500
    61  0 1  94.92  9949.00 2   0.0 -35.0     67465900   0   1250      1034950
    62  0 1  95.27  9949.00 2   0.0 -34.7     68423100   0   1250       957200
    63  0 1  94.22  9949.00 2   0.0 -34.4     69504850   0   1300      1081750
    64  0 1  95.27 10039.00 2   0.0 -33.8     71354700   0   1300      1849850
    65  0 1  94.57 10040.50 2   0.0 -33.4     72585900   0   1300      1231200
    66  0 1  94.57 10039.00 2   0.0 -33.4     73695750   0   1600      1109850
    67  0 1  94.57 10039.00 2   0.0 -33.1     74850150   0   1650      1154400
    68  0 1  94.22 10028.50 2   0.0 -32.8     76065200   0   1450      1215050
    69  0 1  95.27 10028.50 2   0.0 -32.5     77144950   0   1600      1079750
    70  0 1  95.27 10030.00 2   0.0 -32.5     78174550   0   1450      1029600
    71  0 1  95.27 10030.00 2   0.0 -32.2     79231700   0   1350      1057150
    72  0 1  94.92 10021.00 2   0.0 -31.9     80302700   0   1350      1071000
    73  0 1  94.57 10018.00 2   0.0 -31.6     82123250   0   1650      1820550
    74  0 1  94.22 10019.50 2   0.0 -31.6     83338900   0   1350      1215650
    75  0 1  95.27 10009.00 2   0.0 -31.3     84259550   0   1650       920650
    76  0 1  95.27 10009.00 2   0.0 -31.3     85431950   0   1650      1172400
    77  0 1  95.27 10009.00 2   0.0 -30.9     86196900   0   1250       764950
    78  0 1  94.92 10009.00 2   0.0 -30.9     87374500   0   1300      1177600
    79  0 1  94.22 10000.00 2   0.0 -30.6     88300550   0   1400       926050
    80  0 1  94.22 10000.00 2   0.0 -30.6     89359550   0   1400      1059000
    81  0 1  94.57  9998.50 2   0.0 -30.6     90506350   0   1600      1146800
    82  0 1  95.62  9991.00 2   0.0 -30.3     92798450   0   1250      2292100
    83  0 1  95.62  9988.00 2   0.0 -30.3     93735250   0   1400       936800
    84  0 1  94.57  9989.50 2   0.0 -30.3     94647600   0   1700       912350
    85  0 1  95.62  9989.50 2   0.0 -30.0     95640700   0   1700       993100
    86  0 1  94.22  9979.00 2   0.0 -30.0     96697900   0   1450      1057200
    87  0 1  94.92  9980.50 2   0.0 -30.0     97728450   0   1550      1030550
    88  0 1  94.22  9979.00 2   0.0 -30.0     98704250   0   1350       975800
    89  0 1  94.57  9979.00 2   0.0 -30.0     99675950   0   1250       971700
    90  0 1  94.92  9970.00 2   0.0 -30.0    100638350   0   1450       962400
    91  0 1  94.57  9968.50 2   0.0 -30.0    102558750   0   1600      1920400
    92  0 1  94.57  9970.00 2   0.0 -30.0    103560400   0   1400      1001650
    93  0 1  94.92  9961.00 2   0.0 -30.0    104582100   0   1450      1021700
    94  0 1  95.62  9958.00 2   0.0 -30.0    105524100   0   1550       942000
    95  0 1  94.57  9959.50 2   0.0 -30.3    106523050   0   1550       998950
    96  0 1  95.62  9959.50 2   0.0 -30.3    107474400   0   1350       951350
    97  0 1  94.57  9949.00 2   0.0 -30.3    108268350   0   1500       793950
    98  0 1  95.27  9949.00 2   0.0 -30.3    109125150   0   1600       856800
    99  0 1  94.22  9949.00 2   0.0 -30.6    109925600   0   1550       800450
   100  0 1  94.92 10039.00 2   0.0 -30.6    111937000   0   1400      2011400
   101  0 1  95.62 10039.00 2   0.0 -30.9    113128550   0   1250      1191550
   102  0 1  94.57 10039.00 2   0.0 -30.9    113920850   0   1350       792300
   103  0 1  95.62 10039.00 2   0.0 -31.3    114741350   0   1250       820500
   104  0 1  94.92 10028.50 2   0.0 -31.3    115577650   0   1450       836300
   105  0 1  94.57 10030.00 2   0.0 -31.6    116460050   0   1650       882400
   106  0 1  94.92 10030.00 2   0.0 -31.6    117683450   0   1550      1223400
   107  0 1  95.62 10028.50 2   0.0 -31.9    118506850   0   1350       823400
   108  0 1  94.22 10018.00 2   0.0 -31.9    119654600   0   1350      1147750
   109  0 1  95.27 10019.50 2   0.0 -32.5    121572800   0   1700      1918200
   110  0 1  94.22 10021.00 2   0.0 -32.5    122819550   0   1300      1246750
   111  0 1  94.57 10010.50 2   0.0 -32.8    124064100   0   1250      1244550
   112  0 1  94.92 10009.00 2   0.0 -33.1    125267750   0   1300      1203650
   113  0 1  95.62 10009.00 2   0.0 -33.4    126475150   0   1650      1207400
   114  0 1  95.27 10010.50 2   0.0 -33.4    127606550   0   1600      1131400
   115  0 1  95.62 10000.00 2   0.0 -33.8    128532800   0   1650       926250
   116  0 1  94.92 10000.00 2   0.0 -34.1    129447600   0   1650       914800
   117  0 1  95.62 10000.00 2   0.0 -34.4    130407400   0   1400       959800
   118  0 1  95.27  9988.00 2   0.0 -35.0    132885150   0   1250      2477750
   119  0 1  95.62  9991.00 2   0.0 -35.3    133838350   0   1500       953200
   120  0 1  95.27  9991.00 2   0.0 -35.6    134730550   0   1500       892200
   121  0 1  95.27  9991.00 2   0.0 -35.9    135796600   0   1650      1066050
   122  0 1  95.62  9979.00 2   0.0 -36.3    136970650   0   1700      1174050
   123  0 1  95.27  9980.50 2   0.0 -36.6    137990250   0   1650      1019600
   124  0 1  94.92  9979.00 2   0.0 -36.9    139239700   0   1300      1249450
   125  0 1  95.62  9980.50 2   0.0 -37.2    140473100   0   1650      1233400
   126  0 1  94.22  9970.00 2   0.0 -37.5    141227150   0   1650       754050
   127  0 1  95.27  9970.00 2   0.0 -38.4    142879600   0   1250      1652450
   128  0 1  94.92  9970.00 2   0.0 -38.8    144112650   0   1650      1233050
   129  0 1  95.62  9961.00 2   0.0 -39.1    145023250   0   1500       910600
   130  0 1  95.27  9961.00 2   0.0 -39.7    146237000   0   1250      1213750
   131  0 1  94.57  9959.50 2   0.0 -40.0    147370200   0   1350      1133200
   132  0 1  95.62  9961.00 2   0.0 -40.3    148443650   0   1250      1073450
   133  0 1  95.27  9949.00 2   0.0 -40.9    149217900   0   1350       774250
   134  0 1  95.27  9950.50 2   0.0 -41.3    150331250   0   1700      1113350
   135  0 1  95.62  9950.50 2   0.0 -41.6    151240850   0   1350       909600
   136  0 1  95.62 10039.00 2   0.0 -42.5    153408400   0   1700      2167550
   137  0 1  95.27 10039.00 2   0.0 -43.1    154389550   0   1300       981150
   138  0 1  95.27 10040.50 2   0.0 -43.4    155327250   0   1400       937700
   139  0 1  94.57 10039.00 2   0.0 -44.1    156499600   0   1300      1172350
   140  0 1  95.27 10030.00 2   0.0 -44.4    157277250   0   1550       777650
   141  0 1  94.22 10030.00 2   0.0 -45.0    158440300   0   1500      1163050
   142  0 1  94.92 10028.50 2   0.0 -45.6    159333800   0   1650       893500
   143  0 1  95.27 10030.00 2   0.0 -45.9    160254100   0   1350       920300
   144  0 1  94.57 10021.00 2   0.0 -46.6    161126250   0   1350       872150
   145  0 1  94.57 10019.50 2   0.0 -47.5    162809950   0   1250      1683700
   146  0 1  94.22 10019.50 2   0.0 -48.1    163624000   0   1250       814050
   147  0 1  94.92 10010.50 2   0.0 -48.4    164747850   0   1650      1123850
   148  0 1  94.22 10009.00 2   0.0 -49.1    165555250   0   1700       807400
   149  0 1  94.57 10010.50 2   0.0 -49.7    166569350   0   1300      1014100
   150  0 1  94.22 10009.00 2   0.0 -50.3    167470750   0   1700       901400
   151  0 1  94.57  9998.50 2   0.0 -50.6    168641100   0   1250      1170350
   152  0 1  94.22 10000.00 2   0.0 -51.3    169667150   0   1450      1026050
   153  0 1  95.62 10000.00 2   0.0 -51.9    170684100   0   1650      1016950
   154  0 1  95.62  9989.50 2   0.0 -53.1    172668250   0   1650      1984150
   155  0 1  94.22  9989.50 2   0.0 -53.4    173495500   0   1500       827250
   156  0 1  95.62  9989.50 2   0.0 -54.1    174401400   0   1550       905900
   157  0 1  94.92  9989.50 2   0.0 -54.7    175638400   0   1600      1237000
   158  0 1  95.62  9979.00 2   0.0 -55.3    176494000   0   1650       855600
   159  0 1  94.22  9979.00 2   0.0 -55.9    177364250   0   1450       870250
   160  0 1  94.92  9979.00 2   0.0 -56.6    178365400   0   1250      1001150
   161  0 1  95.27  9979.00 2   0.0 -57.2    179577850   0   1500      1212450
   162  0 1  95.62  9970.00 2   0.0 -57.5    180416150   0   1700       838300
   163  0 1  95.62  9970.00 2   0.0 -58.8    182338150   0   1550      1922000
   164  0 1  94.22  9970.00 2   0.0 -59.4    183577300   0   1450      1239150
   165  0 1  95.62  9958.00 2   0.0 -60.0    184795100   0   1350      1217800
   166  0 1  95.27  9961.00 2   0.0 -60.6    185701250   0   1650       906150
   167  0 1  95.62  9959.50 2   0.0 -61.3    186752350   0   1600      1051100
   168  0 1  94.92  9958.00 2   0.0 -61.9    187552850   0   1300       800500
   169  0 1  94.57  9949.00 2   0.0 -62.5    188754850   0   1350      1202000
   170  0 1  95.27  9950.50 2   0.0 -63.1    189694900   0   1600       940050
   171  0 1  94.22  9950.50 2   0.0 -63.8    190829100   0   1500      1134200
   172  0 1  95.27 10039.00 2   0.0 -65.0    192877800   0   1450      2048700
   173  0 1  95.27 10039.00 2   0.0 -65.6    193922550   0   1300      1044750
   174  0 1  94.92 10040.50 2   0.0 -66.3    194768400   0   1250       845850
   175  0 1  95.27 10040.50 2   0.0 -66.9    195860000   0   1550      1091600
   176  0 1  95.27 10030.00 2   0.0 -67.5    196925550   0   1450      1065550
   177  0 1  94.57 10030.00 2   0.0 -68.1    198129300   0   1700      1203750
   178  0 1  95.62 10028.50 2   0.0 -68.8    199150450   0   1450      1021150
   179  0 1  94.92 10030.00 2   0.0 -69.4    200065250   0   1450       914800
