    NO  S V  AOA    FREQ    B  FMOP  AMP      TOA      PMOP  PW         dTOA  
------ -- - ------ -------- - ----- ----- ------------ --- ------ ------------
     0  0 1  94.92 10019.50 2   0.0 -70.0            0   0   1600  42949673000
     1  0 1  95.27 10019.50 2   0.0 -69.4      1155800   0   1400      1155800
     2  0 1  94.57 10021.00 2   0.0 -68.1      2947350   0   1400      1791550
     3  0 1  95.62 10010.50 2   0.0 -67.5      4022050   0   1300      1074700
     4  0 1  94.57 10010.50 2   0.0 -66.9      5241600   0   1300      1219550
     5  0 1  94.57 10009.00 2   0.0 -66.3      6368350   0   1600      1126750
     6  0 1  95.27 10009.00 2   0.0 -65.6      7284500   0   1700       916150
     7  0 1  94.92  9998.50 2   0.0 -65.0      8252300   0   1600       967800
     8  0 1  94.92  9998.50 2   0.0 -64.4      9220800   0   1650       968500
     9  0 1  94.92  9998.50 2   0.0 -63.8     10378400   0   1500      1157600
    10  0 1  95.27 10000.00 2   0.0 -63.1     11154050   0   1500       775650
    11  0 1  94.22  9989.50 2   0.0 -61.9     13115300   0   1550      1961250
    12  0 1  94.92  9989.50 2   0.0 -61.3     14206300   0   1300      1091000
    13  0 1  94.92  9989.50 2   0.0 -60.6     15107700   0   1350       901400
    14  0 1  94.22  9980.50 2   0.0 -60.0     16212300   0   1450      1104600
    15  0 1  94.22  9979.00 2   0.0 -59.4     17307700   0   1350      1095400
    16  0 1  95.62  9980.50 2   0.0 -58.8     18418750   0   1500      1111050
    17  0 1  95.62  9980.50 2   0.0 -58.1     19645050   0   1600      1226300
    18  0 1  94.22  9970.00 2   0.0 -57.5     20459100   0   1400       814050
    19  0 1  94.57  9970.00 2   0.0 -57.2     21232650   0   1600       773550
    20  0 1  95.27  9968.50 2   0.0 -55.9     23249350   0   1450      2016700
    21  0 1  95.62  9959.50 2   0.0 -55.3     24252950   0   1350      1003600
    22  0 1  94.57  9958.00 2   0.0 -54.7     25238000   0   1600       985050
    23  0 1  95.62  9958.00 2   0.0 -54.1     26276500   0   1650      1038500
    24  0 1  95.62  9961.00 2   0.0 -53.4     27233700   0   1300       957200
    25  0 1  95.27  9949.00 2   0.0 -53.1     28214100   0   1700       980400
    26  0 1  94.92  9949.00 2   0.0 -52.5     29225750   0   1700      1011650
    27  0 1  94.22  9949.00 2   0.0 -51.9     30000600   0   1500       774850
    28  0 1  94.57  9949.00 2   0.0 -51.3     31104050   0   1300      1103450
    29  0 1  94.22 10039.00 2   0.0 -50.3     33098350   0   1300      1994300
    30  0 1  95.27 10039.00 2   0.0 -49.7     34242500   0   1250      1144150
    31  0 1  95.27 10039.00 2   0.0 -49.1     35338700   0   1250      1096200
    32  0 1  94.92 10030.00 2   0.0 -48.4     36474850   0   1550      1136150
    33  0 1  94.57 10028.50 2   0.0 -48.1     37450600   0   1400       975750
    34  0 1  95.62 10030.00 2   0.0 -47.5     38389800   0   1600       939200
    35  0 1  95.62 10030.00 2   0.0 -46.9     39613950   0   1300      1224150
    36  0 1  95.62 10018.00 2   0.0 -46.6     40519250   0   1250       905300
    37  0 1  94.22 10018.00 2   0.0 -45.9     41747800   0   1650      1228550
    38  0 1  95.62 10018.00 2   0.0 -45.0     43562300   0   1400      1814500
    39  0 1  95.27 10009.00 2   0.0 -44.4     44758200   0   1650      1195900
    40  0 1  94.57 10009.00 2   0.0 -44.1     45617200   0   1450       859000
    41  0 1  95.62 10009.00 2   0.0 -43.4     46593750   0   1600       976550
    42  0 1  94.57 10010.50 2   0.0 -43.1     47823800   0   1600      1230050
    43  0 1  94.57 10000.00 2   0.0 -42.5     48765600   0   1300       941800
    44  0 1  94.57 10000.00 2   0.0 -42.2     49833600   0   1650      1068000
    45  0 1  95.62 10000.00 2   0.0 -41.6     50918950   0   1450      1085350
    46  0 1  94.22  9998.50 2   0.0 -41.3     51954850   0   1500      1035900
    47  0 1  94.57  9988.00 2   0.0 -40.3     54190200   0   1450      2235350
    48  0 1  95.27  9991.00 2   0.0 -40.0     54972700   0   1400       782500
    49  0 1  94.92  9988.00 2   0.0 -39.7     56137200   0   1450      1164500
    50  0 1  95.27  9979.00 2   0.0 -39.1     57331050   0   1650      1193850
    51  0 1  94.57  9980.50 2   0.0 -38.8     58272450   0   1650       941400
    52  0 1  95.62  9979.00 2   0.0 -38.4     59258750   0   1350       986300
    53  0 1  94.57  9980.50 2   0.0 -38.1     60331850   0   1250      1073100
    54  0 1  94.92  9968.50 2   0.0 -37.5     61335900   0   1400      1004050
    55  0 1  94.22  9968.50 2   0.0 -37.2     62089950   0   1650       754050
    56  0 1  94.57  9970.00 2   0.0 -36.6     63828000   0   1400      1738050
    57  0 1  94.92  9959.50 2   0.0 -36.3     64695800   0   1550       867800
    58  0 1  95.62  9958.00 2   0.0 -35.9     65748100   0   1450      1052300
    59  0 1  94.22  9961.00 2   0.0 -35.6     66835850   0   1400      1087750
    60  0 1  94.57  9959.50 2   0.0 -35.3     68051500   0   1300      1215650
    61  0 1  94.22  9949.00 2   0.0 -35.0     68993800   0   1700       942300
    62  0 1  95.62  9949.00 2   0.0 -34.7     69767700   0   1400       773900
    63  0 1  94.57  9949.00 2   0.0 -34.4     70662100   0   1350       894400
    64  0 1  94.92  9949.00 2   0.0 -34.1     71881050   0   1500      1218950
    65  0 1  94.57 10039.00 2   0.0 -33.4     73787100   0   1300      1906050
    66  0 1  94.57 10039.00 2   0.0 -33.4     74713400   0   1450       926300
    67  0 1  95.62 10039.00 2   0.0 -33.1     75790900   0   1400      1077500
    68  0 1  94.57 10030.00 2   0.0 -32.8     76891000   0   1350      1100100
    69  0 1  94.57 10030.00 2   0.0 -32.5     77983500   0   1250      1092500
    70  0 1  95.62 10030.00 2   0.0 -32.5     79187850   0   1300      1204350
    71  0 1  94.22 10028.50 2   0.0 -32.2     80357700   0   1250      1169850
    72  0 1  94.22 10018.00 2   0.0 -31.9     81180750   0   1700       823050
    73  0 1  95.62 10018.00 2   0.0 -31.9     81955400   0   1550       774650
    74  0 1  94.22 10021.00 2   0.0 -31.6     84001000   0   1250      2045600
    75  0 1  94.92 10009.00 2   0.0 -31.3     85188700   0   1450      1187700
    76  0 1  95.62 10010.50 2   0.0 -31.3     85973200   0   1250       784500
    77  0 1  95.62 10009.00 2   0.0 -30.9     86943600   0   1350       970400
    78  0 1  94.57 10009.00 2   0.0 -30.9     87870100   0   1500       926500
    79  0 1  94.92 10000.00 2   0.0 -30.6     88876150   0   1550      1006050
    80  0 1  95.27  9998.50 2   0.0 -30.6     89993450   0   1250      1117300
    81  0 1  95.62 10000.00 2   0.0 -30.6     91045950   0   1300      1052500
    82  0 1  94.92  9998.50 2   0.0 -30.3     92219600   0   1350      1173650
    83  0 1  95.27  9991.00 2   0.0 -30.3     94276000   0   1300      2056400
    84  0 1  94.57  9989.50 2   0.0 -30.3     95154550   0   1500       878550
    85  0 1  94.57  9989.50 2   0.0 -30.0     96190900   0   1400      1036350
    86  0 1  95.27  9979.00 2   0.0 -30.0     97414750   0   1250      1223850
    87  0 1  95.62  9980.50 2   0.0 -30.0     98169450   0   1300       754700
    88  0 1  94.22  9980.50 2   0.0 -30.0     99199300   0   1350      1029850
    89  0 1  94.92  9979.00 2   0.0 -30.0    100251350   0   1300      1052050
    90  0 1  94.92  9970.00 2   0.0 -30.0    101143300   0   1450       891950
    91  0 1  94.57  9968.50 2   0.0 -30.0    102107200   0   1250       963900
    92  0 1  94.92  9970.00 2   0.0 -30.0    104073150   0   1400      1965950
    93  0 1  94.57  9961.00 2   0.0 -30.0    105116950   0   1250      1043800
    94  0 1  94.92  9959.50 2   0.0 -30.0    106307600   0   1250      1190650
    95  0 1  94.22  9959.50 2   0.0 -30.3    107123650   0   1600       816050
    96  0 1  94.57  9958.00 2   0.0 -30.3    108334400   0   1250      1210750
    97  0 1  94.57  9950.50 2   0.0 -30.3    109217500   0   1650       883100
    98  0 1  94.22  9949.00 2   0.0 -30.3    110405650   0   1400      1188150
    99  0 1  95.27  9949.00 2   0.0 -30.6    111505650   0   1450      1100000
   100  0 1  94.92  9949.00 2   0.0 -30.6    112668650   0   1650      1163000
   101  0 1  94.57 10039.00 2   0.0 -30.9    114641750   0   1650      1973100
   102  0 1  95.62 10039.00 2   0.0 -30.9    115720450   0   1300      1078700
   103  0 1  95.62 10039.00 2   0.0 -31.3    116713050   0   1300       992600
   104  0 1  95.27 10030.00 2   0.0 -31.3    117624800   0   1450       911750
   105  0 1  95.62 10028.50 2   0.0 -31.6    118472600   0   1500       847800
   106  0 1  94.57 10030.00 2   0.0 -31.6    119505900   0   1500      1033300
   107  0 1  94.92 10028.50 2   0.0 -31.9    120498800   0   1300       992900
   108  0 1  95.62 10018.00 2   0.0 -31.9    121722400   0   1300      1223600
   109  0 1  94.22 10018.00 2   0.0 -32.2    122831200   0   1500      1108800
   110  0 1  95.27 10019.50 2   0.0 -32.5    124487400   0   1300      1656200
   111  0 1  94.57 10010.50 2   0.0 -32.8    125638350   0   1650      1150950
   112  0 1  95.62 10009.00 2   0.0 -33.1    126740050   0   1400      1101700
   113  0 1  94.22 10009.00 2   0.0 -33.4    127764000   0   1350      1023950
   114  0 1  94.57 10010.50 2   0.0 -33.4    128736650   0   1300       972650
   115  0 1  94.22 10000.00 2   0.0 -33.8    129928400   0   1300      1191750
   116  0 1  95.62 10000.00 2   0.0 -34.1    130973150   0   1250      1044750
   117  0 1  94.92 10000.00 2   0.0 -34.4    131771400   0   1400       798250
   118  0 1  95.27 10000.00 2   0.0 -34.7    132941600   0   1500      1170200
   119  0 1  94.22  9988.00 2   0.0 -35.3    134870400   0   1650      1928800
   120  0 1  95.27  9989.50 2   0.0 -35.6    135763050   0   1250       892650
   121  0 1  94.22  9988.00 2   0.0 -35.9    137000150   0   1350      1237100
   122  0 1  95.62  9979.00 2   0.0 -36.3    138080700   0   1300      1080550
   123  0 1  95.62  9979.00 2   0.0 -36.6    139325650   0   1400      1244950
   124  0 1  95.62  9979.00 2   0.0 -36.9    140267650   0   1350       942000
   125  0 1  94.22  9979.00 2   0.0 -37.2    141263150   0   1300       995500
   126  0 1  95.62  9970.00 2   0.0 -37.5    142327300   0   1700      1064150
   127  0 1  94.22  9970.00 2   0.0 -38.1    143296300   0   1500       969000
   128  0 1  95.62  9970.00 2   0.0 -38.8    145279000   0   1650      1982700
   129  0 1  94.57  9961.00 2   0.0 -39.1    146391200   0   1600      1112200
   130  0 1  95.27  9958.00 2   0.0 -39.7    147568250   0   1600      1177050
   131  0 1  94.57  9958.00 2   0.0 -40.0    148555150   0   1550       986900
   132  0 1  95.27  9959.50 2   0.0 -40.3    149366650   0   1550       811500
   133  0 1  94.22  9949.00 2   0.0 -40.9    150514400   0   1450      1147750
   134  0 1  95.27  9949.00 2   0.0 -41.3    151600650   0   1350      1086250
   135  0 1  95.62  9949.00 2   0.0 -41.6    152794950   0   1500      1194300
   136  0 1  94.92  9949.00 2   0.0 -42.2    153858100   0   1650      1063150
   137  0 1  95.62 10040.50 2   0.0 -43.1    156080250   0   1250      2222150
   138  0 1  94.57 10040.50 2   0.0 -43.4    157091300   0   1400      1011050
   139  0 1  94.57 10040.50 2   0.0 -44.1    158149900   0   1300      1058600
   140  0 1  95.27 10030.00 2   0.0 -44.4    158964550   0   1300       814650
   141  0 1  94.92 10028.50 2   0.0 -45.0    160088050   0   1300      1123500
   142  0 1  94.92 10030.00 2   0.0 -45.6    161003050   0   1600       915000
   143  0 1  95.27 10030.00 2   0.0 -45.9    161967000   0   1450       963950
   144  0 1  94.57 10021.00 2   0.0 -46.6    163041550   0   1650      1074550
   145  0 1  94.92 10018.00 2   0.0 -46.9    164210050   0   1300      1168500
   146  0 1  94.57 10018.00 2   0.0 -48.1    166209350   0   1700      1999300
   147  0 1  94.22 10010.50 2   0.0 -48.4    167060400   0   1500       851050
   148  0 1  95.27 10009.00 2   0.0 -49.1    168026450   0   1400       966050
   149  0 1  94.57 10010.50 2   0.0 -49.7    168947100   0   1450       920650
   150  0 1  95.62 10010.50 2   0.0 -50.3    169874900   0   1550       927800
   151  0 1  95.27 10000.00 2   0.0 -50.6    171094650   0   1300      1219750
   152  0 1  95.27 10000.00 2   0.0 -51.3    172173650   0   1500      1079000
   153  0 1  94.22 10000.00 2   0.0 -51.9    173297400   0   1400      1123750
   154  0 1  94.92  9998.50 2   0.0 -52.5    174071300   0   1350       773900
   155  0 1  95.27  9989.50 2   0.0 -53.4    175945200   0   1250      1873900
   156  0 1  94.92  9989.50 2   0.0 -54.1    176856200   0   1600       911000
   157  0 1  94.57  9991.00 2   0.0 -54.7    177922800   0   1300      1066600
   158  0 1  94.22  9980.50 2   0.0 -55.3    178783050   0   1400       860250
   159  0 1  94.22  9979.00 2   0.0 -55.9    179881700   0   1450      1098650
   160  0 1  95.62  9979.00 2   0.0 -56.6    180706650   0   1400       824950
   161  0 1  94.22  9980.50 2   0.0 -57.2    181776050   0   1700      1069400
   162  0 1  94.22  9970.00 2   0.0 -57.5    182808100   0   1400      1032050
   163  0 1  95.27  9970.00 2   0.0 -58.1    183799250   0   1700       991150
   164  0 1  95.27  9970.00 2   0.0 -59.4    185919500   0   1300      2120250
   165  0 1  95.62  9961.00 2   0.0 -60.0    186859700   0   1550       940200
   166  0 1  95.27  9959.50 2   0.0 -60.6    187794500   0   1550       934800
   167  0 1  95.62  9958.00 2   0.0 -61.3    188604750   0   1250       810250
   168  0 1  95.27  9961.00 2   0.0 -61.9    189556000   0   1650       951250
   169  0 1  94.57  9949.00 2   0.0 -62.5    190493150   0   1450       937150
   170  0 1  94.92  9949.00 2   0.0 -63.1    191440900   0   1400       947750
   171  0 1  95.62  9950.50 2   0.0 -63.8    192571000   0   1350      1130100
   172  0 1  95.62  9949.00 2   0.0 -64.4    193728300   0   1400      1157300
   173  0 1  94.92 10040.50 2   0.0 -65.6    195697150   0   1500      1968850
   174  0 1  94.22 10039.00 2   0.0 -66.3    196941500   0   1500      1244350
   175  0 1  94.57 10039.00 2   0.0 -66.9    198172400   0   1400      1230900
   176  0 1  95.62 10030.00 2   0.0 -67.5    199071650   0   1450       899250
   177  0 1  94.22 10030.00 2   0.0 -68.1    200065450   0   1350       993800
   178  0 1  94.92 10030.00 2   0.0 -68.8    200857250   0   1700       791800
   179  0 1  94.22 10030.00 2   0.0 -69.4    201768350   0   1500       911100
