    NO  S V  AOA    FREQ    B  FMOP  AMP      TOA      PMOP  PW         dTOA  
------ -- - ------ -------- - ----- ----- ------------ --- ------ ------------
     0  0 1  94.92 10019.50 2   0.0 -70.0            0   0    850  42949673000
     1  0 1  95.62 10018.00 2   0.0 -69.4      1000150   0    900      1000150
     2  0 1  94.92 10021.00 2   0.0 -68.8      2000150   0    950      1000000
     3  0 1  94.92 10019.50 2   0.0 -68.1      3000400   0    850      1000250
     4  0 1  95.27 10019.50 2   0.0 -67.5      4000500   0   1200      1000100
     5  0 1  95.62 10021.00 2   0.0 -66.9      5000400   0    950       999900
     6  0 1  95.62 10018.00 2   0.0 -66.3      6000400   0   1100      1000000
     7  0 1  94.22 10018.00 2   0.0 -65.6      7000600   0   1100      1000200
     8  0 1  94.22 10009.00 2   0.0 -65.0      8000500   0    900       999900
     9  0 1  94.92 10010.50 2   0.0 -63.8     10000100   0   1300      1999600
    10  0 1  95.27 10010.50 2   0.0 -63.1     11000000   0   1050       999900
    11  0 1  94.22 10009.00 2   0.0 -62.5     11999600   0   1000       999600
    12  0 1  95.62 10009.00 2   0.0 -61.9     12999550   0    850       999950
    13  0 1  94.92 10009.00 2   0.0 -61.3     13999850   0   1100      1000300
    14  0 1  94.57 10009.00 2   0.0 -60.6     14999600   0    950       999750
    15  0 1  95.62 10000.00 2   0.0 -60.0     15999300   0   1150       999700
    16  0 1  94.57  9998.50 2   0.0 -59.4     16999250   0   1150       999950
    17  0 1  95.27 10000.00 2   0.0 -58.8     17998800   0   1200       999550
    18  0 1  94.92 10000.00 2   0.0 -57.5     19999200   0   1300      2000400
    19  0 1  95.27 10000.00 2   0.0 -57.2     20999450   0   1000      1000250
    20  0 1  94.92 10000.00 2   0.0 -56.6     21999900   0    900      1000450
    21  0 1  95.27 10000.00 2   0.0 -55.9     23000250   0   1100      1000350
    22  0 1  94.57  9991.00 2   0.0 -55.3     24000650   0    850      1000400
    23  0 1  95.27  9991.00 2   0.0 -54.7     25000850   0    900      1000200
    24  0 1  94.57  9991.00 2   0.0 -54.1     26000350   0   1000       999500
    25  0 1  94.92  9989.50 2   0.0 -53.4     27000400   0    950      1000050
    26  0 1  94.57  9989.50 2   0.0 -53.1     28000150   0   1000       999750
    27  0 1  94.92  9989.50 2   0.0 -51.9     29999750   0   1300      1999600
    28  0 1  95.62  9989.50 2   0.0 -51.3     30999450   0   1000       999700
    29  0 1  95.27  9979.00 2   0.0 -50.6     31999750   0   1200      1000300
    30  0 1  95.62  9979.00 2   0.0 -50.3     32999950   0   1150      1000200
    31  0 1  95.27  9979.00 2   0.0 -49.7     34000200   0   1100      1000250
    32  0 1  94.22  9979.00 2   0.0 -49.1     35000150   0    900       999950
    33  0 1  95.62  9979.00 2   0.0 -48.4     36000600   0   1100      1000450
    34  0 1  95.27  9980.50 2   0.0 -48.1     37000350   0   1000       999750
    35  0 1  95.27  9979.00 2   0.0 -47.5     37999850   0   1200       999500
    36  0 1  94.57  9968.50 2   0.0 -46.6     39999250   0   1100      1999400
    37  0 1  94.57  9970.00 2   0.0 -45.9     40999000   0   1300       999750
    38  0 1  95.62  9970.00 2   0.0 -45.6     41999100   0   1100      1000100
    39  0 1  95.62  9970.00 2   0.0 -45.0     42998650   0    900       999550
    40  0 1  94.92  9970.00 2   0.0 -44.4     43998950   0    850      1000300
    41  0 1  95.62  9968.50 2   0.0 -44.1     44999300   0   1100      1000350
    42  0 1  95.27  9970.00 2   0.0 -43.4     45999100   0   1100       999800
    43  0 1  94.92  9970.00 2   0.0 -43.1     46999500   0    900      1000400
    44  0 1  94.22  9961.00 2   0.0 -42.5     47999550   0    900      1000050
    45  0 1  95.62  9959.50 2   0.0 -41.6     50000050   0    950      2000500
    46  0 1  95.27  9958.00 2   0.0 -41.3     51000100   0   1050      1000050
    47  0 1  94.92  9958.00 2   0.0 -40.9     51999800   0   1250       999700
    48  0 1  94.22  9959.50 2   0.0 -40.3     53000200   0   1150      1000400
    49  0 1  95.27  9959.50 2   0.0 -40.0     54000150   0   1200       999950
    50  0 1  95.62  9958.00 2   0.0 -39.7     54999900   0    850       999750
    51  0 1  94.57 10030.00 2   0.0 -39.1     55999650   0   1300       999750
    52  0 1  94.22 10030.00 2   0.0 -38.8     56999550   0   1300       999900
    53  0 1  95.27 10030.00 2   0.0 -38.4     57999800   0   1150      1000250
    54  0 1  94.92 10030.00 2   0.0 -37.5     59999600   0   1050      1999800
    55  0 1  94.57 10030.00 2   0.0 -37.2     60999400   0   1100       999800
    56  0 1  94.57 10030.00 2   0.0 -36.9     61999300   0   1150       999900
    57  0 1  94.22 10030.00 2   0.0 -36.6     62998950   0   1000       999650
    58  0 1  94.22 10021.00 2   0.0 -36.3     63998750   0   1100       999800
    59  0 1  95.62 10018.00 2   0.0 -35.9     64998250   0    850       999500
    60  0 1  95.27 10019.50 2   0.0 -35.6     65998050   0   1000       999800
    61  0 1  95.27 10021.00 2   0.0 -35.3     66998150   0    950      1000100
    62  0 1  94.22 10019.50 2   0.0 -35.0     67998600   0   1150      1000450
    63  0 1  94.57 10021.00 2   0.0 -34.4     69997900   0    850      1999300
    64  0 1  94.57 10018.00 2   0.0 -34.1     70997900   0   1300      1000000
    65  0 1  95.62 10010.50 2   0.0 -33.8     71997900   0   1250      1000000
    66  0 1  94.22 10009.00 2   0.0 -33.4     72998350   0   1150      1000450
    67  0 1  95.27 10009.00 2   0.0 -33.4     73997900   0   1300       999550
    68  0 1  95.27 10010.50 2   0.0 -33.1     74998150   0   1150      1000250
    69  0 1  95.62 10010.50 2   0.0 -32.8     75998600   0    850      1000450
    70  0 1  94.22 10009.00 2   0.0 -32.5     76998600   0   1250      1000000
    71  0 1  94.57 10010.50 2   0.0 -32.5     77998350   0   1100       999750
    72  0 1  94.92 10000.00 2   0.0 -31.9     79998500   0   1050      2000150
    73  0 1  95.27  9998.50 2   0.0 -31.9     80998450   0   1150       999950
    74  0 1  95.27 10000.00 2   0.0 -31.6     81998600   0    850      1000150
    75  0 1  94.22 10000.00 2   0.0 -31.6     82998300   0    900       999700
    76  0 1  94.92 10000.00 2   0.0 -31.3     83998700   0    850      1000400
    77  0 1  94.57  9998.50 2   0.0 -31.3     84998700   0   1050      1000000
    78  0 1  94.92  9998.50 2   0.0 -30.9     85998350   0   1200       999650
    79  0 1  94.22  9998.50 2   0.0 -30.9     86998150   0   1200       999800
    80  0 1  95.27  9991.00 2   0.0 -30.6     87997900   0   1000       999750
    81  0 1  95.27  9988.00 2   0.0 -30.6     89997850   0    850      1999950
    82  0 1  95.62  9989.50 2   0.0 -30.3     90997900   0    900      1000050
    83  0 1  95.62  9991.00 2   0.0 -30.3     91997400   0   1200       999500
    84  0 1  95.62  9988.00 2   0.0 -30.3     92997150   0   1100       999750
    85  0 1  94.57  9989.50 2   0.0 -30.3     93997350   0   1250      1000200
    86  0 1  94.57  9988.00 2   0.0 -30.0     94997800   0   1200      1000450
    87  0 1  94.92  9980.50 2   0.0 -30.0     95997800   0    850      1000000
    88  0 1  94.57  9979.00 2   0.0 -30.0     96997850   0    900      1000050
    89  0 1  94.57  9979.00 2   0.0 -30.0     97997400   0    900       999550
    90  0 1  95.62  9979.00 2   0.0 -30.0     99997400   0    850      2000000
    91  0 1  94.57  9979.00 2   0.0 -30.0    100997350   0    950       999950
    92  0 1  95.62  9979.00 2   0.0 -30.0    101997500   0   1100      1000150
    93  0 1  94.92  9979.00 2   0.0 -30.0    102997300   0   1300       999800
    94  0 1  94.92  9970.00 2   0.0 -30.0    103997000   0    850       999700
    95  0 1  94.92  9970.00 2   0.0 -30.0    104997350   0   1150      1000350
    96  0 1  94.57  9970.00 2   0.0 -30.3    105997050   0    950       999700
    97  0 1  94.22  9968.50 2   0.0 -30.3    106997050   0   1200      1000000
    98  0 1  94.22  9968.50 2   0.0 -30.3    107996900   0    950       999850
    99  0 1  94.22  9970.00 2   0.0 -30.6    109997350   0   1200      2000450
   100  0 1  94.57  9970.00 2   0.0 -30.6    110997750   0    900      1000400
   101  0 1  95.62  9958.00 2   0.0 -30.6    111997550   0    850       999800
   102  0 1  94.57  9961.00 2   0.0 -30.9    112997200   0   1150       999650
   103  0 1  95.62  9961.00 2   0.0 -30.9    113996850   0   1300       999650
   104  0 1  95.27  9959.50 2   0.0 -31.3    114997250   0   1300      1000400
   105  0 1  94.92  9961.00 2   0.0 -31.3    115997200   0   1000       999950
   106  0 1  95.62  9961.00 2   0.0 -31.6    116997250   0   1300      1000050
   107  0 1  94.92  9959.50 2   0.0 -31.6    117997250   0   1300      1000000
   108  0 1  94.92 10028.50 2   0.0 -31.9    119996800   0    950      1999550
   109  0 1  94.57 10030.00 2   0.0 -32.2    120996550   0   1200       999750
   110  0 1  94.22 10030.00 2   0.0 -32.5    121996850   0   1150      1000300
   111  0 1  94.57 10030.00 2   0.0 -32.5    122996750   0   1250       999900
   112  0 1  95.62 10028.50 2   0.0 -32.8    123997150   0   1150      1000400
   113  0 1  95.27 10030.00 2   0.0 -33.1    124996950   0    900       999800
   114  0 1  94.22 10030.00 2   0.0 -33.4    125997050   0   1300      1000100
   115  0 1  95.62 10030.00 2   0.0 -33.4    126996950   0    900       999900
   116  0 1  94.92 10018.00 2   0.0 -33.8    127997350   0   1050      1000400
   117  0 1  95.62 10018.00 2   0.0 -34.4    129997350   0   1150      2000000
   118  0 1  95.27 10021.00 2   0.0 -34.7    130997650   0    850      1000300
   119  0 1  94.57 10019.50 2   0.0 -35.0    131997850   0    900      1000200
   120  0 1  95.62 10019.50 2   0.0 -35.3    132997950   0   1100      1000100
   121  0 1  94.22 10018.00 2   0.0 -35.6    133998200   0   1050      1000250
   122  0 1  94.57 10019.50 2   0.0 -35.9    134997800   0   1100       999600
   123  0 1  95.27 10010.50 2   0.0 -36.3    135997900   0   1300      1000100
   124  0 1  94.92 10010.50 2   0.0 -36.6    136998200   0   1300      1000300
   125  0 1  94.92 10009.00 2   0.0 -36.9    137998050   0   1200       999850
   126  0 1  94.92 10010.50 2   0.0 -37.5    139997400   0   1150      1999350
   127  0 1  94.57 10009.00 2   0.0 -38.1    140997650   0   1000      1000250
   128  0 1  94.57 10010.50 2   0.0 -38.4    141997650   0   1000      1000000
   129  0 1  95.27 10009.00 2   0.0 -38.8    142997250   0    900       999600
   130  0 1  94.57 10000.00 2   0.0 -39.1    143997600   0   1000      1000350
   131  0 1  95.62 10000.00 2   0.0 -39.7    144997400   0    900       999800
   132  0 1  95.27 10000.00 2   0.0 -40.0    145997600   0    850      1000200
   133  0 1  95.62 10000.00 2   0.0 -40.3    146997800   0   1250      1000200
   134  0 1  94.92  9998.50 2   0.0 -40.9    147997400   0   1050       999600
   135  0 1  94.22 10000.00 2   0.0 -41.6    149997000   0    850      1999600
   136  0 1  94.57  9998.50 2   0.0 -42.2    150997450   0   1200      1000450
   137  0 1  94.57  9988.00 2   0.0 -42.5    151997200   0   1250       999750
   138  0 1  94.92  9991.00 2   0.0 -43.1    152997450   0   1300      1000250
   139  0 1  95.27  9991.00 2   0.0 -43.4    153997650   0   1100      1000200
   140  0 1  95.62  9988.00 2   0.0 -44.1    154997500   0   1150       999850
   141  0 1  94.57  9991.00 2   0.0 -44.4    155997700   0    950      1000200
   142  0 1  94.57  9991.00 2   0.0 -45.0    156997950   0    850      1000250
   143  0 1  94.92  9988.00 2   0.0 -45.6    157998050   0    850      1000100
   144  0 1  95.62  9980.50 2   0.0 -46.6    159998100   0   1050      2000050
   145  0 1  94.92  9980.50 2   0.0 -46.9    160998200   0   1050      1000100
   146  0 1  95.27  9979.00 2   0.0 -47.5    161998600   0   1150      1000400
   147  0 1  94.92  9980.50 2   0.0 -48.1    162998800   0   1250      1000200
   148  0 1  94.57  9979.00 2   0.0 -48.4    163998950   0    850      1000150
   149  0 1  94.57  9980.50 2   0.0 -49.1    164999100   0   1250      1000150
   150  0 1  94.22  9979.00 2   0.0 -49.7    165998700   0    850       999600
   151  0 1  94.22  9980.50 2   0.0 -50.3    166998750   0   1100      1000050
   152  0 1  94.92  9970.00 2   0.0 -50.6    167998500   0    850       999750
   153  0 1  94.22  9968.50 2   0.0 -51.9    169998650   0    900      2000150
   154  0 1  95.27  9970.00 2   0.0 -52.5    170998300   0   1050       999650
   155  0 1  94.92  9970.00 2   0.0 -53.1    171998150   0   1000       999850
   156  0 1  95.62  9968.50 2   0.0 -53.4    172998000   0   1150       999850
   157  0 1  95.62  9970.00 2   0.0 -54.1    173998300   0    850      1000300
   158  0 1  95.27  9970.00 2   0.0 -54.7    174998300   0    900      1000000
   159  0 1  94.92  9961.00 2   0.0 -55.3    175998450   0   1150      1000150
   160  0 1  95.27  9961.00 2   0.0 -55.9    176998600   0   1300      1000150
   161  0 1  94.92  9958.00 2   0.0 -56.6    177998550   0    950       999950
   162  0 1  94.22  9961.00 2   0.0 -57.5    179998800   0    950      2000250
   163  0 1  94.92  9958.00 2   0.0 -58.1    180998300   0    950       999500
   164  0 1  95.27  9961.00 2   0.0 -58.8    181997800   0   1000       999500
   165  0 1  94.92  9961.00 2   0.0 -59.4    182997650   0    900       999850
   166  0 1  95.62 10030.00 2   0.0 -60.0    183997950   0    900      1000300
   167  0 1  94.92 10030.00 2   0.0 -60.6    184997900   0    850       999950
   168  0 1  94.57 10030.00 2   0.0 -61.3    185997800   0    850       999900
   169  0 1  94.57 10030.00 2   0.0 -61.9    186998050   0   1100      1000250
   170  0 1  94.92 10028.50 2   0.0 -62.5    187997700   0   1250       999650
   171  0 1  95.27 10028.50 2   0.0 -63.8    189997000   0   1300      1999300
   172  0 1  95.27 10030.00 2   0.0 -64.4    190997200   0   1300      1000200
   173  0 1  94.22 10021.00 2   0.0 -65.0    191997200   0    950      1000000
   174  0 1  95.62 10019.50 2   0.0 -65.6    192997600   0   1100      1000400
   175  0 1  95.27 10018.00 2   0.0 -66.3    193997500   0   1300       999900
   176  0 1  94.92 10021.00 2   0.0 -66.9    194997250   0   1050       999750
   177  0 1  94.57 10021.00 2   0.0 -67.5    195997000   0   1000       999750
   178  0 1  95.27 10019.50 2   0.0 -68.1    196997450   0   1250      1000450
   179  0 1  94.92 10021.00 2   0.0 -68.8    197997200   0   1100       999750
