    NO  S V  AOA    FREQ    B  FMOP  AMP      TOA      PMOP  PW         dTOA  
------ -- - ------ -------- - ----- ----- ------------ --- ------ ------------
     0  0 1  94.57 10007.50 2   0.0 -69.4      1039800   0   1050  42950712800
     1  0 1  94.22 10018.00 2   0.0 -68.8      2069800   0   1000      1030000
     2  0 1  94.92 10027.00 2   0.0 -68.1      3090000   0    950      1020200
     3  0 1  95.27 10036.00 2   0.0 -67.5      4099850   0   1300      1009850
     4  0 1  95.27 10045.00 2   0.0 -66.9      5100250   0   1200      1000400
     5  0 1  94.22 10048.00 2   0.0 -66.3      6090400   0   1000       990150
     6  0 1  95.62 10054.00 2   0.0 -65.6      7070700   0   1000       980300
     7  0 1  95.62 10060.00 2   0.0 -65.0      8041000   0   1400       970300
     8  0 1  94.57 10066.00 2   0.0 -64.4      9080950   0   1400      1039950
     9  0 1  95.27 10069.00 2   0.0 -63.1     11131000   0   1200      2050050
    10  0 1  94.92 10067.50 2   0.0 -62.5     12141200   0   1000      1010200
    11  0 1  94.92 10066.00 2   0.0 -61.9     13140850   0   1100       999650
    12  0 1  94.22 10064.50 2   0.0 -61.3     14131000   0    950       990150
    13  0 1  94.57 10061.50 2   0.0 -60.6     15110500   0   1050       979500
    14  0 1  95.62 10057.00 2   0.0 -60.0     16080200   0   1250       969700
    15  0 1  94.57 10052.50 2   0.0 -59.4     17120650   0   1400      1040450
    16  0 1  95.27 10045.00 2   0.0 -58.8     18150600   0   1050      1029950
    17  0 1  94.22 10036.00 2   0.0 -58.1     19170450   0   1000      1019850
    18  0 1  94.57 10021.00 2   0.0 -57.2     21181200   0   1200      2010750
    19  0 1  94.22 10012.00 2   0.0 -56.6     22171650   0   1000       990450
    20  0 1  95.62 10003.00 2   0.0 -55.9     23151600   0   1000       979950
    21  0 1  94.22  9992.50 2   0.0 -55.3     24122000   0   1000       970400
    22  0 1  95.27  9983.50 2   0.0 -54.7     25161750   0    950      1039750
    23  0 1  94.92  9973.00 2   0.0 -54.1     26192050   0   1050      1030300
    24  0 1  94.57  9965.50 2   0.0 -53.4     27212250   0   1050      1020200
    25  0 1  94.22  9958.00 2   0.0 -53.1     28221950   0   1400      1009700
    26  0 1  94.22  9950.50 2   0.0 -52.5     29222100   0   1300      1000150
    27  0 1  94.22  9940.00 2   0.0 -51.3     31192550   0   1150      1970450
    28  0 1  94.22  9934.00 2   0.0 -50.6     32162550   0   1250       970000
    29  0 1  94.22  9931.00 2   0.0 -50.3     33202600   0   1300      1040050
    30  0 1  94.22  9931.00 2   0.0 -49.7     34232700   0   1350      1030100
    31  0 1  95.62  9931.00 2   0.0 -49.1     35252750   0   1250      1020050
    32  0 1  95.27  9928.00 2   0.0 -48.4     36263000   0   1300      1010250
    33  0 1  94.22  9932.50 2   0.0 -48.1     37263200   0   1100      1000200
    34  0 1  95.62  9934.00 2   0.0 -47.5     38252950   0   1050       989750
    35  0 1  94.92  9940.00 2   0.0 -46.9     39233100   0   1000       980150
    36  0 1  95.62  9952.00 2   0.0 -45.9     41242800   0    950      2009700
    37  0 1  94.22  9958.00 2   0.0 -45.6     42272550   0   1000      1029750
    38  0 1  95.62  9965.50 2   0.0 -45.0     43292950   0   1100      1020400
    39  0 1  95.27  9973.00 2   0.0 -44.4     44302700   0   1150      1009750
    40  0 1  94.22  9983.50 2   0.0 -44.1     45302700   0   1300      1000000
    41  0 1  94.57  9992.50 2   0.0 -43.4     46292250   0    950       989550
    42  0 1  94.92 10000.00 2   0.0 -43.1     47272150   0   1000       979900
    43  0 1  95.27 10012.00 2   0.0 -42.5     48241900   0   1000       969750
    44  0 1  94.57 10019.50 2   0.0 -42.2     49281850   0   1150      1039950
    45  0 1  95.62 10037.50 2   0.0 -41.3     51332300   0   1100      2050450
    46  0 1  94.92 10045.00 2   0.0 -40.9     52342500   0   1150      1010200
    47  0 1  95.62 10051.00 2   0.0 -40.3     53342750   0   1100      1000250
    48  0 1  95.62 10058.50 2   0.0 -40.0     54332300   0   1000       989550
    49  0 1  95.27 10060.00 2   0.0 -39.7     55312000   0   1100       979700
    50  0 1  94.22 10064.50 2   0.0 -39.1     56282000   0   1200       970000
    51  0 1  94.57 10066.00 2   0.0 -38.8     57321850   0   1050      1039850
    52  0 1  94.92 10069.00 2   0.0 -38.4     58351750   0   1150      1029900
    53  0 1  95.62 10069.00 2   0.0 -38.1     59371500   0   1150      1019750
    54  0 1  95.27 10066.00 2   0.0 -37.2     61381350   0   1100      2009850
    55  0 1  95.27 10061.50 2   0.0 -36.9     62371200   0   1250       989850
    56  0 1  94.22 10055.50 2   0.0 -36.6     63351650   0   1300       980450
    57  0 1  95.27 10051.00 2   0.0 -36.3     64321450   0   1200       969800
    58  0 1  94.22 10042.00 2   0.0 -35.9     65361750   0   1000      1040300
    59  0 1  94.92 10034.50 2   0.0 -35.6     66391800   0   1200      1030050
    60  0 1  94.57 10028.50 2   0.0 -35.3     67412150   0   1000      1020350
    61  0 1  94.57 10018.00 2   0.0 -35.0     68422250   0   1100      1010100
    62  0 1  94.22 10009.00 2   0.0 -34.7     69422100   0   1150       999850
    63  0 1  95.62  9991.00 2   0.0 -34.1     71392750   0    950      1970650
    64  0 1  94.57  9982.00 2   0.0 -33.8     72362700   0   1350       969950
    65  0 1  94.57  9973.00 2   0.0 -33.4     73402600   0   1150      1039900
    66  0 1  94.22  9964.00 2   0.0 -33.4     74432250   0    950      1029650
    67  0 1  95.27  9955.00 2   0.0 -33.1     75452700   0   1250      1020450
    68  0 1  94.57  9949.00 2   0.0 -32.8     76462450   0   1400      1009750
    69  0 1  95.27  9943.00 2   0.0 -32.5     77462450   0   1250      1000000
    70  0 1  95.27  9938.50 2   0.0 -32.5     78452200   0   1300       989750
    71  0 1  95.62  9932.50 2   0.0 -32.2     79432350   0    950       980150
    72  0 1  94.22  9929.50 2   0.0 -31.9     81443150   0    950      2010800
    73  0 1  94.22  9928.00 2   0.0 -31.6     82473250   0   1000      1030100
    74  0 1  94.57  9929.50 2   0.0 -31.6     83492900   0   1000      1019650
    75  0 1  95.27  9931.00 2   0.0 -31.3     84502450   0   1200      1009550
    76  0 1  95.27  9934.00 2   0.0 -31.3     85502850   0    950      1000400
    77  0 1  94.57  9938.50 2   0.0 -30.9     86493200   0   1400       990350
    78  0 1  94.22  9946.00 2   0.0 -30.9     87473500   0   1050       980300
    79  0 1  95.27  9950.50 2   0.0 -30.6     88443150   0   1350       969650
    80  0 1  95.27  9958.00 2   0.0 -30.6     89483150   0   1300      1040000
    81  0 1  95.27  9976.00 2   0.0 -30.3     91532850   0   1000      2049700
    82  0 1  95.27  9986.50 2   0.0 -30.3     92542550   0    950      1009700
    83  0 1  95.27  9994.00 2   0.0 -30.3     93542700   0    950      1000150
    84  0 1  94.57 10003.00 2   0.0 -30.3     94532700   0   1350       990000
    85  0 1  95.62 10013.50 2   0.0 -30.0     95512700   0   1150       980000
    86  0 1  94.57 10021.00 2   0.0 -30.0     96482900   0   1150       970200
    87  0 1  95.27 10030.00 2   0.0 -30.0     97523300   0   1200      1040400
    88  0 1  94.22 10039.00 2   0.0 -30.0     98553600   0    950      1030300
    89  0 1  95.27 10046.50 2   0.0 -30.0     99573500   0   1300      1019900
    90  0 1  94.92 10060.00 2   0.0 -30.0    101583200   0   1150      2009700
    91  0 1  94.92 10063.00 2   0.0 -30.0    102572850   0   1300       989650
    92  0 1  94.92 10066.00 2   0.0 -30.0    103552800   0   1050       979950
    93  0 1  94.22 10067.50 2   0.0 -30.0    104522350   0   1100       969550
    94  0 1  94.22 10069.00 2   0.0 -30.0    105562750   0   1000      1040400
    95  0 1  94.92 10069.00 2   0.0 -30.3    106592600   0   1300      1029850
    96  0 1  94.92 10066.00 2   0.0 -30.3    107612400   0   1250      1019800
    97  0 1  94.57 10063.00 2   0.0 -30.3    108622850   0   1000      1010450
    98  0 1  95.27 10060.00 2   0.0 -30.3    109623100   0   1000      1000250
    99  0 1  95.62 10049.50 2   0.0 -30.6    111592900   0   1400      1969800
   100  0 1  95.27 10042.00 2   0.0 -30.6    112563100   0   1400       970200
   101  0 1  95.62 10033.00 2   0.0 -30.9    113603300   0   1000      1040200
   102  0 1  94.92 10024.00 2   0.0 -30.9    114632950   0   1000      1029650
   103  0 1  94.22 10016.50 2   0.0 -31.3    115652500   0    950      1019550
   104  0 1  94.92 10006.00 2   0.0 -31.3    116662300   0   1000      1009800
   105  0 1  95.27  9998.50 2   0.0 -31.6    117661900   0   1050       999600
   106  0 1  95.27  9988.00 2   0.0 -31.6    118652250   0   1300       990350
   107  0 1  94.22  9979.00 2   0.0 -31.9    119632200   0   1250       979950
   108  0 1  94.92  9961.00 2   0.0 -32.2    121641900   0   1400      2009700
   109  0 1  95.27  9953.50 2   0.0 -32.5    122671550   0   1100      1029650
   110  0 1  94.57  9947.50 2   0.0 -32.5    123691350   0   1350      1019800
   111  0 1  95.27  9943.00 2   0.0 -32.8    124701450   0   1000      1010100
   112  0 1  95.62  9937.00 2   0.0 -33.1    125701400   0   1000       999950
   113  0 1  94.57  9932.50 2   0.0 -33.4    126691350   0   1200       989950
   114  0 1  94.92  9931.00 2   0.0 -33.4    127671150   0   1350       979800
   115  0 1  95.62  9931.00 2   0.0 -33.8    128640650   0   1100       969500
   116  0 1  95.27  9929.50 2   0.0 -34.1    129681000   0   1250      1040350
   117  0 1  95.27  9934.00 2   0.0 -34.7    131731050   0    950      2050050
   118  0 1  94.22  9937.00 2   0.0 -35.0    132741400   0   1200      1010350
   119  0 1  94.92  9940.00 2   0.0 -35.3    133741850   0   1100      1000450
   120  0 1  94.22  9946.00 2   0.0 -35.6    134732050   0   1400       990200
   121  0 1  94.92  9955.00 2   0.0 -35.9    135712400   0   1000       980350
   122  0 1  95.27  9961.00 2   0.0 -36.3    136682750   0   1050       970350
   123  0 1  94.92  9970.00 2   0.0 -36.6    137723050   0   1000      1040300
   124  0 1  95.62  9979.00 2   0.0 -36.9    138752700   0    950      1029650
   125  0 1  94.22  9988.00 2   0.0 -37.2    139772850   0   1050      1020150
   126  0 1  95.62 10006.00 2   0.0 -38.1    141781950   0   1350      2009100
   127  0 1  94.92 10016.50 2   0.0 -38.4    142772250   0   1050       990300
   128  0 1  94.22 10024.00 2   0.0 -38.8    143752400   0    950       980150
   129  0 1  95.62 10033.00 2   0.0 -39.1    144722200   0   1350       969800
   130  0 1  95.27 10042.00 2   0.0 -39.7    145762450   0   1400      1040250
   131  0 1  94.57 10048.00 2   0.0 -40.0    146792850   0   1300      1030400
   132  0 1  94.22 10054.00 2   0.0 -40.3    147813100   0   1350      1020250
   133  0 1  95.62 10058.50 2   0.0 -40.9    148822800   0   1150      1009700
   134  0 1  94.57 10063.00 2   0.0 -41.3    149823250   0   1150      1000450
   135  0 1  94.22 10067.50 2   0.0 -42.2    151793750   0   1250      1970500
   136  0 1  94.92 10069.00 2   0.0 -42.5    152763500   0    950       969750
   137  0 1  95.27 10069.00 2   0.0 -43.1    153803500   0   1200      1040000
   138  0 1  94.92 10066.00 2   0.0 -43.4    154833900   0   1350      1030400
   139  0 1  94.92 10063.00 2   0.0 -44.1    155854350   0   1350      1020450
   140  0 1  95.27 10057.00 2   0.0 -44.4    156863900   0   1300      1009550
   141  0 1  94.92 10054.00 2   0.0 -45.0    157863450   0   1200       999550
   142  0 1  94.57 10048.00 2   0.0 -45.6    158853650   0   1200       990200
   143  0 1  95.27 10039.00 2   0.0 -45.9    159833700   0   1350       980050
   144  0 1  95.62 10024.00 2   0.0 -46.9    161843650   0   1350      2009950
   145  0 1  95.62 10015.00 2   0.0 -47.5    162873900   0   1400      1030250
   146  0 1  95.27 10006.00 2   0.0 -48.1    163893850   0    950      1019950
   147  0 1  94.22  9997.00 2   0.0 -48.4    164904200   0   1250      1010350
   148  0 1  95.27  9985.00 2   0.0 -49.1    165904450   0    950      1000250
   149  0 1  95.27  9976.00 2   0.0 -49.7    166894650   0   1150       990200
   150  0 1  94.22  9967.00 2   0.0 -50.3    167874400   0   1050       979750
   151  0 1  95.62  9959.50 2   0.0 -50.6    168844050   0   1300       969650
   152  0 1  95.27  9952.00 2   0.0 -51.3    169883550   0   1150      1039500
   153  0 1  95.62  9940.00 2   0.0 -52.5    171932850   0   1000      2049300
   154  0 1  94.57  9937.00 2   0.0 -53.1    172942350   0    950      1009500
   155  0 1  95.27  9931.00 2   0.0 -53.4    173942650   0   1150      1000300
   156  0 1  94.22  9929.50 2   0.0 -54.1    174932700   0   1150       990050
   157  0 1  95.27  9931.00 2   0.0 -54.7    175913050   0    950       980350
   158  0 1  95.62  9929.50 2   0.0 -55.3    176883450   0    950       970400
   159  0 1  94.22  9931.00 2   0.0 -55.9    177923450   0    950      1040000
   160  0 1  94.92  9932.50 2   0.0 -56.6    178953700   0   1200      1030250
   161  0 1  94.22  9937.00 2   0.0 -57.2    179973350   0   1050      1019650
   162  0 1  95.62  9949.00 2   0.0 -58.1    181983550   0   1350      2010200
   163  0 1  94.92  9956.50 2   0.0 -58.8    182973900   0   1300       990350
   164  0 1  94.57  9962.50 2   0.0 -59.4    183954300   0    950       980400
   165  0 1  94.22  9970.00 2   0.0 -60.0    184924050   0   1350       969750
   166  0 1  94.57  9982.00 2   0.0 -60.6    185964350   0   1400      1040300
   167  0 1  94.57  9989.50 2   0.0 -61.3    186994750   0   1350      1030400
   168  0 1  94.57 10000.00 2   0.0 -61.9    188015150   0   1200      1020400
   169  0 1  94.57 10007.50 2   0.0 -62.5    189025600   0   1000      1010450
   170  0 1  94.57 10018.00 2   0.0 -63.1    190025450   0   1100       999850
   171  0 1  94.57 10034.50 2   0.0 -64.4    191994750   0   1000      1969300
   172  0 1  94.22 10043.50 2   0.0 -65.0    192964750   0   1300       970000
   173  0 1  95.27 10051.00 2   0.0 -65.6    194004550   0   1300      1039800
   174  0 1  95.27 10057.00 2   0.0 -66.3    195034150   0   1050      1029600
   175  0 1  94.57 10060.00 2   0.0 -66.9    196054000   0   1400      1019850
   176  0 1  94.22 10066.00 2   0.0 -67.5    197064000   0    950      1010000
   177  0 1  95.27 10067.50 2   0.0 -68.1    198064100   0   1200      1000100
   178  0 1  95.62 10069.00 2   0.0 -68.8    199054350   0   1150       990250
   179  0 1  94.57 10067.50 2   0.0 -69.4    200034200   0   1000       979850
