    NO  S V  AOA    FREQ    B  FMOP  AMP      TOA      PMOP  PW         dTOA  
------ -- - ------ -------- - ----- ----- ------------ --- ------ ------------
     0  0 1  94.92  9970.00 2   0.0 -70.0            0   0    800  42949673000
     1  0 1  95.27  9970.00 2   0.0 -69.4      1000050   0   1100      1000050
     2  0 1  95.27  9970.00 2   0.0 -68.8      2000100   0   1150      1000050
     3  0 1  94.22  9968.50 2   0.0 -68.1      3000400   0   1050      1000300
     4  0 1  94.57  9970.00 2   0.0 -67.5      4000250   0   1100       999850
     5  0 1  94.22  9968.50 2   0.0 -66.9      4999750   0    950       999500
     6  0 1  94.92  9968.50 2   0.0 -65.6      6999050   0    800      1999300
     7  0 1  95.27  9979.00 2   0.0 -65.0      7998700   0    900       999650
     8  0 1  94.92  9979.00 2   0.0 -64.4      8999000   0   1050      1000300
     9  0 1  94.57  9979.00 2   0.0 -63.8      9998650   0   1000       999650
    10  0 1  95.27  9980.50 2   0.0 -63.1     10998750   0    750      1000100
    11  0 1  94.22  9980.50 2   0.0 -62.5     11998300   0   1200       999550
    12  0 1  94.22  9980.50 2   0.0 -61.9     12998000   0    850       999700
    13  0 1  94.57  9980.50 2   0.0 -61.3     13998050   0   1100      1000050
    14  0 1  94.22  9979.00 2   0.0 -60.6     14997800   0   1150       999750
    15  0 1  94.22  9989.50 2   0.0 -59.4     16997750   0   1150      1999950
    16  0 1  95.27  9988.00 2   0.0 -58.8     17998100   0    800      1000350
    17  0 1  94.22  9988.00 2   0.0 -58.1     18998550   0    850      1000450
    18  0 1  94.22  9989.50 2   0.0 -57.5     19999000   0   1000      1000450
    19  0 1  95.62  9991.00 2   0.0 -57.2     20999150   0   1000      1000150
    20  0 1  94.57  9991.00 2   0.0 -56.6     21998850   0   1200       999700
    21  0 1  94.92  9991.00 2   0.0 -55.9     22999100   0    850      1000250
    22  0 1  95.27 10000.00 2   0.0 -55.3     23998800   0    900       999700
    23  0 1  94.57 10000.00 2   0.0 -54.7     24999050   0    850      1000250
    24  0 1  95.62 10000.00 2   0.0 -53.4     26998700   0   1000      1999650
    25  0 1  95.27 10000.00 2   0.0 -53.1     27998350   0   1000       999650
    26  0 1  95.27 10000.00 2   0.0 -52.5     28997950   0    750       999600
    27  0 1  95.27  9998.50 2   0.0 -51.9     29998400   0   1000      1000450
    28  0 1  94.22  9998.50 2   0.0 -51.3     30998750   0    950      1000350
    29  0 1  94.57 10009.00 2   0.0 -50.6     31999150   0    900      1000400
    30  0 1  94.92 10009.00 2   0.0 -50.3     32999500   0   1050      1000350
    31  0 1  95.27 10009.00 2   0.0 -49.7     33999650   0    900      1000150
    32  0 1  94.92 10009.00 2   0.0 -49.1     34999700   0   1100      1000050
    33  0 1  95.62 10009.00 2   0.0 -48.1     36999850   0    950      2000150
    34  0 1  94.57 10010.50 2   0.0 -47.5     38000300   0   1100      1000450
    35  0 1  94.57 10009.00 2   0.0 -46.9     39000400   0   1100      1000100
    36  0 1  95.27 10019.50 2   0.0 -46.6     40000400   0    800      1000000
    37  0 1  95.27 10021.00 2   0.0 -45.9     41000250   0    950       999850
    38  0 1  94.57 10021.00 2   0.0 -45.6     42000100   0    950       999850
    39  0 1  95.27 10019.50 2   0.0 -45.0     43000450   0    850      1000350
    40  0 1  94.92 10018.00 2   0.0 -44.4     44000900   0   1050      1000450
    41  0 1  95.27 10021.00 2   0.0 -44.1     45001000   0   1150      1000100
    42  0 1  95.27 10018.00 2   0.0 -43.1     47001350   0    800      2000350
    43  0 1  95.62 10030.00 2   0.0 -42.5     48001400   0    800      1000050
    44  0 1  94.92 10028.50 2   0.0 -42.2     49001600   0    750      1000200
    45  0 1  94.57 10030.00 2   0.0 -41.6     50001200   0   1000       999600
    46  0 1  94.92 10028.50 2   0.0 -41.3     51001350   0   1000      1000150
    47  0 1  95.62 10030.00 2   0.0 -40.9     52000950   0   1000       999600
    48  0 1  95.62 10030.00 2   0.0 -40.3     53001350   0    950      1000400
    49  0 1  94.57 10030.00 2   0.0 -40.0     54001050   0   1050       999700
    50  0 1  95.27 10030.00 2   0.0 -39.7     55001050   0   1050      1000000
    51  0 1  94.57  9958.00 2   0.0 -38.8     57001800   0   1200      2000750
    52  0 1  94.92  9958.00 2   0.0 -38.4     58001850   0    750      1000050
    53  0 1  95.27  9961.00 2   0.0 -38.1     59001500   0    750       999650
    54  0 1  94.57  9958.00 2   0.0 -37.5     60001800   0   1200      1000300
    55  0 1  95.27  9958.00 2   0.0 -37.2     61002100   0    800      1000300
    56  0 1  94.92  9961.00 2   0.0 -36.9     62001600   0    950       999500
    57  0 1  95.62  9958.00 2   0.0 -36.6     63001900   0    900      1000300
    58  0 1  94.22  9968.50 2   0.0 -36.3     64001850   0   1050       999950
    59  0 1  94.22  9970.00 2   0.0 -35.9     65001750   0    850       999900
    60  0 1  94.57  9970.00 2   0.0 -35.3     67002100   0    950      2000350
    61  0 1  94.22  9968.50 2   0.0 -35.0     68001650   0    750       999550
    62  0 1  94.92  9968.50 2   0.0 -34.7     69001250   0   1100       999600
    63  0 1  94.92  9968.50 2   0.0 -34.4     70001200   0    800       999950
    64  0 1  94.22  9970.00 2   0.0 -34.1     71001550   0   1100      1000350
    65  0 1  94.57  9979.00 2   0.0 -33.8     72001600   0    750      1000050
    66  0 1  95.27  9979.00 2   0.0 -33.4     73001300   0   1100       999700
    67  0 1  94.22  9979.00 2   0.0 -33.4     74000800   0    750       999500
    68  0 1  95.62  9979.00 2   0.0 -33.1     75000600   0    800       999800
    69  0 1  94.57  9979.00 2   0.0 -32.5     77000950   0   1100      2000350
    70  0 1  94.92  9979.00 2   0.0 -32.5     78000850   0   1200       999900
    71  0 1  95.62  9980.50 2   0.0 -32.2     79000350   0    950       999500
    72  0 1  94.22  9988.00 2   0.0 -31.9     80000050   0    900       999700
    73  0 1  95.62  9988.00 2   0.0 -31.9     81000100   0   1100      1000050
    74  0 1  94.92  9989.50 2   0.0 -31.6     81999600   0   1050       999500
    75  0 1  95.62  9991.00 2   0.0 -31.6     82999450   0   1200       999850
    76  0 1  94.22  9991.00 2   0.0 -31.3     83999050   0   1150       999600
    77  0 1  94.22  9988.00 2   0.0 -31.3     84999150   0   1200      1000100
    78  0 1  94.22  9991.00 2   0.0 -30.9     86998800   0   1100      1999650
    79  0 1  94.92  9998.50 2   0.0 -30.6     87998750   0   1100       999950
    80  0 1  95.62  9998.50 2   0.0 -30.6     88999050   0   1150      1000300
    81  0 1  95.62 10000.00 2   0.0 -30.6     89998650   0   1000       999600
    82  0 1  94.92 10000.00 2   0.0 -30.3     90999100   0    750      1000450
    83  0 1  95.27 10000.00 2   0.0 -30.3     91998850   0    800       999750
    84  0 1  94.92  9998.50 2   0.0 -30.3     92999300   0    800      1000450
    85  0 1  94.22 10000.00 2   0.0 -30.3     93999500   0   1000      1000200
    86  0 1  94.57 10000.00 2   0.0 -30.0     94999850   0    900      1000350
    87  0 1  94.92 10010.50 2   0.0 -30.0     96999500   0    850      1999650
    88  0 1  94.57 10009.00 2   0.0 -30.0     97999450   0   1100       999950
    89  0 1  95.27 10010.50 2   0.0 -30.0     98999400   0    800       999950
    90  0 1  94.92 10009.00 2   0.0 -30.0     99999100   0   1200       999700
    91  0 1  95.27 10010.50 2   0.0 -30.0    100998750   0    850       999650
    92  0 1  94.92 10009.00 2   0.0 -30.0    101998650   0    800       999900
    93  0 1  94.57 10009.00 2   0.0 -30.0    102998700   0    800      1000050
    94  0 1  95.62 10021.00 2   0.0 -30.0    103998800   0    850      1000100
    95  0 1  94.57 10019.50 2   0.0 -30.0    104998350   0   1150       999550
    96  0 1  95.62 10021.00 2   0.0 -30.3    106998250   0   1100      1999900
    97  0 1  94.22 10018.00 2   0.0 -30.3    107998450   0   1100      1000200
    98  0 1  95.27 10021.00 2   0.0 -30.3    108998700   0    750      1000250
    99  0 1  94.57 10018.00 2   0.0 -30.6    109998600   0   1000       999900
   100  0 1  94.22 10018.00 2   0.0 -30.6    110998850   0    950      1000250
   101  0 1  95.27 10030.00 2   0.0 -30.6    111998500   0    850       999650
   102  0 1  95.27 10028.50 2   0.0 -30.9    112998900   0   1200      1000400
   103  0 1  94.57 10030.00 2   0.0 -30.9    113998550   0    800       999650
   104  0 1  94.22 10030.00 2   0.0 -31.3    114998400   0   1150       999850
   105  0 1  94.92 10028.50 2   0.0 -31.6    116998300   0   1150      1999900
   106  0 1  94.92 10028.50 2   0.0 -31.6    117998500   0    800      1000200
   107  0 1  95.27 10030.00 2   0.0 -31.9    118998900   0    800      1000400
   108  0 1  95.62  9961.00 2   0.0 -31.9    119999050   0    800      1000150
   109  0 1  94.57  9961.00 2   0.0 -32.2    120999300   0   1150      1000250
   110  0 1  94.57  9961.00 2   0.0 -32.5    121999700   0    800      1000400
   111  0 1  95.62  9961.00 2   0.0 -32.5    122999400   0    850       999700
   112  0 1  94.22  9961.00 2   0.0 -32.8    123999500   0    850      1000100
   113  0 1  95.62  9961.00 2   0.0 -33.1    124999200   0    850       999700
   114  0 1  95.62  9959.50 2   0.0 -33.4    126999150   0    850      1999950
   115  0 1  95.62  9968.50 2   0.0 -33.8    127999350   0    800      1000200
   116  0 1  95.27  9970.00 2   0.0 -34.1    128999100   0    900       999750
   117  0 1  94.57  9970.00 2   0.0 -34.4    129998700   0   1050       999600
   118  0 1  94.57  9970.00 2   0.0 -34.7    130998750   0   1000      1000050
   119  0 1  94.57  9968.50 2   0.0 -35.0    131998250   0    950       999500
   120  0 1  94.22  9970.00 2   0.0 -35.3    132998350   0    900      1000100
   121  0 1  95.27  9970.00 2   0.0 -35.6    133998250   0   1050       999900
   122  0 1  95.62  9970.00 2   0.0 -35.9    134998650   0    750      1000400
   123  0 1  95.27  9979.00 2   0.0 -36.6    136998300   0   1200      1999650
   124  0 1  94.22  9980.50 2   0.0 -36.9    137998200   0    900       999900
   125  0 1  94.92  9979.00 2   0.0 -37.2    138998100   0   1100       999900
   126  0 1  94.57  9980.50 2   0.0 -37.5    139998350   0   1100      1000250
   127  0 1  94.92  9979.00 2   0.0 -38.1    140997950   0    750       999600
   128  0 1  95.27  9979.00 2   0.0 -38.4    141998150   0   1200      1000200
   129  0 1  94.22  9980.50 2   0.0 -38.8    142998400   0    750      1000250
   130  0 1  95.27  9991.00 2   0.0 -39.1    143998600   0    950      1000200
   131  0 1  94.92  9991.00 2   0.0 -39.7    144998150   0    850       999550
   132  0 1  95.62  9989.50 2   0.0 -40.3    146997900   0    950      1999750
   133  0 1  95.27  9991.00 2   0.0 -40.9    147997450   0    850       999550
   134  0 1  94.92  9991.00 2   0.0 -41.3    148997900   0    750      1000450
   135  0 1  94.22  9988.00 2   0.0 -41.6    149998200   0    800      1000300
   136  0 1  94.22  9991.00 2   0.0 -42.2    150998450   0   1050      1000250
   137  0 1  95.27 10000.00 2   0.0 -42.5    151998400   0   1150       999950
   138  0 1  94.92 10000.00 2   0.0 -43.1    152997900   0   1100       999500
   139  0 1  95.27  9998.50 2   0.0 -43.4    153998150   0    750      1000250
   140  0 1  95.62  9998.50 2   0.0 -44.1    154998150   0   1050      1000000
   141  0 1  94.22 10000.00 2   0.0 -45.0    156998550   0    850      2000400
   142  0 1  95.62 10000.00 2   0.0 -45.6    157998050   0    950       999500
   143  0 1  95.27 10000.00 2   0.0 -45.9    158998200   0   1100      1000150
   144  0 1  94.22 10009.00 2   0.0 -46.6    159998300   0    900      1000100
   145  0 1  95.27 10009.00 2   0.0 -46.9    160997950   0   1100       999650
   146  0 1  94.92 10010.50 2   0.0 -47.5    161997500   0   1100       999550
   147  0 1  95.62 10009.00 2   0.0 -48.1    162997500   0   1100      1000000
   148  0 1  94.22 10010.50 2   0.0 -48.4    163997200   0   1050       999700
   149  0 1  95.27 10009.00 2   0.0 -49.1    164997050   0    950       999850
   150  0 1  95.62 10009.00 2   0.0 -50.3    166997400   0   1100      2000350
   151  0 1  94.22 10019.50 2   0.0 -50.6    167997800   0    750      1000400
   152  0 1  94.92 10019.50 2   0.0 -51.3    168997400   0    800       999600
   153  0 1  95.62 10018.00 2   0.0 -51.9    169997250   0    950       999850
   154  0 1  95.27 10019.50 2   0.0 -52.5    170996800   0    850       999550
   155  0 1  94.92 10018.00 2   0.0 -53.1    171997150   0   1100      1000350
   156  0 1  95.27 10021.00 2   0.0 -53.4    172996900   0    800       999750
   157  0 1  94.92 10021.00 2   0.0 -54.1    173996800   0    850       999900
   158  0 1  95.62 10021.00 2   0.0 -54.7    174997100   0    850      1000300
   159  0 1  94.92 10028.50 2   0.0 -55.9    176997350   0    950      2000250
   160  0 1  94.57 10030.00 2   0.0 -56.6    177997250   0    900       999900
   161  0 1  95.27 10028.50 2   0.0 -57.2    178997050   0   1000       999800
   162  0 1  94.57 10030.00 2   0.0 -57.5    179996800   0   1150       999750
   163  0 1  94.57 10028.50 2   0.0 -58.1    180996900   0   1100      1000100
   164  0 1  94.57 10030.00 2   0.0 -58.8    181996600   0    900       999700
   165  0 1  94.22 10030.00 2   0.0 -59.4    182996550   0   1100       999950
   166  0 1  95.62  9958.00 2   0.0 -60.0    183996800   0   1100      1000250
   167  0 1  94.57  9959.50 2   0.0 -60.6    184996400   0    850       999600
   168  0 1  94.92  9961.00 2   0.0 -61.9    186996100   0    950      1999700
   169  0 1  94.92  9959.50 2   0.0 -62.5    187996200   0   1150      1000100
   170  0 1  94.57  9958.00 2   0.0 -63.1    188996650   0   1050      1000450
   171  0 1  95.62  9958.00 2   0.0 -63.8    189996600   0   1000       999950
   172  0 1  94.92  9961.00 2   0.0 -64.4    190996150   0    850       999550
   173  0 1  94.92  9970.00 2   0.0 -65.0    191995800   0   1200       999650
   174  0 1  94.92  9968.50 2   0.0 -65.6    192995400   0    750       999600
   175  0 1  94.22  9970.00 2   0.0 -66.3    193995100   0   1150       999700
   176  0 1  94.22  9970.00 2   0.0 -66.9    194994700   0   1200       999600
   177  0 1  95.27  9970.00 2   0.0 -68.1    196994950   0    800      2000250
   178  0 1  95.27  9968.50 2   0.0 -68.8    197994600   0    850       999650
   179  0 1  95.27  9970.00 2   0.0 -69.4    198994650   0   1100      1000050
