    NO  S V  AOA    FREQ    B  FMOP  AMP      TOA      PMOP  PW         dTOA  
------ -- - ------ -------- - ----- ----- ------------ --- ------ ------------
     0  0 1  94.57  9968.50 2   0.0 -69.4       999800   0    850  42950672800
     1  0 1  94.22  9968.50 2   0.0 -68.8      1999800   0    800      1000000
     2  0 1  94.92  9970.00 2   0.0 -68.1      3000000   0    750      1000200
     3  0 1  95.27  9970.00 2   0.0 -67.5      3999850   0   1100       999850
     4  0 1  95.27  9970.00 2   0.0 -66.9      5000250   0   1000      1000400
     5  0 1  94.22  9968.50 2   0.0 -66.3      6000400   0    800      1000150
     6  0 1  95.62  9968.50 2   0.0 -65.6      7000700   0    800      1000300
     7  0 1  95.62  9979.00 2   0.0 -65.0      8001000   0   1200      1000300
     8  0 1  94.57  9980.50 2   0.0 -64.4      9000950   0   1200       999950
     9  0 1  95.27  9980.50 2   0.0 -63.1     11001000   0   1000      2000050
    10  0 1  94.92  9979.00 2   0.0 -62.5     12001200   0    800      1000200
    11  0 1  94.92  9979.00 2   0.0 -61.9     13000850   0    900       999650
    12  0 1  94.22  9979.00 2   0.0 -61.3     14001000   0    750      1000150
    13  0 1  94.57  9979.00 2   0.0 -60.6     15000500   0    850       999500
    14  0 1  95.62  9988.00 2   0.0 -60.0     16000200   0   1050       999700
    15  0 1  94.57  9991.00 2   0.0 -59.4     17000650   0   1200      1000450
    16  0 1  95.27  9989.50 2   0.0 -58.8     18000600   0    850       999950
    17  0 1  94.22  9988.00 2   0.0 -58.1     19000450   0    800       999850
    18  0 1  94.57  9991.00 2   0.0 -57.2     21001200   0   1000      2000750
    19  0 1  94.22  9991.00 2   0.0 -56.6     22001650   0    800      1000450
    20  0 1  95.62  9989.50 2   0.0 -55.9     23001600   0    800       999950
    21  0 1  94.22  9998.50 2   0.0 -55.3     24002000   0    800      1000400
    22  0 1  95.27 10000.00 2   0.0 -54.7     25001750   0    750       999750
    23  0 1  94.92  9998.50 2   0.0 -54.1     26002050   0    850      1000300
    24  0 1  94.57 10000.00 2   0.0 -53.4     27002250   0    850      1000200
    25  0 1  94.22 10000.00 2   0.0 -53.1     28001950   0   1200       999700
    26  0 1  94.22 10000.00 2   0.0 -52.5     29002100   0   1100      1000150
    27  0 1  94.22 10000.00 2   0.0 -51.3     31002550   0    950      2000450
    28  0 1  94.22 10009.00 2   0.0 -50.6     32002550   0   1050      1000000
    29  0 1  94.22 10009.00 2   0.0 -50.3     33002600   0   1100      1000050
    30  0 1  94.22 10010.50 2   0.0 -49.7     34002700   0   1150      1000100
    31  0 1  95.62 10010.50 2   0.0 -49.1     35002750   0   1050      1000050
    32  0 1  95.27 10009.00 2   0.0 -48.4     36003000   0   1100      1000250
    33  0 1  94.22 10010.50 2   0.0 -48.1     37003200   0    900      1000200
    34  0 1  95.62 10009.00 2   0.0 -47.5     38002950   0    850       999750
    35  0 1  94.92 10010.50 2   0.0 -46.9     39003100   0    800      1000150
    36  0 1  95.62 10021.00 2   0.0 -45.9     41002800   0    750      1999700
    37  0 1  94.22 10019.50 2   0.0 -45.6     42002550   0    800       999750
    38  0 1  95.62 10019.50 2   0.0 -45.0     43002950   0    900      1000400
    39  0 1  95.27 10018.00 2   0.0 -44.4     44002700   0    950       999750
    40  0 1  94.22 10019.50 2   0.0 -44.1     45002700   0   1100      1000000
    41  0 1  94.57 10019.50 2   0.0 -43.4     46002250   0    750       999550
    42  0 1  94.92 10018.00 2   0.0 -43.1     47002150   0    800       999900
    43  0 1  95.27 10030.00 2   0.0 -42.5     48001900   0    800       999750
    44  0 1  94.57 10028.50 2   0.0 -42.2     49001850   0    950       999950
    45  0 1  95.62 10030.00 2   0.0 -41.3     51002300   0    900      2000450
    46  0 1  94.92 10030.00 2   0.0 -40.9     52002500   0    950      1000200
    47  0 1  95.62 10030.00 2   0.0 -40.3     53002750   0    900      1000250
    48  0 1  95.62 10030.00 2   0.0 -40.0     54002300   0    800       999550
    49  0 1  95.27 10028.50 2   0.0 -39.7     55002000   0    900       999700
    50  0 1  94.22  9958.00 2   0.0 -39.1     56002000   0   1000      1000000
    51  0 1  94.57  9958.00 2   0.0 -38.8     57001850   0    850       999850
    52  0 1  94.92  9961.00 2   0.0 -38.4     58001750   0    950       999900
    53  0 1  95.62  9961.00 2   0.0 -38.1     59001500   0    950       999750
    54  0 1  95.27  9961.00 2   0.0 -37.2     61001350   0    900      1999850
    55  0 1  95.27  9961.00 2   0.0 -36.9     62001200   0   1050       999850
    56  0 1  94.22  9958.00 2   0.0 -36.6     63001650   0   1100      1000450
    57  0 1  95.27  9970.00 2   0.0 -36.3     64001450   0   1000       999800
    58  0 1  94.22  9968.50 2   0.0 -35.9     65001750   0    800      1000300
    59  0 1  94.92  9968.50 2   0.0 -35.6     66001800   0   1000      1000050
    60  0 1  94.57  9970.00 2   0.0 -35.3     67002150   0    800      1000350
    61  0 1  94.57  9968.50 2   0.0 -35.0     68002250   0    900      1000100
    62  0 1  94.22  9970.00 2   0.0 -34.7     69002100   0    950       999850
    63  0 1  95.62  9970.00 2   0.0 -34.1     71002750   0    750      2000650
    64  0 1  94.57  9979.00 2   0.0 -33.8     72002700   0   1150       999950
    65  0 1  94.57  9979.00 2   0.0 -33.4     73002600   0    950       999900
    66  0 1  94.22  9979.00 2   0.0 -33.4     74002250   0    750       999650
    67  0 1  95.27  9979.00 2   0.0 -33.1     75002700   0   1050      1000450
    68  0 1  94.57  9979.00 2   0.0 -32.8     76002450   0   1200       999750
    69  0 1  95.27  9979.00 2   0.0 -32.5     77002450   0   1050      1000000
    70  0 1  95.27  9980.50 2   0.0 -32.5     78002200   0   1100       999750
    71  0 1  95.62  9979.00 2   0.0 -32.2     79002350   0    750      1000150
    72  0 1  94.22  9989.50 2   0.0 -31.9     81003150   0    750      2000800
    73  0 1  94.22  9988.00 2   0.0 -31.6     82003250   0    800      1000100
    74  0 1  94.57  9989.50 2   0.0 -31.6     83002900   0    800       999650
    75  0 1  95.27  9988.00 2   0.0 -31.3     84002450   0   1000       999550
    76  0 1  95.27  9988.00 2   0.0 -31.3     85002850   0    750      1000400
    77  0 1  94.57  9988.00 2   0.0 -30.9     86003200   0   1200      1000350
    78  0 1  94.22  9991.00 2   0.0 -30.9     87003500   0    850      1000300
    79  0 1  95.27  9998.50 2   0.0 -30.6     88003150   0   1150       999650
    80  0 1  95.27  9998.50 2   0.0 -30.6     89003150   0   1100      1000000
    81  0 1  95.27  9998.50 2   0.0 -30.3     91002850   0    800      1999700
    82  0 1  95.27 10000.00 2   0.0 -30.3     92002550   0    750       999700
    83  0 1  95.27 10000.00 2   0.0 -30.3     93002700   0    750      1000150
    84  0 1  94.57 10000.00 2   0.0 -30.3     94002700   0   1150      1000000
    85  0 1  95.62 10000.00 2   0.0 -30.0     95002700   0    950      1000000
    86  0 1  94.57 10009.00 2   0.0 -30.0     96002900   0    950      1000200
    87  0 1  95.27 10009.00 2   0.0 -30.0     97003300   0   1000      1000400
    88  0 1  94.22 10009.00 2   0.0 -30.0     98003600   0    750      1000300
    89  0 1  95.27 10009.00 2   0.0 -30.0     99003500   0   1100       999900
    90  0 1  94.92 10010.50 2   0.0 -30.0    101003200   0    950      1999700
    91  0 1  94.92 10009.00 2   0.0 -30.0    102002850   0   1100       999650
    92  0 1  94.92 10009.00 2   0.0 -30.0    103002800   0    850       999950
    93  0 1  94.22 10018.00 2   0.0 -30.0    104002350   0    900       999550
    94  0 1  94.22 10021.00 2   0.0 -30.0    105002750   0    800      1000400
    95  0 1  94.92 10021.00 2   0.0 -30.3    106002600   0   1100       999850
    96  0 1  94.92 10019.50 2   0.0 -30.3    107002400   0   1050       999800
    97  0 1  94.57 10018.00 2   0.0 -30.3    108002850   0    800      1000450
    98  0 1  95.27 10019.50 2   0.0 -30.3    109003100   0    800      1000250
    99  0 1  95.62 10021.00 2   0.0 -30.6    111002900   0   1200      1999800
   100  0 1  95.27 10030.00 2   0.0 -30.6    112003100   0   1200      1000200
   101  0 1  95.62 10028.50 2   0.0 -30.9    113003300   0    800      1000200
   102  0 1  94.92 10028.50 2   0.0 -30.9    114002950   0    800       999650
   103  0 1  94.22 10030.00 2   0.0 -31.3    115002500   0    750       999550
   104  0 1  94.92 10028.50 2   0.0 -31.3    116002300   0    800       999800
   105  0 1  95.27 10030.00 2   0.0 -31.6    117001900   0    850       999600
   106  0 1  95.27 10030.00 2   0.0 -31.6    118002250   0   1100      1000350
   107  0 1  94.22 10028.50 2   0.0 -31.9    119002200   0   1050       999950
   108  0 1  94.92  9958.00 2   0.0 -32.2    121001900   0   1200      1999700
   109  0 1  95.27  9958.00 2   0.0 -32.5    122001550   0    900       999650
   110  0 1  94.57  9959.50 2   0.0 -32.5    123001350   0   1150       999800
   111  0 1  95.27  9961.00 2   0.0 -32.8    124001450   0    800      1000100
   112  0 1  95.62  9961.00 2   0.0 -33.1    125001400   0    800       999950
   113  0 1  94.57  9958.00 2   0.0 -33.4    126001350   0   1000       999950
   114  0 1  94.92  9959.50 2   0.0 -33.4    127001150   0   1150       999800
   115  0 1  95.62  9970.00 2   0.0 -33.8    128000650   0    900       999500
   116  0 1  95.27  9970.00 2   0.0 -34.1    129001000   0   1050      1000350
   117  0 1  95.27  9970.00 2   0.0 -34.7    131001050   0    750      2000050
   118  0 1  94.22  9970.00 2   0.0 -35.0    132001400   0   1000      1000350
   119  0 1  94.92  9968.50 2   0.0 -35.3    133001850   0    900      1000450
   120  0 1  94.22  9970.00 2   0.0 -35.6    134002050   0   1200      1000200
   121  0 1  94.92  9970.00 2   0.0 -35.9    135002400   0    800      1000350
   122  0 1  95.27  9980.50 2   0.0 -36.3    136002750   0    850      1000350
   123  0 1  94.92  9980.50 2   0.0 -36.6    137003050   0    800      1000300
   124  0 1  95.62  9980.50 2   0.0 -36.9    138002700   0    750       999650
   125  0 1  94.22  9979.00 2   0.0 -37.2    139002850   0    850      1000150
   126  0 1  95.62  9979.00 2   0.0 -38.1    141001950   0   1150      1999100
   127  0 1  94.92  9980.50 2   0.0 -38.4    142002250   0    850      1000300
   128  0 1  94.22  9979.00 2   0.0 -38.8    143002400   0    750      1000150
   129  0 1  95.62  9991.00 2   0.0 -39.1    144002200   0   1150       999800
   130  0 1  95.27  9991.00 2   0.0 -39.7    145002450   0   1200      1000250
   131  0 1  94.57  9991.00 2   0.0 -40.0    146002850   0   1100      1000400
   132  0 1  94.22  9989.50 2   0.0 -40.3    147003100   0   1150      1000250
   133  0 1  95.62  9988.00 2   0.0 -40.9    148002800   0    950       999700
   134  0 1  94.57  9989.50 2   0.0 -41.3    149003250   0    950      1000450
   135  0 1  94.22  9988.00 2   0.0 -42.2    151003750   0   1050      2000500
   136  0 1  94.92 10000.00 2   0.0 -42.5    152003500   0    750       999750
   137  0 1  95.27 10000.00 2   0.0 -43.1    153003500   0   1000      1000000
   138  0 1  94.92 10000.00 2   0.0 -43.4    154003900   0   1150      1000400
   139  0 1  94.92 10000.00 2   0.0 -44.1    155004350   0   1150      1000450
   140  0 1  95.27  9998.50 2   0.0 -44.4    156003900   0   1100       999550
   141  0 1  94.92 10000.00 2   0.0 -45.0    157003450   0   1000       999550
   142  0 1  94.57 10000.00 2   0.0 -45.6    158003650   0   1000      1000200
   143  0 1  95.27 10000.00 2   0.0 -45.9    159003700   0   1150      1000050
   144  0 1  95.62 10010.50 2   0.0 -46.9    161003650   0   1150      1999950
   145  0 1  95.62 10009.00 2   0.0 -47.5    162003900   0   1200      1000250
   146  0 1  95.27 10010.50 2   0.0 -48.1    163003850   0    750       999950
   147  0 1  94.22 10010.50 2   0.0 -48.4    164004200   0   1050      1000350
   148  0 1  95.27 10009.00 2   0.0 -49.1    165004450   0    750      1000250
   149  0 1  95.27 10009.00 2   0.0 -49.7    166004650   0    950      1000200
   150  0 1  94.22 10009.00 2   0.0 -50.3    167004400   0    850       999750
   151  0 1  95.62 10018.00 2   0.0 -50.6    168004050   0   1100       999650
   152  0 1  95.27 10019.50 2   0.0 -51.3    169003550   0    950       999500
   153  0 1  95.62 10018.00 2   0.0 -52.5    171002850   0    800      1999300
   154  0 1  94.57 10021.00 2   0.0 -53.1    172002350   0    750       999500
   155  0 1  95.27 10018.00 2   0.0 -53.4    173002650   0    950      1000300
   156  0 1  94.22 10018.00 2   0.0 -54.1    174002700   0    950      1000050
   157  0 1  95.27 10021.00 2   0.0 -54.7    175003050   0    750      1000350
   158  0 1  95.62 10030.00 2   0.0 -55.3    176003450   0    750      1000400
   159  0 1  94.22 10030.00 2   0.0 -55.9    177003450   0    750      1000000
   160  0 1  94.92 10028.50 2   0.0 -56.6    178003700   0   1000      1000250
   161  0 1  94.22 10030.00 2   0.0 -57.2    179003350   0    850       999650
   162  0 1  95.62 10030.00 2   0.0 -58.1    181003550   0   1150      2000200
   163  0 1  94.92 10030.00 2   0.0 -58.8    182003900   0   1100      1000350
   164  0 1  94.57 10030.00 2   0.0 -59.4    183004300   0    750      1000400
   165  0 1  94.22  9958.00 2   0.0 -60.0    184004050   0   1150       999750
   166  0 1  94.57  9961.00 2   0.0 -60.6    185004350   0   1200      1000300
   167  0 1  94.57  9959.50 2   0.0 -61.3    186004750   0   1150      1000400
   168  0 1  94.57  9959.50 2   0.0 -61.9    187005150   0   1000      1000400
   169  0 1  94.57  9958.00 2   0.0 -62.5    188005600   0    800      1000450
   170  0 1  94.57  9959.50 2   0.0 -63.1    189005450   0    900       999850
   171  0 1  94.57  9959.50 2   0.0 -64.4    191004750   0    800      1999300
   172  0 1  94.22  9970.00 2   0.0 -65.0    192004750   0   1100      1000000
   173  0 1  95.27  9970.00 2   0.0 -65.6    193004550   0   1100       999800
   174  0 1  95.27  9970.00 2   0.0 -66.3    194004150   0    850       999600
   175  0 1  94.57  9968.50 2   0.0 -66.9    195004000   0   1200       999850
   176  0 1  94.22  9970.00 2   0.0 -67.5    196004000   0    750      1000000
   177  0 1  95.27  9970.00 2   0.0 -68.1    197004100   0   1000      1000100
   178  0 1  95.62  9970.00 2   0.0 -68.8    198004350   0    950      1000250
   179  0 1  94.57  9968.50 2   0.0 -69.4    199004200   0    800       999850
