    NO  S V  AOA    FREQ    B  FMOP  AMP      TOA      PMOP  PW         dTOA  
------ -- - ------ -------- - ----- ----- ------------ --- ------ ------------
     0  0 1  94.57  9980.50 2   0.0 -70.0            0   0   1200  42949673000
     1  0 1  94.92  9979.00 2   0.0 -69.4      1040200   0   1400      1040200
     2  0 1  95.62  9979.00 2   0.0 -68.8      2079950   0   1150      1039750
     3  0 1  94.57  9979.00 2   0.0 -68.1      3120050   0   1200      1040100
     4  0 1  95.62  9979.00 2   0.0 -67.5      4099650   0   1200       979600
     5  0 1  95.27  9980.50 2   0.0 -66.9      5079700   0   1350       980050
     6  0 1  95.27  9979.00 2   0.0 -66.3      6059900   0   1300       980200
     7  0 1  95.27  9980.50 2   0.0 -65.6      7030300   0   1050       970400
     8  0 1  94.22 10018.00 2   0.0 -65.0      8059900   0   1200      1029600
     9  0 1  94.92 10021.00 2   0.0 -63.8      8059750   0   1150 214748364650
    10  0 1  94.92 10018.00 2   0.0 -63.1      9099550   0   1000      1039800
    11  0 1  94.22 10021.00 2   0.0 -62.5     10139850   0   1350      1040300
    12  0 1  94.22 10019.50 2   0.0 -61.9     11179950   0   1050      1040100
    13  0 1  94.22 10018.00 2   0.0 -61.3     12160100   0   1400       980150
    14  0 1  94.57 10021.00 2   0.0 -60.6     13140050   0   1250       979950
    15  0 1  95.62 10021.00 2   0.0 -60.0     14120450   0   1050       980400
    16  0 1  95.27 10019.50 2   0.0 -59.4     15090200   0    950       969750
    17  0 1  95.62 10019.50 2   0.0 -58.8     16120150   0   1150      1029950
    18  0 1  94.22 10019.50 2   0.0 -57.5     16120200   0   1200           50
    19  0 1  95.62 10018.00 2   0.0 -57.2     17160450   0   1200      1040250
    20  0 1  94.92 10019.50 2   0.0 -56.6     18200550   0   1150      1040100
    21  0 1  95.62 10018.00 2   0.0 -55.9     19240350   0    950      1039800
    22  0 1  95.27 10000.00 2   0.0 -55.3     20220100   0   1000       979750
    23  0 1  94.57 10000.00 2   0.0 -54.7     21199750   0   1300       979650
    24  0 1  94.92 10000.00 2   0.0 -54.1     22179600   0   1250       979850
    25  0 1  95.27  9998.50 2   0.0 -53.4     23149350   0   1300       969750
    26  0 1  94.57 10000.00 2   0.0 -53.1     24179000   0   1200      1029650
    27  0 1  94.22 10000.00 2   0.0 -51.9     24179050   0   1000           50
    28  0 1  94.57 10000.00 2   0.0 -51.3     25219350   0   1150      1040300
    29  0 1  95.62  9970.00 2   0.0 -50.6     26259550   0   1250      1040200
    30  0 1  94.22  9970.00 2   0.0 -50.3     27299300   0   1200      1039750
    31  0 1  94.57  9970.00 2   0.0 -49.7     28279100   0   1000       979800
    32  0 1  94.92  9970.00 2   0.0 -49.1     29258950   0   1350       979850
    33  0 1  94.57  9970.00 2   0.0 -48.4     30239400   0    950       980450
    34  0 1  94.22  9970.00 2   0.0 -48.1     31208950   0   1250       969550
    35  0 1  94.92  9968.50 2   0.0 -47.5     32238600   0    950      1029650
    36  0 1  95.27  9958.00 2   0.0 -46.6     32238600   0   1400            0
    37  0 1  95.27  9959.50 2   0.0 -45.9     33278400   0   1350      1039800
    38  0 1  94.22  9959.50 2   0.0 -45.6     34318350   0    950      1039950
    39  0 1  94.22  9959.50 2   0.0 -45.0     35358550   0   1000      1040200
    40  0 1  95.62  9958.00 2   0.0 -44.4     36338600   0   1400       980050
    41  0 1  94.92  9959.50 2   0.0 -44.1     37318800   0   1300       980200
    42  0 1  95.62  9959.50 2   0.0 -43.4     38298450   0   1150       979650
    43  0 1  94.22  9959.50 2   0.0 -43.1     39268350   0   1000       969900
    44  0 1  95.62  9980.50 2   0.0 -42.5     40297950   0    950      1029600
    45  0 1  94.92  9979.00 2   0.0 -41.6     40298050   0   1000          100
    46  0 1  95.62  9979.00 2   0.0 -41.3     41338050   0   1400      1040000
    47  0 1  95.27  9979.00 2   0.0 -40.9     42377750   0   1050      1039700
    48  0 1  94.92  9980.50 2   0.0 -40.3     43417600   0   1000      1039850
    49  0 1  94.92  9980.50 2   0.0 -40.0     44397500   0   1300       979900
    50  0 1  94.57  9979.00 2   0.0 -39.7     45377300   0   1350       979800
    51  0 1  94.22 10030.00 2   0.0 -39.1     46357300   0   1250       980000
    52  0 1  94.92 10030.00 2   0.0 -38.8     47326900   0   1400       969600
    53  0 1  94.22 10030.00 2   0.0 -38.4     48356750   0   1400      1029850
    54  0 1  94.22 10028.50 2   0.0 -37.5     48356350   0   1050 214748364400
    55  0 1  94.92 10030.00 2   0.0 -37.2     49396600   0   1250      1040250
    56  0 1  95.27 10030.00 2   0.0 -36.9     50436500   0   1100      1039900
    57  0 1  94.57 10030.00 2   0.0 -36.6     51476650   0   1050      1040150
    58  0 1  94.57  9980.50 2   0.0 -36.3     52456750   0   1350       980100
    59  0 1  94.22  9979.00 2   0.0 -35.9     53437100   0   1350       980350
    60  0 1  94.22  9980.50 2   0.0 -35.6     54417350   0   1150       980250
    61  0 1  94.22  9979.00 2   0.0 -35.3     55387000   0   1350       969650
    62  0 1  94.57  9979.00 2   0.0 -35.0     56417000   0   1100      1030000
    63  0 1  94.22  9980.50 2   0.0 -34.4     56417800   0   1300          800
    64  0 1  94.22  9979.00 2   0.0 -34.1     57457400   0   1400      1039600
    65  0 1  95.62 10019.50 2   0.0 -33.8     58497100   0   1200      1039700
    66  0 1  94.22 10018.00 2   0.0 -33.4     59537550   0   1250      1040450
    67  0 1  94.92 10021.00 2   0.0 -33.4     60517800   0   1200       980250
    68  0 1  94.92 10019.50 2   0.0 -33.1     61498050   0   1200       980250
    69  0 1  94.92 10019.50 2   0.0 -32.8     62477700   0   1200       979650
    70  0 1  95.62 10021.00 2   0.0 -32.5     63448100   0   1200       970400
    71  0 1  94.22 10021.00 2   0.0 -32.5     64478150   0   1000      1030050
    72  0 1  94.57 10021.00 2   0.0 -31.9     64478500   0   1250          350
    73  0 1  94.92 10019.50 2   0.0 -31.9     65518000   0   1200      1039500
    74  0 1  95.27 10019.50 2   0.0 -31.6     66557700   0   1250      1039700
    75  0 1  94.22 10021.00 2   0.0 -31.6     67597650   0   1000      1039950
    76  0 1  94.22 10019.50 2   0.0 -31.3     68577650   0   1300       980000
    77  0 1  94.22 10019.50 2   0.0 -31.3     69557750   0   1300       980100
    78  0 1  94.57 10021.00 2   0.0 -30.9     70537250   0   1300       979500
    79  0 1  94.92 10019.50 2   0.0 -30.9     71507500   0   1200       970250
    80  0 1  95.62 10000.00 2   0.0 -30.6     72537800   0   1000      1030300
    81  0 1  94.57 10000.00 2   0.0 -30.6     72537900   0    950          100
    82  0 1  94.22 10000.00 2   0.0 -30.3     73577600   0    950      1039700
    83  0 1  95.62 10000.00 2   0.0 -30.3     74617250   0   1400      1039650
    84  0 1  94.92 10000.00 2   0.0 -30.3     75657000   0   1100      1039750
    85  0 1  95.27 10000.00 2   0.0 -30.3     76637200   0   1100       980200
    86  0 1  94.22 10000.00 2   0.0 -30.0     77616900   0   1000       979700
    87  0 1  95.27  9970.00 2   0.0 -30.0     78597350   0    950       980450
    88  0 1  94.57  9970.00 2   0.0 -30.0     79567300   0   1000       969950
    89  0 1  95.62  9970.00 2   0.0 -30.0     80597700   0   1050      1030400
    90  0 1  94.22  9968.50 2   0.0 -30.0     80597800   0   1300          100
    91  0 1  95.62  9968.50 2   0.0 -30.0     81637800   0    950      1040000
    92  0 1  95.27  9968.50 2   0.0 -30.0     82677350   0   1050      1039550
    93  0 1  94.22  9970.00 2   0.0 -30.0     83717150   0   1250      1039800
    94  0 1  94.22  9961.00 2   0.0 -30.0     84696700   0   1250       979550
    95  0 1  94.92  9958.00 2   0.0 -30.0     85676850   0   1150       980150
    96  0 1  95.27  9958.00 2   0.0 -30.3     86656900   0   1050       980050
    97  0 1  94.22  9961.00 2   0.0 -30.3     87627100   0   1000       970200
    98  0 1  94.22  9959.50 2   0.0 -30.3     88657400   0   1150      1030300
    99  0 1  94.22  9959.50 2   0.0 -30.6     88657650   0   1200          250
   100  0 1  95.62  9961.00 2   0.0 -30.6     89698000   0   1000      1040350
   101  0 1  95.27  9979.00 2   0.0 -30.6     90738150   0   1050      1040150
   102  0 1  94.22  9980.50 2   0.0 -30.9     91778250   0   1050      1040100
   103  0 1  94.22  9979.00 2   0.0 -30.9     92757800   0   1100       979550
   104  0 1  95.27  9980.50 2   0.0 -31.3     93737300   0   1100       979500
   105  0 1  95.62  9979.00 2   0.0 -31.3     94717400   0    950       980100
   106  0 1  94.22  9980.50 2   0.0 -31.6     95687600   0   1150       970200
   107  0 1  94.92  9980.50 2   0.0 -31.6     96718000   0   1050      1030400
   108  0 1  95.62 10030.00 2   0.0 -31.9     96718000   0   1250            0
   109  0 1  94.92 10030.00 2   0.0 -32.2     97757800   0   1050      1039800
   110  0 1  95.27 10030.00 2   0.0 -32.5     98797450   0   1200      1039650
   111  0 1  94.22 10030.00 2   0.0 -32.5     99837400   0   1100      1039950
   112  0 1  94.92 10028.50 2   0.0 -32.8    100817600   0   1300       980200
   113  0 1  94.22 10030.00 2   0.0 -33.1    101797900   0   1000       980300
   114  0 1  95.62 10028.50 2   0.0 -33.4    102778050   0    950       980150
   115  0 1  95.62 10030.00 2   0.0 -33.4    103748500   0   1400       970450
   116  0 1  94.22  9980.50 2   0.0 -33.8    104778400   0   1000      1029900
   117  0 1  94.22  9980.50 2   0.0 -34.4    104779200   0   1250          800
   118  0 1  95.62  9979.00 2   0.0 -34.7    105819600   0    950      1040400
   119  0 1  94.57  9980.50 2   0.0 -35.0    106860050   0   1000      1040450
   120  0 1  95.27  9979.00 2   0.0 -35.3    107900250   0   1000      1040200
   121  0 1  95.27  9979.00 2   0.0 -35.6    108880600   0   1400       980350
   122  0 1  94.92  9979.00 2   0.0 -35.9    109860200   0   1000       979600
   123  0 1  95.62 10021.00 2   0.0 -36.3    110840200   0   1150       980000
   124  0 1  94.92 10021.00 2   0.0 -36.6    111810500   0    950       970300
   125  0 1  94.22 10018.00 2   0.0 -36.9    112840200   0   1300      1029700
   126  0 1  94.57 10019.50 2   0.0 -37.5    112840350   0   1050          150
   127  0 1  95.27 10021.00 2   0.0 -38.1    113879850   0    950      1039500
   128  0 1  94.22 10018.00 2   0.0 -38.4    114919600   0   1300      1039750
   129  0 1  95.62 10021.00 2   0.0 -38.8    115959250   0   1350      1039650
   130  0 1  95.27 10021.00 2   0.0 -39.1    116938750   0    950       979500
   131  0 1  95.62 10021.00 2   0.0 -39.7    117918650   0   1200       979900
   132  0 1  94.57 10021.00 2   0.0 -40.0    118898300   0    950       979650
   133  0 1  95.27 10019.50 2   0.0 -40.3    119868250   0   1200       969950
   134  0 1  94.22 10018.00 2   0.0 -40.9    120898300   0   1200      1030050
   135  0 1  94.57 10021.00 2   0.0 -41.6    120897950   0    950 214748364450
   136  0 1  95.27 10021.00 2   0.0 -42.2    121937650   0    950      1039700
   137  0 1  94.92 10000.00 2   0.0 -42.5    122978100   0   1150      1040450
   138  0 1  95.62 10000.00 2   0.0 -43.1    124017750   0   1400      1039650
   139  0 1  95.27  9998.50 2   0.0 -43.4    124997550   0   1000       979800
   140  0 1  95.27 10000.00 2   0.0 -44.1    125977550   0   1250       980000
   141  0 1  95.27 10000.00 2   0.0 -44.4    126957800   0   1000       980250
   142  0 1  94.92 10000.00 2   0.0 -45.0    127927700   0   1000       969900
   143  0 1  95.62  9998.50 2   0.0 -45.6    128957250   0   1200      1029550
   144  0 1  95.27  9970.00 2   0.0 -46.6    128956500   0   1100 214748364050
   145  0 1  94.92  9970.00 2   0.0 -46.9    129996500   0   1250      1040000
   146  0 1  94.92  9970.00 2   0.0 -47.5    131036500   0    950      1040000
   147  0 1  94.57  9970.00 2   0.0 -48.1    132076450   0   1400      1039950
   148  0 1  94.22  9968.50 2   0.0 -48.4    133056200   0   1400       979750
   149  0 1  94.57  9970.00 2   0.0 -49.1    134036100   0   1000       979900
   150  0 1  95.62  9970.00 2   0.0 -49.7    135015700   0   1050       979600
   151  0 1  95.62  9968.50 2   0.0 -50.3    135985200   0   1400       969500
   152  0 1  94.57  9961.00 2   0.0 -50.6    137015550   0   1100      1030350
   153  0 1  95.62  9958.00 2   0.0 -51.9    137015050   0   1000 214748364300
   154  0 1  94.22  9959.50 2   0.0 -52.5    138054800   0   1150      1039750
   155  0 1  94.57  9958.00 2   0.0 -53.1    139094350   0   1000      1039550
   156  0 1  94.57  9958.00 2   0.0 -53.4    140134350   0   1400      1040000
   157  0 1  94.22  9959.50 2   0.0 -54.1    141114400   0   1150       980050
   158  0 1  95.62  9959.50 2   0.0 -54.7    142094000   0   1000       979600
   159  0 1  95.62  9979.00 2   0.0 -55.3    143074050   0   1400       980050
   160  0 1  94.92  9979.00 2   0.0 -55.9    144043800   0   1300       969750
   161  0 1  95.27  9980.50 2   0.0 -56.6    145074200   0   1150      1030400
   162  0 1  94.92  9979.00 2   0.0 -57.5    145074700   0   1200          500
   163  0 1  95.27  9979.00 2   0.0 -58.1    146114200   0   1200      1039500
   164  0 1  94.22  9979.00 2   0.0 -58.8    147154300   0   1000      1040100
   165  0 1  94.57  9979.00 2   0.0 -59.4    148194250   0   1100      1039950
   166  0 1  94.22 10030.00 2   0.0 -60.0    149173950   0   1000       979700
   167  0 1  94.57 10028.50 2   0.0 -60.6    150153700   0   1300       979750
   168  0 1  94.57 10030.00 2   0.0 -61.3    151134150   0   1100       980450
   169  0 1  95.62 10028.50 2   0.0 -61.9    152103900   0   1100       969750
   170  0 1  94.57 10028.50 2   0.0 -62.5    153134250   0   1100      1030350
   171  0 1  94.57 10030.00 2   0.0 -63.8    153134600   0   1250          350
   172  0 1  94.57 10028.50 2   0.0 -64.4    154174950   0   1250      1040350
   173  0 1  95.27  9980.50 2   0.0 -65.0    155214800   0   1400      1039850
   174  0 1  95.27  9980.50 2   0.0 -65.6    156254350   0   1150      1039550
   175  0 1  94.57  9980.50 2   0.0 -66.3    157234250   0   1350       979900
   176  0 1  95.62  9980.50 2   0.0 -66.9    158213800   0   1400       979550
   177  0 1  95.62  9979.00 2   0.0 -67.5    159193900   0   1100       980100
   178  0 1  94.92  9979.00 2   0.0 -68.1    160163700   0   1350       969800
   179  0 1  94.92  9979.00 2   0.0 -68.8    161194000   0   1300      1030300
