    NO  S V  AOA    FREQ    B  FMOP  AMP      TOA      PMOP  PW         dTOA  
------ -- - ------ -------- - ----- ----- ------------ --- ------ ------------
     0  0 1  94.22  9979.00 2   0.0 -69.4      1039850   0   1200  42950712850
     1  0 1  95.62  9979.00 2   0.0 -68.8      2080150   0   1250      1040300
     2  0 1  95.27  9980.50 2   0.0 -68.1      3119900   0   1300      1039750
     3  0 1  95.62  9979.00 2   0.0 -67.5      4100150   0   1350       980250
     4  0 1  94.57  9980.50 2   0.0 -66.9      5080400   0   1050       980250
     5  0 1  94.57  9980.50 2   0.0 -66.3      6060300   0   1100       979900
     6  0 1  95.62  9979.00 2   0.0 -65.6      7030700   0   1200       970400
     7  0 1  95.62 10018.00 2   0.0 -65.0      8061100   0   1100      1030400
     8  0 1  94.22 10021.00 2   0.0 -64.4      8060850   0   1350 214748364550
     9  0 1  94.92 10018.00 2   0.0 -63.1      9100350   0    950      1039500
    10  0 1  94.92 10019.50 2   0.0 -62.5     10140050   0   1000      1039700
    11  0 1  94.92 10019.50 2   0.0 -61.9     11180200   0   1200      1040150
    12  0 1  95.62 10021.00 2   0.0 -61.3     12159800   0   1100       979600
    13  0 1  95.62 10021.00 2   0.0 -60.6     13139850   0    950       980050
    14  0 1  95.27 10019.50 2   0.0 -60.0     14119350   0   1300       979500
    15  0 1  94.57 10019.50 2   0.0 -59.4     15089300   0   1250       969950
    16  0 1  94.22 10019.50 2   0.0 -58.8     16118800   0   1050      1029500
    17  0 1  95.27 10019.50 2   0.0 -58.1     16118900   0   1000          100
    18  0 1  94.57 10018.00 2   0.0 -57.2     17158850   0   1100      1039950
    19  0 1  94.57 10018.00 2   0.0 -56.6     18199250   0   1000      1040400
    20  0 1  95.27 10021.00 2   0.0 -55.9     19238900   0   1000      1039650
    21  0 1  95.27  9998.50 2   0.0 -55.3     20219150   0    950       980250
    22  0 1  95.27 10000.00 2   0.0 -54.7     21199600   0   1250       980450
    23  0 1  95.62 10000.00 2   0.0 -54.1     22179300   0   1050       979700
    24  0 1  95.62  9998.50 2   0.0 -53.4     23149650   0   1250       970350
    25  0 1  94.22  9998.50 2   0.0 -53.1     24180000   0   1200      1030350
    26  0 1  94.57  9998.50 2   0.0 -52.5     24180100   0   1150          100
    27  0 1  94.22 10000.00 2   0.0 -51.3     25220050   0   1200      1039950
    28  0 1  95.62  9970.00 2   0.0 -50.6     26259750   0   1100      1039700
    29  0 1  94.22  9970.00 2   0.0 -50.3     27299450   0   1150      1039700
    30  0 1  94.22  9968.50 2   0.0 -49.7     28279050   0   1200       979600
    31  0 1  94.22  9970.00 2   0.0 -49.1     29259400   0   1100       980350
    32  0 1  94.22  9970.00 2   0.0 -48.4     30239400   0    950       980000
    33  0 1  94.92  9968.50 2   0.0 -48.1     31209700   0   1300       970300
    34  0 1  94.92  9968.50 2   0.0 -47.5     32239650   0   1400      1029950
    35  0 1  94.57  9968.50 2   0.0 -46.9     32239850   0   1300          200
    36  0 1  94.22  9961.00 2   0.0 -45.9     33280500   0   1350      1040650
    37  0 1  94.57  9958.00 2   0.0 -45.6     34320200   0   1000      1039700
    38  0 1  94.57  9959.50 2   0.0 -45.0     35359800   0   1300      1039600
    39  0 1  95.62  9961.00 2   0.0 -44.4     36340250   0   1300       980450
    40  0 1  95.62  9958.00 2   0.0 -44.1     37320350   0   1400       980100
    41  0 1  95.27  9958.00 2   0.0 -43.4     38300600   0   1100       980250
    42  0 1  94.57  9959.50 2   0.0 -43.1     39270700   0   1150       970100
    43  0 1  95.62  9980.50 2   0.0 -42.5     40301100   0   1050      1030400
    44  0 1  95.27  9979.00 2   0.0 -42.2     40300600   0   1000 214748364300
    45  0 1  94.57  9979.00 2   0.0 -41.3     41340800   0   1350      1040200
    46  0 1  94.92  9980.50 2   0.0 -40.9     42381050   0   1300      1040250
    47  0 1  95.27  9979.00 2   0.0 -40.3     43420800   0   1250      1039750
    48  0 1  94.22  9979.00 2   0.0 -40.0     44400550   0   1000       979750
    49  0 1  94.57  9979.00 2   0.0 -39.7     45380750   0   1400       980200
    50  0 1  94.92 10028.50 2   0.0 -39.1     46360800   0   1350       980050
    51  0 1  94.22 10028.50 2   0.0 -38.8     47330850   0   1300       970050
    52  0 1  94.92 10030.00 2   0.0 -38.4     48360400   0   1050      1029550
    53  0 1  94.22 10030.00 2   0.0 -38.1     48359900   0    950 214748364300
    54  0 1  95.27 10028.50 2   0.0 -37.2     49400300   0    950      1040400
    55  0 1  94.57 10030.00 2   0.0 -36.9     50440700   0   1050      1040400
    56  0 1  94.22 10030.00 2   0.0 -36.6     51480250   0   1200      1039550
    57  0 1  95.27  9980.50 2   0.0 -36.3     52460200   0   1050       979950
    58  0 1  95.27  9979.00 2   0.0 -35.9     53440350   0   1250       980150
    59  0 1  95.27  9979.00 2   0.0 -35.6     54420700   0   1300       980350
    60  0 1  94.57  9979.00 2   0.0 -35.3     55390500   0   1100       969800
    61  0 1  94.22  9979.00 2   0.0 -35.0     56420650   0   1150      1030150
    62  0 1  94.57  9979.00 2   0.0 -34.7     56420900   0   1300          250
    63  0 1  94.22  9980.50 2   0.0 -34.1     57460850   0   1000      1039950
    64  0 1  95.62 10018.00 2   0.0 -33.8     58500550   0   1400      1039700
    65  0 1  95.62 10019.50 2   0.0 -33.4     59540100   0   1350      1039550
    66  0 1  95.27 10019.50 2   0.0 -33.4     60519800   0   1400       979700
    67  0 1  94.92 10019.50 2   0.0 -33.1     61499300   0   1050       979500
    68  0 1  94.57 10018.00 2   0.0 -32.8     62479400   0   1350       980100
    69  0 1  95.62 10018.00 2   0.0 -32.5     63449650   0   1000       970250
    70  0 1  94.57 10018.00 2   0.0 -32.5     64480050   0   1400      1030400
    71  0 1  95.62 10019.50 2   0.0 -32.2     64480100   0   1350           50
    72  0 1  95.62 10019.50 2   0.0 -31.9     65519350   0    950      1039250
    73  0 1  95.62 10021.00 2   0.0 -31.6     66559550   0   1400      1040200
    74  0 1  94.22 10018.00 2   0.0 -31.6     67599350   0   1100      1039800
    75  0 1  95.62 10018.00 2   0.0 -31.3     68578850   0   1200       979500
    76  0 1  94.57 10019.50 2   0.0 -31.3     69558650   0   1250       979800
    77  0 1  95.62 10019.50 2   0.0 -30.9     70538800   0   1300       980150
    78  0 1  95.27 10021.00 2   0.0 -30.9     71509200   0   1350       970400
    79  0 1  95.27 10000.00 2   0.0 -30.6     72538850   0   1050      1029650
    80  0 1  94.92  9998.50 2   0.0 -30.6     72539000   0   1000          150
    81  0 1  95.27 10000.00 2   0.0 -30.3     73578850   0   1250      1039850
    82  0 1  94.57 10000.00 2   0.0 -30.3     74619050   0   1000      1040200
    83  0 1  95.62  9998.50 2   0.0 -30.3     75659050   0   1350      1040000
    84  0 1  95.27  9998.50 2   0.0 -30.3     76638550   0   1200       979500
    85  0 1  94.92  9998.50 2   0.0 -30.0     77618150   0   1150       979600
    86  0 1  95.27  9970.00 2   0.0 -30.0     78597750   0   1400       979600
    87  0 1  94.22  9970.00 2   0.0 -30.0     79567850   0   1250       970100
    88  0 1  94.57  9970.00 2   0.0 -30.0     80597800   0   1300      1029950
    89  0 1  94.92  9970.00 2   0.0 -30.0     80597500   0   1250 214748364500
    90  0 1  94.57  9968.50 2   0.0 -30.0     81637650   0   1150      1040150
    91  0 1  94.57  9968.50 2   0.0 -30.0     82677400   0   1050      1039750
    92  0 1  94.92  9970.00 2   0.0 -30.0     83717400   0   1200      1040000
    93  0 1  94.57  9958.00 2   0.0 -30.0     84697850   0   1300       980450
    94  0 1  95.27  9961.00 2   0.0 -30.0     85677800   0   1050       979950
    95  0 1  95.62  9961.00 2   0.0 -30.3     86657750   0   1000       979950
    96  0 1  94.22  9958.00 2   0.0 -30.3     87628000   0   1200       970250
    97  0 1  95.62  9961.00 2   0.0 -30.3     88657750   0   1150      1029750
    98  0 1  95.27  9959.50 2   0.0 -30.3     88658200   0   1150          450
    99  0 1  94.92  9958.00 2   0.0 -30.6     89698250   0   1350      1040050
   100  0 1  94.57  9979.00 2   0.0 -30.6     90738200   0   1150      1039950
   101  0 1  94.22  9979.00 2   0.0 -30.9     91778350   0   1000      1040150
   102  0 1  94.22  9979.00 2   0.0 -30.9     92758700   0   1200       980350
   103  0 1  94.57  9979.00 2   0.0 -31.3     93738500   0   1350       979800
   104  0 1  94.22  9979.00 2   0.0 -31.3     94718950   0   1250       980450
   105  0 1  95.62  9979.00 2   0.0 -31.6     95689000   0   1250       970050
   106  0 1  94.22  9980.50 2   0.0 -31.6     96719000   0   1050      1030000
   107  0 1  95.62  9979.00 2   0.0 -31.9     96718650   0    950 214748364450
   108  0 1  94.57 10030.00 2   0.0 -32.2     97758400   0   1250      1039750
   109  0 1  94.92 10030.00 2   0.0 -32.5     98797900   0   1100      1039500
   110  0 1  94.92 10030.00 2   0.0 -32.5     99837900   0   1350      1040000
   111  0 1  94.22 10030.00 2   0.0 -32.8    100818300   0   1050       980400
   112  0 1  95.27 10028.50 2   0.0 -33.1    101798650   0    950       980350
   113  0 1  94.57 10030.00 2   0.0 -33.4    102778650   0    950       980000
   114  0 1  95.27 10030.00 2   0.0 -33.4    103748350   0   1100       969700
   115  0 1  94.92  9979.00 2   0.0 -33.8    104778700   0   1000      1030350
   116  0 1  94.22  9979.00 2   0.0 -34.1    104778950   0   1200          250
   117  0 1  95.62  9980.50 2   0.0 -34.7    105819150   0   1100      1040200
   118  0 1  94.92  9979.00 2   0.0 -35.0    106858950   0   1250      1039800
   119  0 1  95.27  9979.00 2   0.0 -35.3    107898550   0   1100      1039600
   120  0 1  95.27  9980.50 2   0.0 -35.6    108878100   0   1200       979550
   121  0 1  94.57  9979.00 2   0.0 -35.9    109858500   0   1000       980400
   122  0 1  95.62 10021.00 2   0.0 -36.3    110838150   0   1000       979650
   123  0 1  95.62 10018.00 2   0.0 -36.6    111808550   0   1050       970400
   124  0 1  95.62 10019.50 2   0.0 -36.9    112838200   0    950      1029650
   125  0 1  95.62 10018.00 2   0.0 -37.2    112838450   0   1100          250
   126  0 1  94.92 10021.00 2   0.0 -38.1    113878500   0   1050      1040050
   127  0 1  95.62 10019.50 2   0.0 -38.4    114918950   0   1300      1040450
   128  0 1  95.62 10018.00 2   0.0 -38.8    115958800   0   1300      1039850
   129  0 1  95.27 10018.00 2   0.0 -39.1    116939000   0   1050       980200
   130  0 1  95.27 10019.50 2   0.0 -39.7    117919250   0   1400       980250
   131  0 1  94.92 10019.50 2   0.0 -40.0    118898750   0   1000       979500
   132  0 1  94.92 10019.50 2   0.0 -40.3    119869050   0   1350       970300
   133  0 1  94.22 10021.00 2   0.0 -40.9    120898700   0   1000      1029650
   134  0 1  94.92 10021.00 2   0.0 -41.3    120898500   0   1000 214748364600
   135  0 1  95.62 10021.00 2   0.0 -42.2    121937750   0    950      1039250
   136  0 1  95.62 10000.00 2   0.0 -42.5    122977600   0   1200      1039850
   137  0 1  94.92 10000.00 2   0.0 -43.1    124018000   0   1250      1040400
   138  0 1  94.22  9998.50 2   0.0 -43.4    124997700   0   1150       979700
   139  0 1  95.62 10000.00 2   0.0 -44.1    125977850   0   1250       980150
   140  0 1  94.92  9998.50 2   0.0 -44.4    126958100   0   1350       980250
   141  0 1  95.62  9998.50 2   0.0 -45.0    127927650   0   1300       969550
   142  0 1  95.62 10000.00 2   0.0 -45.6    128957400   0   1150      1029750
   143  0 1  94.57 10000.00 2   0.0 -45.9    128956900   0   1250 214748364300
   144  0 1  94.22  9970.00 2   0.0 -46.9    129997150   0   1050      1040250
   145  0 1  95.62  9968.50 2   0.0 -47.5    131037250   0   1350      1040100
   146  0 1  95.27  9970.00 2   0.0 -48.1    132077050   0    950      1039800
   147  0 1  94.57  9970.00 2   0.0 -48.4    133056600   0   1000       979550
   148  0 1  94.22  9968.50 2   0.0 -49.1    134036650   0   1200       980050
   149  0 1  95.62  9970.00 2   0.0 -49.7    135016400   0   1250       979750
   150  0 1  94.57  9970.00 2   0.0 -50.3    135986400   0   1150       970000
   151  0 1  94.92  9959.50 2   0.0 -50.6    137016100   0    950      1029700
   152  0 1  95.27  9961.00 2   0.0 -51.3    137015600   0   1150 214748364300
   153  0 1  95.62  9959.50 2   0.0 -52.5    138055550   0   1400      1039950
   154  0 1  94.22  9959.50 2   0.0 -53.1    139096000   0   1100      1040450
   155  0 1  94.22  9959.50 2   0.0 -53.4    140135850   0   1000      1039850
   156  0 1  94.57  9958.00 2   0.0 -54.1    141115600   0   1000       979750
   157  0 1  94.22  9961.00 2   0.0 -54.7    142095950   0   1050       980350
   158  0 1  94.92  9980.50 2   0.0 -55.3    143075450   0   1050       979500
   159  0 1  94.22  9979.00 2   0.0 -55.9    144045450   0   1400       970000
   160  0 1  95.62  9979.00 2   0.0 -56.6    145075200   0   1300      1029750
   161  0 1  94.92  9979.00 2   0.0 -57.2    145074800   0    950 214748364400
   162  0 1  95.62  9979.00 2   0.0 -58.1    146115250   0   1050      1040450
   163  0 1  94.22  9980.50 2   0.0 -58.8    147155100   0   1050      1039850
   164  0 1  95.27  9979.00 2   0.0 -59.4    148195000   0   1250      1039900
   165  0 1  95.62 10030.00 2   0.0 -60.0    149175000   0   1150       980000
   166  0 1  95.27 10030.00 2   0.0 -60.6    150155050   0   1000       980050
   167  0 1  94.57 10030.00 2   0.0 -61.3    151135250   0   1200       980200
   168  0 1  95.27 10030.00 2   0.0 -61.9    152105350   0   1400       970100
   169  0 1  95.62 10028.50 2   0.0 -62.5    153135700   0   1100      1030350
   170  0 1  95.62 10028.50 2   0.0 -63.1    153135500   0   1150 214748364600
   171  0 1  95.62 10030.00 2   0.0 -64.4    154174750   0   1200      1039250
   172  0 1  95.27  9979.00 2   0.0 -65.0    155214900   0   1350      1040150
   173  0 1  94.57  9980.50 2   0.0 -65.6    156254450   0   1100      1039550
   174  0 1  94.92  9979.00 2   0.0 -66.3    157234300   0   1050       979850
   175  0 1  95.27  9979.00 2   0.0 -66.9    158214750   0   1200       980450
   176  0 1  94.57  9980.50 2   0.0 -67.5    159194450   0   1200       979700
   177  0 1  95.27  9979.00 2   0.0 -68.1    160164600   0   1400       970150
   178  0 1  95.62  9980.50 2   0.0 -68.8    161194450   0   1200      1029850
   179  0 1  95.62  9980.50 2   0.0 -69.4    161194550   0   1250          100
