    NO  S V  AOA    FREQ    B  FMOP  AMP      TOA      PMOP  PW         dTOA  
------ -- - ------ -------- - ----- ----- ------------ --- ------ ------------
     0  0 1  94.57  9979.00 2   0.0 -70.0            0   0   1150  42949673000
     1  0 1  95.62  9979.00 2   0.0 -69.4      1040400   0   1200      1040400
     2  0 1  94.57  9979.00 2   0.0 -68.8      2080750   0   1400      1040350
     3  0 1  94.57  9980.50 2   0.0 -68.1      3121100   0   1100      1040350
     4  0 1  95.27  9980.50 2   0.0 -66.9      5082000   0   1200      1960900
     5  0 1  94.92  9980.50 2   0.0 -66.3      6062050   0   1400       980050
     6  0 1  94.57  9980.50 2   0.0 -65.6      7032400   0   1100       970350
     7  0 1  94.22 10019.50 2   0.0 -65.0      8062000   0   1150      1029600
     8  0 1  94.22 10021.00 2   0.0 -64.4      8061700   0   1300 214748364500
     9  0 1  94.57 10019.50 2   0.0 -63.8      8061200   0   1400 214748364300
    10  0 1  95.62 10019.50 2   0.0 -63.1      9101300   0    950      1040100
    11  0 1  94.57 10021.00 2   0.0 -62.5     10141450   0   1350      1040150
    12  0 1  94.57 10019.50 2   0.0 -61.9     11181150   0   1250      1039700
    13  0 1  94.92 10021.00 2   0.0 -60.6     13140650   0   1300      1959500
    14  0 1  94.57 10019.50 2   0.0 -60.0     14120350   0    950       979700
    15  0 1  94.92 10019.50 2   0.0 -59.4     15090150   0   1400       969800
    16  0 1  95.62 10021.00 2   0.0 -58.8     16119950   0   1350      1029800
    17  0 1  95.27 10018.00 2   0.0 -58.1     16119550   0   1050 214748364400
    18  0 1  95.62 10018.00 2   0.0 -57.5     16119150   0   1250 214748364400
    19  0 1  95.62 10021.00 2   0.0 -57.2     17158950   0    950      1039800
    20  0 1  95.27 10018.00 2   0.0 -56.6     18198850   0   1100      1039900
    21  0 1  95.62 10021.00 2   0.0 -55.9     19239300   0    950      1040450
    22  0 1  94.92  9998.50 2   0.0 -54.7     21198700   0   1000      1959400
    23  0 1  95.27 10000.00 2   0.0 -54.1     22179050   0   1150       980350
    24  0 1  95.27 10000.00 2   0.0 -53.4     23148700   0   1350       969650
    25  0 1  94.22  9998.50 2   0.0 -53.1     24178750   0   1150      1030050
    26  0 1  94.22 10000.00 2   0.0 -52.5     24178300   0    950 214748364350
    27  0 1  95.62  9998.50 2   0.0 -51.9     24178550   0    950          250
    28  0 1  94.22 10000.00 2   0.0 -51.3     25218650   0    950      1040100
    29  0 1  95.62  9968.50 2   0.0 -50.6     26258800   0   1100      1040150
    30  0 1  95.62  9970.00 2   0.0 -50.3     27298950   0   1050      1040150
    31  0 1  95.27  9970.00 2   0.0 -49.1     29258800   0   1050      1959850
    32  0 1  94.57  9970.00 2   0.0 -48.4     30238900   0   1350       980100
    33  0 1  94.92  9968.50 2   0.0 -48.1     31208400   0   1100       969500
    34  0 1  94.92  9970.00 2   0.0 -47.5     32237900   0   1100      1029500
    35  0 1  95.27  9970.00 2   0.0 -46.9     32238000   0   1000          100
    36  0 1  94.57  9958.00 2   0.0 -46.6     32237600   0    950 214748364400
    37  0 1  94.92  9958.00 2   0.0 -45.9     33277600   0   1000      1040000
    38  0 1  95.62  9961.00 2   0.0 -45.6     34318000   0   1000      1040400
    39  0 1  94.92  9959.50 2   0.0 -45.0     35357750   0   1150      1039750
    40  0 1  94.57  9961.00 2   0.0 -44.1     37318000   0   1000      1960250
    41  0 1  94.57  9961.00 2   0.0 -43.4     38297650   0   1100       979650
    42  0 1  95.27  9958.00 2   0.0 -43.1     39267250   0   1300       969600
    43  0 1  94.92  9980.50 2   0.0 -42.5     40296950   0   1300      1029700
    44  0 1  94.22  9980.50 2   0.0 -42.2     40296450   0   1150 214748364300
    45  0 1  95.27  9980.50 2   0.0 -41.6     40296850   0   1250          400
    46  0 1  95.27  9979.00 2   0.0 -41.3     41337250   0   1100      1040400
    47  0 1  95.27  9980.50 2   0.0 -40.9     42376800   0   1400      1039550
    48  0 1  95.27  9980.50 2   0.0 -40.3     43416550   0   1050      1039750
    49  0 1  95.62  9980.50 2   0.0 -39.7     45376350   0   1150      1959800
    50  0 1  94.57 10030.00 2   0.0 -39.1     46356100   0   1000       979750
    51  0 1  94.57 10028.50 2   0.0 -38.8     47325700   0   1050       969600
    52  0 1  95.62 10028.50 2   0.0 -38.4     48355650   0   1050      1029950
    53  0 1  94.57 10030.00 2   0.0 -38.1     48355650   0   1150            0
    54  0 1  94.22 10028.50 2   0.0 -37.5     48356050   0   1200          400
    55  0 1  95.62 10030.00 2   0.0 -37.2     49396500   0    950      1040450
    56  0 1  94.22 10030.00 2   0.0 -36.9     50436500   0   1050      1040000
    57  0 1  94.57 10030.00 2   0.0 -36.6     51476000   0   1000      1039500
    58  0 1  95.62  9980.50 2   0.0 -35.9     53435250   0   1100      1959250
    59  0 1  95.62  9979.00 2   0.0 -35.6     54415000   0   1300       979750
    60  0 1  94.92  9979.00 2   0.0 -35.3     55384700   0   1050       969700
    61  0 1  95.62  9980.50 2   0.0 -35.0     56414300   0   1150      1029600
    62  0 1  94.22  9979.00 2   0.0 -34.7     56414100   0   1250 214748364600
    63  0 1  94.57  9979.00 2   0.0 -34.4     56414550   0   1050          450
    64  0 1  94.92  9979.00 2   0.0 -34.1     57455000   0   1250      1040450
    65  0 1  95.62 10021.00 2   0.0 -33.8     58494500   0   1400      1039500
    66  0 1  94.22 10018.00 2   0.0 -33.4     59534300   0   1300      1039800
    67  0 1  94.57 10018.00 2   0.0 -33.1     61494000   0   1250      1959700
    68  0 1  95.27 10021.00 2   0.0 -32.8     62473600   0   1200       979600
    69  0 1  94.57 10019.50 2   0.0 -32.5     63443800   0   1400       970200
    70  0 1  95.27 10021.00 2   0.0 -32.5     64473350   0   1400      1029550
    71  0 1  94.22 10019.50 2   0.0 -32.2     64473300   0   1300 214748364750
    72  0 1  94.57 10019.50 2   0.0 -31.9     64473650   0   1150          350
    73  0 1  94.57 10019.50 2   0.0 -31.9     65513500   0   1000      1039850
    74  0 1  95.62 10019.50 2   0.0 -31.6     66553200   0    950      1039700
    75  0 1  95.62 10019.50 2   0.0 -31.6     67593000   0   1300      1039800
    76  0 1  94.92 10018.00 2   0.0 -31.3     69552800   0   1350      1959800
    77  0 1  94.57 10019.50 2   0.0 -30.9     70532750   0   1300       979950
    78  0 1  94.22 10019.50 2   0.0 -30.9     71502950   0   1200       970200
    79  0 1  95.27 10000.00 2   0.0 -30.6     72532500   0    950      1029550
    80  0 1  95.62  9998.50 2   0.0 -30.6     72532400   0    950 214748364700
    81  0 1  95.27 10000.00 2   0.0 -30.6     72532600   0   1150          200
    82  0 1  95.62  9998.50 2   0.0 -30.3     73573000   0   1000      1040400
    83  0 1  94.22 10000.00 2   0.0 -30.3     74612750   0   1300      1039750
    84  0 1  94.22  9998.50 2   0.0 -30.3     75653200   0    950      1040450
    85  0 1  95.62 10000.00 2   0.0 -30.0     77613250   0   1400      1960050
    86  0 1  95.27  9970.00 2   0.0 -30.0     78593050   0   1100       979800
    87  0 1  94.22  9968.50 2   0.0 -30.0     79563100   0   1200       970050
    88  0 1  94.92  9970.00 2   0.0 -30.0     80592850   0   1350      1029750
    89  0 1  94.92  9970.00 2   0.0 -30.0     80593150   0    950          300
    90  0 1  94.57  9970.00 2   0.0 -30.0     80592700   0   1050 214748364350
    91  0 1  95.62  9970.00 2   0.0 -30.0     81633050   0   1250      1040350
    92  0 1  95.62  9968.50 2   0.0 -30.0     82673050   0   1150      1040000
    93  0 1  94.92  9970.00 2   0.0 -30.0     83712950   0   1150      1039900
    94  0 1  94.92  9958.00 2   0.0 -30.0     85672150   0   1350      1959200
    95  0 1  94.57  9958.00 2   0.0 -30.3     86652200   0   1000       980050
    96  0 1  95.62  9958.00 2   0.0 -30.3     87622300   0   1350       970100
    97  0 1  94.22  9958.00 2   0.0 -30.3     88652200   0   1300      1029900
    98  0 1  94.92  9961.00 2   0.0 -30.3     88652300   0   1050          100
    99  0 1  95.27  9961.00 2   0.0 -30.6     88652600   0   1100          300
   100  0 1  94.22  9961.00 2   0.0 -30.6     89692550   0   1000      1039950
   101  0 1  95.27  9980.50 2   0.0 -30.6     90732550   0   1300      1040000
   102  0 1  94.57  9979.00 2   0.0 -30.9     91772750   0   1150      1040200
   103  0 1  94.22  9979.00 2   0.0 -31.3     93732450   0   1150      1959700
   104  0 1  94.92  9979.00 2   0.0 -31.3     94712700   0   1150       980250
   105  0 1  95.27  9979.00 2   0.0 -31.6     95682950   0   1050       970250
   106  0 1  94.92  9980.50 2   0.0 -31.6     96712800   0   1100      1029850
   107  0 1  94.22  9980.50 2   0.0 -31.9     96712950   0   1200          150
   108  0 1  94.57 10030.00 2   0.0 -31.9     96712550   0   1150 214748364400
   109  0 1  94.92 10028.50 2   0.0 -32.2     97752800   0    950      1040250
   110  0 1  94.22 10030.00 2   0.0 -32.5     98792450   0    950      1039650
   111  0 1  95.27 10030.00 2   0.0 -32.5     99832050   0   1050      1039600
   112  0 1  95.62 10028.50 2   0.0 -33.1    101791350   0    950      1959300
   113  0 1  94.22 10028.50 2   0.0 -33.4    102771250   0   1050       979900
   114  0 1  94.92 10030.00 2   0.0 -33.4    103741550   0   1400       970300
   115  0 1  95.27  9979.00 2   0.0 -33.8    104771550   0   1100      1030000
   116  0 1  94.22  9979.00 2   0.0 -34.1    104771700   0   1200          150
   117  0 1  94.22  9979.00 2   0.0 -34.4    104771300   0   1200 214748364400
   118  0 1  94.92  9980.50 2   0.0 -34.7    105811200   0   1000      1039900
   119  0 1  94.22  9980.50 2   0.0 -35.0    106851300   0    950      1040100
   120  0 1  94.57  9980.50 2   0.0 -35.3    107891050   0   1200      1039750
   121  0 1  94.22  9980.50 2   0.0 -35.9    109851700   0   1050      1960650
   122  0 1  94.22 10019.50 2   0.0 -36.3    110831500   0   1100       979800
   123  0 1  94.22 10021.00 2   0.0 -36.6    111801000   0   1150       969500
   124  0 1  94.57 10021.00 2   0.0 -36.9    112831250   0    950      1030250
   125  0 1  94.92 10018.00 2   0.0 -37.2    112830750   0   1000 214748364300
   126  0 1  94.57 10021.00 2   0.0 -37.5    112830600   0   1100 214748364650
   127  0 1  95.62 10018.00 2   0.0 -38.1    113870450   0    950      1039850
   128  0 1  94.22 10018.00 2   0.0 -38.4    114910550   0   1150      1040100
   129  0 1  95.62 10021.00 2   0.0 -38.8    115950950   0   1300      1040400
   130  0 1  95.62 10019.50 2   0.0 -39.7    117910950   0   1050      1960000
   131  0 1  94.92 10018.00 2   0.0 -40.0    118890750   0   1200       979800
   132  0 1  94.57 10021.00 2   0.0 -40.3    119860600   0   1350       969850
   133  0 1  94.92 10018.00 2   0.0 -40.9    120890750   0   1300      1030150
   134  0 1  95.62 10019.50 2   0.0 -41.3    120891150   0   1250          400
   135  0 1  95.27 10018.00 2   0.0 -41.6    120890950   0   1000 214748364600
   136  0 1  94.92 10021.00 2   0.0 -42.2    121931150   0   1200      1040200
   137  0 1  95.62 10000.00 2   0.0 -42.5    122971250   0   1250      1040100
   138  0 1  95.62 10000.00 2   0.0 -43.1    124010900   0   1100      1039650
   139  0 1  94.22 10000.00 2   0.0 -44.1    125970800   0   1250      1959900
   140  0 1  94.57  9998.50 2   0.0 -44.4    126950450   0   1300       979650
   141  0 1  95.62  9998.50 2   0.0 -45.0    127920000   0   1350       969550
   142  0 1  95.62 10000.00 2   0.0 -45.6    128950400   0   1050      1030400
   143  0 1  94.22 10000.00 2   0.0 -45.9    128950500   0   1050          100
   144  0 1  94.22  9970.00 2   0.0 -46.6    128950550   0   1300           50
   145  0 1  94.57  9970.00 2   0.0 -46.9    129990050   0   1100      1039500
   146  0 1  95.27  9970.00 2   0.0 -47.5    131030350   0   1350      1040300
   147  0 1  94.22  9968.50 2   0.0 -48.1    132070300   0   1250      1039950
   148  0 1  94.57  9970.00 2   0.0 -49.1    134029850   0   1300      1959550
   149  0 1  94.57  9970.00 2   0.0 -49.7    135010200   0    950       980350
   150  0 1  94.57  9968.50 2   0.0 -50.3    135979750   0   1350       969550
   151  0 1  94.22  9959.50 2   0.0 -50.6    137009750   0    950      1030000
   152  0 1  94.92  9959.50 2   0.0 -51.3    137009750   0    950            0
   153  0 1  94.92  9958.00 2   0.0 -51.9    137009250   0   1050 214748364300
   154  0 1  95.27  9958.00 2   0.0 -52.5    138048950   0   1300      1039700
   155  0 1  94.22  9959.50 2   0.0 -53.1    139089000   0   1350      1040050
   156  0 1  95.27  9959.50 2   0.0 -53.4    140129450   0    950      1040450
   157  0 1  94.92  9961.00 2   0.0 -54.7    142089050   0   1150      1959600
   158  0 1  94.22  9979.00 2   0.0 -55.3    143069200   0    950       980150
   159  0 1  94.22  9980.50 2   0.0 -55.9    144038950   0   1100       969750
   160  0 1  95.62  9979.00 2   0.0 -56.6    145068950   0   1150      1030000
   161  0 1  94.92  9980.50 2   0.0 -57.2    145068950   0   1350            0
   162  0 1  95.27  9979.00 2   0.0 -57.5    145069250   0   1150          300
   163  0 1  94.92  9979.00 2   0.0 -58.1    146109400   0   1150      1040150
   164  0 1  95.27  9979.00 2   0.0 -58.8    147149600   0   1100      1040200
   165  0 1  95.27  9979.00 2   0.0 -59.4    148189850   0   1400      1040250
   166  0 1  94.92 10028.50 2   0.0 -60.6    150149200   0   1000      1959350
   167  0 1  95.62 10030.00 2   0.0 -61.3    151129200   0   1400       980000
   168  0 1  94.22 10030.00 2   0.0 -61.9    152098850   0    950       969650
   169  0 1  94.92 10028.50 2   0.0 -62.5    153128850   0   1200      1030000
   170  0 1  94.22 10030.00 2   0.0 -63.1    153129150   0   1300          300
   171  0 1  94.57 10028.50 2   0.0 -63.8    153128750   0   1050 214748364400
   172  0 1  94.57 10028.50 2   0.0 -64.4    154168250   0   1050      1039500
   173  0 1  94.92  9979.00 2   0.0 -65.0    155208200   0   1350      1039950
   174  0 1  94.22  9979.00 2   0.0 -65.6    156248350   0    950      1040150
   175  0 1  95.27  9979.00 2   0.0 -66.9    158208450   0   1400      1960100
   176  0 1  94.57  9980.50 2   0.0 -67.5    159188900   0   1400       980450
   177  0 1  94.22  9979.00 2   0.0 -68.1    160158600   0   1100       969700
   178  0 1  95.62  9979.00 2   0.0 -68.8    161188850   0   1400      1030250
   179  0 1  95.62  9979.00 2   0.0 -69.4    161188550   0   1350 214748364500
