    NO  S V  AOA    FREQ    B  FMOP  AMP      TOA      PMOP  PW         dTOA  
------ -- - ------ -------- - ----- ----- ------------ --- ------ ------------
     0  0 1  94.57  9980.50 2   0.0 -70.0            0   0   1000  42949673000
     1  0 1  94.92  9979.00 2   0.0 -69.4      1040400   0   1000      1040400
     2  0 1  94.22  9980.50 2   0.0 -68.8      2080100   0    950      1039700
     3  0 1  94.22  9979.00 2   0.0 -68.1      3120350   0   1150      1040250
     4  0 1  94.92  9979.00 2   0.0 -67.5      4100800   0   1000       980450
     5  0 1  94.22  9979.00 2   0.0 -66.9      5080700   0   1150       979900
     6  0 1  94.57  9980.50 2   0.0 -66.3      6060600   0   1000       979900
     7  0 1  94.92  9980.50 2   0.0 -65.6      7030850   0   1150       970250
     8  0 1  95.62 10021.00 2   0.0 -65.0      8060350   0   1150      1029500
     9  0 1  94.92 10021.00 2   0.0 -63.8      8061000   0   1050          650
    10  0 1  94.22 10021.00 2   0.0 -63.1      9101050   0   1000      1040050
    11  0 1  95.62 10018.00 2   0.0 -62.5     10140800   0   1200      1039750
    12  0 1  95.27 10021.00 2   0.0 -61.9     11181200   0   1200      1040400
    13  0 1  94.92 10021.00 2   0.0 -61.3     12161150   0   1150       979950
    14  0 1  94.92 10018.00 2   0.0 -60.6     13141600   0   1250       980450
    15  0 1  94.92 10021.00 2   0.0 -60.0     14121850   0   1150       980250
    16  0 1  94.92 10021.00 2   0.0 -59.4     15092150   0   1050       970300
    17  0 1  94.92 10018.00 2   0.0 -58.8     16121800   0   1150      1029650
    18  0 1  95.27 10021.00 2   0.0 -57.5     16121600   0   1100 214748364600
    19  0 1  94.57 10018.00 2   0.0 -57.2     17161700   0   1300      1040100
    20  0 1  95.62 10021.00 2   0.0 -56.6     18201950   0   1300      1040250
    21  0 1  94.92 10019.50 2   0.0 -55.9     19242350   0    950      1040400
    22  0 1  95.62  9998.50 2   0.0 -55.3     20222750   0   1200       980400
    23  0 1  94.57  9998.50 2   0.0 -54.7     21202650   0   1400       979900
    24  0 1  95.62 10000.00 2   0.0 -54.1     22182300   0   1050       979650
    25  0 1  95.62 10000.00 2   0.0 -53.4     23152150   0   1400       969850
    26  0 1  94.22 10000.00 2   0.0 -53.1     24181700   0    950      1029550
    27  0 1  95.62  9998.50 2   0.0 -51.9     24181650   0   1250 214748364750
    28  0 1  95.62  9998.50 2   0.0 -51.3     25221750   0   1400      1040100
    29  0 1  94.92  9968.50 2   0.0 -50.6     26262100   0   1100      1040350
    30  0 1  94.92  9970.00 2   0.0 -50.3     27302050   0   1400      1039950
    31  0 1  94.57  9968.50 2   0.0 -49.7     28282000   0   1000       979950
    32  0 1  95.27  9968.50 2   0.0 -49.1     29261850   0   1050       979850
    33  0 1  94.92  9970.00 2   0.0 -48.4     30241450   0   1350       979600
    34  0 1  94.57  9968.50 2   0.0 -48.1     31211550   0   1000       970100
    35  0 1  94.92  9968.50 2   0.0 -47.5     32241900   0    950      1030350
    36  0 1  94.92  9961.00 2   0.0 -46.6     32241900   0   1200            0
    37  0 1  94.92  9958.00 2   0.0 -45.9     33281500   0   1000      1039600
    38  0 1  94.22  9961.00 2   0.0 -45.6     34321850   0   1150      1040350
    39  0 1  95.62  9958.00 2   0.0 -45.0     35362050   0   1350      1040200
    40  0 1  95.27  9959.50 2   0.0 -44.4     36342150   0   1050       980100
    41  0 1  95.62  9961.00 2   0.0 -44.1     37322100   0   1200       979950
    42  0 1  94.22  9958.00 2   0.0 -43.4     38301850   0   1200       979750
    43  0 1  95.27  9959.50 2   0.0 -43.1     39271750   0   1400       969900
    44  0 1  94.57  9980.50 2   0.0 -42.5     40301950   0    950      1030200
    45  0 1  94.22  9979.00 2   0.0 -41.6     40302500   0   1250          550
    46  0 1  95.27  9979.00 2   0.0 -41.3     41342000   0   1300      1039500
    47  0 1  94.57  9980.50 2   0.0 -40.9     42381550   0   1250      1039550
    48  0 1  94.57  9979.00 2   0.0 -40.3     43421200   0   1300      1039650
    49  0 1  94.22  9980.50 2   0.0 -40.0     44401400   0    950       980200
    50  0 1  95.62  9979.00 2   0.0 -39.7     45381200   0   1100       979800
    51  0 1  95.62 10030.00 2   0.0 -39.1     46360700   0    950       979500
    52  0 1  94.22 10030.00 2   0.0 -38.8     47331000   0   1400       970300
    53  0 1  94.22 10030.00 2   0.0 -38.4     48361400   0   1050      1030400
    54  0 1  94.22 10030.00 2   0.0 -37.5     48360750   0    950 214748364150
    55  0 1  94.57 10030.00 2   0.0 -37.2     49400300   0   1100      1039550
    56  0 1  94.57 10030.00 2   0.0 -36.9     50440450   0   1200      1040150
    57  0 1  94.22 10028.50 2   0.0 -36.6     51480100   0   1100      1039650
    58  0 1  94.92  9980.50 2   0.0 -36.3     52459700   0   1000       979600
    59  0 1  94.92  9979.00 2   0.0 -35.9     53439600   0   1350       979900
    60  0 1  94.92  9979.00 2   0.0 -35.6     54419850   0   1000       980250
    61  0 1  94.22  9979.00 2   0.0 -35.3     55389950   0   1300       970100
    62  0 1  94.22  9979.00 2   0.0 -35.0     56420400   0   1400      1030450
    63  0 1  94.92  9979.00 2   0.0 -34.4     56420600   0   1050          200
    64  0 1  95.27  9980.50 2   0.0 -34.1     57461050   0   1350      1040450
    65  0 1  95.27 10019.50 2   0.0 -33.8     58501350   0   1250      1040300
    66  0 1  95.62 10021.00 2   0.0 -33.4     59541100   0   1000      1039750
    67  0 1  94.22 10019.50 2   0.0 -33.4     60521300   0   1000       980200
    68  0 1  95.27 10021.00 2   0.0 -33.1     61501700   0   1150       980400
    69  0 1  95.27 10019.50 2   0.0 -32.8     62481600   0   1000       979900
    70  0 1  94.92 10018.00 2   0.0 -32.5     63451150   0   1400       969550
    71  0 1  95.27 10019.50 2   0.0 -32.5     64480700   0   1400      1029550
    72  0 1  95.27 10021.00 2   0.0 -31.9     64480650   0   1300 214748364750
    73  0 1  94.92 10018.00 2   0.0 -31.9     65521050   0   1100      1040400
    74  0 1  95.62 10021.00 2   0.0 -31.6     66561500   0   1350      1040450
    75  0 1  95.62 10021.00 2   0.0 -31.6     67601550   0   1100      1040050
    76  0 1  94.22 10018.00 2   0.0 -31.3     68581850   0   1350       980300
    77  0 1  94.92 10018.00 2   0.0 -31.3     69561850   0   1000       980000
    78  0 1  94.92 10021.00 2   0.0 -30.9     70541450   0   1000       979600
    79  0 1  94.92 10018.00 2   0.0 -30.9     71511350   0   1350       969900
    80  0 1  94.22 10000.00 2   0.0 -30.6     72541600   0   1250      1030250
    81  0 1  94.92  9998.50 2   0.0 -30.6     72540700   0   1400 214748363900
    82  0 1  94.22 10000.00 2   0.0 -30.3     73580550   0   1100      1039850
    83  0 1  95.27  9998.50 2   0.0 -30.3     74620900   0   1250      1040350
    84  0 1  95.62 10000.00 2   0.0 -30.3     75660400   0   1000      1039500
    85  0 1  94.22  9998.50 2   0.0 -30.3     76640350   0   1100       979950
    86  0 1  95.27  9998.50 2   0.0 -30.0     77620250   0   1350       979900
    87  0 1  95.27  9968.50 2   0.0 -30.0     78600550   0   1400       980300
    88  0 1  94.57  9968.50 2   0.0 -30.0     79570250   0    950       969700
    89  0 1  95.62  9970.00 2   0.0 -30.0     80600250   0    950      1030000
    90  0 1  94.22  9970.00 2   0.0 -30.0     80600800   0   1300          550
    91  0 1  95.27  9970.00 2   0.0 -30.0     81640450   0   1050      1039650
    92  0 1  95.62  9970.00 2   0.0 -30.0     82680400   0   1000      1039950
    93  0 1  94.22  9968.50 2   0.0 -30.0     83720250   0   1000      1039850
    94  0 1  95.62  9958.00 2   0.0 -30.0     84700200   0    950       979950
    95  0 1  95.27  9958.00 2   0.0 -30.0     85680300   0   1350       980100
    96  0 1  94.92  9958.00 2   0.0 -30.3     86659800   0   1050       979500
    97  0 1  94.92  9961.00 2   0.0 -30.3     87629300   0   1400       969500
    98  0 1  94.92  9958.00 2   0.0 -30.3     88659250   0   1250      1029950
    99  0 1  94.57  9958.00 2   0.0 -30.6     88659100   0   1000 214748364650
   100  0 1  95.62  9961.00 2   0.0 -30.6     89698850   0   1000      1039750
   101  0 1  94.57  9980.50 2   0.0 -30.6     90739050   0   1300      1040200
   102  0 1  95.62  9979.00 2   0.0 -30.9     91779400   0   1100      1040350
   103  0 1  95.27  9979.00 2   0.0 -30.9     92759500   0   1150       980100
   104  0 1  95.62  9979.00 2   0.0 -31.3     93739600   0   1300       980100
   105  0 1  95.62  9979.00 2   0.0 -31.3     94719550   0   1100       979950
   106  0 1  94.92  9979.00 2   0.0 -31.6     95689800   0   1150       970250
   107  0 1  95.62  9979.00 2   0.0 -31.6     96720050   0   1100      1030250
   108  0 1  94.92 10030.00 2   0.0 -31.9     96719700   0   1000 214748364450
   109  0 1  95.27 10028.50 2   0.0 -32.2     97759350   0   1350      1039650
   110  0 1  94.92 10030.00 2   0.0 -32.5     98799150   0    950      1039800
   111  0 1  94.57 10030.00 2   0.0 -32.5     99839600   0   1100      1040450
   112  0 1  94.22 10030.00 2   0.0 -32.8    100819700   0   1000       980100
   113  0 1  94.92 10030.00 2   0.0 -33.1    101800000   0   1300       980300
   114  0 1  94.22 10030.00 2   0.0 -33.4    102779550   0   1200       979550
   115  0 1  95.27 10028.50 2   0.0 -33.4    103749300   0   1050       969750
   116  0 1  94.92  9980.50 2   0.0 -33.8    104779350   0   1200      1030050
   117  0 1  94.57  9979.00 2   0.0 -34.4    104778550   0   1400 214748364000
   118  0 1  94.22  9979.00 2   0.0 -34.7    105818500   0   1000      1039950
   119  0 1  95.62  9979.00 2   0.0 -35.0    106858800   0   1150      1040300
   120  0 1  94.92  9980.50 2   0.0 -35.3    107899000   0   1000      1040200
   121  0 1  94.57  9979.00 2   0.0 -35.6    108878950   0   1300       979950
   122  0 1  94.57  9980.50 2   0.0 -35.9    109858650   0   1050       979700
   123  0 1  94.22 10021.00 2   0.0 -36.3    110838900   0   1300       980250
   124  0 1  95.27 10018.00 2   0.0 -36.6    111808850   0   1350       969950
   125  0 1  94.92 10018.00 2   0.0 -36.9    112839300   0   1300      1030450
   126  0 1  94.92 10018.00 2   0.0 -37.5    112839150   0   1150 214748364650
   127  0 1  94.92 10021.00 2   0.0 -38.1    113878850   0   1250      1039700
   128  0 1  94.57 10021.00 2   0.0 -38.4    114918650   0   1200      1039800
   129  0 1  94.57 10019.50 2   0.0 -38.8    115958800   0   1100      1040150
   130  0 1  95.27 10021.00 2   0.0 -39.1    116938500   0   1050       979700
   131  0 1  94.57 10019.50 2   0.0 -39.7    117918850   0   1150       980350
   132  0 1  95.27 10021.00 2   0.0 -40.0    118898650   0    950       979800
   133  0 1  94.57 10018.00 2   0.0 -40.3    119868650   0   1200       970000
   134  0 1  94.22 10018.00 2   0.0 -40.9    120898450   0   1350      1029800
   135  0 1  95.27 10021.00 2   0.0 -41.6    120898100   0   1250 214748364450
   136  0 1  95.27 10021.00 2   0.0 -42.2    121938050   0   1150      1039950
   137  0 1  95.27  9998.50 2   0.0 -42.5    122978500   0   1400      1040450
   138  0 1  94.22  9998.50 2   0.0 -43.1    124018700   0    950      1040200
   139  0 1  95.62  9998.50 2   0.0 -43.4    124999000   0   1400       980300
   140  0 1  95.27  9998.50 2   0.0 -44.1    125979300   0   1000       980300
   141  0 1  94.92  9998.50 2   0.0 -44.4    126959050   0   1000       979750
   142  0 1  94.57 10000.00 2   0.0 -45.0    127928550   0   1000       969500
   143  0 1  95.62 10000.00 2   0.0 -45.6    128958350   0   1000      1029800
   144  0 1  95.27  9970.00 2   0.0 -46.6    128957500   0    950 214748363950
   145  0 1  95.27  9970.00 2   0.0 -46.9    129997000   0   1350      1039500
   146  0 1  94.92  9970.00 2   0.0 -47.5    131037450   0   1050      1040450
   147  0 1  94.57  9970.00 2   0.0 -48.1    132077200   0   1250      1039750
   148  0 1  95.27  9970.00 2   0.0 -48.4    133056900   0   1250       979700
   149  0 1  94.22  9970.00 2   0.0 -49.1    134037300   0   1100       980400
   150  0 1  95.27  9968.50 2   0.0 -49.7    135017450   0   1200       980150
   151  0 1  94.57  9970.00 2   0.0 -50.3    135987650   0   1250       970200
   152  0 1  94.57  9961.00 2   0.0 -50.6    137018100   0   1200      1030450
   153  0 1  95.27  9958.00 2   0.0 -51.9    137017950   0   1050 214748364650
   154  0 1  94.92  9961.00 2   0.0 -52.5    138058300   0   1300      1040350
   155  0 1  95.62  9958.00 2   0.0 -53.1    139097900   0    950      1039600
   156  0 1  95.27  9961.00 2   0.0 -53.4    140137800   0   1100      1039900
   157  0 1  95.27  9959.50 2   0.0 -54.1    141117800   0   1250       980000
   158  0 1  94.57  9958.00 2   0.0 -54.7    142097600   0   1400       979800
   159  0 1  94.92  9979.00 2   0.0 -55.3    143077600   0   1150       980000
   160  0 1  95.27  9979.00 2   0.0 -55.9    144047600   0   1050       970000
   161  0 1  95.62  9979.00 2   0.0 -56.6    145077800   0   1200      1030200
   162  0 1  95.27  9980.50 2   0.0 -57.5    145077400   0   1150 214748364400
   163  0 1  94.57  9980.50 2   0.0 -58.1    146117400   0   1350      1040000
   164  0 1  94.92  9979.00 2   0.0 -58.8    147157700   0   1400      1040300
   165  0 1  94.92  9979.00 2   0.0 -59.4    148198050   0    950      1040350
   166  0 1  94.92 10030.00 2   0.0 -60.0    149177800   0   1100       979750
   167  0 1  94.22 10030.00 2   0.0 -60.6    150158000   0   1400       980200
   168  0 1  95.27 10028.50 2   0.0 -61.3    151137600   0   1000       979600
   169  0 1  94.57 10030.00 2   0.0 -61.9    152107400   0   1200       969800
   170  0 1  94.57 10030.00 2   0.0 -62.5    153137600   0   1050      1030200
   171  0 1  94.92 10028.50 2   0.0 -63.8    153137750   0   1050          150
   172  0 1  95.27 10030.00 2   0.0 -64.4    154177600   0   1350      1039850
   173  0 1  95.62  9979.00 2   0.0 -65.0    155217700   0   1150      1040100
   174  0 1  94.57  9980.50 2   0.0 -65.6    156258150   0   1250      1040450
   175  0 1  94.57  9979.00 2   0.0 -66.3    157238050   0   1300       979900
   176  0 1  94.22  9979.00 2   0.0 -66.9    158217850   0   1150       979800
   177  0 1  95.62  9980.50 2   0.0 -67.5    159197550   0    950       979700
   178  0 1  95.27  9980.50 2   0.0 -68.1    160167350   0   1300       969800
   179  0 1  94.92  9979.00 2   0.0 -68.8    161197000   0   1250      1029650
