    NO  S V  AOA    FREQ    B  FMOP  AMP      TOA      PMOP  PW         dTOA  
------ -- - ------ -------- - ----- ----- ------------ --- ------ ------------
     0  0 1  94.92  5255.00 1   0.0 -70.0            0   0   1950  42949673000
     1  0 1  94.92  5243.75 1   0.0 -67.5       529650   0   2000       529650
     2  0 1  94.92  5263.75 1   0.0 -62.5      1590250   0   1950      1060600
     3  0 1  94.92  5242.50 1   0.0 -60.0      2122300   0   2000       532050
     4  0 1  94.92  5248.75 1   0.0 -57.5      2654650   0   2000       532350
     5  0 1  94.92  5250.00 1   0.0 -55.3      3223700   0   2000       569050
     6  0 1  94.92  5231.25 1   0.0 -53.1      3796150   0   2000       572450
     7  0 1  94.92  5240.00 1   0.0 -50.6      4368250   0   1950       572100
     8  0 1  94.92  5228.75 1   0.0 -48.4      4938750   0   2000       570500
     9  0 1  94.92  5250.00 1   0.0 -46.6      5510500   0   2000       571750
    10  0 1  94.92  5240.00 1   0.0 -44.4      5952550   0   2000       442050
    11  0 1  94.92  5250.00 1   0.0 -40.9      6835100   0   1950       882550
    12  0 1  94.92  5258.75 1   0.0 -39.1      7273900   0   2000       438800
    13  0 1  94.92  5248.75 1   0.0 -37.5      7715300   0   1950       441400
    14  0 1  94.92  5232.50 1   0.0 -36.3      8185750   0   1950       470450
    15  0 1  94.92  5237.50 1   0.0 -35.0      8657250   0   2000       471500
    16  0 1  94.92  5238.75 1   0.0 -33.8      9128600   0   1950       471350
    17  0 1  94.92  5232.50 1   0.0 -32.8      9600900   0   2000       472300
    18  0 1  94.92  5246.25 1   0.0 -31.9     10069350   0   1950       468450
    19  0 1  94.92  5265.00 1   0.0 -31.3     10600000   0   2000       530650
    20  0 1  94.92  5250.00 1   0.0 -30.3     11660700   0   2000      1060700
    21  0 1  94.92  5245.00 1   0.0 -30.0     12188400   0   1950       527700
    22  0 1  94.92  5256.25 1   0.0 -30.0     12720800   0   2000       532400
    23  0 1  94.92  5235.00 1   0.0 -30.0     13290300   0   1950       569500
    24  0 1  94.92  5238.75 1   0.0 -30.3     13859850   0   2000       569550
    25  0 1  94.92  5250.00 1   0.0 -30.6     14430250   0   2000       570400
    26  0 1  94.92  5268.75 1   0.0 -31.3     15002550   0   1950       572300
    27  0 1  94.92  5245.00 1   0.0 -31.9     15574000   0   2000       571450
    28  0 1  94.92  5230.00 1   0.0 -32.8     16011850   0   1950       437850
    29  0 1  94.92  5241.25 1   0.0 -35.0     16894950   0   1950       883100
    30  0 1  94.92  5240.00 1   0.0 -36.3     17336050   0   1950       441100
    31  0 1  94.92  5260.00 1   0.0 -37.5     17776950   0   2000       440900
    32  0 1  94.92  5240.00 1   0.0 -39.1     18245550   0   1950       468600
    33  0 1  94.92  5245.00 1   0.0 -40.9     18715250   0   2000       469700
    34  0 1  94.92  5265.00 1   0.0 -42.5     19184200   0   2000       468950
    35  0 1  94.92  5255.00 1   0.0 -44.4     19655150   0   1950       470950
    36  0 1  94.92  5258.75 1   0.0 -46.6     20127200   0   1950       472050
    37  0 1  94.92  5265.00 1   0.0 -48.4     20656700   0   1950       529500
    38  0 1  94.92  5250.00 1   0.0 -53.1     21720200   0   1950      1063500
    39  0 1  94.92  5261.25 1   0.0 -55.3     22250950   0   1950       530750
    40  0 1  94.92  5267.50 1   0.0 -57.5     22782350   0   2000       531400
    41  0 1  94.92  5235.00 1   0.0 -60.0     23350400   0   1950       568050
    42  0 1  94.92  5260.00 1   0.0 -62.5     23921650   0   1950       571250
    43  0 1  94.92  5245.00 1   0.0 -65.0     24490800   0   1950       569150
    44  0 1  94.92  5246.25 1   0.0 -67.5     25058650   0   1950       567850
