    NO  S V  AOA    FREQ    B  FMOP  AMP      TOA      PMOP  PW         dTOA  
------ -- - ------ -------- - ----- ----- ------------ --- ------ ------------
     0  0 1  94.92  5233.75 1   0.0 -70.0            0   0   2000  42949673000
     1  0 1  94.92  5252.50 1   0.0 -67.5       570350   0   2000       570350
     2  0 1  94.92  5258.75 1   0.0 -62.5      1709000   0   2000      1138650
     3  0 1  94.92  5235.00 1   0.0 -60.0      2280700   0   2000       571700
     4  0 1  94.92  5252.50 1   0.0 -57.5      2851950   0   1950       571250
     5  0 1  94.92  5256.25 1   0.0 -55.3      3291850   0   1950       439900
     6  0 1  94.92  5232.50 1   0.0 -53.1      3733000   0   1950       441150
     7  0 1  94.92  5243.75 1   0.0 -50.6      4171800   0   1950       438800
     8  0 1  94.92  5246.25 1   0.0 -48.4      4612550   0   2000       440750
     9  0 1  94.92  5245.00 1   0.0 -46.6      5050750   0   1950       438200
    10  0 1  94.92  5232.50 1   0.0 -44.4      5520050   0   2000       469300
    11  0 1  94.92  5266.25 1   0.0 -40.9      6457050   0   1950       937000
    12  0 1  94.92  5251.25 1   0.0 -39.1      6929050   0   2000       472000
    13  0 1  94.92  5245.00 1   0.0 -37.5      7401200   0   1950       472150
    14  0 1  94.92  5261.25 1   0.0 -36.3      7929100   0   1950       527900
    15  0 1  94.92  5251.25 1   0.0 -35.0      8456750   0   2000       527650
    16  0 1  94.92  5266.25 1   0.0 -33.8      8986650   0   1950       529900
    17  0 1  94.92  5230.00 1   0.0 -32.8      9514600   0   1950       527950
    18  0 1  94.92  5240.00 1   0.0 -31.9     10043000   0   1950       528400
    19  0 1  94.92  5252.50 1   0.0 -31.3     10613550   0   2000       570550
    20  0 1  94.92  5230.00 1   0.0 -30.3     11755150   0   1950      1141600
    21  0 1  94.92  5232.50 1   0.0 -30.0     12326350   0   2000       571200
    22  0 1  94.92  5266.25 1   0.0 -30.0     12895400   0   1950       569050
    23  0 1  94.92  5240.00 1   0.0 -30.0     13333300   0   2000       437900
    24  0 1  94.92  5255.00 1   0.0 -30.3     13773050   0   2000       439750
    25  0 1  94.92  5246.25 1   0.0 -30.6     14214800   0   2000       441750
    26  0 1  94.92  5267.50 1   0.0 -31.3     14653400   0   1950       438600
    27  0 1  94.92  5257.50 1   0.0 -31.9     15093950   0   1950       440550
    28  0 1  94.92  5263.75 1   0.0 -32.8     15564400   0   1950       470450
    29  0 1  94.92  5265.00 1   0.0 -35.0     16504800   0   1950       940400
    30  0 1  94.92  5238.75 1   0.0 -36.3     16975050   0   1950       470250
    31  0 1  94.92  5231.25 1   0.0 -37.5     17443150   0   2000       468100
    32  0 1  94.92  5232.50 1   0.0 -39.1     17974900   0   1950       531750
    33  0 1  94.92  5260.00 1   0.0 -40.9     18506400   0   1950       531500
    34  0 1  94.92  5260.00 1   0.0 -42.5     19034650   0   2000       528250
    35  0 1  94.92  5245.00 1   0.0 -44.4     19565800   0   1950       531150
    36  0 1  94.92  5261.25 1   0.0 -46.6     20096100   0   2000       530300
    37  0 1  94.92  5231.25 1   0.0 -48.4     20665650   0   2000       569550
    38  0 1  94.92  5242.50 1   0.0 -53.1     21805600   0   1950      1139950
    39  0 1  94.92  5261.25 1   0.0 -55.3     22374750   0   1950       569150
    40  0 1  94.92  5266.25 1   0.0 -57.5     22945650   0   2000       570900
    41  0 1  94.92  5258.75 1   0.0 -60.0     23385650   0   1950       440000
    42  0 1  94.92  5265.00 1   0.0 -62.5     23827450   0   2000       441800
    43  0 1  94.92  5268.75 1   0.0 -65.0     24268300   0   1950       440850
    44  0 1  94.92  5255.00 1   0.0 -67.5     24706850   0   2000       438550
