    NO  S V  AOA    FREQ    B  FMOP  AMP      TOA      PMOP  PW         dTOA  
------ -- - ------ -------- - ----- ----- ------------ --- ------ ------------
     0  0 1  94.92  5267.50 1   0.0 -70.0            0   0   1950  42949673000
     1  0 1  94.92  5242.50 1   0.0 -67.5       442450   0   2000       442450
     2  0 1  94.92  5263.75 1   0.0 -65.0       882400   0   1950       439950
     3  0 1  94.92  5253.75 1   0.0 -62.5      1323350   0   2000       440950
     4  0 1  94.92  5241.25 1   0.0 -60.0      1762750   0   2000       439400
     5  0 1  94.92  5238.75 1   0.0 -57.5      2200650   0   2000       437900
     6  0 1  94.92  5256.25 1   0.0 -55.3      2669700   0   1950       469050
     7  0 1  94.92  5248.75 1   0.0 -53.1      3140600   0   2000       470900
     8  0 1  94.92  5255.00 1   0.0 -48.4      4079100   0   2000       938500
     9  0 1  94.92  5261.25 1   0.0 -46.6      4549400   0   2000       470300
    10  0 1  94.92  5246.25 1   0.0 -44.4      5077800   0   1950       528400
    11  0 1  94.92  5260.00 1   0.0 -42.5      5609850   0   1950       532050
    12  0 1  94.92  5235.00 1   0.0 -40.9      6139900   0   1950       530050
    13  0 1  94.92  5248.75 1   0.0 -39.1      6669450   0   2000       529550
    14  0 1  94.92  5255.00 1   0.0 -37.5      7197200   0   1950       527750
    15  0 1  94.92  5265.00 1   0.0 -36.3      7765900   0   2000       568700
    16  0 1  94.92  5250.00 1   0.0 -35.0      8334750   0   1950       568850
    17  0 1  94.92  5240.00 1   0.0 -32.8      9477600   0   2000      1142850
    18  0 1  94.92  5240.00 1   0.0 -31.9     10045600   0   2000       568000
    19  0 1  94.92  5231.25 1   0.0 -31.3     10485600   0   1950       440000
    20  0 1  94.92  5265.00 1   0.0 -30.6     10926700   0   1950       441100
    21  0 1  94.92  5233.75 1   0.0 -30.3     11368000   0   2000       441300
    22  0 1  94.92  5260.00 1   0.0 -30.0     11808050   0   1950       440050
    23  0 1  94.92  5260.00 1   0.0 -30.0     12247300   0   2000       439250
    24  0 1  94.92  5260.00 1   0.0 -30.0     12715600   0   1950       468300
    25  0 1  94.92  5247.50 1   0.0 -30.3     13185000   0   1950       469400
    26  0 1  94.92  5256.25 1   0.0 -31.3     14127200   0   1950       942200
    27  0 1  94.92  5248.75 1   0.0 -31.9     14598550   0   1950       471350
    28  0 1  94.92  5233.75 1   0.0 -32.8     15128500   0   1950       529950
    29  0 1  94.92  5267.50 1   0.0 -33.8     15659100   0   1950       530600
    30  0 1  94.92  5255.00 1   0.0 -35.0     16191150   0   1950       532050
    31  0 1  94.92  5265.00 1   0.0 -36.3     16718950   0   2000       527800
    32  0 1  94.92  5250.00 1   0.0 -37.5     17246900   0   1950       527950
    33  0 1  94.92  5248.75 1   0.0 -39.1     17817650   0   2000       570750
    34  0 1  94.92  5267.50 1   0.0 -40.9     18386900   0   1950       569250
    35  0 1  94.92  5240.00 1   0.0 -44.4     19524300   0   1950      1137400
    36  0 1  94.92  5241.25 1   0.0 -46.6     20094550   0   1950       570250
    37  0 1  94.92  5236.25 1   0.0 -48.4     20534750   0   2000       440200
    38  0 1  94.92  5250.00 1   0.0 -50.6     20972650   0   2000       437900
    39  0 1  94.92  5243.75 1   0.0 -53.1     21415000   0   1950       442350
    40  0 1  94.92  5247.50 1   0.0 -55.3     21854350   0   1950       439350
    41  0 1  94.92  5232.50 1   0.0 -57.5     22292500   0   2000       438150
    42  0 1  94.92  5247.50 1   0.0 -60.0     22762550   0   1950       470050
    43  0 1  94.92  5232.50 1   0.0 -62.5     23230050   0   2000       467500
    44  0 1  94.92  5267.50 1   0.0 -67.5     24170500   0   2000       940450
