    NO  S V  AOA    FREQ    B  FMOP  AMP      TOA      PMOP  PW         dTOA  
------ -- - ------ -------- - ----- ----- ------------ --- ------ ------------
     0  0 1  94.92  5258.75 1   0.0 -70.0            0   0   1950  42949673000
     1  0 1  94.92  5243.75 1   0.0 -67.5       439850   0   1950       439850
     2  0 1  94.92  5250.00 1   0.0 -65.0       880150   0   1950       440300
     3  0 1  94.92  5260.00 1   0.0 -62.5      1319050   0   2000       438900
     4  0 1  94.92  5245.00 1   0.0 -60.0      1758000   0   2000       438950
     5  0 1  94.92  5255.00 1   0.0 -57.5      2197100   0   1950       439100
     6  0 1  94.92  5230.00 1   0.0 -55.3      2666000   0   1950       468900
     7  0 1  94.92  5255.00 1   0.0 -53.1      3134300   0   1950       468300
     8  0 1  94.92  5247.50 1   0.0 -50.6      3605150   0   1950       470850
     9  0 1  94.92  5265.00 1   0.0 -46.6      4547950   0   1950       942800
    10  0 1  94.92  5268.75 1   0.0 -44.4      5079800   0   1950       531850
    11  0 1  94.92  5248.75 1   0.0 -42.5      5611900   0   1950       532100
    12  0 1  94.92  5250.00 1   0.0 -40.9      6142200   0   2000       530300
    13  0 1  94.92  5265.00 1   0.0 -39.1      6671500   0   1950       529300
    14  0 1  94.92  5265.00 1   0.0 -37.5      7199850   0   1950       528350
    15  0 1  94.92  5267.50 1   0.0 -36.3      7769000   0   2000       569150
    16  0 1  94.92  5257.50 1   0.0 -35.0      8338350   0   1950       569350
    17  0 1  94.92  5240.00 1   0.0 -33.8      8906150   0   2000       567800
    18  0 1  94.92  5235.00 1   0.0 -31.9     10045150   0   2000      1139000
    19  0 1  94.92  5257.50 1   0.0 -31.3     10487250   0   2000       442100
    20  0 1  94.92  5260.00 1   0.0 -30.6     10924850   0   2000       437600
    21  0 1  94.92  5260.00 1   0.0 -30.3     11362650   0   2000       437800
    22  0 1  94.92  5255.00 1   0.0 -30.0     11804100   0   1950       441450
    23  0 1  94.92  5255.00 1   0.0 -30.0     12243500   0   1950       439400
    24  0 1  94.92  5246.25 1   0.0 -30.0     12715600   0   1950       472100
    25  0 1  94.92  5260.00 1   0.0 -30.3     13187350   0   2000       471750
    26  0 1  94.92  5232.50 1   0.0 -30.6     13659500   0   2000       472150
    27  0 1  94.92  5248.75 1   0.0 -31.9     14600700   0   1950       941200
    28  0 1  94.92  5231.25 1   0.0 -32.8     15132850   0   2000       532150
    29  0 1  94.92  5236.25 1   0.0 -33.8     15663950   0   2000       531100
    30  0 1  94.92  5235.00 1   0.0 -35.0     16193600   0   1950       529650
    31  0 1  94.92  5250.00 1   0.0 -36.3     16724100   0   2000       530500
    32  0 1  94.92  5245.00 1   0.0 -37.5     17254250   0   1950       530150
    33  0 1  94.92  5231.25 1   0.0 -39.1     17821950   0   1950       567700
    34  0 1  94.92  5233.75 1   0.0 -40.9     18391450   0   1950       569500
    35  0 1  94.92  5258.75 1   0.0 -42.5     18963500   0   1950       572050
    36  0 1  94.92  5228.75 1   0.0 -46.6     20106900   0   1950      1143400
    37  0 1  94.92  5261.25 1   0.0 -48.4     20547400   0   1950       440500
    38  0 1  94.92  5255.00 1   0.0 -50.6     20987350   0   2000       439950
    39  0 1  94.92  5235.00 1   0.0 -53.1     21425000   0   1950       437650
    40  0 1  94.92  5243.75 1   0.0 -55.3     21864600   0   1950       439600
    41  0 1  94.92  5231.25 1   0.0 -57.5     22303700   0   1950       439100
    42  0 1  94.92  5230.00 1   0.0 -60.0     22775950   0   1950       472250
    43  0 1  94.92  5255.00 1   0.0 -62.5     23247200   0   2000       471250
    44  0 1  94.92  5248.75 1   0.0 -65.0     23715250   0   1950       468050
