    NO  S V  AOA    FREQ    B  FMOP  AMP      TOA      PMOP  PW         dTOA  
------ -- - ------ -------- - ----- ----- ------------ --- ------ ------------
     0  0 1  94.92 10012.00 2   0.0 -70.0            0   0   1150  42949673000
     1  0 1  94.57 10010.50 2   0.0 -67.5      1087300   0   1400      1087300
     2  0 1  94.22 10010.50 2   0.0 -65.0      2149100   0   1600      1061800
     3  0 1  95.62 10010.50 2   0.0 -62.5      3154150   0   1450      1005050
     4  0 1  95.62 10012.00 2   0.0 -60.0      4252300   0   1150      1098150
     5  0 1  94.92 10010.50 2   0.0 -57.5      5401600   0   1600      1149300
     6  0 1  94.22 10012.00 2   0.0 -55.3      6539300   0   1150      1137700
     7  0 1  94.92 10012.00 2   0.0 -53.1      7427450   0   1250       888150
     8  0 1  94.22 10012.00 2   0.0 -48.4      9510150   0   1600      2082700
     9  0 1  95.27 10010.50 2   0.0 -46.6     10589050   0   1150      1078900
    10  0 1  94.57 10012.00 2   0.0 -44.4     11643500   0   1550      1054450
    11  0 1  95.62 10012.00 2   0.0 -42.5     12522300   0   1250       878800
    12  0 1  94.92 10010.50 2   0.0 -40.9     13559650   0   1600      1037350
    13  0 1  94.22 10012.00 2   0.0 -39.1     14449450   0   1450       889800
    14  0 1  95.62 10012.00 2   0.0 -37.5     15425200   0   1150       975750
    15  0 1  95.62 10010.50 2   0.0 -36.3     16290850   0   1150       865650
    16  0 1  94.22 10010.50 2   0.0 -35.0     17165150   0   1450       874300
    17  0 1  95.27 10012.00 2   0.0 -32.8     19229250   0   1600      2064100
    18  0 1  94.57 10012.00 2   0.0 -31.9     20197400   0   1500       968150
    19  0 1  94.22 10010.50 2   0.0 -31.3     21083400   0   1600       886000
    20  0 1  94.57 10012.00 2   0.0 -30.6     22009300   0   1450       925900
    21  0 1  95.62 10010.50 2   0.0 -30.3     23094200   0   1600      1084900
    22  0 1  94.22 10010.50 2   0.0 -30.0     23975650   0   1150       881450
    23  0 1  95.62 10012.00 2   0.0 -30.0     24934450   0   1550       958800
    24  0 1  95.27 10010.50 2   0.0 -30.0     25869650   0   1300       935200
    25  0 1  94.92 10012.00 2   0.0 -30.3     26745950   0   1250       876300
    26  0 1  94.92 10012.00 2   0.0 -31.3     28736700   0   1250      1990750
    27  0 1  94.57 10010.50 2   0.0 -31.9     29590000   0   1500       853300
    28  0 1  95.27 10010.50 2   0.0 -32.8     30629850   0   1250      1039850
    29  0 1  95.27 10012.00 2   0.0 -33.8     31587700   0   1200       957850
    30  0 1  94.22 10012.00 2   0.0 -35.0     32539850   0   1400       952150
    31  0 1  95.62 10010.50 2   0.0 -36.3     33431350   0   1600       891500
    32  0 1  95.62 10010.50 2   0.0 -37.5     34416700   0   1200       985350
    33  0 1  94.22 10010.50 2   0.0 -39.1     35295300   0   1450       878600
    34  0 1  94.92 10012.00 2   0.0 -40.9     36162450   0   1500       867150
    35  0 1  94.92 10012.00 2   0.0 -44.4     38059800   0   1150      1897350
    36  0 1  94.22 10012.00 2   0.0 -46.6     39158450   0   1600      1098650
    37  0 1  94.57 10012.00 2   0.0 -48.4     40158700   0   1500      1000250
    38  0 1  95.62 10010.50 2   0.0 -50.6     41011600   0   1550       852900
    39  0 1  94.22 10010.50 2   0.0 -53.1     41923000   0   1200       911400
    40  0 1  95.27 10010.50 2   0.0 -55.3     43002450   0   1350      1079450
    41  0 1  94.22 10010.50 2   0.0 -57.5     43925850   0   1600       923400
    42  0 1  94.57 10012.00 2   0.0 -60.0     44959400   0   1500      1033550
    43  0 1  95.27 10012.00 2   0.0 -62.5     46076800   0   1600      1117400
    44  0 1  94.92 10012.00 2   0.0 -67.5     48105650   0   1600      2028850
