    NO  S V  AOA    FREQ    B  FMOP  AMP      TOA      PMOP  PW         dTOA  
------ -- - ------ -------- - ----- ----- ------------ --- ------ ------------
     0  0 1  95.27 10012.00 2   0.0 -70.0            0   0   1550  42949673000
     1  0 1  95.62 10012.00 2   0.0 -67.5       851000   0   1600       851000
     2  0 1  95.27 10010.50 2   0.0 -65.0      1989700   0   1400      1138700
     3  0 1  94.22 10012.00 2   0.0 -62.5      2916750   0   1300       927050
     4  0 1  95.62 10012.00 2   0.0 -60.0      3911650   0   1600       994900
     5  0 1  94.57 10012.00 2   0.0 -57.5      4832200   0   1600       920550
     6  0 1  95.27 10010.50 2   0.0 -55.3      5902950   0   1350      1070750
     7  0 1  94.92 10012.00 2   0.0 -53.1      6957350   0   1550      1054400
     8  0 1  95.62 10012.00 2   0.0 -50.6      8020550   0   1250      1063200
     9  0 1  94.57 10010.50 2   0.0 -46.6      9919900   0   1250      1899350
    10  0 1  95.27 10010.50 2   0.0 -44.4     10810400   0   1150       890500
    11  0 1  94.57 10010.50 2   0.0 -42.5     11713150   0   1250       902750
    12  0 1  95.62 10012.00 2   0.0 -40.9     12799500   0   1550      1086350
    13  0 1  94.92 10010.50 2   0.0 -39.1     13894650   0   1550      1095150
    14  0 1  95.62 10012.00 2   0.0 -37.5     14778300   0   1400       883650
    15  0 1  95.27 10010.50 2   0.0 -36.3     15756550   0   1350       978250
    16  0 1  94.22 10012.00 2   0.0 -35.0     16816300   0   1200      1059750
    17  0 1  94.92 10012.00 2   0.0 -33.8     17706800   0   1500       890500
    18  0 1  95.27 10010.50 2   0.0 -31.9     19825600   0   1200      2118800
    19  0 1  94.22 10010.50 2   0.0 -31.3     20705850   0   1550       880250
    20  0 1  95.27 10012.00 2   0.0 -30.6     21708800   0   1150      1002950
    21  0 1  94.22 10012.00 2   0.0 -30.3     22584950   0   1500       876150
    22  0 1  94.22 10012.00 2   0.0 -30.0     23567600   0   1200       982650
    23  0 1  95.62 10012.00 2   0.0 -30.0     24650850   0   1350      1083250
    24  0 1  94.92 10012.00 2   0.0 -30.0     25549150   0   1200       898300
    25  0 1  94.57 10012.00 2   0.0 -30.3     26526000   0   1250       976850
    26  0 1  95.62 10012.00 2   0.0 -30.6     27544900   0   1300      1018900
    27  0 1  94.57 10012.00 2   0.0 -31.9     29679800   0   1200      2134900
    28  0 1  95.62 10010.50 2   0.0 -32.8     30767700   0   1250      1087900
    29  0 1  95.62 10012.00 2   0.0 -33.8     31820500   0   1500      1052800
    30  0 1  95.27 10010.50 2   0.0 -35.0     32929050   0   1500      1108550
    31  0 1  95.62 10010.50 2   0.0 -36.3     33954550   0   1450      1025500
    32  0 1  95.62 10010.50 2   0.0 -37.5     34895550   0   1250       941000
    33  0 1  95.27 10012.00 2   0.0 -39.1     35879150   0   1200       983600
    34  0 1  94.92 10010.50 2   0.0 -40.9     36983400   0   1250      1104250
    35  0 1  95.27 10010.50 2   0.0 -42.5     37950900   0   1300       967500
    36  0 1  95.27 10012.00 2   0.0 -46.6     39872350   0   1200      1921450
    37  0 1  94.57 10012.00 2   0.0 -48.4     40995400   0   1200      1123050
    38  0 1  95.27 10012.00 2   0.0 -50.6     41918700   0   1350       923300
    39  0 1  94.57 10012.00 2   0.0 -53.1     43038650   0   1550      1119950
    40  0 1  94.57 10012.00 2   0.0 -55.3     43979050   0   1600       940400
    41  0 1  94.92 10010.50 2   0.0 -57.5     45047650   0   1350      1068600
    42  0 1  95.27 10012.00 2   0.0 -60.0     46062800   0   1300      1015150
    43  0 1  95.27 10010.50 2   0.0 -62.5     47011200   0   1300       948400
    44  0 1  94.22 10010.50 2   0.0 -65.0     47996850   0   1150       985650
