    NO  S V  AOA    FREQ    B  FMOP  AMP      TOA      PMOP  PW         dTOA  
------ -- - ------ -------- - ----- ----- ------------ --- ------ ------------
     0  0 1  94.57 10012.00 2   0.0 -70.0            0   0   1350  42949673000
     1  0 1  95.27 10012.00 2   0.0 -67.5       862600   0   1350       862600
     2  0 1  95.27 10010.50 2   0.0 -65.0      1901750   0   1150      1039150
     3  0 1  94.22 10012.00 2   0.0 -62.5      2882250   0   1300       980500
     4  0 1  95.62 10012.00 2   0.0 -60.0      3813850   0   1250       931600
     5  0 1  95.27 10012.00 2   0.0 -55.3      5864850   0   1500      2051000
     6  0 1  94.22 10012.00 2   0.0 -53.1      6996950   0   1400      1132100
     7  0 1  94.57 10012.00 2   0.0 -50.6      7858650   0   1350       861700
     8  0 1  94.92 10012.00 2   0.0 -48.4      8782050   0   1200       923400
     9  0 1  94.22 10012.00 2   0.0 -46.6      9742600   0   1450       960550
    10  0 1  94.57 10012.00 2   0.0 -44.4     10645450   0   1300       902850
    11  0 1  94.57 10010.50 2   0.0 -42.5     11613850   0   1350       968400
    12  0 1  94.57 10012.00 2   0.0 -40.9     12516000   0   1150       902150
    13  0 1  95.62 10012.00 2   0.0 -39.1     13539600   0   1250      1023600
    14  0 1  95.62 10010.50 2   0.0 -36.3     15537000   0   1250      1997400
    15  0 1  94.57 10012.00 2   0.0 -35.0     16468400   0   1600       931400
    16  0 1  94.22 10012.00 2   0.0 -33.8     17565800   0   1400      1097400
    17  0 1  94.57 10010.50 2   0.0 -32.8     18484000   0   1250       918200
    18  0 1  95.62 10012.00 2   0.0 -31.9     19500750   0   1550      1016750
    19  0 1  95.62 10012.00 2   0.0 -31.3     20450950   0   1450       950200
    20  0 1  95.62 10012.00 2   0.0 -30.6     21581300   0   1350      1130350
    21  0 1  94.22 10012.00 2   0.0 -30.3     22505650   0   1450       924350
    22  0 1  94.57 10012.00 2   0.0 -30.0     23630650   0   1450      1125000
    23  0 1  94.22 10012.00 2   0.0 -30.0     25712550   0   1300      2081900
    24  0 1  94.92 10012.00 2   0.0 -30.3     26733600   0   1400      1021050
    25  0 1  94.22 10010.50 2   0.0 -30.6     27634000   0   1200       900400
    26  0 1  94.92 10010.50 2   0.0 -31.3     28721500   0   1500      1087500
    27  0 1  94.92 10012.00 2   0.0 -31.9     29666200   0   1600       944700
    28  0 1  95.27 10010.50 2   0.0 -32.8     30620450   0   1550       954250
    29  0 1  95.27 10012.00 2   0.0 -33.8     31653950   0   1300      1033500
    30  0 1  94.92 10010.50 2   0.0 -35.0     32623300   0   1300       969350
    31  0 1  95.62 10010.50 2   0.0 -36.3     33707350   0   1150      1084050
    32  0 1  94.57 10010.50 2   0.0 -39.1     35865550   0   1350      2158200
    33  0 1  94.92 10012.00 2   0.0 -40.9     36926900   0   1450      1061350
    34  0 1  95.62 10012.00 2   0.0 -42.5     37940250   0   1450      1013350
    35  0 1  95.62 10010.50 2   0.0 -44.4     39033650   0   1550      1093400
    36  0 1  94.92 10012.00 2   0.0 -46.6     39895750   0   1300       862100
    37  0 1  94.57 10012.00 2   0.0 -48.4     40936650   0   1200      1040900
    38  0 1  94.22 10012.00 2   0.0 -50.6     41909750   0   1250       973100
    39  0 1  95.27 10012.00 2   0.0 -53.1     42961000   0   1400      1051250
    40  0 1  94.92 10012.00 2   0.0 -55.3     43831850   0   1150       870850
    41  0 1  95.62 10010.50 2   0.0 -60.0     45940500   0   1350      2108650
    42  0 1  94.92 10012.00 2   0.0 -62.5     46952300   0   1350      1011800
    43  0 1  94.57 10012.00 2   0.0 -65.0     48062800   0   1500      1110500
    44  0 1  94.57 10010.50 2   0.0 -67.5     49052200   0   1250       989400
