    NO  S V  AOA    FREQ    B  FMOP  AMP      TOA      PMOP  PW         dTOA  
------ -- - ------ -------- - ----- ----- ------------ --- ------ ------------
     0  0 1  94.57 10012.00 2   0.0 -70.0            0   0   1250  42949673000
     1  0 1  95.62 10012.00 2   0.0 -67.5       990200   0   1250       990200
     2  0 1  94.92 10012.00 2   0.0 -65.0      1937250   0   1500       947050
     3  0 1  95.27 10010.50 2   0.0 -62.5      3079600   0   1400      1142350
     4  0 1  95.62 10012.00 2   0.0 -60.0      4039550   0   1550       959950
     5  0 1  95.62 10010.50 2   0.0 -57.5      5133050   0   1350      1093500
     6  0 1  95.62 10012.00 2   0.0 -55.3      6076150   0   1550       943100
     7  0 1  95.27 10010.50 2   0.0 -50.6      7896500   0   1450      1820350
     8  0 1  95.62 10012.00 2   0.0 -48.4      8808050   0   1250       911550
     9  0 1  95.62 10012.00 2   0.0 -46.6      9825750   0   1550      1017700
    10  0 1  94.92 10012.00 2   0.0 -44.4     10902900   0   1250      1077150
    11  0 1  94.92 10012.00 2   0.0 -42.5     12030250   0   1200      1127350
    12  0 1  95.62 10010.50 2   0.0 -40.9     13080650   0   1200      1050400
    13  0 1  94.92 10012.00 2   0.0 -39.1     14160700   0   1550      1080050
    14  0 1  94.57 10012.00 2   0.0 -37.5     15232550   0   1250      1071850
    15  0 1  95.27 10010.50 2   0.0 -36.3     16136050   0   1150       903500
    16  0 1  94.22 10010.50 2   0.0 -33.8     17991950   0   1550      1855900
    17  0 1  94.57 10012.00 2   0.0 -32.8     18982150   0   1550       990200
    18  0 1  94.57 10012.00 2   0.0 -31.9     19980600   0   1150       998450
    19  0 1  94.92 10012.00 2   0.0 -31.3     20892700   0   1600       912100
    20  0 1  94.22 10012.00 2   0.0 -30.6     21899600   0   1300      1006900
    21  0 1  95.62 10012.00 2   0.0 -30.3     22931150   0   1150      1031550
    22  0 1  95.62 10010.50 2   0.0 -30.0     23925200   0   1200       994050
    23  0 1  94.57 10010.50 2   0.0 -30.0     24801000   0   1300       875800
    24  0 1  94.22 10012.00 2   0.0 -30.0     25693550   0   1250       892550
    25  0 1  95.62 10010.50 2   0.0 -30.6     27506350   0   1500      1812800
    26  0 1  94.92 10010.50 2   0.0 -31.3     28535700   0   1250      1029350
    27  0 1  95.27 10012.00 2   0.0 -31.9     29577350   0   1350      1041650
    28  0 1  94.92 10012.00 2   0.0 -32.8     30480250   0   1300       902900
    29  0 1  94.22 10010.50 2   0.0 -33.8     31438300   0   1350       958050
    30  0 1  94.57 10010.50 2   0.0 -35.0     32490300   0   1150      1052000
    31  0 1  94.22 10010.50 2   0.0 -36.3     33604950   0   1600      1114650
    32  0 1  94.22 10010.50 2   0.0 -37.5     34459650   0   1450       854700
    33  0 1  95.27 10010.50 2   0.0 -39.1     35542400   0   1150      1082750
    34  0 1  94.92 10010.50 2   0.0 -42.5     37431150   0   1500      1888750
    35  0 1  94.57 10012.00 2   0.0 -44.4     38287400   0   1600       856250
    36  0 1  95.27 10012.00 2   0.0 -46.6     39374050   0   1550      1086650
    37  0 1  94.57 10012.00 2   0.0 -48.4     40294700   0   1350       920650
    38  0 1  94.22 10012.00 2   0.0 -50.6     41278800   0   1200       984100
    39  0 1  94.57 10012.00 2   0.0 -53.1     42263200   0   1150       984400
    40  0 1  95.62 10010.50 2   0.0 -55.3     43156100   0   1150       892900
    41  0 1  95.62 10012.00 2   0.0 -57.5     44130250   0   1550       974150
    42  0 1  94.22 10012.00 2   0.0 -60.0     45262100   0   1150      1131850
    43  0 1  94.92 10010.50 2   0.0 -65.0     47407450   0   1400      2145350
    44  0 1  94.22 10012.00 2   0.0 -67.5     48398950   0   1450       991500
