    NO  S V  AOA    FREQ    B  FMOP  AMP      TOA      PMOP  PW         dTOA  
------ -- - ------ -------- - ----- ----- ------------ --- ------ ------------
     0  0 1  94.92 10010.50 2   0.0 -70.0            0   0   1250  42949673000
     1  0 1  94.22 10012.00 2   0.0 -67.5       990500   0   1500       990500
     2  0 1  94.22 10012.00 2   0.0 -65.0      1915500   0   1550       925000
     3  0 1  95.62 10012.00 2   0.0 -62.5      3028700   0   1200      1113200
     4  0 1  94.22 10012.00 2   0.0 -60.0      3911650   0   1600       882950
     5  0 1  94.22 10012.00 2   0.0 -57.5      4835800   0   1300       924150
     6  0 1  95.62 10012.00 2   0.0 -55.3      5752950   0   1400       917150
     7  0 1  95.62 10012.00 2   0.0 -53.1      6646050   0   1150       893100
     8  0 1  95.27 10012.00 2   0.0 -48.4      8796400   0   1150      2150350
     9  0 1  94.57 10010.50 2   0.0 -46.6      9723050   0   1150       926650
    10  0 1  94.22 10012.00 2   0.0 -44.4     10810700   0   1500      1087650
    11  0 1  94.22 10012.00 2   0.0 -42.5     11842300   0   1600      1031600
    12  0 1  95.27 10012.00 2   0.0 -40.9     12839450   0   1350       997150
    13  0 1  94.22 10012.00 2   0.0 -39.1     13941350   0   1500      1101900
    14  0 1  95.62 10012.00 2   0.0 -37.5     14999400   0   1400      1058050
    15  0 1  95.27 10012.00 2   0.0 -36.3     15954250   0   1550       954850
    16  0 1  94.57 10012.00 2   0.0 -35.0     16909550   0   1200       955300
    17  0 1  95.62 10010.50 2   0.0 -32.8     18812100   0   1500      1902550
    18  0 1  94.92 10010.50 2   0.0 -31.9     19795450   0   1300       983350
    19  0 1  94.57 10010.50 2   0.0 -31.3     20866250   0   1550      1070800
    20  0 1  94.92 10010.50 2   0.0 -30.6     21774450   0   1150       908200
    21  0 1  95.62 10010.50 2   0.0 -30.3     22818550   0   1250      1044100
    22  0 1  95.27 10010.50 2   0.0 -30.0     23719700   0   1400       901150
    23  0 1  95.27 10010.50 2   0.0 -30.0     24593800   0   1450       874100
    24  0 1  95.27 10012.00 2   0.0 -30.0     25450450   0   1450       856650
    25  0 1  95.27 10010.50 2   0.0 -30.3     26593050   0   1250      1142600
    26  0 1  94.22 10012.00 2   0.0 -31.3     28875050   0   1500      2282000
    27  0 1  94.92 10012.00 2   0.0 -31.9     29745050   0   1150       870000
    28  0 1  94.22 10012.00 2   0.0 -32.8     30727800   0   1300       982750
    29  0 1  95.62 10012.00 2   0.0 -33.8     31579350   0   1550       851550
    30  0 1  94.22 10010.50 2   0.0 -35.0     32536150   0   1550       956800
    31  0 1  94.92 10010.50 2   0.0 -36.3     33504150   0   1250       968000
    32  0 1  95.27 10012.00 2   0.0 -37.5     34544700   0   1400      1040550
    33  0 1  95.62 10012.00 2   0.0 -39.1     35401850   0   1350       857150
    34  0 1  95.27 10012.00 2   0.0 -40.9     36295550   0   1550       893700
    35  0 1  95.62 10012.00 2   0.0 -44.4     38156100   0   1400      1860550
    36  0 1  94.57 10010.50 2   0.0 -46.6     39038350   0   1150       882250
    37  0 1  94.22 10012.00 2   0.0 -48.4     39892000   0   1600       853650
    38  0 1  94.92 10012.00 2   0.0 -50.6     41038950   0   1250      1146950
    39  0 1  94.22 10012.00 2   0.0 -53.1     41958550   0   1350       919600
    40  0 1  94.92 10012.00 2   0.0 -55.3     43053500   0   1450      1094950
    41  0 1  94.57 10012.00 2   0.0 -57.5     44043350   0   1250       989850
    42  0 1  95.62 10012.00 2   0.0 -60.0     44910550   0   1200       867200
    43  0 1  95.27 10012.00 2   0.0 -62.5     45910900   0   1300      1000350
    44  0 1  95.27 10010.50 2   0.0 -67.5     47921550   0   1250      2010650
