    NO  S V  AOA    FREQ    B  FMOP  AMP      TOA      PMOP  PW         dTOA  
------ -- - ------ -------- - ----- ----- ------------ --- ------ ------------
     0  0 1  95.62 10012.00 2   0.0 -70.0            0   0   1450  42949673000
     1  0 1  95.62 10012.00 2   0.0 -67.5      1011250   0   1600      1011250
     2  0 1  94.57 10012.00 2   0.0 -65.0      2037750   0   1150      1026500
     3  0 1  95.27 10010.50 2   0.0 -60.0      4154550   0   1250      2116800
     4  0 1  94.92 10010.50 2   0.0 -57.5      5157300   0   1500      1002750
     5  0 1  95.62 10012.00 2   0.0 -55.3      6144450   0   1250       987150
     6  0 1  94.57 10010.50 2   0.0 -53.1      7222100   0   1400      1077650
     7  0 1  94.92 10012.00 2   0.0 -50.6      8120400   0   1600       898300
     8  0 1  94.22 10012.00 2   0.0 -48.4      9174150   0   1450      1053750
     9  0 1  94.92 10012.00 2   0.0 -46.6     10132400   0   1150       958250
    10  0 1  94.57 10010.50 2   0.0 -44.4     11147500   0   1600      1015100
    11  0 1  94.22 10012.00 2   0.0 -42.5     12275750   0   1600      1128250
    12  0 1  94.57 10012.00 2   0.0 -39.1     14105750   0   1200      1830000
    13  0 1  94.92 10012.00 2   0.0 -37.5     15176100   0   1600      1070350
    14  0 1  94.92 10010.50 2   0.0 -36.3     16084750   0   1250       908650
    15  0 1  94.57 10012.00 2   0.0 -35.0     16982350   0   1300       897600
    16  0 1  94.22 10012.00 2   0.0 -33.8     17953000   0   1450       970650
    17  0 1  94.22 10010.50 2   0.0 -32.8     18855300   0   1400       902300
    18  0 1  95.62 10012.00 2   0.0 -31.9     19741550   0   1400       886250
    19  0 1  94.92 10012.00 2   0.0 -31.3     20708850   0   1150       967300
    20  0 1  95.62 10012.00 2   0.0 -30.6     21851200   0   1250      1142350
    21  0 1  95.62 10012.00 2   0.0 -30.0     23684400   0   1200      1833200
    22  0 1  94.22 10012.00 2   0.0 -30.0     24636300   0   1250       951900
    23  0 1  95.27 10012.00 2   0.0 -30.0     25490850   0   1250       854550
    24  0 1  95.27 10010.50 2   0.0 -30.3     26541300   0   1350      1050450
    25  0 1  94.57 10012.00 2   0.0 -30.6     27645550   0   1150      1104250
    26  0 1  95.27 10012.00 2   0.0 -31.3     28756200   0   1550      1110650
    27  0 1  95.27 10012.00 2   0.0 -31.9     29842850   0   1400      1086650
    28  0 1  94.22 10010.50 2   0.0 -32.8     30903100   0   1350      1060250
    29  0 1  94.22 10012.00 2   0.0 -33.8     31899550   0   1350       996450
    30  0 1  95.27 10010.50 2   0.0 -36.3     33960750   0   1400      2061200
    31  0 1  95.62 10010.50 2   0.0 -37.5     35039350   0   1350      1078600
    32  0 1  94.57 10012.00 2   0.0 -39.1     36077300   0   1550      1037950
    33  0 1  94.57 10012.00 2   0.0 -40.9     37078500   0   1150      1001200
    34  0 1  94.57 10012.00 2   0.0 -42.5     38181250   0   1200      1102750
    35  0 1  94.92 10012.00 2   0.0 -44.4     39301650   0   1500      1120400
    36  0 1  94.57 10010.50 2   0.0 -46.6     40360300   0   1300      1058650
    37  0 1  95.27 10012.00 2   0.0 -48.4     41444050   0   1350      1083750
    38  0 1  94.57 10012.00 2   0.0 -50.6     42429850   0   1250       985800
    39  0 1  95.62 10012.00 2   0.0 -55.3     44554150   0   1550      2124300
    40  0 1  94.57 10012.00 2   0.0 -57.5     45547100   0   1150       992950
    41  0 1  94.22 10012.00 2   0.0 -60.0     46491550   0   1200       944450
    42  0 1  95.27 10012.00 2   0.0 -62.5     47427350   0   1150       935800
    43  0 1  94.92 10010.50 2   0.0 -65.0     48377050   0   1600       949700
    44  0 1  95.27 10010.50 2   0.0 -67.5     49416050   0   1400      1039000
