    NO  S V  AOA    FREQ    B  FMOP  AMP      TOA      PMOP  PW         dTOA  
------ -- - ------ -------- - ----- ----- ------------ --- ------ ------------
     0  0 1  94.92 10010.50 2   0.0 -70.0            0   0   1300  42949673000
     1  0 1  94.22 10012.00 2   0.0 -67.5       918200   0   1200       918200
     2  0 1  95.27 10012.00 2   0.0 -65.0      2001750   0   1500      1083550
     3  0 1  94.92 10012.00 2   0.0 -62.5      3038800   0   1200      1037050
     4  0 1  94.57 10012.00 2   0.0 -60.0      4179750   0   1400      1140950
     5  0 1  94.57 10012.00 2   0.0 -57.5      5117450   0   1300       937700
     6  0 1  94.22 10012.00 2   0.0 -55.3      6115550   0   1600       998100
     7  0 1  95.62 10010.50 2   0.0 -50.6      8130600   0   1600      2015050
     8  0 1  95.62 10012.00 2   0.0 -48.4      9153150   0   1550      1022550
     9  0 1  94.57 10010.50 2   0.0 -46.6     10275400   0   1550      1122250
    10  0 1  94.92 10012.00 2   0.0 -44.4     11379650   0   1250      1104250
    11  0 1  94.57 10010.50 2   0.0 -42.5     12386300   0   1300      1006650
    12  0 1  95.62 10012.00 2   0.0 -40.9     13252750   0   1500       866450
    13  0 1  95.62 10012.00 2   0.0 -39.1     14270200   0   1500      1017450
    14  0 1  94.22 10012.00 2   0.0 -37.5     15181050   0   1150       910850
    15  0 1  94.57 10012.00 2   0.0 -36.3     16042550   0   1550       861500
    16  0 1  94.92 10010.50 2   0.0 -33.8     18231450   0   1600      2188900
    17  0 1  94.92 10012.00 2   0.0 -32.8     19306100   0   1400      1074650
    18  0 1  94.22 10012.00 2   0.0 -31.9     20389750   0   1350      1083650
    19  0 1  94.57 10012.00 2   0.0 -31.3     21446650   0   1200      1056900
    20  0 1  95.27 10010.50 2   0.0 -30.6     22570100   0   1150      1123450
    21  0 1  94.22 10012.00 2   0.0 -30.3     23706500   0   1550      1136400
    22  0 1  94.57 10010.50 2   0.0 -30.0     24582900   0   1150       876400
    23  0 1  95.62 10012.00 2   0.0 -30.0     25515650   0   1300       932750
    24  0 1  94.92 10012.00 2   0.0 -30.0     26558500   0   1150      1042850
    25  0 1  94.22 10012.00 2   0.0 -30.6     28755200   0   1600      2196700
    26  0 1  94.57 10012.00 2   0.0 -31.3     29673050   0   1200       917850
    27  0 1  94.22 10012.00 2   0.0 -31.9     30739200   0   1550      1066150
    28  0 1  95.27 10012.00 2   0.0 -32.8     31807250   0   1400      1068050
    29  0 1  94.57 10012.00 2   0.0 -33.8     32885950   0   1300      1078700
    30  0 1  94.57 10012.00 2   0.0 -35.0     33836150   0   1550       950200
    31  0 1  94.92 10012.00 2   0.0 -36.3     34795900   0   1200       959750
    32  0 1  95.27 10012.00 2   0.0 -37.5     35696050   0   1550       900150
    33  0 1  94.22 10012.00 2   0.0 -39.1     36672000   0   1400       975950
    34  0 1  94.57 10012.00 2   0.0 -42.5     38691950   0   1400      2019950
    35  0 1  95.27 10012.00 2   0.0 -44.4     39769850   0   1200      1077900
    36  0 1  94.57 10012.00 2   0.0 -46.6     40803700   0   1350      1033850
    37  0 1  94.92 10010.50 2   0.0 -48.4     41708650   0   1500       904950
    38  0 1  95.27 10010.50 2   0.0 -50.6     42711600   0   1500      1002950
    39  0 1  94.92 10012.00 2   0.0 -53.1     43822700   0   1150      1111100
    40  0 1  94.92 10012.00 2   0.0 -55.3     44729250   0   1150       906550
    41  0 1  95.62 10012.00 2   0.0 -57.5     45729250   0   1550      1000000
    42  0 1  95.62 10012.00 2   0.0 -60.0     46827050   0   1200      1097800
    43  0 1  94.92 10012.00 2   0.0 -65.0     48623600   0   1450      1796550
    44  0 1  95.27 10010.50 2   0.0 -67.5     49574150   0   1300       950550
