    NO  S V  AOA    FREQ    B  FMOP  AMP      TOA      PMOP  PW         dTOA  
------ -- - ------ -------- - ----- ----- ------------ --- ------ ------------
     0  0 1  94.92 10012.00 2   0.0 -70.0            0   0   1350  42949673000
     1  0 1  95.27 10010.50 2   0.0 -67.5      1133850   0   1550      1133850
     2  0 1  94.92 10010.50 2   0.0 -65.0      2269750   0   1250      1135900
     3  0 1  95.62 10012.00 2   0.0 -62.5      3141700   0   1500       871950
     4  0 1  95.27 10010.50 2   0.0 -60.0      4137500   0   1500       995800
     5  0 1  95.62 10012.00 2   0.0 -57.5      5195350   0   1600      1057850
     6  0 1  95.62 10012.00 2   0.0 -53.1      7241950   0   1600      2046600
     7  0 1  94.92 10012.00 2   0.0 -50.6      8185750   0   1550       943800
     8  0 1  94.57 10010.50 2   0.0 -48.4      9296600   0   1250      1110850
     9  0 1  94.22 10012.00 2   0.0 -46.6     10158200   0   1350       861600
    10  0 1  94.22 10012.00 2   0.0 -44.4     11264500   0   1300      1106300
    11  0 1  95.27 10010.50 2   0.0 -42.5     12319300   0   1200      1054800
    12  0 1  95.62 10012.00 2   0.0 -40.9     13387000   0   1150      1067700
    13  0 1  94.92 10012.00 2   0.0 -39.1     14435550   0   1550      1048550
    14  0 1  94.22 10010.50 2   0.0 -37.5     15550350   0   1350      1114800
    15  0 1  94.92 10012.00 2   0.0 -35.0     17512600   0   1200      1962250
    16  0 1  95.62 10012.00 2   0.0 -33.8     18555850   0   1550      1043250
    17  0 1  94.57 10012.00 2   0.0 -32.8     19679800   0   1550      1123950
    18  0 1  95.62 10012.00 2   0.0 -31.9     20717900   0   1400      1038100
    19  0 1  94.57 10012.00 2   0.0 -31.3     21850900   0   1400      1133000
    20  0 1  94.92 10012.00 2   0.0 -30.6     22836500   0   1350       985600
    21  0 1  94.22 10012.00 2   0.0 -30.3     23805300   0   1600       968800
    22  0 1  95.62 10012.00 2   0.0 -30.0     24933450   0   1300      1128150
    23  0 1  94.22 10012.00 2   0.0 -30.0     26071250   0   1300      1137800
    24  0 1  95.62 10012.00 2   0.0 -30.3     28285300   0   1250      2214050
    25  0 1  94.22 10012.00 2   0.0 -30.6     29221100   0   1200       935800
    26  0 1  94.22 10012.00 2   0.0 -31.3     30139400   0   1200       918300
    27  0 1  95.27 10010.50 2   0.0 -31.9     31108150   0   1450       968750
    28  0 1  94.57 10010.50 2   0.0 -32.8     31999900   0   1250       891750
    29  0 1  94.22 10012.00 2   0.0 -33.8     32998200   0   1500       998300
    30  0 1  94.92 10012.00 2   0.0 -35.0     34141250   0   1600      1143050
    31  0 1  95.62 10010.50 2   0.0 -36.3     35170250   0   1400      1029000
    32  0 1  94.92 10012.00 2   0.0 -37.5     36168100   0   1250       997850
    33  0 1  94.22 10012.00 2   0.0 -40.9     38040600   0   1600      1872500
    34  0 1  94.22 10012.00 2   0.0 -42.5     38945800   0   1200       905200
    35  0 1  95.27 10010.50 2   0.0 -44.4     39846100   0   1250       900300
    36  0 1  94.92 10012.00 2   0.0 -46.6     40803850   0   1400       957750
    37  0 1  95.62 10012.00 2   0.0 -48.4     41908300   0   1350      1104450
    38  0 1  95.62 10012.00 2   0.0 -50.6     42873300   0   1200       965000
    39  0 1  95.27 10010.50 2   0.0 -53.1     44001200   0   1600      1127900
    40  0 1  95.27 10010.50 2   0.0 -55.3     45083650   0   1550      1082450
    41  0 1  95.27 10010.50 2   0.0 -57.5     45944250   0   1600       860600
    42  0 1  94.57 10012.00 2   0.0 -62.5     47827950   0   1600      1883700
    43  0 1  94.92 10012.00 2   0.0 -65.0     48761750   0   1200       933800
    44  0 1  94.92 10012.00 2   0.0 -67.5     49845600   0   1550      1083850
