    NO  S V  AOA    FREQ    B  FMOP  AMP      TOA      PMOP  PW         dTOA  
------ -- - ------ -------- - ----- ----- ------------ --- ------ ------------
     0  0 1  95.62 10012.00 2   0.0 -70.0            0   0   1200  42949673000
     1  0 1  94.22 10012.00 2   0.0 -67.5      1143600   0   1600      1143600
     2  0 1  95.27 10010.50 2   0.0 -65.0      2045800   0   1500       902200
     3  0 1  95.27 10012.00 2   0.0 -62.5      3050300   0   1400      1004500
     4  0 1  94.92 10012.00 2   0.0 -60.0      4159150   0   1200      1108850
     5  0 1  94.22 10010.50 2   0.0 -55.3      6126900   0   1250      1967750
     6  0 1  95.62 10012.00 2   0.0 -53.1      7122950   0   1250       996050
     7  0 1  95.62 10012.00 2   0.0 -50.6      8221250   0   1600      1098300
     8  0 1  94.22 10012.00 2   0.0 -48.4      9194000   0   1400       972750
     9  0 1  95.62 10012.00 2   0.0 -46.6     10289600   0   1450      1095600
    10  0 1  94.92 10012.00 2   0.0 -44.4     11324250   0   1550      1034650
    11  0 1  94.57 10010.50 2   0.0 -42.5     12222250   0   1600       898000
    12  0 1  94.92 10012.00 2   0.0 -40.9     13098650   0   1500       876400
    13  0 1  95.27 10010.50 2   0.0 -39.1     14210200   0   1350      1111550
    14  0 1  94.57 10010.50 2   0.0 -36.3     16258900   0   1150      2048700
    15  0 1  94.57 10012.00 2   0.0 -35.0     17393500   0   1550      1134600
    16  0 1  94.92 10010.50 2   0.0 -33.8     18284500   0   1500       891000
    17  0 1  94.22 10012.00 2   0.0 -32.8     19404650   0   1400      1120150
    18  0 1  94.57 10012.00 2   0.0 -31.9     20264550   0   1150       859900
    19  0 1  94.22 10010.50 2   0.0 -31.3     21118750   0   1150       854200
    20  0 1  95.62 10012.00 2   0.0 -30.6     22021000   0   1450       902250
    21  0 1  94.57 10012.00 2   0.0 -30.3     22952550   0   1450       931550
    22  0 1  94.92 10010.50 2   0.0 -30.0     23885550   0   1300       933000
    23  0 1  94.22 10010.50 2   0.0 -30.0     25803300   0   1250      1917750
    24  0 1  94.92 10012.00 2   0.0 -30.3     26778350   0   1550       975050
    25  0 1  95.62 10012.00 2   0.0 -30.6     27915500   0   1250      1137150
    26  0 1  94.22 10012.00 2   0.0 -31.3     28839200   0   1350       923700
    27  0 1  95.62 10012.00 2   0.0 -31.9     29794250   0   1600       955050
    28  0 1  95.62 10012.00 2   0.0 -32.8     30759750   0   1500       965500
    29  0 1  94.22 10010.50 2   0.0 -33.8     31832600   0   1200      1072850
    30  0 1  94.92 10012.00 2   0.0 -35.0     32922500   0   1350      1089900
    31  0 1  94.57 10010.50 2   0.0 -36.3     33863000   0   1200       940500
    32  0 1  94.92 10012.00 2   0.0 -39.1     36034500   0   1300      2171500
    33  0 1  95.27 10012.00 2   0.0 -40.9     36985150   0   1500       950650
    34  0 1  94.22 10012.00 2   0.0 -42.5     37997850   0   1600      1012700
    35  0 1  94.92 10012.00 2   0.0 -44.4     39044550   0   1350      1046700
    36  0 1  95.27 10012.00 2   0.0 -46.6     40035000   0   1150       990450
    37  0 1  95.62 10012.00 2   0.0 -48.4     40916850   0   1350       881850
    38  0 1  95.62 10012.00 2   0.0 -50.6     41803750   0   1250       886900
    39  0 1  94.22 10012.00 2   0.0 -53.1     42718300   0   1500       914550
    40  0 1  95.62 10010.50 2   0.0 -55.3     43682150   0   1200       963850
    41  0 1  94.22 10012.00 2   0.0 -60.0     45802850   0   1550      2120700
    42  0 1  95.27 10012.00 2   0.0 -62.5     46889800   0   1250      1086950
    43  0 1  94.92 10010.50 2   0.0 -65.0     47740500   0   1200       850700
    44  0 1  94.57 10012.00 2   0.0 -67.5     48842100   0   1350      1101600
